2 0.34674922600619196 0.37142857142857144 0.3331269349845201 0.38095238095238093 0.3318885448916409 0.3821428571428571 0.3269349845201238 0.45714285714285713 0.3269349845201238 0.4845238095238095 0.33250773993808047 0.49404761904761907 0.35170278637770896 0.5035714285714286 0.36408668730650157 0.5035714285714286 0.36594427244582045 0.5023809523809524 0.3702786377708978 0.49404761904761907 0.37089783281733746 0.49047619047619045 0.37089783281733746 0.4488095238095238 0.36594427244582045 0.4095238095238095 0.3603715170278638 0.38095238095238093 0.35541795665634673 0.37142857142857144 0.34674922600619196 0.37142857142857144 
6 0.45077399380804956 0.34285714285714286 0.45077399380804956 0.49404761904761907 0.45572755417956656 0.5226190476190476 0.469969040247678 0.5226190476190476 0.469969040247678 0.44761904761904764 0.465015479876161 0.3630952380952381 0.45944272445820433 0.34285714285714286 0.45077399380804956 0.34285714285714286 
7 0.47554179566563465 0.3523809523809524 0.47058823529411764 0.37142857142857144 0.46068111455108357 0.5154761904761904 0.46068111455108357 0.5226190476190476 0.47987616099071206 0.5226190476190476 0.4848297213622291 0.513095238095238 0.4848297213622291 0.3619047619047619 0.47987616099071206 0.3523809523809524 0.47554179566563465 0.3523809523809524 
8 0.491640866873065 0.34285714285714286 0.4904024767801858 0.34404761904761905 0.4854489164086687 0.3619047619047619 0.47554179566563465 0.5047619047619047 0.47554179566563465 0.5178571428571429 0.4761609907120743 0.5214285714285715 0.4804953560371517 0.530952380952381 0.4854489164086687 0.5416666666666666 0.4996904024767802 0.5416666666666666 0.5046439628482973 0.5321428571428571 0.5046439628482973 0.4023809523809524 0.4996904024767802 0.34404761904761905 0.49907120743034056 0.34285714285714286 0.491640866873065 0.34285714285714286 
9 0.5157894736842106 0.37142857142857144 0.5151702786377709 0.375 0.5052631578947369 0.44047619047619047 0.5003095975232198 0.49523809523809526 0.5003095975232198 0.5107142857142857 0.5009287925696595 0.513095238095238 0.5052631578947369 0.5226190476190476 0.5102167182662539 0.5321428571428571 0.5151702786377709 0.5404761904761904 0.5170278637770898 0.5416666666666666 0.5281733746130031 0.5416666666666666 0.5294117647058824 0.5404761904761904 0.5294117647058824 0.39285714285714285 0.5244582043343653 0.3726190476190476 0.5213622291021672 0.37142857142857144 0.5157894736842106 0.37142857142857144 
10 0.530030959752322 0.38095238095238093 0.525077399380805 0.46904761904761905 0.525077399380805 0.5297619047619048 0.5256965944272446 0.5321428571428571 0.5306501547987617 0.5416666666666666 0.5442724458204334 0.5416666666666666 0.5442724458204334 0.4380952380952381 0.5393188854489164 0.38095238095238093 0.530030959752322 0.38095238095238093 
11 0.5647058823529412 0.3238095238095238 0.5547987616099072 0.3619047619047619 0.5498452012383901 0.4 0.544891640866873 0.44047619047619047 0.5399380804953561 0.4857142857142857 0.5399380804953561 0.4988095238095238 0.5405572755417957 0.5035714285714286 0.544891640866873 0.5321428571428571 0.5591331269349845 0.5321428571428571 0.5640866873065016 0.5011904761904762 0.5739938080495356 0.4357142857142857 0.5739938080495356 0.3238095238095238 0.5647058823529412 0.3238095238095238 
15 0.6941176470588235 0.3904761904761905 0.6743034055727554 0.41904761904761906 0.6687306501547987 0.42857142857142855 0.6538699690402476 0.5059523809523809 0.6538699690402476 0.5321428571428571 0.6637770897832818 0.5511904761904762 0.6743034055727554 0.5607142857142857 0.6879256965944273 0.5607142857142857 0.6978328173374613 0.5511904761904762 0.7226006191950465 0.42738095238095236 0.7226006191950465 0.4 0.7077399380804954 0.3904761904761905 0.6941176470588235 0.3904761904761905 
20 0.6 0.5333333333333333 0.5944272445820433 0.544047619047619 0.5894736842105263 0.580952380952381 0.5894736842105263 0.7095238095238096 0.5993808049535604 0.7321428571428571 0.6080495356037152 0.7321428571428571 0.6086687306501548 0.7309523809523809 0.6278637770897832 0.5797619047619048 0.628482972136223 0.5714285714285714 0.628482972136223 0.5619047619047619 0.6185758513931888 0.5333333333333333 0.6 0.5333333333333333 
21 0.5708978328173374 0.5238095238095238 0.5696594427244582 0.525 0.5647058823529412 0.6 0.5647058823529412 0.6464285714285715 0.5696594427244582 0.7035714285714286 0.5826625386996904 0.7035714285714286 0.5839009287925696 0.7023809523809523 0.5987616099071208 0.5702380952380952 0.5987616099071208 0.5345238095238095 0.5938080495356037 0.525 0.5919504643962848 0.5238095238095238 0.5708978328173374 0.5238095238095238 
22 0.5547987616099072 0.5047619047619047 0.5498452012383901 0.5261904761904762 0.544891640866873 0.5630952380952381 0.544891640866873 0.7107142857142857 0.5455108359133127 0.7130952380952381 0.5591331269349845 0.7130952380952381 0.5690402476780185 0.6154761904761905 0.5739938080495356 0.5607142857142857 0.5739938080495356 0.5142857142857142 0.5690402476780185 0.5047619047619047 0.5547987616099072 0.5047619047619047 
27 0.44643962848297214 0.5047619047619047 0.4458204334365325 0.5071428571428571 0.4458204334365325 0.5416666666666666 0.45077399380804956 0.6226190476190476 0.45572755417956656 0.6642857142857143 0.46068111455108357 0.7035714285714286 0.469969040247678 0.7035714285714286 0.469969040247678 0.5142857142857142 0.46439628482972134 0.5047619047619047 0.44643962848297214 0.5047619047619047 
28 0.426625386996904 0.5047619047619047 0.4260061919504644 0.5083333333333333 0.4260061919504644 0.5607142857142857 0.4309597523219814 0.6452380952380953 0.4359133126934985 0.6845238095238095 0.4408668730650155 0.7035714285714286 0.4501547987616099 0.7035714285714286 0.4551083591331269 0.5404761904761904 0.4551083591331269 0.5190476190476191 0.4544891640866873 0.5142857142857142 0.4452012383900929 0.5059523809523809 0.443343653250774 0.5047619047619047 0.426625386996904 0.5047619047619047 
29 0.40619195046439627 0.49523809523809526 0.40123839009287926 0.5059523809523809 0.40123839009287926 0.5511904761904762 0.41609907120743034 0.7 0.41671826625387 0.7035714285714286 0.4297213622291022 0.7035714285714286 0.43034055727554177 0.7023809523809523 0.43529411764705883 0.6845238095238095 0.43529411764705883 0.5654761904761905 0.43034055727554177 0.5059523809523809 0.4297213622291022 0.5047619047619047 0.42043343653250775 0.49642857142857144 0.41857585139318887 0.49523809523809526 0.40619195046439627 0.49523809523809526 
31 0.33250773993808047 0.49523809523809526 0.3269349845201238 0.5059523809523809 0.29721362229102166 0.580952380952381 0.29721362229102166 0.6071428571428571 0.31207430340557274 0.6369047619047619 0.33126934984520123 0.6369047619047619 0.34055727554179566 0.6273809523809524 0.3609907120743034 0.5892857142857143 0.37585139318885447 0.5607142857142857 0.37585139318885447 0.5178571428571429 0.3752321981424149 0.5142857142857142 0.36594427244582045 0.5047619047619047 0.3560371517027864 0.49523809523809526 0.33250773993808047 0.49523809523809526 