2 0.2390092879256966 0.21904761904761905 0.23777089783281732 0.22023809523809523 0.23281733746130032 0.2857142857142857 0.23281733746130032 0.37857142857142856 0.23777089783281732 0.39880952380952384 0.25263157894736843 0.4083333333333333 0.27925696594427246 0.4083333333333333 0.28173374613003094 0.40714285714285714 0.286687306501548 0.39880952380952384 0.286687306501548 0.3523809523809524 0.28173374613003094 0.31547619047619047 0.27678018575851393 0.2869047619047619 0.2718266253869969 0.26785714285714285 0.26191950464396285 0.2392857142857143 0.2520123839009288 0.21904761904761905 0.2390092879256966 0.21904761904761905 
3 0.2978328173374613 0.21904761904761905 0.29287925696594425 0.22857142857142856 0.2823529411764706 0.2571428571428571 0.2823529411764706 0.3976190476190476 0.28792569659442724 0.41785714285714287 0.29226006191950465 0.42738095238095236 0.32941176470588235 0.42738095238095236 0.33126934984520123 0.4261904761904762 0.33560371517027865 0.4083333333333333 0.33622291021671824 0.4 0.33622291021671824 0.3619047619047619 0.31640866873065016 0.22976190476190475 0.31145510835913315 0.22142857142857142 0.30959752321981426 0.21904761904761905 0.2978328173374613 0.21904761904761905 
4 0.3523219814241486 0.24761904761904763 0.35170278637770896 0.2488095238095238 0.34179566563467495 0.2857142857142857 0.3269349845201238 0.4 0.3269349845201238 0.425 0.32755417956656346 0.42738095238095236 0.33250773993808047 0.4369047619047619 0.35975232198142415 0.4369047619047619 0.3609907120743034 0.4357142857142857 0.36594427244582045 0.30952380952380953 0.36594427244582045 0.25 0.3653250773993808 0.24761904761904763 0.3523219814241486 0.24761904761904763 
5 0.39195046439628484 0.2571428571428571 0.38699690402476783 0.26666666666666666 0.3764705882352941 0.29523809523809524 0.356656346749226 0.39166666666666666 0.356656346749226 0.42738095238095236 0.3622291021671827 0.44642857142857145 0.3907120743034056 0.44642857142857145 0.3956656346749226 0.4357142857142857 0.4006191950464396 0.41785714285714287 0.4055727554179567 0.35119047619047616 0.4055727554179567 0.25833333333333336 0.40495356037151703 0.2571428571428571 0.39195046439628484 0.2571428571428571 
6 0.41114551083591333 0.23809523809523808 0.3913312693498452 0.4107142857142857 0.3913312693498452 0.4369047619047619 0.39628482972136225 0.45476190476190476 0.4018575851393189 0.4654761904761905 0.42043343653250775 0.4654761904761905 0.42538699690402476 0.45595238095238094 0.43034055727554177 0.4369047619047619 0.43034055727554177 0.2392857142857143 0.42910216718266253 0.23809523809523808 0.41114551083591333 0.23809523809523808 
7 0.4458204334365325 0.2571428571428571 0.4408668730650155 0.26785714285714285 0.4359133126934985 0.2869047619047619 0.4309597523219814 0.3238095238095238 0.4260061919504644 0.38333333333333336 0.4260061919504644 0.4738095238095238 0.42724458204334365 0.475 0.4551083591331269 0.475 0.45944272445820433 0.4654761904761905 0.460061919504644 0.45595238095238094 0.460061919504644 0.25952380952380955 0.45944272445820433 0.2571428571428571 0.4458204334365325 0.2571428571428571 
8 0.48173374613003095 0.2571428571428571 0.4804953560371517 0.25833333333333336 0.47058823529411764 0.29642857142857143 0.46563467492260063 0.3238095238095238 0.4613003095975232 0.35714285714285715 0.45572755417956656 0.4095238095238095 0.45572755417956656 0.45595238095238094 0.46068111455108357 0.4726190476190476 0.46563467492260063 0.4845238095238095 0.4996904024767802 0.4845238095238095 0.4996904024767802 0.29523809523809524 0.49473684210526314 0.2571428571428571 0.48173374613003095 0.2571428571428571 
9 0.5003095975232198 0.2571428571428571 0.4953560371517028 0.44166666666666665 0.4953560371517028 0.4654761904761905 0.5003095975232198 0.48214285714285715 0.5015479876160991 0.4845238095238095 0.5343653250773994 0.4845238095238095 0.5393188854489164 0.4738095238095238 0.5393188854489164 0.41904761904761906 0.5343653250773994 0.3619047619047619 0.5294117647058824 0.30714285714285716 0.5244582043343653 0.2785714285714286 0.5195046439628483 0.2571428571428571 0.5003095975232198 0.2571428571428571 
10 0.5411764705882353 0.26666666666666666 0.5399380804953561 0.26785714285714285 0.5356037151702786 0.2761904761904762 0.534984520123839 0.2785714285714286 0.534984520123839 0.33214285714285713 0.5399380804953561 0.4261904761904762 0.544891640866873 0.4642857142857143 0.5498452012383901 0.475 0.5634674922600619 0.475 0.5690402476780185 0.4654761904761905 0.5690402476780185 0.375 0.5640866873065016 0.3142857142857143 0.5541795665634675 0.2761904761904762 0.5486068111455108 0.26666666666666666 0.5411764705882353 0.26666666666666666 
11 0.5554179566563467 0.23809523809523808 0.5547987616099072 0.2392857142857143 0.5547987616099072 0.3047619047619048 0.5554179566563467 0.3130952380952381 0.5696594427244582 0.42738095238095236 0.5746130030959752 0.45595238095238094 0.5801857585139318 0.4654761904761905 0.6037151702786377 0.4654761904761905 0.6086687306501548 0.44642857142857145 0.6086687306501548 0.4 0.5839009287925696 0.2761904761904762 0.5789473684210527 0.2571428571428571 0.5739938080495356 0.24761904761904763 0.5684210526315789 0.23809523809523808 0.5554179566563467 0.23809523809523808 
12 0.595046439628483 0.24761904761904763 0.5944272445820433 0.2511904761904762 0.5944272445820433 0.3119047619047619 0.5993808049535604 0.4083333333333333 0.6043343653250774 0.4357142857142857 0.6092879256965944 0.44642857142857145 0.6191950464396285 0.45595238095238094 0.6278637770897832 0.45595238095238094 0.638390092879257 0.4357142857142857 0.638390092879257 0.375 0.6334365325077399 0.325 0.628482972136223 0.3047619047619048 0.6136222910216719 0.2488095238095238 0.6130030959752322 0.24761904761904763 0.595046439628483 0.24761904761904763 
13 0.6346749226006192 0.23809523809523808 0.6291021671826625 0.24761904761904763 0.6291021671826625 0.33095238095238094 0.6340557275541796 0.4166666666666667 0.6439628482972136 0.4369047619047619 0.6631578947368421 0.4369047619047619 0.6681114551083591 0.42738095238095236 0.6681114551083591 0.3726190476190476 0.653250773993808 0.26785714285714285 0.6476780185758514 0.23809523809523808 0.6346749226006192 0.23809523809523808 
14 0.6885448916408669 0.21904761904761905 0.6786377708978328 0.23809523809523808 0.6687306501547987 0.29523809523809524 0.6637770897832818 0.34285714285714286 0.6637770897832818 0.4083333333333333 0.6743034055727554 0.42738095238095236 0.691640866873065 0.42738095238095236 0.7120743034055728 0.41785714285714287 0.7126934984520124 0.4166666666666667 0.7176470588235294 0.39880952380952384 0.7226006191950465 0.30357142857142855 0.7226006191950465 0.22976190476190475 0.7219814241486068 0.22857142857142856 0.7077399380804954 0.21904761904761905 0.6885448916408669 0.21904761904761905 
15 0.7393188854489164 0.21904761904761905 0.7380804953560371 0.22023809523809523 0.7331269349845201 0.23095238095238096 0.7281733746130031 0.24761904761904763 0.7232198142414861 0.26666666666666666 0.718266253869969 0.2988095238095238 0.708359133126935 0.36428571428571427 0.708359133126935 0.37976190476190474 0.713312693498452 0.4083333333333333 0.7232198142414861 0.41785714285714287 0.7325077399380805 0.41785714285714287 0.7572755417956656 0.4083333333333333 0.7622291021671826 0.3976190476190476 0.7622291021671826 0.3333333333333333 0.7572755417956656 0.2392857142857143 0.7523219814241486 0.21904761904761905 0.7393188854489164 0.21904761904761905 
18 0.708359133126935 0.41904761904761906 0.6835913312693499 0.42857142857142855 0.6835913312693499 0.4726190476190476 0.6934984520123839 0.513095238095238 0.7034055727554179 0.5511904761904762 0.708359133126935 0.569047619047619 0.713312693498452 0.5797619047619048 0.7232198142414861 0.5988095238095238 0.7368421052631579 0.5988095238095238 0.7517027863777089 0.5892857142857143 0.7523219814241486 0.5880952380952381 0.7523219814241486 0.5428571428571428 0.7374613003095976 0.4297619047619048 0.7312693498452012 0.41904761904761906 0.708359133126935 0.41904761904761906 
19 0.6538699690402476 0.4380952380952381 0.6340557275541796 0.45714285714285713 0.6297213622291021 0.4666666666666667 0.6291021671826625 0.47023809523809523 0.6291021671826625 0.4845238095238095 0.6346749226006192 0.513095238095238 0.6390092879256966 0.5321428571428571 0.6637770897832818 0.6261904761904762 0.6743034055727554 0.6464285714285715 0.6922600619195046 0.6464285714285715 0.7176470588235294 0.6083333333333333 0.7176470588235294 0.6059523809523809 0.7170278637770898 0.5904761904761905 0.6879256965944273 0.44761904761904764 0.6829721362229102 0.4380952380952381 0.6538699690402476 0.4380952380952381 
20 0.6099071207430341 0.47619047619047616 0.6 0.4857142857142857 0.5993808049535604 0.49047619047619045 0.5993808049535604 0.5083333333333333 0.6 0.513095238095238 0.6043343653250774 0.530952380952381 0.6390092879256966 0.6642857142857143 0.6396284829721363 0.6654761904761904 0.6476780185758514 0.6654761904761904 0.648297213622291 0.6642857142857143 0.648297213622291 0.5630952380952381 0.643343653250774 0.5119047619047619 0.638390092879257 0.4773809523809524 0.6377708978328174 0.47619047619047616 0.6099071207430341 0.47619047619047616 
21 0.5801857585139318 0.4857142857142857 0.5746130030959752 0.49642857142857144 0.5746130030959752 0.5321428571428571 0.5894736842105263 0.6345238095238095 0.5993808049535604 0.6654761904761904 0.6123839009287926 0.6654761904761904 0.6136222910216719 0.6642857142857143 0.6136222910216719 0.5273809523809524 0.6130030959752322 0.5238095238095238 0.6086687306501548 0.5059523809523809 0.6037151702786377 0.4857142857142857 0.5801857585139318 0.4857142857142857 
22 0.5547987616099072 0.5047619047619047 0.5504643962848297 0.525 0.5498452012383901 0.5285714285714286 0.5498452012383901 0.555952380952381 0.5547987616099072 0.5976190476190476 0.5696594427244582 0.6630952380952381 0.5795665634674922 0.7035714285714286 0.590092879256966 0.7226190476190476 0.5987616099071208 0.7226190476190476 0.5987616099071208 0.6761904761904762 0.5839009287925696 0.544047619047619 0.5789473684210527 0.5166666666666667 0.578328173374613 0.5142857142857142 0.5739938080495356 0.5059523809523809 0.5727554179566563 0.5047619047619047 0.5547987616099072 0.5047619047619047 
23 0.5356037151702786 0.5047619047619047 0.525077399380805 0.5142857142857142 0.525077399380805 0.55 0.530030959752322 0.5892857142857143 0.544891640866873 0.6464285714285715 0.5504643962848297 0.6642857142857143 0.5547987616099072 0.675 0.5671826625386996 0.675 0.5690402476780185 0.6738095238095239 0.5690402476780185 0.6297619047619047 0.5541795665634675 0.5059523809523809 0.5529411764705883 0.5047619047619047 0.5356037151702786 0.5047619047619047 
24 0.5065015479876162 0.5142857142857142 0.5052631578947369 0.5154761904761904 0.5052631578947369 0.5226190476190476 0.5102167182662539 0.5892857142857143 0.5151702786377709 0.6357142857142857 0.525077399380805 0.6738095238095239 0.5269349845201239 0.675 0.5386996904024768 0.675 0.5393188854489164 0.6738095238095239 0.5393188854489164 0.6297619047619047 0.5343653250773994 0.5142857142857142 0.5065015479876162 0.5142857142857142 
25 0.48606811145510836 0.5142857142857142 0.4854489164086687 0.5154761904761904 0.4854489164086687 0.5880952380952381 0.4904024767801858 0.6369047619047619 0.4953560371517028 0.6654761904761904 0.5003095975232198 0.6845238095238095 0.5077399380804953 0.6845238095238095 0.5095975232198142 0.6833333333333333 0.5145510835913313 0.675 0.5145510835913313 0.5273809523809524 0.513312693498452 0.5238095238095238 0.5095975232198142 0.5142857142857142 0.48606811145510836 0.5142857142857142 
26 0.46687306501547987 0.5142857142857142 0.46068111455108357 0.5238095238095238 0.45572755417956656 0.5904761904761905 0.45572755417956656 0.6833333333333333 0.45944272445820433 0.6845238095238095 0.46253869969040246 0.6845238095238095 0.465015479876161 0.6833333333333333 0.469969040247678 0.675 0.4743034055727554 0.6654761904761904 0.4848297213622291 0.6071428571428571 0.48978328173374613 0.5607142857142857 0.48978328173374613 0.5154761904761904 0.4891640866873065 0.5142857142857142 0.46687306501547987 0.5142857142857142 
27 0.4470588235294118 0.5047619047619047 0.4458204334365325 0.5059523809523809 0.4408668730650155 0.5142857142857142 0.4359133126934985 0.525 0.4309597523219814 0.5523809523809524 0.41114551083591333 0.6761904761904762 0.41114551083591333 0.7130952380952381 0.41609907120743034 0.7214285714285714 0.42043343653250775 0.7214285714285714 0.42538699690402476 0.7130952380952381 0.43529411764705883 0.6928571428571428 0.44024767801857584 0.6821428571428572 0.4452012383900929 0.6654761904761904 0.4551083591331269 0.6273809523809524 0.460061919504644 0.6071428571428571 0.469969040247678 0.5607142857142857 0.4693498452012384 0.5238095238095238 0.45944272445820433 0.5047619047619047 0.4470588235294118 0.5047619047619047 
28 0.4117647058823529 0.4857142857142857 0.40619195046439627 0.49523809523809526 0.40123839009287926 0.525 0.40123839009287926 0.6726190476190477 0.4018575851393189 0.675 0.4130030959752322 0.675 0.4148606811145511 0.6738095238095239 0.44024767801857584 0.5488095238095239 0.44024767801857584 0.5154761904761904 0.43529411764705883 0.5047619047619047 0.43034055727554177 0.49523809523809526 0.4247678018575851 0.4857142857142857 0.4117647058823529 0.4857142857142857 
29 0.37708978328173376 0.4857142857142857 0.3764705882352941 0.4869047619047619 0.3715170278637771 0.5833333333333334 0.3715170278637771 0.6547619047619048 0.3764705882352941 0.675 0.39009287925696595 0.675 0.3907120743034056 0.6738095238095239 0.4105263157894737 0.5321428571428571 0.4105263157894737 0.49642857142857144 0.40495356037151703 0.4857142857142857 0.37708978328173376 0.4857142857142857 
30 0.3368421052631579 0.4380952380952381 0.3281733746130031 0.44761904761904764 0.32260061919504646 0.45714285714285713 0.3219814241486068 0.4607142857142857 0.3021671826625387 0.5821428571428572 0.3021671826625387 0.5988095238095238 0.3027863777089783 0.6178571428571429 0.3269349845201238 0.6547619047619048 0.3287925696594427 0.655952380952381 0.3306501547987616 0.655952380952381 0.33622291021671824 0.6464285714285715 0.3510835913312694 0.6178571428571429 0.3560371517027864 0.6071428571428571 0.36594427244582045 0.569047619047619 0.38080495356037153 0.5035714285714286 0.38080495356037153 0.47619047619047616 0.3752321981424149 0.4583333333333333 0.35541795665634673 0.4380952380952381 0.3368421052631579 0.4380952380952381 
31 0.27801857585139317 0.41904761904761906 0.2773993808049536 0.42023809523809524 0.2724458204334365 0.4380952380952381 0.2674922600619195 0.4583333333333333 0.25758513931888544 0.544047619047619 0.25758513931888544 0.5892857142857143 0.2625386996904025 0.5988095238095238 0.2761609907120743 0.5988095238095238 0.29102167182662536 0.5797619047619048 0.29659442724458207 0.5702380952380952 0.3015479876160991 0.5607142857142857 0.31640866873065016 0.513095238095238 0.3263157894736842 0.475 0.3263157894736842 0.4488095238095238 0.32136222910216716 0.4380952380952381 0.31640866873065016 0.4297619047619048 0.3151702786377709 0.42857142857142855 0.29659442724458207 0.41904761904761906 0.27801857585139317 0.41904761904761906 