6 0.3975232198142415 0.3142857142857143 0.39628482972136225 0.31547619047619047 0.39195046439628484 0.3238095238095238 0.3913312693498452 0.33214285714285713 0.3913312693498452 0.37023809523809526 0.39628482972136225 0.4845238095238095 0.40123839009287926 0.530952380952381 0.40619195046439627 0.5488095238095239 0.41114551083591333 0.5595238095238095 0.41671826625387 0.5702380952380952 0.4297213622291022 0.5702380952380952 0.43529411764705883 0.5607142857142857 0.4452012383900929 0.5404761904761904 0.4452012383900929 0.48095238095238096 0.44458204334365325 0.47619047619047616 0.4154798761609907 0.3238095238095238 0.4105263157894737 0.3142857142857143 0.3975232198142415 0.3142857142857143 
7 0.4359133126934985 0.3333333333333333 0.4359133126934985 0.5488095238095239 0.43653250773993807 0.5511904761904762 0.4681114551083591 0.5511904761904762 0.4693498452012384 0.55 0.469969040247678 0.5464285714285714 0.469969040247678 0.3726190476190476 0.4501547987616099 0.3333333333333333 0.4359133126934985 0.3333333333333333 
8 0.4761609907120743 0.3333333333333333 0.47058823529411764 0.34285714285714286 0.46563467492260063 0.38095238095238093 0.46563467492260063 0.5476190476190477 0.4662538699690402 0.5511904761904762 0.503405572755418 0.5511904761904762 0.5046439628482973 0.55 0.5046439628482973 0.4666666666666667 0.4996904024767802 0.38095238095238093 0.49473684210526314 0.3523809523809524 0.4891640866873065 0.3333333333333333 0.4761609907120743 0.3333333333333333 
10 0.5609907120743034 0.3619047619047619 0.5554179566563467 0.37142857142857144 0.5498452012383901 0.3821428571428571 0.544891640866873 0.4095238095238095 0.5399380804953561 0.4666666666666667 0.5399380804953561 0.5416666666666666 0.544891640866873 0.5511904761904762 0.5671826625386996 0.5511904761904762 0.5684210526315789 0.55 0.5690402476780185 0.5488095238095239 0.5690402476780185 0.3630952380952381 0.5684210526315789 0.3619047619047619 0.5609907120743034 0.3619047619047619 
11 0.5845201238390093 0.3142857142857143 0.5795665634674922 0.3238095238095238 0.5752321981424149 0.3333333333333333 0.5746130030959752 0.3357142857142857 0.5696594427244582 0.3738095238095238 0.5647058823529412 0.4511904761904762 0.5647058823529412 0.55 0.5702786377708978 0.5607142857142857 0.5938080495356037 0.5607142857142857 0.5987616099071208 0.4845238095238095 0.5987616099071208 0.3547619047619048 0.5938080495356037 0.31547619047619047 0.5931888544891641 0.3142857142857143 0.5845201238390093 0.3142857142857143 
18 0.6891640866873066 0.49523809523809526 0.6786377708978328 0.5047619047619047 0.6786377708978328 0.5595238095238095 0.6885448916408669 0.6178571428571429 0.698452012383901 0.655952380952381 0.7034055727554179 0.6654761904761904 0.7139318885448916 0.6845238095238095 0.7238390092879257 0.694047619047619 0.7374613003095976 0.694047619047619 0.7523219814241486 0.655952380952381 0.7523219814241486 0.5904761904761905 0.7374613003095976 0.5142857142857142 0.7275541795665634 0.49523809523809526 0.6891640866873066 0.49523809523809526 
19 0.6402476780185758 0.5428571428571428 0.6390092879256966 0.544047619047619 0.6390092879256966 0.6273809523809524 0.6538699690402476 0.7035714285714286 0.6594427244582043 0.7226190476190476 0.6786377708978328 0.7511904761904762 0.7071207430340557 0.7511904761904762 0.7077399380804954 0.75 0.7077399380804954 0.6857142857142857 0.6879256965944273 0.5523809523809524 0.6817337461300309 0.5428571428571428 0.6402476780185758 0.5428571428571428 
20 0.6142414860681115 0.5523809523809524 0.6092879256965944 0.5619047619047619 0.6092879256965944 0.5964285714285714 0.6241486068111455 0.7035714285714286 0.6340557275541796 0.7607142857142857 0.648297213622291 0.7607142857142857 0.648297213622291 0.638095238095238 0.643343653250774 0.5535714285714286 0.6427244582043343 0.5523809523809524 0.6142414860681115 0.5523809523809524 
21 0.590092879256966 0.5428571428571428 0.5795665634674922 0.5535714285714286 0.5746130030959752 0.5726190476190476 0.5746130030959752 0.6178571428571429 0.5845201238390093 0.7690476190476191 0.590092879256966 0.7797619047619048 0.6080495356037152 0.7797619047619048 0.6086687306501548 0.775 0.6136222910216719 0.6547619047619048 0.6136222910216719 0.575 0.6130030959752322 0.5714285714285714 0.6086687306501548 0.5535714285714286 0.6037151702786377 0.5428571428571428 0.590092879256966 0.5428571428571428 
22 0.551702786377709 0.5428571428571428 0.5498452012383901 0.544047619047619 0.5498452012383901 0.6726190476190477 0.5597523219814241 0.7785714285714286 0.5653250773993808 0.7892857142857143 0.5789473684210527 0.7892857142857143 0.5789473684210527 0.5523809523809524 0.5739938080495356 0.5428571428571428 0.551702786377709 0.5428571428571428 
23 0.5151702786377709 0.5333333333333333 0.5151702786377709 0.5880952380952381 0.525077399380805 0.7226190476190476 0.5306501547987617 0.7404761904761905 0.534984520123839 0.7511904761904762 0.5436532507739938 0.7511904761904762 0.5486068111455108 0.7416666666666667 0.5492260061919505 0.7285714285714285 0.5541795665634675 0.6083333333333333 0.5541795665634675 0.5428571428571428 0.5430340557275541 0.5333333333333333 0.5151702786377709 0.5333333333333333 
24 0.5003095975232198 0.5333333333333333 0.4953560371517028 0.5428571428571428 0.4953560371517028 0.5595238095238095 0.5003095975232198 0.6273809523809524 0.5052631578947369 0.675 0.5102167182662539 0.7119047619047619 0.5151702786377709 0.7321428571428571 0.5244582043343653 0.7321428571428571 0.5294117647058824 0.7214285714285714 0.5294117647058824 0.6011904761904762 0.5195046439628483 0.5333333333333333 0.5003095975232198 0.5333333333333333 
25 0.4718266253869969 0.5428571428571428 0.47058823529411764 0.544047619047619 0.47058823529411764 0.5630952380952381 0.4712074303405573 0.5702380952380952 0.47554179566563465 0.6071428571428571 0.4904024767801858 0.7130952380952381 0.49597523219814244 0.7416666666666667 0.5095975232198142 0.7416666666666667 0.5095975232198142 0.6571428571428571 0.5046439628482973 0.5547619047619048 0.5040247678018576 0.5523809523809524 0.4996904024767802 0.5428571428571428 0.4718266253869969 0.5428571428571428 
26 0.45572755417956656 0.5428571428571428 0.45572755417956656 0.6035714285714285 0.46068111455108357 0.6523809523809524 0.47058823529411764 0.7095238095238096 0.47554179566563465 0.7226190476190476 0.4885448916408669 0.7226190476190476 0.48978328173374613 0.7214285714285714 0.48978328173374613 0.6488095238095238 0.4848297213622291 0.6023809523809524 0.47987616099071206 0.5619047619047619 0.47492260061919506 0.5428571428571428 0.45572755417956656 0.5428571428571428 
27 0.43653250773993807 0.5523809523809524 0.4260061919504644 0.5714285714285714 0.42105263157894735 0.6 0.42105263157894735 0.7130952380952381 0.4260061919504644 0.7607142857142857 0.4309597523219814 0.7797619047619048 0.4359133126934985 0.7976190476190477 0.43653250773993807 0.7988095238095239 0.4582043343653251 0.7988095238095239 0.460061919504644 0.7976190476190477 0.46439628482972134 0.7892857142857143 0.465015479876161 0.7857142857142857 0.465015479876161 0.6 0.460061919504644 0.5630952380952381 0.4544891640866873 0.5523809523809524 0.43653250773993807 0.5523809523809524 
28 0.39690402476780184 0.5619047619047619 0.3913312693498452 0.580952380952381 0.3913312693498452 0.694047619047619 0.39628482972136225 0.7511904761904762 0.40123839009287926 0.7797619047619048 0.4154798761609907 0.7797619047619048 0.42043343653250775 0.7678571428571429 0.42538699690402476 0.7416666666666667 0.43034055727554177 0.5988095238095238 0.43034055727554177 0.5619047619047619 0.39690402476780184 0.5619047619047619 
29 0.3814241486068111 0.5523809523809524 0.3721362229102167 0.5619047619047619 0.36160990712074303 0.580952380952381 0.36160990712074303 0.7880952380952381 0.3628482972136223 0.7892857142857143 0.3752321981424149 0.7892857142857143 0.38080495356037153 0.7797619047619048 0.38575851393188854 0.7702380952380953 0.3956656346749226 0.6845238095238095 0.4006191950464396 0.5892857142857143 0.4006191950464396 0.5523809523809524 0.3814241486068111 0.5523809523809524 
30 0.31455108359133127 0.5523809523809524 0.31331269349845203 0.5535714285714286 0.31207430340557274 0.555952380952381 0.30712074303405573 0.5714285714285714 0.28792569659442724 0.7428571428571429 0.2873065015479876 0.7523809523809524 0.2873065015479876 0.7583333333333333 0.29226006191950465 0.7702380952380953 0.3170278637770898 0.7797619047619048 0.33622291021671824 0.7797619047619048 0.3461300309597523 0.7583333333333333 0.3560371517027864 0.7202380952380952 0.36594427244582045 0.6726190476190477 0.37089783281733746 0.5952380952380952 0.37089783281733746 0.5619047619047619 0.3393188854489164 0.5523809523809524 0.31455108359133127 0.5523809523809524 
31 0.2631578947368421 0.5333333333333333 0.2625386996904025 0.5345238095238095 0.2582043343653251 0.5523809523809524 0.25758513931888544 0.555952380952381 0.2476780185758514 0.6202380952380953 0.23777089783281732 0.6869047619047619 0.23777089783281732 0.7226190476190476 0.2476780185758514 0.7404761904761905 0.24891640866873066 0.7416666666666667 0.26687306501547986 0.7416666666666667 0.27678018575851393 0.7321428571428571 0.29659442724458207 0.694047619047619 0.31145510835913315 0.6464285714285715 0.32136222910216716 0.5607142857142857 0.32136222910216716 0.5547619047619048 0.32074303405572757 0.5523809523809524 0.31640866873065016 0.5428571428571428 0.3108359133126935 0.5333333333333333 0.2631578947368421 0.5333333333333333 
32 0.2086687306501548 0.6190476190476191 0.16470588235294117 0.6571428571428571 0.16408668730650156 0.6583333333333333 0.1634674922600619 0.6607142857142857 0.1634674922600619 0.6928571428571428 0.16842105263157894 0.7119047619047619 0.17337461300309598 0.7226190476190476 0.178328173374613 0.7321428571428571 0.221671826625387 0.7321428571428571 0.23157894736842105 0.7226190476190476 0.2371517027863777 0.7119047619047619 0.2371517027863777 0.6726190476190477 0.23219814241486067 0.6392857142857142 0.22229102167182663 0.6190476190476191 0.2086687306501548 0.6190476190476191 