2 0.3219814241486068 0.3619047619047619 0.3021671826625387 0.4773809523809524 0.3021671826625387 0.5190476190476191 0.30712074303405573 0.530952380952381 0.3170278637770898 0.5416666666666666 0.3269349845201238 0.55 0.32941176470588235 0.5511904761904762 0.33560371517027865 0.5511904761904762 0.3461300309597523 0.5321428571428571 0.3461300309597523 0.42857142857142855 0.3411764705882353 0.3619047619047619 0.3219814241486068 0.3619047619047619 
3 0.35170278637770896 0.3619047619047619 0.34674922600619196 0.37142857142857144 0.34179566563467495 0.4119047619047619 0.3368421052631579 0.5261904761904762 0.3368421052631579 0.5273809523809524 0.33746130030959753 0.5321428571428571 0.34179566563467495 0.5511904761904762 0.3572755417956656 0.5607142857142857 0.37956656346749224 0.5607142857142857 0.38080495356037153 0.5595238095238095 0.38575851393188854 0.5511904761904762 0.38575851393188854 0.4773809523809524 0.38080495356037153 0.41309523809523807 0.37585139318885447 0.3630952380952381 0.3752321981424149 0.3619047619047619 0.35170278637770896 0.3619047619047619 
4 0.4018575851393189 0.38095238095238093 0.40123839009287926 0.3821428571428571 0.39628482972136225 0.4 0.3863777089783282 0.45 0.3814241486068111 0.4785714285714286 0.3764705882352941 0.5428571428571428 0.3764705882352941 0.5607142857142857 0.3814241486068111 0.5702380952380952 0.4055727554179567 0.5702380952380952 0.4154798761609907 0.55 0.42043343653250775 0.4928571428571429 0.42043343653250775 0.38095238095238093 0.4018575851393189 0.38095238095238093 
5 0.42105263157894735 0.3619047619047619 0.41609907120743034 0.39166666666666666 0.40123839009287926 0.5523809523809524 0.40123839009287926 0.5678571428571428 0.4018575851393189 0.5702380952380952 0.40619195046439627 0.5797619047619048 0.41857585139318887 0.5797619047619048 0.4346749226006192 0.5702380952380952 0.44024767801857584 0.5595238095238095 0.44024767801857584 0.44761904761904764 0.43529411764705883 0.36428571428571427 0.4346749226006192 0.3619047619047619 0.42105263157894735 0.3619047619047619 
6 0.4408668730650155 0.3523809523809524 0.4309597523219814 0.38095238095238093 0.4309597523219814 0.5892857142857143 0.4359133126934985 0.5988095238095238 0.4501547987616099 0.5988095238095238 0.460061919504644 0.5797619047619048 0.460061919504644 0.42023809523809524 0.4551083591331269 0.3523809523809524 0.4408668730650155 0.3523809523809524 
7 0.4712074303405573 0.41904761904761906 0.47058823529411764 0.42023809523809524 0.46563467492260063 0.4380952380952381 0.45572755417956656 0.5166666666666667 0.45572755417956656 0.5857142857142857 0.4563467492260062 0.5916666666666667 0.4582043343653251 0.5988095238095238 0.46687306501547987 0.6083333333333333 0.47492260061919506 0.6083333333333333 0.47987616099071206 0.5976190476190476 0.4848297213622291 0.5797619047619048 0.4848297213622291 0.41904761904761906 0.4712074303405573 0.41904761904761906 
8 0.49597523219814244 0.4095238095238095 0.4904024767801858 0.4297619047619048 0.4854489164086687 0.4666666666666667 0.4804953560371517 0.5142857142857142 0.4804953560371517 0.6083333333333333 0.5095975232198142 0.6083333333333333 0.5095975232198142 0.41904761904761906 0.5040247678018576 0.4095238095238095 0.49597523219814244 0.4095238095238095 
9 0.5256965944272446 0.41904761904761906 0.5201238390092879 0.42857142857142855 0.5151702786377709 0.4488095238095238 0.5102167182662539 0.4773809523809524 0.5052631578947369 0.5630952380952381 0.5052631578947369 0.5988095238095238 0.5102167182662539 0.6083333333333333 0.525077399380805 0.6178571428571429 0.5368421052631579 0.6178571428571429 0.5386996904024768 0.6166666666666667 0.5393188854489164 0.6142857142857143 0.5393188854489164 0.45714285714285713 0.5343653250773994 0.42023809523809524 0.5331269349845201 0.41904761904761906 0.5256965944272446 0.41904761904761906 
10 0.5473684210526316 0.42857142857142855 0.5455108359133127 0.43214285714285716 0.5399380804953561 0.45714285714285713 0.534984520123839 0.5178571428571429 0.534984520123839 0.6083333333333333 0.5640866873065016 0.6083333333333333 0.5640866873065016 0.44761904761904764 0.5591331269349845 0.42857142857142855 0.5473684210526316 0.42857142857142855 
11 0.5752321981424149 0.37142857142857144 0.5696594427244582 0.3821428571428571 0.5647058823529412 0.44166666666666665 0.5597523219814241 0.5047619047619047 0.5597523219814241 0.5952380952380952 0.5603715170278638 0.5988095238095238 0.5653250773993808 0.6083333333333333 0.5826625386996904 0.6083333333333333 0.5839009287925696 0.6071428571428571 0.5888544891640867 0.5892857142857143 0.5888544891640867 0.4095238095238095 0.5839009287925696 0.37142857142857144 0.5752321981424149 0.37142857142857144 
12 0.5894736842105263 0.41904761904761906 0.5845201238390093 0.4380952380952381 0.5845201238390093 0.5785714285714286 0.5894736842105263 0.5892857142857143 0.5993808049535604 0.5988095238095238 0.6086687306501548 0.5988095238095238 0.6130030959752322 0.5892857142857143 0.6377708978328174 0.513095238095238 0.638390092879257 0.5071428571428571 0.638390092879257 0.5059523809523809 0.6037151702786377 0.42023809523809524 0.6030959752321982 0.41904761904761906 0.5894736842105263 0.41904761904761906 
13 0.6092879256965944 0.4095238095238095 0.6043343653250774 0.430952380952381 0.6043343653250774 0.5190476190476191 0.6092879256965944 0.5678571428571428 0.6099071207430341 0.5702380952380952 0.614860681114551 0.5797619047619048 0.628482972136223 0.5797619047619048 0.638390092879257 0.5607142857142857 0.638390092879257 0.55 0.6229102167182663 0.42857142857142855 0.6179566563467492 0.4095238095238095 0.6092879256965944 0.4095238095238095 
14 0.6340557275541796 0.38095238095238093 0.6291021671826625 0.4107142857142857 0.6241486068111455 0.4488095238095238 0.6241486068111455 0.5297619047619048 0.6297213622291021 0.5607142857142857 0.6681114551083591 0.5607142857142857 0.6681114551083591 0.49642857142857144 0.6631578947368421 0.4 0.6575851393188854 0.38095238095238093 0.6340557275541796 0.38095238095238093 
15 0.6693498452012384 0.38095238095238093 0.6687306501547987 0.3821428571428571 0.6637770897832818 0.4 0.6588235294117647 0.49642857142857144 0.6588235294117647 0.5035714285714286 0.6637770897832818 0.5321428571428571 0.6693498452012384 0.5416666666666666 0.6829721362229102 0.5416666666666666 0.6965944272445821 0.5321428571428571 0.6978328173374613 0.530952380952381 0.7027863777089783 0.5226190476190476 0.7027863777089783 0.46785714285714286 0.6879256965944273 0.4 0.6829721362229102 0.38095238095238093 0.6693498452012384 0.38095238095238093 
17 0.6637770897832818 0.5619047619047619 0.6538699690402476 0.5714285714285714 0.6495356037151703 0.5904761904761905 0.6489164086687307 0.5964285714285714 0.6489164086687307 0.6178571428571429 0.6588235294117647 0.6535714285714286 0.6693498452012384 0.6845238095238095 0.698452012383901 0.7130952380952381 0.7126934984520124 0.7130952380952381 0.7176470588235294 0.7023809523809523 0.7176470588235294 0.6666666666666666 0.6978328173374613 0.5642857142857143 0.6972136222910217 0.5619047619047619 0.6637770897832818 0.5619047619047619 
18 0.6346749226006192 0.580952380952381 0.6142414860681115 0.6 0.6092879256965944 0.6095238095238096 0.6092879256965944 0.655952380952381 0.6291021671826625 0.7035714285714286 0.6390092879256966 0.7226190476190476 0.6588235294117647 0.7511904761904762 0.6773993808049535 0.7511904761904762 0.6829721362229102 0.7416666666666667 0.6829721362229102 0.6952380952380952 0.6582043343653251 0.6 0.648297213622291 0.580952380952381 0.6346749226006192 0.580952380952381 
20 0.5894736842105263 0.6095238095238096 0.5845201238390093 0.6202380952380953 0.5845201238390093 0.6547619047619048 0.5944272445820433 0.7107142857142857 0.6043343653250774 0.7607142857142857 0.6092879256965944 0.7785714285714286 0.6111455108359133 0.7797619047619048 0.6167182662538699 0.7797619047619048 0.6185758513931888 0.7785714285714286 0.6185758513931888 0.6476190476190476 0.6136222910216719 0.6107142857142858 0.6130030959752322 0.6095238095238096 0.5894736842105263 0.6095238095238096 
21 0.5702786377708978 0.6190476190476191 0.5647058823529412 0.6285714285714286 0.5647058823529412 0.6630952380952381 0.5746130030959752 0.7702380952380953 0.5795665634674922 0.7976190476190477 0.5808049535603715 0.7988095238095239 0.5888544891640867 0.7988095238095239 0.5938080495356037 0.7785714285714286 0.5938080495356037 0.6571428571428571 0.5888544891640867 0.6190476190476191 0.5702786377708978 0.6190476190476191 
22 0.5498452012383901 0.6190476190476191 0.544891640866873 0.6297619047619047 0.544891640866873 0.6833333333333333 0.5498452012383901 0.7607142857142857 0.5547987616099072 0.8166666666666667 0.5603715170278638 0.8369047619047619 0.5739938080495356 0.8369047619047619 0.5739938080495356 0.6476190476190476 0.5690402476780185 0.6285714285714286 0.5640866873065016 0.6190476190476191 0.5498452012383901 0.6190476190476191 
23 0.5256965944272446 0.6190476190476191 0.525077399380805 0.6202380952380953 0.525077399380805 0.6845238095238095 0.530030959752322 0.7607142857142857 0.534984520123839 0.7892857142857143 0.5399380804953561 0.8083333333333333 0.5486068111455108 0.8083333333333333 0.5492260061919505 0.8071428571428572 0.5492260061919505 0.6190476190476191 0.5256965944272446 0.6190476190476191 
24 0.5102167182662539 0.6190476190476191 0.5102167182662539 0.7 0.5151702786377709 0.7702380952380953 0.5201238390092879 0.7892857142857143 0.5281733746130031 0.7892857142857143 0.5294117647058824 0.7880952380952381 0.5343653250773994 0.7607142857142857 0.5343653250773994 0.6190476190476191 0.5102167182662539 0.6190476190476191 
25 0.49226006191950467 0.6190476190476191 0.4904024767801858 0.6202380952380953 0.4904024767801858 0.6833333333333333 0.4953560371517028 0.7595238095238095 0.5003095975232198 0.7785714285714286 0.5009287925696595 0.7797619047619048 0.5145510835913313 0.7797619047619048 0.5145510835913313 0.6202380952380953 0.513312693498452 0.6190476190476191 0.49226006191950467 0.6190476190476191 
26 0.47058823529411764 0.6285714285714286 0.47058823529411764 0.6845238095238095 0.47554179566563465 0.7678571428571429 0.4804953560371517 0.7892857142857143 0.4854489164086687 0.7988095238095239 0.48978328173374613 0.7988095238095239 0.49473684210526314 0.7035714285714286 0.49473684210526314 0.6309523809523809 0.49411764705882355 0.6297619047619047 0.49287925696594426 0.6285714285714286 0.47058823529411764 0.6285714285714286 
27 0.45572755417956656 0.6095238095238096 0.45077399380804956 0.6285714285714286 0.4458204334365325 0.7178571428571429 0.4458204334365325 0.7702380952380953 0.45077399380804956 0.8083333333333333 0.4563467492260062 0.8166666666666667 0.4582043343653251 0.8178571428571428 0.465015479876161 0.8178571428571428 0.469969040247678 0.7785714285714286 0.47987616099071206 0.6345238095238095 0.47987616099071206 0.6190476190476191 0.4743034055727554 0.6095238095238096 0.45572755417956656 0.6095238095238096 
28 0.426625386996904 0.6095238095238096 0.4260061919504644 0.6107142857142858 0.4260061919504644 0.6928571428571428 0.4309597523219814 0.7857142857142857 0.43157894736842106 0.7892857142857143 0.4452012383900929 0.7892857142857143 0.4501547987616099 0.7785714285714286 0.4551083591331269 0.7107142857142857 0.4551083591331269 0.6095238095238096 0.426625386996904 0.6095238095238096 
29 0.40804953560371515 0.6 0.40619195046439627 0.6011904761904762 0.40123839009287926 0.6107142857142858 0.39628482972136225 0.6309523809523809 0.3913312693498452 0.7142857142857143 0.3913312693498452 0.7797619047619048 0.40804953560371515 0.7797619047619048 0.40990712074303404 0.7773809523809524 0.4154798761609907 0.7595238095238095 0.42043343653250775 0.7416666666666667 0.43034055727554177 0.694047619047619 0.43034055727554177 0.6023809523809524 0.4297213622291022 0.6 0.40804953560371515 0.6 
30 0.36656346749226004 0.580952380952381 0.356656346749226 0.6 0.3318885448916409 0.7142857142857143 0.3318885448916409 0.75 0.3368421052631579 0.7607142857142857 0.36594427244582045 0.7607142857142857 0.3746130030959752 0.7476190476190476 0.3851393188854489 0.7226190476190476 0.4006191950464396 0.6654761904761904 0.4055727554179567 0.6357142857142857 0.4055727554179567 0.6 0.38080495356037153 0.580952380952381 0.36656346749226004 0.580952380952381 
31 0.31207430340557274 0.5619047619047619 0.30712074303405573 0.5904761904761905 0.29721362229102166 0.6571428571428571 0.29721362229102166 0.7130952380952381 0.32507739938080493 0.7130952380952381 0.33622291021671824 0.7023809523809523 0.3411764705882353 0.694047619047619 0.3510835913312694 0.675 0.3609907120743034 0.6452380952380953 0.36594427244582045 0.6083333333333333 0.36594427244582045 0.5821428571428572 0.3510835913312694 0.5619047619047619 0.31207430340557274 0.5619047619047619 