1 0.22291021671826625 0.29523809523809524 0.2130030959752322 0.31547619047619047 0.20804953560371517 0.34523809523809523 0.20309597523219813 0.4035714285714286 0.20309597523219813 0.45595238095238094 0.20804953560371517 0.4630952380952381 0.20928792569659443 0.4642857142857143 0.21114551083591332 0.4654761904761905 0.23653250773993809 0.4654761904761905 0.24705882352941178 0.45595238095238094 0.24705882352941178 0.4095238095238095 0.24210526315789474 0.3047619047619048 0.2371517027863777 0.29523809523809524 0.22291021671826625 0.29523809523809524 
2 0.248297213622291 0.3142857142857143 0.2476780185758514 0.31547619047619047 0.24272445820433436 0.34285714285714286 0.23777089783281732 0.44761904761904764 0.23777089783281732 0.48095238095238096 0.23839009287925697 0.48333333333333334 0.23962848297213624 0.4845238095238095 0.25696594427244585 0.49404761904761907 0.28606811145510835 0.49404761904761907 0.291640866873065 0.48333333333333334 0.291640866873065 0.4023809523809524 0.286687306501548 0.3333333333333333 0.27678018575851393 0.3142857142857143 0.248297213622291 0.3142857142857143 
4 0.32755417956656346 0.29523809523809524 0.3269349845201238 0.2988095238095238 0.3269349845201238 0.36904761904761907 0.3318885448916409 0.5023809523809524 0.34179566563467495 0.513095238095238 0.36594427244582045 0.513095238095238 0.37089783281733746 0.5035714285714286 0.37089783281733746 0.45714285714285713 0.3609907120743034 0.38095238095238093 0.3510835913312694 0.3238095238095238 0.3461300309597523 0.305952380952381 0.3411764705882353 0.29642857142857143 0.339938080495356 0.29523809523809524 0.32755417956656346 0.29523809523809524 
5 0.3671826625386997 0.3047619047619048 0.356656346749226 0.325 0.356656346749226 0.3892857142857143 0.36160990712074303 0.4642857142857143 0.36656346749226004 0.5035714285714286 0.3715170278637771 0.513095238095238 0.39009287925696595 0.513095238095238 0.3956656346749226 0.5035714285714286 0.4055727554179567 0.4845238095238095 0.4055727554179567 0.44761904761904764 0.4006191950464396 0.41904761904761906 0.37585139318885447 0.30833333333333335 0.3696594427244582 0.3047619047619048 0.3671826625386997 0.3047619047619048 
6 0.38823529411764707 0.2857142857142857 0.3863777089783282 0.2869047619047619 0.3863777089783282 0.35119047619047616 0.39628482972136225 0.5119047619047619 0.3975232198142415 0.513095238095238 0.41919504643962846 0.513095238095238 0.43034055727554177 0.5023809523809524 0.43529411764705883 0.4845238095238095 0.43529411764705883 0.47619047619047616 0.43034055727554177 0.42857142857142855 0.42043343653250775 0.3523809523809524 0.4154798761609907 0.3238095238095238 0.40990712074303404 0.3047619047619048 0.4006191950464396 0.2857142857142857 0.38823529411764707 0.2857142857142857 
8 0.45572755417956656 0.3238095238095238 0.45077399380804956 0.34285714285714286 0.4458204334365325 0.4380952380952381 0.4458204334365325 0.5011904761904762 0.44643962848297214 0.5035714285714286 0.45572755417956656 0.5214285714285715 0.46563467492260063 0.5321428571428571 0.47987616099071206 0.5321428571428571 0.4848297213622291 0.513095238095238 0.48978328173374613 0.48214285714285715 0.48978328173374613 0.42023809523809524 0.4848297213622291 0.3619047619047619 0.47987616099071206 0.3333333333333333 0.47492260061919506 0.3238095238095238 0.45572755417956656 0.3238095238095238 
9 0.5151702786377709 0.3238095238095238 0.5052631578947369 0.34285714285714286 0.5003095975232198 0.3535714285714286 0.4953560371517028 0.37142857142857144 0.4904024767801858 0.39285714285714285 0.4854489164086687 0.46904761904761905 0.4854489164086687 0.5119047619047619 0.49102167182662537 0.5226190476190476 0.5238390092879257 0.5226190476190476 0.5244582043343653 0.5214285714285715 0.5294117647058824 0.49404761904761907 0.5294117647058824 0.325 0.5287925696594428 0.3238095238095238 0.5151702786377709 0.3238095238095238 
10 0.5405572755417957 0.34285714285714286 0.534984520123839 0.3523809523809524 0.530030959752322 0.37857142857142856 0.5201238390092879 0.44761904761904764 0.5201238390092879 0.513095238095238 0.5256965944272446 0.5226190476190476 0.5486068111455108 0.5226190476190476 0.5535603715170279 0.513095238095238 0.5541795665634675 0.5107142857142857 0.5591331269349845 0.42738095238095236 0.5591331269349845 0.3523809523809524 0.5535603715170279 0.34285714285714286 0.5405572755417957 0.34285714285714286 
11 0.5894736842105263 0.2857142857142857 0.5795665634674922 0.30714285714285716 0.5696594427244582 0.34523809523809523 0.5547987616099072 0.4107142857142857 0.5498452012383901 0.4392857142857143 0.5498452012383901 0.5107142857142857 0.5504643962848297 0.513095238095238 0.5820433436532507 0.513095238095238 0.5839009287925696 0.5119047619047619 0.5938080495356037 0.49404761904761907 0.6037151702786377 0.4035714285714286 0.6037151702786377 0.2869047619047619 0.6030959752321982 0.2857142857142857 0.5894736842105263 0.2857142857142857 
13 0.6439628482972136 0.3142857142857143 0.6390092879256966 0.3238095238095238 0.6291021671826625 0.3619047619047619 0.6247678018575852 0.38095238095238093 0.6241486068111455 0.38452380952380955 0.6142414860681115 0.4595238095238095 0.6142414860681115 0.5035714285714286 0.6390092879256966 0.530952380952381 0.6408668730650154 0.5321428571428571 0.6538699690402476 0.5321428571428571 0.6625386996904025 0.5226190476190476 0.6631578947368421 0.5202380952380953 0.6631578947368421 0.44166666666666665 0.6582043343653251 0.31547619047619047 0.6575851393188854 0.3142857142857143 0.6439628482972136 0.3142857142857143 
17 0.718266253869969 0.5714285714285714 0.698452012383901 0.580952380952381 0.6934984520123839 0.5904761904761905 0.6934984520123839 0.6535714285714286 0.6953560371517028 0.655952380952381 0.7034055727554179 0.6642857142857143 0.713312693498452 0.6738095238095239 0.7585139318885449 0.7130952380952381 0.7727554179566564 0.7226190476190476 0.7770897832817337 0.7226190476190476 0.7820433436532508 0.7119047619047619 0.7969040247678019 0.6738095238095239 0.7969040247678019 0.6440476190476191 0.7962848297213623 0.638095238095238 0.7919504643962848 0.6190476190476191 0.7572755417956656 0.5821428571428572 0.746749226006192 0.5714285714285714 0.718266253869969 0.5714285714285714 
18 0.6687306501547987 0.5904761904761905 0.6687306501547987 0.6083333333333333 0.6736842105263158 0.6642857142857143 0.6792569659442724 0.675 0.6885448916408669 0.6833333333333333 0.6904024767801857 0.6845238095238095 0.6965944272445821 0.6845238095238095 0.7021671826625387 0.675 0.7077399380804954 0.6642857142857143 0.7077399380804954 0.6476190476190476 0.6978328173374613 0.5904761904761905 0.6687306501547987 0.5904761904761905 
19 0.6204334365325077 0.5714285714285714 0.6191950464396285 0.5726190476190476 0.6142414860681115 0.5821428571428572 0.6142414860681115 0.6464285714285715 0.6241486068111455 0.694047619047619 0.6340557275541796 0.7309523809523809 0.6439628482972136 0.7511904761904762 0.6495356037151703 0.7607142857142857 0.6575851393188854 0.7607142857142857 0.6823529411764706 0.7321428571428571 0.6829721362229102 0.7309523809523809 0.6829721362229102 0.6761904761904762 0.6780185758513931 0.6011904761904762 0.6730650154798762 0.580952380952381 0.6631578947368421 0.5714285714285714 0.6204334365325077 0.5714285714285714 
20 0.5944272445820433 0.5714285714285714 0.5851393188854489 0.580952380952381 0.5795665634674922 0.5904761904761905 0.5795665634674922 0.6166666666666667 0.5845201238390093 0.7130952380952381 0.5993808049535604 0.7690476190476191 0.6099071207430341 0.7892857142857143 0.6235294117647059 0.7892857142857143 0.6235294117647059 0.638095238095238 0.6185758513931888 0.5857142857142857 0.6179566563467492 0.580952380952381 0.6136222910216719 0.5714285714285714 0.5944272445820433 0.5714285714285714 
21 0.5547987616099072 0.580952380952381 0.5498452012383901 0.5904761904761905 0.5498452012383901 0.6369047619047619 0.5547987616099072 0.7226190476190476 0.5597523219814241 0.7488095238095238 0.5603715170278638 0.7511904761904762 0.5696594427244582 0.7797619047619048 0.5820433436532507 0.7797619047619048 0.5839009287925696 0.7785714285714286 0.5888544891640867 0.7011904761904761 0.5888544891640867 0.6107142857142858 0.5839009287925696 0.5833333333333334 0.58328173374613 0.5821428571428572 0.5820433436532507 0.580952380952381 0.5547987616099072 0.580952380952381 
22 0.5207430340557275 0.5523809523809524 0.5151702786377709 0.5619047619047619 0.5151702786377709 0.6535714285714286 0.534984520123839 0.7392857142857143 0.5356037151702786 0.7416666666666667 0.5399380804953561 0.7511904761904762 0.5455108359133127 0.7607142857142857 0.5585139318885449 0.7607142857142857 0.5591331269349845 0.7595238095238095 0.5591331269349845 0.6869047619047619 0.5541795665634675 0.5630952380952381 0.5492260061919505 0.5523809523809524 0.5207430340557275 0.5523809523809524 
23 0.5003095975232198 0.5333333333333333 0.4953560371517028 0.5428571428571428 0.4904024767801858 0.5714285714285714 0.4854489164086687 0.6285714285714286 0.4854489164086687 0.6654761904761904 0.4904024767801858 0.7023809523809523 0.49102167182662537 0.7035714285714286 0.5089783281733746 0.7035714285714286 0.5095975232198142 0.7011904761904761 0.5244582043343653 0.5976190476190476 0.5244582043343653 0.5571428571428572 0.5238390092879257 0.5523809523809524 0.5195046439628483 0.5428571428571428 0.5095975232198142 0.5333333333333333 0.5003095975232198 0.5333333333333333 
25 0.4458204334365325 0.5428571428571428 0.4359133126934985 0.5523809523809524 0.4359133126934985 0.5988095238095238 0.4408668730650155 0.6916666666666667 0.44643962848297214 0.7035714285714286 0.460061919504644 0.7035714285714286 0.465015479876161 0.6630952380952381 0.469969040247678 0.6071428571428571 0.469969040247678 0.5535714285714286 0.465015479876161 0.5428571428571428 0.4458204334365325 0.5428571428571428 
26 0.421671826625387 0.5523809523809524 0.4117647058823529 0.5619047619047619 0.41114551083591333 0.5630952380952381 0.40123839009287926 0.6857142857142857 0.40123839009287926 0.7595238095238095 0.4018575851393189 0.7607142857142857 0.40990712074303404 0.7607142857142857 0.4154798761609907 0.7511904761904762 0.42538699690402476 0.7321428571428571 0.43034055727554177 0.7119047619047619 0.4452012383900929 0.6261904761904762 0.4452012383900929 0.5952380952380952 0.44458204334365325 0.5904761904761905 0.44024767801857584 0.5630952380952381 0.43962848297213625 0.5619047619047619 0.43034055727554177 0.5523809523809524 0.421671826625387 0.5523809523809524 
27 0.3814241486068111 0.5714285714285714 0.3764705882352941 0.580952380952381 0.3715170278637771 0.6761904761904762 0.3715170278637771 0.7416666666666667 0.3851393188854489 0.7416666666666667 0.3907120743034056 0.7321428571428571 0.3956656346749226 0.7107142857142857 0.4105263157894737 0.6273809523809524 0.4105263157894737 0.5821428571428572 0.4055727554179567 0.5714285714285714 0.3814241486068111 0.5714285714285714 
28 0.3473684210526316 0.5714285714285714 0.34674922600619196 0.5726190476190476 0.34179566563467495 0.5904761904761905 0.34179566563467495 0.7690476190476191 0.3430340557275542 0.7702380952380953 0.3560371517027864 0.7702380952380953 0.3609907120743034 0.7607142857142857 0.36594427244582045 0.7416666666666667 0.38080495356037153 0.6369047619047619 0.38080495356037153 0.580952380952381 0.3752321981424149 0.5714285714285714 0.3473684210526316 0.5714285714285714 
29 0.31331269349845203 0.5714285714285714 0.31207430340557274 0.5726190476190476 0.3077399380804954 0.5904761904761905 0.30712074303405573 0.594047619047619 0.3021671826625387 0.6309523809523809 0.3021671826625387 0.6369047619047619 0.30712074303405573 0.655952380952381 0.3126934984520124 0.6654761904761904 0.33622291021671824 0.6654761904761904 0.3461300309597523 0.6357142857142857 0.3510835913312694 0.5976190476190476 0.3510835913312694 0.5726190476190476 0.3498452012383901 0.5714285714285714 0.31331269349845203 0.5714285714285714 
30 0.2625386996904025 0.5428571428571428 0.23777089783281732 0.6511904761904762 0.23777089783281732 0.6833333333333333 0.248297213622291 0.7130952380952381 0.25263157894736843 0.7166666666666667 0.25696594427244585 0.7166666666666667 0.26625386996904027 0.7130952380952381 0.27678018575851393 0.7035714285714286 0.291640866873065 0.675 0.31145510835913315 0.6273809523809524 0.32136222910216716 0.5797619047619048 0.32136222910216716 0.5726190476190476 0.3015479876160991 0.5523809523809524 0.291640866873065 0.5428571428571428 0.2625386996904025 0.5428571428571428 
31 0.2235294117647059 0.5047619047619047 0.21795665634674924 0.5142857142857142 0.1931888544891641 0.6011904761904762 0.1931888544891641 0.6369047619047619 0.20309597523219813 0.6642857142857143 0.20371517027863778 0.6654761904761904 0.22229102167182663 0.6654761904761904 0.23157894736842105 0.655952380952381 0.24705882352941178 0.6273809523809524 0.26625386996904027 0.5797619047619048 0.26687306501547986 0.5773809523809523 0.2718266253869969 0.5476190476190477 0.2718266253869969 0.5142857142857142 0.26191950464396285 0.5047619047619047 0.2235294117647059 0.5047619047619047 