2 0.3170278637770898 0.3142857142857143 0.31207430340557274 0.3238095238095238 0.29226006191950465 0.4511904761904762 0.29226006191950465 0.4785714285714286 0.29287925696594425 0.4845238095238095 0.29721362229102166 0.5035714285714286 0.3126934984520124 0.513095238095238 0.33126934984520123 0.513095238095238 0.34055727554179566 0.5035714285714286 0.3411764705882353 0.5023809523809524 0.3411764705882353 0.34285714285714286 0.33622291021671824 0.3238095238095238 0.3306501547987616 0.3142857142857143 0.3170278637770898 0.3142857142857143 
3 0.3523219814241486 0.34285714285714286 0.34179566563467495 0.3523809523809524 0.3368421052631579 0.44761904761904764 0.3368421052631579 0.5023809523809524 0.34179566563467495 0.5226190476190476 0.3801857585139319 0.5226190476190476 0.38575851393188854 0.513095238095238 0.38575851393188854 0.49047619047619045 0.38080495356037153 0.36428571428571427 0.3801857585139319 0.3619047619047619 0.37089783281733746 0.34285714285714286 0.3523219814241486 0.34285714285714286 
4 0.38204334365325077 0.3333333333333333 0.3814241486068111 0.3345238095238095 0.3764705882352941 0.4666666666666667 0.3764705882352941 0.49404761904761907 0.3814241486068111 0.5226190476190476 0.38699690402476783 0.5321428571428571 0.4105263157894737 0.5321428571428571 0.4154798761609907 0.5226190476190476 0.4154798761609907 0.4583333333333333 0.4105263157894737 0.40476190476190477 0.4055727554179567 0.36428571428571427 0.4006191950464396 0.34285714285714286 0.39504643962848296 0.3333333333333333 0.38204334365325077 0.3333333333333333 
5 0.41609907120743034 0.3142857142857143 0.41114551083591333 0.3345238095238095 0.40619195046439627 0.5142857142857142 0.40619195046439627 0.5416666666666666 0.43034055727554177 0.5416666666666666 0.44024767801857584 0.5226190476190476 0.44024767801857584 0.4857142857142857 0.43529411764705883 0.3333333333333333 0.43034055727554177 0.31547619047619047 0.4297213622291022 0.3142857142857143 0.41609907120743034 0.3142857142857143 
7 0.47058823529411764 0.3333333333333333 0.46563467492260063 0.3523809523809524 0.46068111455108357 0.4023809523809524 0.45572755417956656 0.4714285714285714 0.45572755417956656 0.530952380952381 0.46068111455108357 0.5416666666666666 0.4848297213622291 0.5416666666666666 0.4848297213622291 0.4583333333333333 0.47987616099071206 0.34285714285714286 0.47492260061919506 0.3333333333333333 0.47058823529411764 0.3333333333333333 
8 0.4873065015479876 0.3333333333333333 0.4854489164086687 0.3345238095238095 0.4804953560371517 0.3619047619047619 0.4804953560371517 0.5511904761904762 0.5145510835913313 0.5511904761904762 0.5145510835913313 0.49642857142857144 0.5046439628482973 0.4107142857142857 0.49473684210526314 0.3345238095238095 0.4934984520123839 0.3333333333333333 0.4873065015479876 0.3333333333333333 
9 0.5207430340557275 0.3333333333333333 0.5151702786377709 0.34285714285714286 0.5102167182662539 0.38095238095238093 0.5052631578947369 0.4857142857142857 0.5052631578947369 0.5035714285714286 0.5102167182662539 0.55 0.5108359133126935 0.5511904761904762 0.5393188854489164 0.5511904761904762 0.5393188854489164 0.49523809523809526 0.5343653250773994 0.34404761904761905 0.5294117647058824 0.3333333333333333 0.5207430340557275 0.3333333333333333 
10 0.5362229102167183 0.34285714285714286 0.534984520123839 0.34404761904761905 0.530030959752322 0.4607142857142857 0.530030959752322 0.5035714285714286 0.534984520123839 0.5511904761904762 0.5492260061919505 0.5511904761904762 0.5585139318885449 0.5416666666666666 0.5591331269349845 0.5380952380952381 0.5591331269349845 0.38095238095238093 0.5541795665634675 0.3523809523809524 0.5486068111455108 0.34285714285714286 0.5362229102167183 0.34285714285714286 
11 0.56656346749226 0.3142857142857143 0.5647058823529412 0.31547619047619047 0.5597523219814241 0.3333333333333333 0.5547987616099072 0.3619047619047619 0.5547987616099072 0.530952380952381 0.5597523219814241 0.5511904761904762 0.5647058823529412 0.5607142857142857 0.5777089783281734 0.5607142857142857 0.5789473684210527 0.5583333333333333 0.5789473684210527 0.34285714285714286 0.5739938080495356 0.31666666666666665 0.573374613003096 0.3142857142857143 0.56656346749226 0.3142857142857143 
12 0.590092879256966 0.3142857142857143 0.5845201238390093 0.3238095238095238 0.5795665634674922 0.34285714285714286 0.5746130030959752 0.38095238095238093 0.5746130030959752 0.5416666666666666 0.5801857585139318 0.5511904761904762 0.5931888544891641 0.5511904761904762 0.6080495356037152 0.5416666666666666 0.6086687306501548 0.5404761904761904 0.6086687306501548 0.3142857142857143 0.590092879256966 0.3142857142857143 
13 0.6092879256965944 0.3142857142857143 0.6043343653250774 0.325 0.5993808049535604 0.34404761904761905 0.5993808049535604 0.49404761904761907 0.6043343653250774 0.5297619047619048 0.604953560371517 0.5321428571428571 0.6321981424148607 0.5321428571428571 0.6334365325077399 0.530952380952381 0.6334365325077399 0.49642857142857144 0.628482972136223 0.38095238095238093 0.6235294117647059 0.3238095238095238 0.6185758513931888 0.3142857142857143 0.6092879256965944 0.3142857142857143 
14 0.6445820433436532 0.3238095238095238 0.6390092879256966 0.3333333333333333 0.6340557275541796 0.3547619047619048 0.6241486068111455 0.4583333333333333 0.6241486068111455 0.5023809523809524 0.6291021671826625 0.5214285714285715 0.6297213622291021 0.5226190476190476 0.6681114551083591 0.5226190476190476 0.6730650154798762 0.5119047619047619 0.6730650154798762 0.3630952380952381 0.6582043343653251 0.3333333333333333 0.6526315789473685 0.3238095238095238 0.6445820433436532 0.3238095238095238 
15 0.6885448916408669 0.3142857142857143 0.6835913312693499 0.3238095238095238 0.6736842105263158 0.3523809523809524 0.6687306501547987 0.37142857142857144 0.6637770897832818 0.46785714285714286 0.6637770897832818 0.48333333333333334 0.6687306501547987 0.5035714285714286 0.6743034055727554 0.513095238095238 0.6897832817337461 0.513095238095238 0.6928792569659443 0.5119047619047619 0.7126934984520124 0.5035714285714286 0.7126934984520124 0.3357142857142857 0.7077399380804954 0.3142857142857143 0.6885448916408669 0.3142857142857143 
18 0.6693498452012384 0.5047619047619047 0.6544891640866873 0.5142857142857142 0.6489164086687307 0.5238095238095238 0.6489164086687307 0.5571428571428572 0.6588235294117647 0.6238095238095238 0.6594427244582043 0.6273809523809524 0.6637770897832818 0.6464285714285715 0.6687306501547987 0.6642857142857143 0.6736842105263158 0.675 0.6786377708978328 0.6845238095238095 0.6934984520123839 0.7035714285714286 0.7027863777089783 0.7035714285714286 0.7176470588235294 0.675 0.7176470588235294 0.6190476190476191 0.7027863777089783 0.5142857142857142 0.6978328173374613 0.5047619047619047 0.6693498452012384 0.5047619047619047 
19 0.614860681114551 0.5238095238095238 0.6099071207430341 0.5333333333333333 0.6092879256965944 0.5369047619047619 0.6092879256965944 0.569047619047619 0.6191950464396285 0.6452380952380953 0.6241486068111455 0.6821428571428572 0.6291021671826625 0.7130952380952381 0.6439628482972136 0.7404761904761905 0.648297213622291 0.7404761904761905 0.653250773993808 0.7309523809523809 0.6681114551083591 0.7011904761904761 0.6681114551083591 0.6583333333333333 0.6582043343653251 0.5535714285714286 0.653250773993808 0.5345238095238095 0.6476780185758514 0.5238095238095238 0.614860681114551 0.5238095238095238 
20 0.590092879256966 0.5333333333333333 0.5801857585139318 0.5428571428571428 0.5795665634674922 0.544047619047619 0.5795665634674922 0.5785714285714286 0.5894736842105263 0.6535714285714286 0.5944272445820433 0.6738095238095239 0.6142414860681115 0.7309523809523809 0.6198142414860681 0.7416666666666667 0.628482972136223 0.7416666666666667 0.628482972136223 0.6880952380952381 0.6136222910216719 0.544047619047619 0.6086687306501548 0.5333333333333333 0.590092879256966 0.5333333333333333 
21 0.5653250773993808 0.5428571428571428 0.5597523219814241 0.5523809523809524 0.5597523219814241 0.5880952380952381 0.5795665634674922 0.7130952380952381 0.5845201238390093 0.7404761904761905 0.590092879256966 0.7511904761904762 0.6037151702786377 0.7511904761904762 0.6037151702786377 0.7071428571428572 0.5938080495356037 0.6023809523809524 0.5888544891640867 0.5726190476190476 0.5839009287925696 0.5452380952380952 0.58328173374613 0.5428571428571428 0.5653250773993808 0.5428571428571428 
22 0.5399380804953561 0.5523809523809524 0.5356037151702786 0.5619047619047619 0.534984520123839 0.5642857142857143 0.534984520123839 0.6166666666666667 0.5399380804953561 0.6738095238095239 0.5498452012383901 0.7392857142857143 0.5547987616099072 0.7607142857142857 0.5597523219814241 0.7702380952380953 0.5678018575851393 0.7702380952380953 0.5690402476780185 0.7690476190476191 0.5690402476780185 0.5821428571428572 0.5634674922600619 0.5619047619047619 0.5585139318885449 0.5523809523809524 0.5399380804953561 0.5523809523809524 
23 0.5195046439628483 0.5619047619047619 0.5164086687306502 0.5654761904761905 0.5151702786377709 0.569047619047619 0.5151702786377709 0.5880952380952381 0.525077399380805 0.7130952380952381 0.530030959752322 0.7309523809523809 0.5362229102167183 0.7416666666666667 0.5393188854489164 0.7416666666666667 0.5442724458204334 0.7309523809523809 0.5442724458204334 0.6107142857142858 0.5393188854489164 0.5654761904761905 0.5386996904024768 0.5630952380952381 0.5374613003095975 0.5619047619047619 0.5195046439628483 0.5619047619047619 
24 0.5003095975232198 0.5619047619047619 0.5003095975232198 0.6083333333333333 0.5052631578947369 0.6821428571428572 0.5102167182662539 0.7226190476190476 0.5244582043343653 0.7226190476190476 0.5244582043343653 0.5654761904761905 0.5238390092879257 0.5619047619047619 0.5003095975232198 0.5619047619047619 
25 0.48111455108359136 0.5619047619047619 0.4804953560371517 0.5654761904761905 0.4804953560371517 0.5976190476190476 0.4854489164086687 0.7 0.48606811145510836 0.7035714285714286 0.491640866873065 0.719047619047619 0.49473684210526314 0.7226190476190476 0.5046439628482973 0.7226190476190476 0.5046439628482973 0.5619047619047619 0.48111455108359136 0.5619047619047619 
26 0.46563467492260063 0.5619047619047619 0.46068111455108357 0.5714285714285714 0.46068111455108357 0.7142857142857143 0.4613003095975232 0.7226190476190476 0.46563467492260063 0.7404761904761905 0.4662538699690402 0.7416666666666667 0.4792569659442725 0.7416666666666667 0.47987616099071206 0.7404761904761905 0.4848297213622291 0.6988095238095238 0.48978328173374613 0.6178571428571429 0.48978328173374613 0.5928571428571429 0.4848297213622291 0.5630952380952381 0.4823529411764706 0.5619047619047619 0.46563467492260063 0.5619047619047619 
28 0.4476780185758514 0.5428571428571428 0.44643962848297214 0.544047619047619 0.44148606811145513 0.5523809523809524 0.4359133126934985 0.5619047619047619 0.4309597523219814 0.6607142857142857 0.4309597523219814 0.7285714285714285 0.43157894736842106 0.7309523809523809 0.4321981424148607 0.7321428571428571 0.443343653250774 0.7321428571428571 0.44458204334365325 0.7309523809523809 0.4452012383900929 0.7297619047619047 0.4501547987616099 0.7119047619047619 0.4551083591331269 0.6845238095238095 0.469969040247678 0.5797619047619048 0.469969040247678 0.5714285714285714 0.465015479876161 0.5523809523809524 0.460061919504644 0.544047619047619 0.4588235294117647 0.5428571428571428 0.4476780185758514 0.5428571428571428 
29 0.4173374613003096 0.5333333333333333 0.41609907120743034 0.5345238095238095 0.41114551083591333 0.5535714285714286 0.40123839009287926 0.6571428571428571 0.40123839009287926 0.7321428571428571 0.40990712074303404 0.7321428571428571 0.4154798761609907 0.7226190476190476 0.43034055727554177 0.694047619047619 0.44024767801857584 0.6345238095238095 0.4452012383900929 0.5702380952380952 0.4452012383900929 0.544047619047619 0.44024767801857584 0.5345238095238095 0.4390092879256966 0.5333333333333333 0.4173374613003096 0.5333333333333333 
30 0.3715170278637771 0.5238095238095238 0.36656346749226004 0.5345238095238095 0.35170278637770896 0.6583333333333333 0.35170278637770896 0.6928571428571428 0.356656346749226 0.7035714285714286 0.3715170278637771 0.7226190476190476 0.38575851393188854 0.7226190476190476 0.3956656346749226 0.7119047619047619 0.4006191950464396 0.7035714285714286 0.4055727554179567 0.6845238095238095 0.4105263157894737 0.655952380952381 0.42043343653250775 0.5607142857142857 0.42043343653250775 0.5345238095238095 0.4198142414860681 0.5333333333333333 0.4105263157894737 0.5238095238095238 0.3715170278637771 0.5238095238095238 
31 0.3269349845201238 0.5142857142857142 0.3219814241486068 0.525 0.3021671826625387 0.6404761904761904 0.3021671826625387 0.6642857142857143 0.3219814241486068 0.6845238095238095 0.3411764705882353 0.6845238095238095 0.3560371517027864 0.6547619047619048 0.3609907120743034 0.6369047619047619 0.37089783281733746 0.5988095238095238 0.37585139318885447 0.5404761904761904 0.37585139318885447 0.5345238095238095 0.37089783281733746 0.5238095238095238 0.3510835913312694 0.5142857142857142 0.3269349845201238 0.5142857142857142 