2 0.2934984520123839 0.41904761904761906 0.29226006191950465 0.42023809523809524 0.2873065015479876 0.4380952380952381 0.2773993808049536 0.4857142857142857 0.2674922600619195 0.544047619047619 0.2674922600619195 0.5785714285714286 0.2773993808049536 0.5988095238095238 0.29473684210526313 0.6083333333333333 0.3065015479876161 0.6083333333333333 0.31640866873065016 0.5988095238095238 0.31640866873065016 0.44761904761904764 0.3015479876160991 0.41904761904761906 0.2934984520123839 0.41904761904761906 
3 0.3269349845201238 0.41904761904761906 0.3219814241486068 0.4380952380952381 0.3176470588235294 0.45714285714285713 0.31207430340557274 0.5333333333333333 0.31207430340557274 0.5988095238095238 0.3170278637770898 0.6083333333333333 0.35479876160990714 0.6083333333333333 0.36594427244582045 0.5988095238095238 0.36594427244582045 0.5583333333333333 0.3653250773993808 0.5523809523809524 0.3560371517027864 0.46785714285714286 0.3461300309597523 0.42023809523809524 0.3448916408668731 0.41904761904761906 0.3269349845201238 0.41904761904761906 
4 0.36656346749226004 0.41904761904761906 0.36160990712074303 0.4380952380952381 0.356656346749226 0.4666666666666667 0.35170278637770896 0.5142857142857142 0.35170278637770896 0.6083333333333333 0.356656346749226 0.6178571428571429 0.3752321981424149 0.6178571428571429 0.39009287925696595 0.6083333333333333 0.3956656346749226 0.5988095238095238 0.3956656346749226 0.49523809523809526 0.38575851393188854 0.42142857142857143 0.3851393188854489 0.41904761904761906 0.36656346749226004 0.41904761904761906 
5 0.39690402476780184 0.4095238095238095 0.3913312693498452 0.42023809523809524 0.3863777089783282 0.45714285714285713 0.3863777089783282 0.6071428571428571 0.3913312693498452 0.6178571428571429 0.40804953560371515 0.6178571428571429 0.4105263157894737 0.6166666666666667 0.42043343653250775 0.6083333333333333 0.42538699690402476 0.5976190476190476 0.42538699690402476 0.5142857142857142 0.42043343653250775 0.4666666666666667 0.4105263157894737 0.4107142857142857 0.40928792569659445 0.4095238095238095 0.39690402476780184 0.4095238095238095 
6 0.41671826625387 0.4 0.41609907120743034 0.4011904761904762 0.41114551083591333 0.42023809523809524 0.41114551083591333 0.6166666666666667 0.41671826625387 0.6261904761904762 0.4179566563467492 0.6273809523809524 0.44024767801857584 0.6273809523809524 0.44458204334365325 0.6178571428571429 0.4452012383900929 0.6154761904761905 0.4452012383900929 0.4773809523809524 0.44024767801857584 0.44761904761904764 0.4346749226006192 0.41904761904761906 0.43034055727554177 0.4023809523809524 0.42910216718266253 0.4 0.41671826625387 0.4 
7 0.45077399380804956 0.3904761904761905 0.4458204334365325 0.4011904761904762 0.4408668730650155 0.4845238095238095 0.4408668730650155 0.6178571428571429 0.44643962848297214 0.6273809523809524 0.4743034055727554 0.6273809523809524 0.47492260061919506 0.625 0.47492260061919506 0.4380952380952381 0.469969040247678 0.42023809523809524 0.460061919504644 0.4 0.4551083591331269 0.3904761904761905 0.45077399380804956 0.3904761904761905 
8 0.47554179566563465 0.41904761904761906 0.47058823529411764 0.4857142857142857 0.47058823529411764 0.6273809523809524 0.5040247678018576 0.6273809523809524 0.5046439628482973 0.6238095238095238 0.5046439628482973 0.6011904761904762 0.4996904024767802 0.4595238095238095 0.49473684210526314 0.4380952380952381 0.48978328173374613 0.41904761904761906 0.47554179566563465 0.41904761904761906 
9 0.5108359133126935 0.4 0.5052631578947369 0.41904761904761906 0.5003095975232198 0.4511904761904762 0.4953560371517028 0.580952380952381 0.4953560371517028 0.6071428571428571 0.5003095975232198 0.6369047619047619 0.5343653250773994 0.6369047619047619 0.5343653250773994 0.47619047619047616 0.5294117647058824 0.41309523809523807 0.5244582043343653 0.4011904761904762 0.5232198142414861 0.4 0.5108359133126935 0.4 
10 0.5356037151702786 0.41904761904761906 0.530030959752322 0.42857142857142855 0.525077399380805 0.44761904761904764 0.525077399380805 0.4845238095238095 0.530030959752322 0.6178571428571429 0.534984520123839 0.6273809523809524 0.5578947368421052 0.6273809523809524 0.5591331269349845 0.6261904761904762 0.5640866873065016 0.5988095238095238 0.5640866873065016 0.580952380952381 0.5591331269349845 0.525 0.5492260061919505 0.42023809523809524 0.5479876160990712 0.41904761904761906 0.5356037151702786 0.41904761904761906 
11 0.5721362229102167 0.4095238095238095 0.5696594427244582 0.4107142857142857 0.5647058823529412 0.4297619047619048 0.5597523219814241 0.4607142857142857 0.5547987616099072 0.5095238095238095 0.5547987616099072 0.5880952380952381 0.5597523219814241 0.6083333333333333 0.5696594427244582 0.6166666666666667 0.5715170278637771 0.6178571428571429 0.5820433436532507 0.6178571428571429 0.5839009287925696 0.6166666666666667 0.5938080495356037 0.6083333333333333 0.5938080495356037 0.42857142857142855 0.5888544891640867 0.4107142857142857 0.5876160990712074 0.4095238095238095 0.5721362229102167 0.4095238095238095 
12 0.5907120743034056 0.4095238095238095 0.5894736842105263 0.4107142857142857 0.5894736842105263 0.5988095238095238 0.595046439628483 0.6083333333333333 0.6123839009287926 0.6083333333333333 0.6229102167182663 0.5988095238095238 0.6235294117647059 0.5952380952380952 0.6235294117647059 0.44761904761904764 0.6185758513931888 0.41904761904761906 0.6080495356037152 0.4095238095238095 0.5907120743034056 0.4095238095238095 
13 0.6253869969040248 0.4 0.6241486068111455 0.4011904761904762 0.6191950464396285 0.4095238095238095 0.6142414860681115 0.45 0.6142414860681115 0.5988095238095238 0.6346749226006192 0.6083333333333333 0.6470588235294118 0.6083333333333333 0.648297213622291 0.6071428571428571 0.653250773993808 0.5988095238095238 0.6582043343653251 0.5392857142857143 0.6582043343653251 0.42857142857142855 0.6371517027863777 0.4035714285714286 0.6340557275541796 0.4 0.6253869969040248 0.4 
14 0.6637770897832818 0.41904761904761906 0.6594427244582043 0.42857142857142855 0.6538699690402476 0.4583333333333333 0.6489164086687307 0.5333333333333333 0.6489164086687307 0.5976190476190476 0.6544891640866873 0.6083333333333333 0.6681114551083591 0.6083333333333333 0.6829721362229102 0.6059523809523809 0.6873065015479877 0.5988095238095238 0.6922600619195046 0.5892857142857143 0.6928792569659443 0.5869047619047619 0.6928792569659443 0.5428571428571428 0.6829721362229102 0.42857142857142855 0.6773993808049535 0.41904761904761906 0.6637770897832818 0.41904761904761906 
15 0.6947368421052632 0.4 0.6934984520123839 0.4011904761904762 0.6891640866873066 0.4095238095238095 0.6885448916408669 0.4119047619047619 0.6835913312693499 0.44761904761904764 0.6835913312693499 0.5476190476190477 0.6885448916408669 0.5880952380952381 0.6934984520123839 0.5988095238095238 0.7027863777089783 0.5976190476190476 0.7325077399380805 0.5785714285714286 0.7368421052631579 0.5702380952380952 0.7374613003095976 0.5666666666666667 0.7374613003095976 0.5333333333333333 0.7325077399380805 0.4297619047619048 0.7275541795665634 0.4011904761904762 0.7269349845201238 0.4 0.6947368421052632 0.4 
18 0.6947368421052632 0.6095238095238096 0.6743034055727554 0.6190476190476191 0.6736842105263158 0.6226190476190476 0.6736842105263158 0.675 0.6786377708978328 0.7107142857142857 0.6885448916408669 0.7416666666666667 0.7034055727554179 0.7797619047619048 0.7145510835913312 0.7892857142857143 0.7256965944272445 0.7892857142857143 0.7275541795665634 0.7880952380952381 0.7424148606811145 0.7702380952380953 0.7424148606811145 0.7440476190476191 0.7325077399380805 0.6392857142857142 0.7275541795665634 0.6107142857142858 0.7269349845201238 0.6095238095238096 0.6947368421052632 0.6095238095238096 
19 0.6241486068111455 0.6190476190476191 0.6241486068111455 0.6654761904761904 0.6340557275541796 0.7642857142857142 0.6346749226006192 0.7702380952380953 0.6396284829721363 0.7892857142857143 0.6489164086687307 0.8083333333333333 0.6631578947368421 0.8083333333333333 0.6879256965944273 0.7892857142857143 0.6879256965944273 0.7535714285714286 0.6780185758513931 0.6321428571428571 0.6773993808049535 0.6285714285714286 0.6631578947368421 0.6190476190476191 0.6241486068111455 0.6190476190476191 
20 0.5944272445820433 0.6285714285714286 0.5894736842105263 0.638095238095238 0.5894736842105263 0.6654761904761904 0.5993808049535604 0.7214285714285714 0.6092879256965944 0.7702380952380953 0.6191950464396285 0.8178571428571428 0.6321981424148607 0.8178571428571428 0.6334365325077399 0.8166666666666667 0.6334365325077399 0.6571428571428571 0.628482972136223 0.6285714285714286 0.5944272445820433 0.6285714285714286 
21 0.5690402476780185 0.638095238095238 0.5653250773993808 0.6404761904761904 0.5647058823529412 0.6416666666666667 0.5647058823529412 0.7226190476190476 0.5752321981424149 0.7988095238095239 0.5795665634674922 0.8166666666666667 0.5851393188854489 0.8273809523809523 0.5938080495356037 0.8273809523809523 0.5987616099071208 0.8083333333333333 0.6037151702786377 0.7130952380952381 0.6037151702786377 0.6857142857142857 0.5987616099071208 0.6595238095238095 0.5938080495356037 0.6392857142857142 0.5931888544891641 0.638095238095238 0.5690402476780185 0.638095238095238 
22 0.5411764705882353 0.638095238095238 0.5356037151702786 0.6476190476190476 0.534984520123839 0.6511904761904762 0.534984520123839 0.6523809523809524 0.5399380804953561 0.7892857142857143 0.544891640866873 0.8178571428571428 0.5504643962848297 0.8273809523809523 0.5591331269349845 0.8273809523809523 0.5640866873065016 0.8178571428571428 0.5690402476780185 0.7535714285714286 0.5690402476780185 0.638095238095238 0.5411764705882353 0.638095238095238 
23 0.5201238390092879 0.638095238095238 0.5201238390092879 0.7321428571428571 0.5207430340557275 0.7488095238095238 0.525077399380805 0.7797619047619048 0.530030959752322 0.8083333333333333 0.5436532507739938 0.8083333333333333 0.5442724458204334 0.8047619047619048 0.5442724458204334 0.638095238095238 0.5201238390092879 0.638095238095238 
24 0.5003095975232198 0.638095238095238 0.5003095975232198 0.7023809523809523 0.5052631578947369 0.7892857142857143 0.5102167182662539 0.7988095238095239 0.5126934984520124 0.7988095238095239 0.5145510835913313 0.7976190476190477 0.5195046439628483 0.7892857142857143 0.5238390092879257 0.7702380952380953 0.5244582043343653 0.7583333333333333 0.5244582043343653 0.6392857142857142 0.5238390092879257 0.638095238095238 0.5003095975232198 0.638095238095238 
25 0.4804953560371517 0.638095238095238 0.4804953560371517 0.7119047619047619 0.4854489164086687 0.7797619047619048 0.4904024767801858 0.7976190476190477 0.49102167182662537 0.7988095238095239 0.49907120743034056 0.7988095238095239 0.5046439628482973 0.7880952380952381 0.5046439628482973 0.6392857142857142 0.5015479876160991 0.638095238095238 0.4804953560371517 0.638095238095238 
26 0.46068111455108357 0.638095238095238 0.46068111455108357 0.6845238095238095 0.46563467492260063 0.7595238095238095 0.47058823529411764 0.7976190476190477 0.4761609907120743 0.8083333333333333 0.4848297213622291 0.8083333333333333 0.48978328173374613 0.7976190476190477 0.48978328173374613 0.7523809523809524 0.4848297213622291 0.6428571428571429 0.4842105263157895 0.638095238095238 0.46068111455108357 0.638095238095238 
27 0.4359133126934985 0.638095238095238 0.4359133126934985 0.7226190476190476 0.4408668730650155 0.7797619047619048 0.4458204334365325 0.8071428571428572 0.45077399380804956 0.8261904761904761 0.4563467492260062 0.8369047619047619 0.45944272445820433 0.8369047619047619 0.465015479876161 0.8261904761904761 0.469969040247678 0.8071428571428572 0.469969040247678 0.6761904761904762 0.465015479876161 0.65 0.46439628482972134 0.6476190476190476 0.460061919504644 0.6392857142857142 0.45758513931888545 0.638095238095238 0.4359133126934985 0.638095238095238 
28 0.40743034055727556 0.6476190476190476 0.40123839009287926 0.6583333333333333 0.40123839009287926 0.6833333333333333 0.40619195046439627 0.7773809523809524 0.41114551083591333 0.8071428571428572 0.41671826625387 0.8273809523809523 0.4241486068111455 0.8273809523809523 0.42538699690402476 0.8261904761904761 0.43034055727554177 0.8178571428571428 0.43529411764705883 0.7976190476190477 0.44024767801857584 0.7416666666666667 0.44024767801857584 0.6571428571428571 0.4346749226006192 0.6476190476190476 0.40743034055727556 0.6476190476190476 
29 0.3764705882352941 0.6285714285714286 0.3715170278637771 0.638095238095238 0.36656346749226004 0.6666666666666666 0.36656346749226004 0.6928571428571428 0.3715170278637771 0.8333333333333334 0.3721362229102167 0.8369047619047619 0.3845201238390093 0.8369047619047619 0.39009287925696595 0.8273809523809523 0.39504643962848296 0.8178571428571428 0.4006191950464396 0.7988095238095239 0.4105263157894737 0.7226190476190476 0.4154798761609907 0.6535714285714286 0.4154798761609907 0.6392857142857142 0.4148606811145511 0.638095238095238 0.4055727554179567 0.6285714285714286 0.3764705882352941 0.6285714285714286 
30 0.32755417956656346 0.638095238095238 0.3219814241486068 0.6488095238095238 0.30712074303405573 0.7642857142857142 0.30712074303405573 0.7964285714285714 0.31207430340557274 0.8071428571428572 0.31331269349845203 0.8083333333333333 0.33374613003095976 0.8273809523809523 0.3541795665634675 0.8273809523809523 0.3560371517027864 0.8261904761904761 0.3603715170278638 0.8178571428571428 0.36594427244582045 0.7976190476190477 0.3702786377708978 0.7797619047619048 0.37585139318885447 0.7464285714285714 0.38080495356037153 0.6464285714285715 0.38080495356037153 0.6404761904761904 0.37894736842105264 0.638095238095238 0.32755417956656346 0.638095238095238 
31 0.26811145510835915 0.6190476190476191 0.2674922600619195 0.6214285714285714 0.25263157894736843 0.7166666666666667 0.2476780185758514 0.7535714285714286 0.2476780185758514 0.7773809523809524 0.248297213622291 0.7797619047619048 0.2532507739938081 0.7892857142857143 0.26873065015479874 0.7988095238095239 0.291640866873065 0.7988095238095239 0.3065015479876161 0.7702380952380953 0.31145510835913315 0.7595238095238095 0.3263157894736842 0.7119047619047619 0.33622291021671824 0.6464285714285715 0.33622291021671824 0.6285714285714286 0.32074303405572757 0.6190476190476191 0.26811145510835915 0.6190476190476191 