1 0.2873065015479876 0.3238095238095238 0.2724458204334365 0.34285714285714286 0.2476780185758514 0.3904761904761905 0.24272445820433436 0.4011904761904762 0.24272445820433436 0.43452380952380953 0.243343653250774 0.4369047619047619 0.2476780185758514 0.44642857142857145 0.25758513931888544 0.4642857142857143 0.2674922600619195 0.475 0.2743034055727554 0.475 0.2854489164086687 0.4654761904761905 0.2959752321981424 0.45595238095238094 0.29659442724458207 0.45476190476190476 0.31640866873065016 0.3976190476190476 0.32136222910216716 0.37976190476190474 0.32136222910216716 0.3630952380952381 0.31640866873065016 0.34404761904761905 0.31145510835913315 0.3345238095238095 0.3046439628482972 0.325 0.28792569659442724 0.3238095238095238 0.2873065015479876 0.3238095238095238 
2 0.2934984520123839 0.41904761904761906 0.29226006191950465 0.42023809523809524 0.2724458204334365 0.4666666666666667 0.2625386996904025 0.5357142857142857 0.2625386996904025 0.5678571428571428 0.2631578947368421 0.5702380952380952 0.2724458204334365 0.5797619047619048 0.2823529411764706 0.5892857142857143 0.3065015479876161 0.5892857142857143 0.31640866873065016 0.569047619047619 0.32136222910216716 0.5511904761904762 0.32136222910216716 0.5142857142857142 0.3065015479876161 0.41904761904761906 0.2934984520123839 0.41904761904761906 
3 0.32755417956656346 0.44761904761904764 0.3269349845201238 0.4488095238095238 0.3170278637770898 0.48333333333333334 0.31207430340557274 0.5047619047619047 0.3021671826625387 0.5738095238095238 0.3021671826625387 0.5964285714285714 0.3027863777089783 0.5988095238095238 0.30712074303405573 0.6071428571428571 0.3108359133126935 0.6083333333333333 0.3256965944272446 0.6083333333333333 0.3504643962848297 0.5988095238095238 0.3560371517027864 0.5880952380952381 0.3560371517027864 0.5238095238095238 0.3461300309597523 0.4666666666666667 0.3411764705882353 0.4488095238095238 0.339938080495356 0.44761904761904764 0.32755417956656346 0.44761904761904764 
4 0.35170278637770896 0.41904761904761906 0.34674922600619196 0.580952380952381 0.34674922600619196 0.6166666666666667 0.3523219814241486 0.6273809523809524 0.3634674922600619 0.6273809523809524 0.3653250773993808 0.6261904761904762 0.37585139318885447 0.6178571428571429 0.38080495356037153 0.6083333333333333 0.38575851393188854 0.5976190476190476 0.38575851393188854 0.555952380952381 0.38080495356037153 0.4773809523809524 0.37585139318885447 0.4488095238095238 0.3702786377708978 0.4297619047619048 0.36594427244582045 0.42023809523809524 0.3653250773993808 0.41904761904761906 0.35170278637770896 0.41904761904761906 
5 0.3863777089783282 0.41904761904761906 0.3814241486068111 0.46785714285714286 0.3764705882352941 0.5345238095238095 0.3715170278637771 0.6023809523809524 0.3715170278637771 0.6083333333333333 0.3764705882352941 0.6261904761904762 0.3814241486068111 0.6357142857142857 0.3826625386996904 0.6369047619047619 0.3956656346749226 0.6369047619047619 0.4154798761609907 0.6071428571428571 0.42043343653250775 0.5797619047619048 0.42043343653250775 0.544047619047619 0.4154798761609907 0.4785714285714286 0.4105263157894737 0.4452380952380952 0.4055727554179567 0.42857142857142855 0.4 0.41904761904761906 0.3863777089783282 0.41904761904761906 
6 0.41114551083591333 0.4 0.40619195046439627 0.6 0.40619195046439627 0.6273809523809524 0.41114551083591333 0.6464285714285715 0.42910216718266253 0.6464285714285715 0.44024767801857584 0.6369047619047619 0.4452012383900929 0.6142857142857143 0.4452012383900929 0.4785714285714286 0.44024767801857584 0.4583333333333333 0.42538699690402476 0.4011904761904762 0.4247678018575851 0.4 0.41114551083591333 0.4 
7 0.4408668730650155 0.42857142857142855 0.4359133126934985 0.4392857142857143 0.4359133126934985 0.6273809523809524 0.4408668730650155 0.6452380952380953 0.4452012383900929 0.6464285714285715 0.469969040247678 0.6464285714285715 0.47492260061919506 0.6357142857142857 0.47492260061919506 0.5523809523809524 0.465015479876161 0.4857142857142857 0.45944272445820433 0.45714285714285713 0.4551083591331269 0.4392857142857143 0.4501547987616099 0.4297619047619048 0.44891640866873067 0.42857142857142855 0.4408668730650155 0.42857142857142855 
8 0.4712074303405573 0.45714285714285713 0.46563467492260063 0.4666666666666667 0.46563467492260063 0.6440476190476191 0.4662538699690402 0.6452380952380953 0.4674922600619195 0.6464285714285715 0.48111455108359136 0.655952380952381 0.49226006191950467 0.655952380952381 0.49411764705882355 0.6547619047619048 0.4996904024767802 0.6464285714285715 0.4996904024767802 0.5523809523809524 0.49473684210526314 0.5 0.49411764705882355 0.49523809523809526 0.48978328173374613 0.46785714285714286 0.4848297213622291 0.45714285714285713 0.4712074303405573 0.45714285714285713 
9 0.5164086687306502 0.44761904761904764 0.5151702786377709 0.45 0.5058823529411764 0.47619047619047616 0.5003095975232198 0.5047619047619047 0.4953560371517028 0.5738095238095238 0.4953560371517028 0.6452380952380953 0.49597523219814244 0.6464285714285715 0.5294117647058824 0.6464285714285715 0.5337461300309597 0.6273809523809524 0.5343653250773994 0.6214285714285714 0.5343653250773994 0.46785714285714286 0.5294117647058824 0.4488095238095238 0.5287925696594428 0.44761904761904764 0.5164086687306502 0.44761904761904764 
10 0.534984520123839 0.44761904761904764 0.5306501547987617 0.45714285714285713 0.525077399380805 0.47619047619047616 0.525077399380805 0.5511904761904762 0.530030959752322 0.6369047619047619 0.534984520123839 0.6464285714285715 0.5436532507739938 0.6464285714285715 0.5492260061919505 0.6440476190476191 0.5640866873065016 0.6273809523809524 0.5640866873065016 0.580952380952381 0.5492260061919505 0.4666666666666667 0.5436532507739938 0.4488095238095238 0.5424148606811146 0.44761904761904764 0.534984520123839 0.44761904761904764 
11 0.5597523219814241 0.4380952380952381 0.5547987616099072 0.45714285714285713 0.5547987616099072 0.5821428571428572 0.5554179566563467 0.5892857142857143 0.5597523219814241 0.6273809523809524 0.5647058823529412 0.6369047619047619 0.5839009287925696 0.6369047619047619 0.5938080495356037 0.6178571428571429 0.5938080495356037 0.5535714285714286 0.5839009287925696 0.4773809523809524 0.5789473684210527 0.44166666666666665 0.5739938080495356 0.4380952380952381 0.5597523219814241 0.4380952380952381 
12 0.5851393188854489 0.41904761904761906 0.5795665634674922 0.42857142857142855 0.5746130030959752 0.44761904761904764 0.5746130030959752 0.48333333333333334 0.5894736842105263 0.6083333333333333 0.5993808049535604 0.6178571428571429 0.6185758513931888 0.6178571428571429 0.6235294117647059 0.6083333333333333 0.6278637770897832 0.5892857142857143 0.6278637770897832 0.5619047619047619 0.6136222910216719 0.4380952380952381 0.6080495356037152 0.41904761904761906 0.5851393188854489 0.41904761904761906 
13 0.6297213622291021 0.4095238095238095 0.6241486068111455 0.41904761904761906 0.6191950464396285 0.4297619047619048 0.6142414860681115 0.44761904761904764 0.6092879256965944 0.49047619047619045 0.6092879256965944 0.513095238095238 0.6191950464396285 0.5988095238095238 0.6247678018575852 0.6083333333333333 0.6346749226006192 0.6178571428571429 0.643343653250774 0.6178571428571429 0.648297213622291 0.5976190476190476 0.648297213622291 0.5535714285714286 0.643343653250774 0.4095238095238095 0.6297213622291021 0.4095238095238095 
14 0.6489164086687307 0.42857142857142855 0.6439628482972136 0.4607142857142857 0.6390092879256966 0.5059523809523809 0.6390092879256966 0.5607142857142857 0.6439628482972136 0.5892857142857143 0.6551083591331269 0.5988095238095238 0.6829721362229102 0.5988095238095238 0.6879256965944273 0.5892857142857143 0.6928792569659443 0.569047619047619 0.6928792569659443 0.5547619047619048 0.6879256965944273 0.5345238095238095 0.6681114551083591 0.45714285714285713 0.6631578947368421 0.4392857142857143 0.6582043343653251 0.4297619047619048 0.6563467492260062 0.42857142857142855 0.6489164086687307 0.42857142857142855 
15 0.6749226006191951 0.4095238095238095 0.6736842105263158 0.4107142857142857 0.6736842105263158 0.5226190476190476 0.6835913312693499 0.5773809523809523 0.6842105263157895 0.5797619047619048 0.6978328173374613 0.5797619047619048 0.7275541795665634 0.5607142857142857 0.7275541795665634 0.5142857142857142 0.7269349845201238 0.5083333333333333 0.7226006191950465 0.4857142857142857 0.7126934984520124 0.44761904761904764 0.7027863777089783 0.42023809523809524 0.7021671826625387 0.41904761904761906 0.676780185758514 0.4095238095238095 0.6749226006191951 0.4095238095238095 
16 0.708359133126935 0.3142857142857143 0.7034055727554179 0.325 0.698452012383901 0.3547619047619048 0.698452012383901 0.42738095238095236 0.7034055727554179 0.44642857142857145 0.713312693498452 0.4654761904761905 0.7275541795665634 0.4654761904761905 0.7510835913312693 0.44642857142857145 0.7523219814241486 0.4452380952380952 0.7572755417956656 0.42738095238095236 0.7572755417956656 0.4095238095238095 0.7523219814241486 0.39285714285714285 0.7424148606811145 0.3619047619047619 0.7219814241486068 0.3142857142857143 0.708359133126935 0.3142857142857143 
17 0.739938080495356 0.5619047619047619 0.7380804953560371 0.5630952380952381 0.7046439628482972 0.6 0.7034055727554179 0.6023809523809524 0.7034055727554179 0.6452380952380953 0.7139318885448916 0.6654761904761904 0.7287925696594427 0.6845238095238095 0.7393188854489164 0.694047619047619 0.7578947368421053 0.7035714285714286 0.7708978328173375 0.7035714285714286 0.7721362229102167 0.7023809523809523 0.7770897832817337 0.694047619047619 0.7770897832817337 0.6571428571428571 0.7671826625386997 0.6190476190476191 0.7523219814241486 0.5630952380952381 0.7517027863777089 0.5619047619047619 0.739938080495356 0.5619047619047619 
18 0.6749226006191951 0.6 0.6489164086687307 0.6095238095238096 0.6489164086687307 0.6345238095238095 0.6588235294117647 0.675 0.6643962848297214 0.694047619047619 0.6736842105263158 0.7130952380952381 0.6835913312693499 0.7321428571428571 0.6934984520123839 0.75 0.6959752321981424 0.7511904761904762 0.7219814241486068 0.7511904761904762 0.7226006191950465 0.75 0.7226006191950465 0.6964285714285714 0.7077399380804954 0.6 0.6749226006191951 0.6 
19 0.6340557275541796 0.6190476190476191 0.6043343653250774 0.638095238095238 0.6043343653250774 0.6726190476190477 0.604953560371517 0.675 0.6191950464396285 0.7214285714285714 0.6390092879256966 0.7785714285714286 0.6489164086687307 0.7988095238095239 0.6625386996904025 0.7988095238095239 0.6829721362229102 0.7785714285714286 0.6829721362229102 0.7440476190476191 0.6582043343653251 0.6285714285714286 0.653250773993808 0.6190476190476191 0.6340557275541796 0.6190476190476191 
20 0.5845201238390093 0.638095238095238 0.5801857585139318 0.6476190476190476 0.5795665634674922 0.65 0.5795665634674922 0.6702380952380952 0.5801857585139318 0.675 0.5845201238390093 0.6928571428571428 0.5993808049535604 0.7476190476190476 0.6191950464396285 0.7988095238095239 0.6334365325077399 0.7988095238095239 0.6334365325077399 0.75 0.6235294117647059 0.6952380952380952 0.6185758513931888 0.6714285714285714 0.6179566563467492 0.669047619047619 0.6086687306501548 0.6392857142857142 0.6068111455108359 0.638095238095238 0.5845201238390093 0.638095238095238 
21 0.5653250773993808 0.638095238095238 0.5597523219814241 0.6488095238095238 0.5547987616099072 0.6666666666666666 0.5547987616099072 0.7023809523809523 0.5647058823529412 0.7416666666666667 0.5795665634674922 0.7988095238095239 0.5845201238390093 0.8083333333333333 0.5931888544891641 0.8083333333333333 0.5987616099071208 0.7988095238095239 0.5987616099071208 0.7333333333333333 0.5888544891640867 0.6404761904761904 0.5882352941176471 0.6392857142857142 0.5863777089783282 0.638095238095238 0.5653250773993808 0.638095238095238 
22 0.5306501547987617 0.6476190476190476 0.530030959752322 0.6523809523809524 0.530030959752322 0.7023809523809523 0.534984520123839 0.7309523809523809 0.5405572755417957 0.7595238095238095 0.5498452012383901 0.7892857142857143 0.5653250773993808 0.8273809523809523 0.5696594427244582 0.8357142857142857 0.5708978328173374 0.8369047619047619 0.5789473684210527 0.8369047619047619 0.5789473684210527 0.8095238095238095 0.5591331269349845 0.6571428571428571 0.5541795665634675 0.6476190476190476 0.5306501547987617 0.6476190476190476 
23 0.5052631578947369 0.6571428571428571 0.5052631578947369 0.7095238095238096 0.5102167182662539 0.7416666666666667 0.525077399380805 0.8273809523809523 0.5393188854489164 0.8273809523809523 0.5430340557275541 0.8178571428571428 0.5442724458204334 0.8130952380952381 0.5442724458204334 0.8119047619047619 0.5436532507739938 0.8 0.5343653250773994 0.6666666666666666 0.5294117647058824 0.6571428571428571 0.5052631578947369 0.6571428571428571 
24 0.49102167182662537 0.6571428571428571 0.4854489164086687 0.6678571428571428 0.4854489164086687 0.7130952380952381 0.49597523219814244 0.7702380952380953 0.5052631578947369 0.8083333333333333 0.5102167182662539 0.8142857142857143 0.5157894736842106 0.8178571428571428 0.5170278637770898 0.8178571428571428 0.518266253869969 0.8166666666666667 0.5195046439628483 0.8142857142857143 0.5195046439628483 0.7428571428571429 0.5095975232198142 0.669047619047619 0.5089783281733746 0.6666666666666666 0.5046439628482973 0.6571428571428571 0.49102167182662537 0.6571428571428571 
25 0.4613003095975232 0.6571428571428571 0.46068111455108357 0.6595238095238095 0.46068111455108357 0.7035714285714286 0.46563467492260063 0.7511904761904762 0.47058823529411764 0.7773809523809524 0.47554179566563465 0.7976190476190477 0.4761609907120743 0.7988095238095239 0.48173374613003095 0.8083333333333333 0.48978328173374613 0.8083333333333333 0.48978328173374613 0.6571428571428571 0.4613003095975232 0.6571428571428571 
27 0.4458204334365325 0.6476190476190476 0.4359133126934985 0.6666666666666666 0.4359133126934985 0.8202380952380952 0.43653250773993807 0.8261904761904761 0.43777089783281736 0.8273809523809523 0.4544891640866873 0.8273809523809523 0.4551083591331269 0.8261904761904761 0.45944272445820433 0.7988095238095239 0.465015479876161 0.75 0.465015479876161 0.6666666666666666 0.4551083591331269 0.6488095238095238 0.45325077399380803 0.6476190476190476 0.4458204334365325 0.6476190476190476 
28 0.40619195046439627 0.6476190476190476 0.40619195046439627 0.75 0.41114551083591333 0.8178571428571428 0.42538699690402476 0.8178571428571428 0.43034055727554177 0.7976190476190477 0.43529411764705883 0.7511904761904762 0.43529411764705883 0.6511904761904762 0.4346749226006192 0.6488095238095238 0.43343653250773995 0.6476190476190476 0.40619195046439627 0.6476190476190476 
29 0.3863777089783282 0.638095238095238 0.3814241486068111 0.6476190476190476 0.3715170278637771 0.6797619047619048 0.3715170278637771 0.7857142857142857 0.3721362229102167 0.7892857142857143 0.37708978328173376 0.8083333333333333 0.3845201238390093 0.8083333333333333 0.38575851393188854 0.8071428571428572 0.3956656346749226 0.7785714285714286 0.4055727554179567 0.7404761904761905 0.4105263157894737 0.7023809523809523 0.4105263157894737 0.6571428571428571 0.4006191950464396 0.638095238095238 0.3863777089783282 0.638095238095238 
30 0.3269349845201238 0.6285714285714286 0.31207430340557274 0.7523809523809524 0.31207430340557274 0.7976190476190477 0.3126934984520124 0.7988095238095239 0.33746130030959753 0.8178571428571428 0.3461300309597523 0.8178571428571428 0.3510835913312694 0.8083333333333333 0.3560371517027864 0.7976190476190477 0.38575851393188854 0.6833333333333333 0.38575851393188854 0.638095238095238 0.36594427244582045 0.6285714285714286 0.3269349845201238 0.6285714285714286 
31 0.28297213622291023 0.6095238095238096 0.2773993808049536 0.6202380952380953 0.2724458204334365 0.7047619047619048 0.2724458204334365 0.7416666666666667 0.2773993808049536 0.7702380952380953 0.2959752321981424 0.7702380952380953 0.3065015479876161 0.7511904761904762 0.32074303405572757 0.7119047619047619 0.3263157894736842 0.694047619047619 0.33126934984520123 0.675 0.33126934984520123 0.6190476190476191 0.31145510835913315 0.6095238095238096 0.28297213622291023 0.6095238095238096 
32 0.26687306501547986 0.6 0.21981424148606812 0.6190476190476191 0.21795665634674924 0.6202380952380953 0.2086687306501548 0.6297619047619047 0.20804953560371517 0.6309523809523809 0.20804953560371517 0.6642857142857143 0.2130030959752322 0.675 0.21795665634674924 0.6833333333333333 0.243343653250774 0.7119047619047619 0.2532507739938081 0.7226190476190476 0.2712074303405573 0.7226190476190476 0.27678018575851393 0.7130952380952381 0.28111455108359135 0.7035714285714286 0.28173374613003094 0.6976190476190476 0.28173374613003094 0.6297619047619047 0.27678018575851393 0.6107142857142858 0.2718266253869969 0.6 0.26687306501547986 0.6 