2 0.27801857585139317 0.37142857142857144 0.2773993808049536 0.3726190476190476 0.2724458204334365 0.42857142857142855 0.2674922600619195 0.4857142857142857 0.2674922600619195 0.5607142857142857 0.2773993808049536 0.5702380952380952 0.30526315789473685 0.5702380952380952 0.3065015479876161 0.569047619047619 0.3065015479876161 0.42142857142857143 0.3015479876160991 0.3904761904761905 0.29659442724458207 0.37142857142857144 0.27801857585139317 0.37142857142857144 
3 0.3077399380804954 0.38095238095238093 0.3021671826625387 0.39166666666666666 0.3021671826625387 0.569047619047619 0.3027863777089783 0.5702380952380952 0.31207430340557274 0.5773809523809523 0.33250773993808047 0.5797619047619048 0.33622291021671824 0.5797619047619048 0.3461300309597523 0.5702380952380952 0.3510835913312694 0.5595238095238095 0.3510835913312694 0.5345238095238095 0.3461300309597523 0.5047619047619047 0.3411764705882353 0.47619047619047616 0.3263157894736842 0.4 0.32136222910216716 0.3821428571428571 0.32074303405572757 0.38095238095238093 0.3077399380804954 0.38095238095238093 
4 0.3473684210526316 0.3904761904761905 0.34241486068111454 0.4 0.34179566563467495 0.4035714285714286 0.34179566563467495 0.5392857142857143 0.34674922600619196 0.5607142857142857 0.3702786377708978 0.5607142857142857 0.37089783281733746 0.5583333333333333 0.37089783281733746 0.41904761904761906 0.36594427244582045 0.39404761904761904 0.3609907120743034 0.3904761904761905 0.3473684210526316 0.3904761904761905 
5 0.3739938080495356 0.3904761904761905 0.37275541795665634 0.39166666666666666 0.3715170278637771 0.39404761904761904 0.36656346749226004 0.4488095238095238 0.36656346749226004 0.5333333333333333 0.3671826625386997 0.5416666666666666 0.3715170278637771 0.5511904761904762 0.3913312693498452 0.5607142857142857 0.39442724458204337 0.5607142857142857 0.40495356037151703 0.5511904761904762 0.4055727554179567 0.55 0.4055727554179567 0.4869047619047619 0.4006191950464396 0.44761904761904764 0.3907120743034056 0.4095238095238095 0.38575851393188854 0.4 0.38080495356037153 0.39285714285714285 0.3752321981424149 0.3904761904761905 0.3739938080495356 0.3904761904761905 
6 0.3913312693498452 0.34285714285714286 0.3913312693498452 0.45357142857142857 0.40123839009287926 0.5607142857142857 0.42538699690402476 0.5607142857142857 0.43034055727554177 0.5511904761904762 0.43034055727554177 0.47619047619047616 0.42043343653250775 0.4095238095238095 0.4105263157894737 0.3619047619047619 0.40495356037151703 0.34285714285714286 0.3913312693498452 0.34285714285714286 
7 0.42229102167182664 0.37142857142857144 0.42105263157894735 0.3726190476190476 0.41609907120743034 0.3821428571428571 0.41609907120743034 0.41785714285714287 0.4260061919504644 0.5416666666666666 0.45944272445820433 0.5416666666666666 0.460061919504644 0.5404761904761904 0.460061919504644 0.5261904761904762 0.4501547987616099 0.44761904761904764 0.4452012383900929 0.42023809523809524 0.43529411764705883 0.38095238095238093 0.4297213622291022 0.3726190476190476 0.4284829721362229 0.37142857142857144 0.42229102167182664 0.37142857142857144 
8 0.4569659442724458 0.3619047619047619 0.45572755417956656 0.3630952380952381 0.45077399380804956 0.3726190476190476 0.45077399380804956 0.5321428571428571 0.45572755417956656 0.55 0.4569659442724458 0.5511904761904762 0.48978328173374613 0.5511904761904762 0.48978328173374613 0.48928571428571427 0.4848297213622291 0.4095238095238095 0.47492260061919506 0.37142857142857144 0.469969040247678 0.3619047619047619 0.4569659442724458 0.3619047619047619 
9 0.5003095975232198 0.3619047619047619 0.4953560371517028 0.3726190476190476 0.4904024767801858 0.39285714285714285 0.4854489164086687 0.4488095238095238 0.4854489164086687 0.5476190476190477 0.48606811145510836 0.5511904761904762 0.5188854489164086 0.5511904761904762 0.5244582043343653 0.5404761904761904 0.5244582043343653 0.5154761904761904 0.5195046439628483 0.4 0.5095975232198142 0.3630952380952381 0.5089783281733746 0.3619047619047619 0.5003095975232198 0.3619047619047619 
10 0.5207430340557275 0.3523809523809524 0.5201238390092879 0.3547619047619048 0.5201238390092879 0.5511904761904762 0.5541795665634675 0.5511904761904762 0.5541795665634675 0.5047619047619047 0.5442724458204334 0.3904761904761905 0.5393188854489164 0.3535714285714286 0.5386996904024768 0.3523809523809524 0.5207430340557275 0.3523809523809524 
11 0.5547987616099072 0.3238095238095238 0.5498452012383901 0.34404761904761905 0.544891640866873 0.4773809523809524 0.544891640866873 0.513095238095238 0.5498452012383901 0.5416666666666666 0.5547987616099072 0.5511904761904762 0.5603715170278638 0.5607142857142857 0.5789473684210527 0.5607142857142857 0.5839009287925696 0.55 0.5839009287925696 0.4666666666666667 0.5789473684210527 0.3523809523809524 0.5739938080495356 0.3345238095238095 0.5690402476780185 0.3238095238095238 0.5547987616099072 0.3238095238095238 
12 0.604953560371517 0.3333333333333333 0.5993808049535604 0.34285714285714286 0.5944272445820433 0.3523809523809524 0.5894736842105263 0.37142857142857144 0.5845201238390093 0.39285714285714285 0.5795665634674922 0.41904761904761906 0.5746130030959752 0.44761904761904764 0.5696594427244582 0.5523809523809524 0.5696594427244582 0.5607142857142857 0.5746130030959752 0.5702380952380952 0.6086687306501548 0.5702380952380952 0.6185758513931888 0.55 0.6185758513931888 0.34285714285714286 0.6130030959752322 0.3333333333333333 0.604953560371517 0.3333333333333333 
13 0.6303405572755418 0.3523809523809524 0.6198142414860681 0.3619047619047619 0.6191950464396285 0.3630952380952381 0.6142414860681115 0.38095238095238093 0.6092879256965944 0.5428571428571428 0.6092879256965944 0.5607142857142857 0.643343653250774 0.5607142857142857 0.643343653250774 0.3535714285714286 0.6427244582043343 0.3523809523809524 0.6303405572755418 0.3523809523809524 
14 0.6544891640866873 0.38095238095238093 0.6489164086687307 0.3904761904761905 0.6390092879256966 0.47619047619047616 0.6390092879256966 0.5607142857142857 0.6439628482972136 0.5702380952380952 0.6681114551083591 0.5702380952380952 0.6873065015479877 0.5607142857142857 0.6879256965944273 0.5595238095238095 0.6879256965944273 0.49523809523809526 0.6829721362229102 0.4011904761904762 0.6823529411764706 0.4 0.6681114551083591 0.38095238095238093 0.6544891640866873 0.38095238095238093 
15 0.6792569659442724 0.3904761904761905 0.6786377708978328 0.39404761904761904 0.6786377708978328 0.5 0.6835913312693499 0.55 0.6848297213622291 0.5511904761904762 0.7219814241486068 0.5511904761904762 0.7275541795665634 0.5416666666666666 0.7318885448916409 0.5321428571428571 0.7325077399380805 0.5285714285714286 0.7325077399380805 0.5047619047619047 0.7275541795665634 0.4869047619047619 0.6972136222910217 0.4 0.6922600619195046 0.3904761904761905 0.6792569659442724 0.3904761904761905 
16 0.6835913312693499 0.3047619047619048 0.6835913312693499 0.37976190476190474 0.6885448916408669 0.4083333333333333 0.7034055727554179 0.4642857142857143 0.708359133126935 0.475 0.7139318885448916 0.4845238095238095 0.7312693498452012 0.4845238095238095 0.7510835913312693 0.475 0.7523219814241486 0.4726190476190476 0.7572755417956656 0.4452380952380952 0.7572755417956656 0.42023809523809524 0.7473684210526316 0.39285714285714285 0.7424148606811145 0.3821428571428571 0.7417956656346749 0.38095238095238093 0.6972136222910217 0.3047619047619048 0.6835913312693499 0.3047619047619048 
17 0.7188854489164087 0.5428571428571428 0.698452012383901 0.5523809523809524 0.6934984520123839 0.555952380952381 0.6934984520123839 0.6059523809523809 0.6941176470588235 0.6083333333333333 0.7034055727554179 0.6273809523809524 0.7331269349845201 0.675 0.7436532507739938 0.6845238095238095 0.7770897832817337 0.6845238095238095 0.7770897832817337 0.6476190476190476 0.7417956656346749 0.5428571428571428 0.7188854489164087 0.5428571428571428 
18 0.6792569659442724 0.5619047619047619 0.6489164086687307 0.5916666666666667 0.6489164086687307 0.6369047619047619 0.6538699690402476 0.6452380952380953 0.6736842105263158 0.675 0.698452012383901 0.7119047619047619 0.7139318885448916 0.7321428571428571 0.7312693498452012 0.7321428571428571 0.7325077399380805 0.7309523809523809 0.7424148606811145 0.7130952380952381 0.7473684210526316 0.7035714285714286 0.7473684210526316 0.6857142857142857 0.6978328173374613 0.5619047619047619 0.6792569659442724 0.5619047619047619 
20 0.5993808049535604 0.5714285714285714 0.5993808049535604 0.6178571428571429 0.6043343653250774 0.6642857142857143 0.6142414860681115 0.7392857142857143 0.6191950464396285 0.7595238095238095 0.6198142414860681 0.7607142857142857 0.6334365325077399 0.7607142857142857 0.6377708978328174 0.7416666666666667 0.638390092879257 0.7357142857142858 0.638390092879257 0.5904761904761905 0.6334365325077399 0.580952380952381 0.628482972136223 0.5726190476190476 0.6272445820433437 0.5714285714285714 0.5993808049535604 0.5714285714285714 
21 0.5746130030959752 0.5714285714285714 0.5696594427244582 0.5904761904761905 0.5696594427244582 0.6071428571428571 0.5746130030959752 0.7452380952380953 0.5752321981424149 0.7488095238095238 0.5758513931888545 0.7511904761904762 0.5888544891640867 0.7511904761904762 0.5931888544891641 0.7416666666666667 0.5987616099071208 0.7226190476190476 0.6037151702786377 0.6428571428571429 0.6037151702786377 0.580952380952381 0.5981424148606811 0.5714285714285714 0.5746130030959752 0.5714285714285714 
22 0.5461300309597523 0.5619047619047619 0.5405572755417957 0.580952380952381 0.5399380804953561 0.5880952380952381 0.5399380804953561 0.7321428571428571 0.544891640866873 0.7583333333333333 0.5455108359133127 0.7607142857142857 0.5591331269349845 0.7607142857142857 0.5684210526315789 0.7416666666666667 0.5739938080495356 0.7214285714285714 0.5739938080495356 0.5714285714285714 0.5684210526315789 0.5619047619047619 0.5461300309597523 0.5619047619047619 
23 0.5151702786377709 0.5619047619047619 0.5151702786377709 0.725 0.5164086687306502 0.7321428571428571 0.5287925696594428 0.7321428571428571 0.5343653250773994 0.7214285714285714 0.5393188854489164 0.7011904761904761 0.5393188854489164 0.5642857142857143 0.5386996904024768 0.5619047619047619 0.5151702786377709 0.5619047619047619 
24 0.4953560371517028 0.5619047619047619 0.4953560371517028 0.6726190476190477 0.5003095975232198 0.7309523809523809 0.5015479876160991 0.7321428571428571 0.513312693498452 0.7321428571428571 0.5145510835913313 0.7309523809523809 0.5195046439628483 0.6452380952380953 0.5195046439628483 0.5619047619047619 0.4953560371517028 0.5619047619047619 
25 0.47554179566563465 0.5619047619047619 0.47058823529411764 0.580952380952381 0.47058823529411764 0.7321428571428571 0.4891640866873065 0.7321428571428571 0.48978328173374613 0.7309523809523809 0.4996904024767802 0.6273809523809524 0.4996904024767802 0.5630952380952381 0.4984520123839009 0.5619047619047619 0.47554179566563465 0.5619047619047619 
26 0.45077399380804956 0.5523809523809524 0.45077399380804956 0.6547619047619048 0.45572755417956656 0.7035714285714286 0.46068111455108357 0.7309523809523809 0.46191950464396286 0.7321428571428571 0.469969040247678 0.7321428571428571 0.4743034055727554 0.7214285714285714 0.47492260061919506 0.719047619047619 0.47492260061919506 0.5547619047619048 0.4743034055727554 0.5535714285714286 0.4724458204334365 0.5523809523809524 0.45077399380804956 0.5523809523809524 
27 0.4260061919504644 0.5619047619047619 0.42105263157894735 0.5916666666666667 0.41609907120743034 0.6892857142857143 0.41609907120743034 0.7595238095238095 0.41671826625387 0.7607142857142857 0.43962848297213625 0.7607142857142857 0.44024767801857584 0.7595238095238095 0.4452012383900929 0.7297619047619047 0.4501547987616099 0.6833333333333333 0.4551083591331269 0.6273809523809524 0.4551083591331269 0.580952380952381 0.44953560371517026 0.5619047619047619 0.4260061919504644 0.5619047619047619 
28 0.39690402476780184 0.5714285714285714 0.39628482972136225 0.5738095238095238 0.39628482972136225 0.7321428571428571 0.40123839009287926 0.7511904761904762 0.4148606811145511 0.7511904761904762 0.4154798761609907 0.75 0.42538699690402476 0.6833333333333333 0.43034055727554177 0.5964285714285714 0.43034055727554177 0.580952380952381 0.4247678018575851 0.5714285714285714 0.39690402476780184 0.5714285714285714 
29 0.3671826625386997 0.5714285714285714 0.36656346749226004 0.5726190476190476 0.36656346749226004 0.6440476190476191 0.3715170278637771 0.7345238095238096 0.3721362229102167 0.7416666666666667 0.37708978328173376 0.7511904761904762 0.38575851393188854 0.7511904761904762 0.3907120743034056 0.7416666666666667 0.3956656346749226 0.7309523809523809 0.4006191950464396 0.6845238095238095 0.4006191950464396 0.5726190476190476 0.39814241486068114 0.5714285714285714 0.3671826625386997 0.5714285714285714 
31 0.3040247678018576 0.5714285714285714 0.3027863777089783 0.5726190476190476 0.29721362229102166 0.580952380952381 0.2724458204334365 0.6857142857142857 0.2724458204334365 0.7321428571428571 0.2823529411764706 0.7607142857142857 0.291640866873065 0.7607142857142857 0.30092879256965943 0.7511904761904762 0.32074303405572757 0.7130952380952381 0.3306501547987616 0.6833333333333333 0.34055727554179566 0.6523809523809524 0.3411764705882353 0.6452380952380953 0.3411764705882353 0.6023809523809524 0.33622291021671824 0.5916666666666667 0.33560371517027865 0.5904761904761905 0.32074303405572757 0.5714285714285714 0.3040247678018576 0.5714285714285714 
32 0.2625386996904025 0.5619047619047619 0.25758513931888544 0.5714285714285714 0.23281733746130032 0.6869047619047619 0.23281733746130032 0.7119047619047619 0.23405572755417955 0.7130952380952381 0.26625386996904027 0.7130952380952381 0.2718266253869969 0.7035714285714286 0.27678018575851393 0.694047619047619 0.28173374613003094 0.6833333333333333 0.29659442724458207 0.6369047619047619 0.3015479876160991 0.6154761904761905 0.3015479876160991 0.5833333333333334 0.29659442724458207 0.5714285714285714 0.28111455108359135 0.5619047619047619 0.2625386996904025 0.5619047619047619 