5 0.38328173374613 0.3142857142857143 0.3814241486068111 0.31547619047619047 0.3764705882352941 0.3821428571428571 0.3764705882352941 0.475 0.3814241486068111 0.5214285714285715 0.38699690402476783 0.5321428571428571 0.4148606811145511 0.5321428571428571 0.4154798761609907 0.5297619047619048 0.4154798761609907 0.45714285714285713 0.4055727554179567 0.3726190476190476 0.4006191950464396 0.3357142857142857 0.3956656346749226 0.3142857142857143 0.38328173374613 0.3142857142857143 
6 0.42229102167182664 0.26666666666666666 0.42105263157894735 0.26785714285714285 0.41609907120743034 0.2761904761904762 0.41238390092879257 0.29523809523809524 0.4117647058823529 0.2988095238095238 0.41114551083591333 0.30357142857142855 0.40619195046439627 0.43333333333333335 0.40619195046439627 0.4630952380952381 0.41114551083591333 0.5166666666666667 0.4117647058823529 0.5226190476190476 0.42105263157894735 0.5321428571428571 0.44458204334365325 0.5321428571428571 0.4501547987616099 0.5214285714285715 0.4551083591331269 0.5023809523809524 0.4551083591331269 0.44761904761904764 0.4501547987616099 0.3904761904761905 0.43034055727554177 0.2761904761904762 0.42538699690402476 0.26904761904761904 0.4235294117647059 0.26666666666666666 0.42229102167182664 0.26666666666666666 
7 0.46068111455108357 0.3047619047619048 0.4563467492260062 0.3142857142857143 0.45077399380804956 0.3464285714285714 0.4458204334365325 0.430952380952381 0.4458204334365325 0.5035714285714286 0.45077399380804956 0.5214285714285715 0.45572755417956656 0.530952380952381 0.4569659442724458 0.5321428571428571 0.4792569659442725 0.5321428571428571 0.47987616099071206 0.530952380952381 0.47987616099071206 0.34285714285714286 0.47492260061919506 0.3047619047619048 0.46068111455108357 0.3047619047619048 
8 0.4854489164086687 0.29523809523809524 0.4804953560371517 0.3142857142857143 0.47554179566563465 0.36428571428571427 0.47554179566563465 0.5321428571428571 0.4804953560371517 0.55 0.48111455108359136 0.5511904761904762 0.5195046439628483 0.5511904761904762 0.5195046439628483 0.45 0.5145510835913313 0.3904761904761905 0.5095975232198142 0.34285714285714286 0.5046439628482973 0.31547619047619047 0.49907120743034056 0.29523809523809524 0.4854489164086687 0.29523809523809524 
9 0.530030959752322 0.2857142857142857 0.525077399380805 0.29523809523809524 0.5151702786377709 0.4392857142857143 0.5151702786377709 0.5380952380952381 0.5157894736842106 0.5416666666666666 0.5541795665634675 0.5416666666666666 0.5541795665634675 0.3535714285714286 0.5492260061919505 0.2976190476190476 0.5442724458204334 0.2857142857142857 0.530030959752322 0.2857142857142857 
10 0.5609907120743034 0.3047619047619048 0.5597523219814241 0.305952380952381 0.5554179566563467 0.3142857142857143 0.5547987616099072 0.31666666666666665 0.5498452012383901 0.42023809523809524 0.5498452012383901 0.5416666666666666 0.5739938080495356 0.5416666666666666 0.5789473684210527 0.530952380952381 0.5789473684210527 0.4226190476190476 0.5739938080495356 0.3333333333333333 0.5690402476780185 0.30833333333333335 0.5684210526315789 0.305952380952381 0.56656346749226 0.3047619047619048 0.5609907120743034 0.3047619047619048 
11 0.5857585139318885 0.26666666666666666 0.5845201238390093 0.26904761904761904 0.5795665634674922 0.305952380952381 0.5746130030959752 0.3523809523809524 0.5746130030959752 0.513095238095238 0.5795665634674922 0.5226190476190476 0.5851393188854489 0.5321428571428571 0.5981424148606811 0.5321428571428571 0.6130030959752322 0.5226190476190476 0.6136222910216719 0.5190476190476191 0.6136222910216719 0.4857142857142857 0.6037151702786377 0.2773809523809524 0.5987616099071208 0.26666666666666666 0.5857585139318885 0.26666666666666666 
12 0.6142414860681115 0.2761904761904762 0.6092879256965944 0.2869047619047619 0.6043343653250774 0.31666666666666665 0.6043343653250774 0.49404761904761907 0.6099071207430341 0.5035714285714286 0.6191950464396285 0.513095238095238 0.6297213622291021 0.5226190476190476 0.638390092879257 0.5226190476190476 0.643343653250774 0.513095238095238 0.643343653250774 0.3738095238095238 0.628482972136223 0.29642857142857143 0.6235294117647059 0.2773809523809524 0.6229102167182663 0.2761904761904762 0.6142414860681115 0.2761904761904762 
13 0.6247678018575852 0.2761904761904762 0.6241486068111455 0.2773809523809524 0.6241486068111455 0.33095238095238094 0.6390092879256966 0.48095238095238096 0.6396284829721363 0.4845238095238095 0.6439628482972136 0.49404761904761907 0.6681114551083591 0.49404761904761907 0.6681114551083591 0.44285714285714284 0.653250773993808 0.34523809523809523 0.648297213622291 0.3238095238095238 0.638390092879257 0.2857142857142857 0.6328173374613003 0.2761904761904762 0.6247678018575852 0.2761904761904762 
15 0.6990712074303406 0.2857142857142857 0.698452012383901 0.2869047619047619 0.6885448916408669 0.3273809523809524 0.6786377708978328 0.38095238095238093 0.6736842105263158 0.4107142857142857 0.6736842105263158 0.45595238095238094 0.6786377708978328 0.475 0.6928792569659443 0.475 0.7226006191950465 0.4452380952380952 0.7226006191950465 0.29642857142857143 0.7170278637770898 0.2857142857142857 0.6990712074303406 0.2857142857142857 
18 0.698452012383901 0.44761904761904764 0.6786377708978328 0.4857142857142857 0.6736842105263158 0.49642857142857144 0.6736842105263158 0.5321428571428571 0.6792569659442724 0.5416666666666666 0.7331269349845201 0.5892857142857143 0.7486068111455109 0.5988095238095238 0.7572755417956656 0.5988095238095238 0.7622291021671826 0.5892857142857143 0.7671826625386997 0.5488095238095239 0.7671826625386997 0.5238095238095238 0.7622291021671826 0.5059523809523809 0.7219814241486068 0.45714285714285713 0.7120743034055728 0.44761904761904764 0.698452012383901 0.44761904761904764 
20 0.6154798761609908 0.5333333333333333 0.6142414860681115 0.5345238095238095 0.6092879256965944 0.544047619047619 0.6092879256965944 0.5892857142857143 0.6241486068111455 0.675 0.6340557275541796 0.7297619047619047 0.6396284829721363 0.7511904761904762 0.653250773993808 0.7511904761904762 0.653250773993808 0.6952380952380952 0.643343653250774 0.544047619047619 0.638390092879257 0.5333333333333333 0.6154798761609908 0.5333333333333333 
21 0.5882352941176471 0.5428571428571428 0.5845201238390093 0.544047619047619 0.5795665634674922 0.5535714285714286 0.5795665634674922 0.6083333333333333 0.5944272445820433 0.694047619047619 0.6092879256965944 0.7607142857142857 0.6167182662538699 0.7607142857142857 0.6185758513931888 0.7595238095238095 0.6185758513931888 0.6964285714285714 0.6136222910216719 0.5714285714285714 0.6086687306501548 0.5523809523809524 0.6037151702786377 0.544047619047619 0.6006191950464397 0.5428571428571428 0.5882352941176471 0.5428571428571428 
22 0.5523219814241486 0.5428571428571428 0.5498452012383901 0.544047619047619 0.5498452012383901 0.6083333333333333 0.5547987616099072 0.694047619047619 0.5597523219814241 0.7297619047619047 0.5647058823529412 0.7595238095238095 0.5746130030959752 0.7785714285714286 0.5758513931888545 0.7797619047619048 0.5839009287925696 0.7797619047619048 0.5839009287925696 0.6761904761904762 0.5789473684210527 0.5523809523809524 0.5739938080495356 0.544047619047619 0.5721362229102167 0.5428571428571428 0.5523219814241486 0.5428571428571428 
23 0.5207430340557275 0.5523809523809524 0.5201238390092879 0.5583333333333333 0.5201238390092879 0.569047619047619 0.530030959752322 0.675 0.534984520123839 0.7119047619047619 0.544891640866873 0.7416666666666667 0.5585139318885449 0.7416666666666667 0.5591331269349845 0.7380952380952381 0.5591331269349845 0.6869047619047619 0.5541795665634675 0.5535714285714286 0.5523219814241486 0.5523809523809524 0.5207430340557275 0.5523809523809524 
24 0.5015479876160991 0.5428571428571428 0.5003095975232198 0.544047619047619 0.5003095975232198 0.5761904761904761 0.5102167182662539 0.6619047619047619 0.5108359133126935 0.6654761904761904 0.5201238390092879 0.7130952380952381 0.530030959752322 0.7321428571428571 0.5430340557275541 0.7321428571428571 0.5442724458204334 0.7297619047619047 0.5442724458204334 0.7071428571428572 0.5343653250773994 0.6011904761904762 0.5244582043343653 0.5428571428571428 0.5015479876160991 0.5428571428571428 
25 0.4842105263157895 0.5428571428571428 0.4804953560371517 0.544047619047619 0.4804953560371517 0.6083333333333333 0.4904024767801858 0.680952380952381 0.4953560371517028 0.7035714285714286 0.5003095975232198 0.7226190476190476 0.513312693498452 0.7226190476190476 0.5145510835913313 0.7214285714285714 0.5145510835913313 0.6678571428571428 0.5095975232198142 0.5904761904761905 0.5046439628482973 0.5428571428571428 0.4842105263157895 0.5428571428571428 
26 0.4563467492260062 0.5523809523809524 0.45572755417956656 0.5547619047619048 0.45572755417956656 0.5904761904761905 0.4563467492260062 0.5988095238095238 0.46068111455108357 0.6452380952380953 0.47554179566563465 0.7130952380952381 0.4804953560371517 0.7321428571428571 0.4891640866873065 0.7321428571428571 0.48978328173374613 0.7297619047619047 0.48978328173374613 0.6202380952380953 0.4848297213622291 0.5547619047619048 0.4823529411764706 0.5523809523809524 0.4563467492260062 0.5523809523809524 
27 0.43157894736842106 0.5523809523809524 0.4309597523219814 0.5547619047619048 0.4309597523219814 0.6583333333333333 0.4359133126934985 0.7095238095238096 0.4408668730650155 0.7476190476190476 0.44148606811145513 0.7511904761904762 0.45139318885448915 0.7797619047619048 0.46439628482972134 0.7797619047619048 0.465015479876161 0.7785714285714286 0.465015479876161 0.580952380952381 0.460061919504644 0.5535714285714286 0.45944272445820433 0.5523809523809524 0.43157894736842106 0.5523809523809524 
29 0.3671826625386997 0.5428571428571428 0.3622291021671827 0.5523809523809524 0.36160990712074303 0.5547619047619048 0.36160990712074303 0.6261904761904762 0.36656346749226004 0.7476190476190476 0.3671826625386997 0.7511904761904762 0.3715170278637771 0.7690476190476191 0.3721362229102167 0.7702380952380953 0.38080495356037153 0.7702380952380953 0.3845201238390093 0.7607142857142857 0.38575851393188854 0.7559523809523809 0.3956656346749226 0.675 0.4006191950464396 0.625 0.4006191950464396 0.5523809523809524 0.3956656346749226 0.5428571428571428 0.3671826625386997 0.5428571428571428 
31 0.29721362229102166 0.4666666666666667 0.2873065015479876 0.47619047619047616 0.24272445820433436 0.5619047619047619 0.23777089783281732 0.580952380952381 0.23777089783281732 0.6369047619047619 0.26687306501547986 0.6369047619047619 0.28173374613003094 0.6273809523809524 0.29659442724458207 0.6083333333333333 0.3256965944272446 0.5702380952380952 0.33126934984520123 0.5607142857142857 0.33126934984520123 0.5047619047619047 0.3065015479876161 0.46785714285714286 0.30526315789473685 0.4666666666666667 0.29721362229102166 0.4666666666666667 