1 0.3188854489164087 0.325 0.3021671826625387 0.3333333333333333 0.2724458204334365 0.37142857142857144 0.2674922600619195 0.38095238095238093 0.2625386996904025 0.39166666666666666 0.2625386996904025 0.42738095238095236 0.2674922600619195 0.45476190476190476 0.27801857585139317 0.475 0.2835913312693498 0.4845238095238095 0.29040247678018577 0.4845238095238095 0.3015479876160991 0.475 0.3306501547987616 0.37976190476190474 0.33126934984520123 0.3761904761904762 0.33126934984520123 0.325 0.3188854489164087 0.325 
2 0.3318885448916409 0.3547619047619048 0.3269349845201238 0.3619047619047619 0.3170278637770898 0.38095238095238093 0.30712074303405573 0.4095238095238095 0.29226006191950465 0.46785714285714286 0.29226006191950465 0.513095238095238 0.29721362229102166 0.5321428571428571 0.3170278637770898 0.5511904761904762 0.33622291021671824 0.5511904761904762 0.339938080495356 0.5404761904761904 0.3411764705882353 0.5345238095238095 0.3411764705882353 0.3630952380952381 0.33250773993808047 0.3547619047619048 0.3318885448916409 0.3547619047619048 
3 0.356656346749226 0.3142857142857143 0.35170278637770896 0.3238095238095238 0.34674922600619196 0.3345238095238095 0.3368421052631579 0.4107142857142857 0.3368421052631579 0.55 0.34179566563467495 0.5595238095238095 0.3430340557275542 0.5607142857142857 0.38575851393188854 0.5607142857142857 0.3907120743034056 0.5511904761904762 0.39504643962848296 0.5416666666666666 0.3956656346749226 0.5380952380952381 0.3956656346749226 0.5273809523809524 0.3907120743034056 0.4666666666666667 0.38080495356037153 0.37142857142857144 0.37585139318885447 0.34285714285714286 0.37089783281733746 0.325 0.36594427244582045 0.31547619047619047 0.36408668730650157 0.3142857142857143 0.356656346749226 0.3142857142857143 
4 0.3913312693498452 0.3619047619047619 0.3863777089783282 0.39166666666666666 0.3863777089783282 0.5595238095238095 0.3913312693498452 0.5702380952380952 0.40928792569659445 0.5702380952380952 0.42043343653250775 0.5607142857142857 0.42043343653250775 0.5059523809523809 0.4105263157894737 0.3904761904761905 0.4055727554179567 0.3630952380952381 0.4043343653250774 0.3619047619047619 0.3913312693498452 0.3619047619047619 
6 0.43529411764705883 0.3238095238095238 0.4309597523219814 0.325 0.4260061919504644 0.3333333333333333 0.41114551083591333 0.4857142857142857 0.41114551083591333 0.5988095238095238 0.41609907120743034 0.6083333333333333 0.42910216718266253 0.6083333333333333 0.443343653250774 0.5988095238095238 0.4452012383900929 0.5964285714285714 0.44953560371517026 0.5892857142857143 0.4501547987616099 0.5880952380952381 0.4501547987616099 0.3619047619047619 0.44024767801857584 0.3238095238095238 0.43529411764705883 0.3238095238095238 
7 0.45572755417956656 0.3619047619047619 0.45077399380804956 0.4095238095238095 0.4458204334365325 0.49642857142857144 0.4458204334365325 0.5988095238095238 0.47368421052631576 0.5988095238095238 0.4743034055727554 0.5964285714285714 0.47987616099071206 0.5702380952380952 0.47987616099071206 0.41904761904761906 0.47492260061919506 0.38095238095238093 0.465015479876161 0.3630952380952381 0.46253869969040246 0.3619047619047619 0.45572755417956656 0.3619047619047619 
8 0.4854489164086687 0.37142857142857144 0.4804953560371517 0.3821428571428571 0.47058823529411764 0.5666666666666667 0.47058823529411764 0.6071428571428571 0.4804953560371517 0.6178571428571429 0.5095975232198142 0.6178571428571429 0.5095975232198142 0.5142857142857142 0.5046439628482973 0.4119047619047619 0.4996904024767802 0.3821428571428571 0.49411764705882355 0.37142857142857144 0.4854489164086687 0.37142857142857144 
9 0.5201238390092879 0.38095238095238093 0.5151702786377709 0.4095238095238095 0.5102167182662539 0.4392857142857143 0.5052631578947369 0.5166666666666667 0.5052631578947369 0.6083333333333333 0.5436532507739938 0.6083333333333333 0.5442724458204334 0.6071428571428571 0.5442724458204334 0.5238095238095238 0.5393188854489164 0.4011904761904762 0.5343653250773994 0.3821428571428571 0.5337461300309597 0.38095238095238093 0.5201238390092879 0.38095238095238093 
10 0.544891640866873 0.37142857142857144 0.5399380804953561 0.41904761904761906 0.5399380804953561 0.5988095238095238 0.544891640866873 0.6071428571428571 0.5461300309597523 0.6083333333333333 0.5739938080495356 0.6083333333333333 0.5739938080495356 0.5047619047619047 0.5640866873065016 0.3726190476190476 0.5634674922600619 0.37142857142857144 0.544891640866873 0.37142857142857144 
11 0.5801857585139318 0.3523809523809524 0.5746130030959752 0.3619047619047619 0.5696594427244582 0.39166666666666666 0.5696594427244582 0.5988095238095238 0.5746130030959752 0.6071428571428571 0.5845201238390093 0.6166666666666667 0.5863777089783282 0.6178571428571429 0.5987616099071208 0.6178571428571429 0.6037151702786377 0.6083333333333333 0.6037151702786377 0.5285714285714286 0.5987616099071208 0.3523809523809524 0.5801857585139318 0.3523809523809524 
12 0.6 0.37142857142857144 0.5944272445820433 0.38095238095238093 0.5944272445820433 0.5321428571428571 0.5993808049535604 0.5702380952380952 0.6043343653250774 0.5880952380952381 0.6092879256965944 0.5988095238095238 0.6154798761609908 0.5988095238095238 0.6185758513931888 0.5976190476190476 0.6328173374613003 0.5785714285714286 0.6334365325077399 0.575 0.6334365325077399 0.5142857142857142 0.6185758513931888 0.4107142857142857 0.6136222910216719 0.3904761904761905 0.6086687306501548 0.3726190476190476 0.6080495356037152 0.37142857142857144 0.6 0.37142857142857144 
14 0.6340557275541796 0.3523809523809524 0.6291021671826625 0.3619047619047619 0.6247678018575852 0.3904761904761905 0.6191950464396285 0.4392857142857143 0.6191950464396285 0.5035714285714286 0.6291021671826625 0.5702380952380952 0.6681114551083591 0.5702380952380952 0.6724458204334365 0.5607142857142857 0.6730650154798762 0.5583333333333333 0.6730650154798762 0.5071428571428571 0.6681114551083591 0.4 0.6526315789473685 0.3619047619047619 0.6476780185758514 0.3523809523809524 0.6340557275541796 0.3523809523809524 
15 0.6687306501547987 0.3619047619047619 0.6637770897832818 0.39166666666666666 0.6637770897832818 0.5107142857142857 0.6687306501547987 0.5392857142857143 0.6693498452012384 0.5416666666666666 0.6743034055727554 0.5511904761904762 0.6928792569659443 0.5511904761904762 0.7071207430340557 0.5321428571428571 0.7120743034055728 0.5226190476190476 0.7126934984520124 0.5202380952380953 0.7126934984520124 0.49523809523809526 0.6879256965944273 0.38333333333333336 0.6829721362229102 0.3630952380952381 0.6786377708978328 0.3619047619047619 0.6687306501547987 0.3619047619047619 
16 0.6934984520123839 0.3523809523809524 0.6885448916408669 0.3630952380952381 0.6885448916408669 0.41785714285714287 0.7034055727554179 0.49404761904761907 0.7139318885448916 0.513095238095238 0.7325077399380805 0.513095238095238 0.7424148606811145 0.4738095238095238 0.7424148606811145 0.44047619047619047 0.7374613003095976 0.42142857142857143 0.7325077399380805 0.4095238095238095 0.7126934984520124 0.37142857142857144 0.701547987616099 0.3523809523809524 0.6934984520123839 0.3523809523809524 
17 0.6990712074303406 0.5523809523809524 0.6934984520123839 0.5619047619047619 0.6934984520123839 0.6273809523809524 0.7034055727554179 0.6738095238095239 0.708359133126935 0.6845238095238095 0.718266253869969 0.7035714285714286 0.7238390092879257 0.7130952380952381 0.7331269349845201 0.7226190476190476 0.7473684210526316 0.7226190476190476 0.7473684210526316 0.5642857142857143 0.746749226006192 0.5619047619047619 0.7325077399380805 0.5523809523809524 0.6990712074303406 0.5523809523809524 
18 0.6501547987616099 0.5714285714285714 0.6439628482972136 0.580952380952381 0.6439628482972136 0.6404761904761904 0.6445820433436532 0.6452380952380953 0.6588235294117647 0.7130952380952381 0.6885448916408669 0.7511904761904762 0.7071207430340557 0.7511904761904762 0.7077399380804954 0.7476190476190476 0.7077399380804954 0.7452380952380953 0.7065015479876161 0.7238095238095238 0.6978328173374613 0.580952380952381 0.6928792569659443 0.5714285714285714 0.6501547987616099 0.5714285714285714 
19 0.6142414860681115 0.5904761904761905 0.5944272445820433 0.6 0.5894736842105263 0.6107142857142858 0.5894736842105263 0.6511904761904762 0.590092879256966 0.655952380952381 0.6043343653250774 0.7226190476190476 0.6092879256965944 0.7404761904761905 0.6241486068111455 0.7702380952380953 0.6390092879256966 0.7988095238095239 0.6582043343653251 0.7988095238095239 0.6724458204334365 0.7892857142857143 0.6730650154798762 0.7869047619047619 0.6730650154798762 0.7428571428571429 0.6476780185758514 0.5916666666666667 0.6464396284829721 0.5904761904761905 0.6142414860681115 0.5904761904761905 
20 0.5746130030959752 0.6190476190476191 0.5647058823529412 0.6392857142857142 0.5647058823529412 0.6654761904761904 0.5696594427244582 0.8071428571428572 0.5746130030959752 0.8178571428571428 0.5938080495356037 0.8178571428571428 0.6037151702786377 0.7119047619047619 0.6037151702786377 0.6726190476190477 0.6030959752321982 0.6678571428571428 0.5938080495356037 0.6190476190476191 0.5746130030959752 0.6190476190476191 
22 0.544891640866873 0.6190476190476191 0.534984520123839 0.638095238095238 0.530030959752322 0.8011904761904762 0.530030959752322 0.8369047619047619 0.534984520123839 0.8452380952380952 0.5368421052631579 0.8464285714285714 0.5442724458204334 0.8464285714285714 0.5486068111455108 0.8369047619047619 0.5585139318885449 0.8083333333333333 0.5634674922600619 0.7892857142857143 0.5640866873065016 0.7857142857142857 0.5690402476780185 0.7511904761904762 0.5739938080495356 0.7130952380952381 0.5739938080495356 0.6595238095238095 0.5690402476780185 0.6285714285714286 0.5640866873065016 0.6202380952380953 0.561609907120743 0.6190476190476191 0.544891640866873 0.6190476190476191 
23 0.5157894736842106 0.6285714285714286 0.5151702786377709 0.6297619047619047 0.5102167182662539 0.6857142857142857 0.5102167182662539 0.8154761904761905 0.5108359133126935 0.8178571428571428 0.518266253869969 0.8178571428571428 0.5195046439628483 0.8166666666666667 0.5244582043343653 0.8071428571428572 0.5294117647058824 0.7869047619047619 0.5343653250773994 0.7607142857142857 0.5393188854489164 0.7107142857142857 0.5442724458204334 0.6464285714285715 0.5442724458204334 0.6309523809523809 0.5436532507739938 0.6285714285714286 0.5157894736842106 0.6285714285714286 
24 0.49102167182662537 0.6285714285714286 0.4904024767801858 0.6297619047619047 0.4904024767801858 0.8071428571428572 0.49102167182662537 0.8083333333333333 0.5046439628482973 0.8083333333333333 0.5095975232198142 0.7892857142857143 0.5145510835913313 0.7595238095238095 0.5195046439628483 0.6654761904761904 0.5195046439628483 0.6285714285714286 0.49102167182662537 0.6285714285714286 
25 0.47678018575851394 0.6190476190476191 0.47554179566563465 0.6202380952380953 0.47554179566563465 0.7035714285714286 0.4804953560371517 0.8083333333333333 0.48792569659442725 0.8083333333333333 0.48978328173374613 0.8071428571428572 0.4996904024767802 0.7035714285714286 0.4996904024767802 0.6321428571428571 0.49907120743034056 0.6285714285714286 0.49411764705882355 0.6190476190476191 0.47678018575851394 0.6190476190476191 
26 0.46563467492260063 0.6095238095238096 0.4563467492260062 0.6190476190476191 0.45139318885448915 0.6404761904761904 0.45077399380804956 0.6452380952380953 0.45077399380804956 0.8083333333333333 0.469969040247678 0.8083333333333333 0.47987616099071206 0.7607142857142857 0.4848297213622291 0.7130952380952381 0.4848297213622291 0.6952380952380952 0.47987616099071206 0.6190476190476191 0.47492260061919506 0.6095238095238096 0.46563467492260063 0.6095238095238096 
27 0.43777089783281736 0.6095238095238096 0.4359133126934985 0.6107142857142858 0.4309597523219814 0.6190476190476191 0.4260061919504644 0.638095238095238 0.4260061919504644 0.8261904761904761 0.426625386996904 0.8273809523809523 0.44024767801857584 0.8273809523809523 0.4452012383900929 0.8083333333333333 0.4551083591331269 0.7214285714285714 0.460061919504644 0.6452380952380953 0.460061919504644 0.6095238095238096 0.43777089783281736 0.6095238095238096 
28 0.40309597523219814 0.6 0.4018575851393189 0.6011904761904762 0.39628482972136225 0.6095238095238096 0.39504643962848296 0.6285714285714286 0.3913312693498452 0.7238095238095238 0.3913312693498452 0.7892857142857143 0.39628482972136225 0.7988095238095239 0.4105263157894737 0.7988095238095239 0.4148606811145511 0.7892857142857143 0.4154798761609907 0.7869047619047619 0.42538699690402476 0.7380952380952381 0.43034055727554177 0.7011904761904761 0.43034055727554177 0.6190476190476191 0.42538699690402476 0.6 0.40309597523219814 0.6 
30 0.356656346749226 0.580952380952381 0.35170278637770896 0.5904761904761905 0.3269349845201238 0.7345238095238096 0.3269349845201238 0.7702380952380953 0.33250773993808047 0.7797619047619048 0.3609907120743034 0.7797619047619048 0.37585139318885447 0.7511904761904762 0.3851393188854489 0.7321428571428571 0.3907120743034056 0.7130952380952381 0.4006191950464396 0.6726190476190477 0.4055727554179567 0.6154761904761905 0.4055727554179567 0.6 0.38080495356037153 0.580952380952381 0.356656346749226 0.580952380952381 
31 0.31207430340557274 0.5619047619047619 0.30712074303405573 0.5714285714285714 0.3021671826625387 0.5916666666666667 0.29721362229102166 0.6595238095238095 0.29721362229102166 0.7476190476190476 0.2978328173374613 0.7511904761904762 0.30526315789473685 0.7511904761904762 0.31640866873065016 0.7416666666666667 0.33126934984520123 0.7214285714285714 0.33622291021671824 0.7119047619047619 0.3411764705882353 0.694047619047619 0.3560371517027864 0.6357142857142857 0.3609907120743034 0.5976190476190476 0.3609907120743034 0.5833333333333334 0.3603715170278638 0.580952380952381 0.3510835913312694 0.5714285714285714 0.3263157894736842 0.5619047619047619 0.31207430340557274 0.5619047619047619 
32 0.25263157894736843 0.5523809523809524 0.23777089783281732 0.6869047619047619 0.23777089783281732 0.7083333333333334 0.23839009287925697 0.7107142857142857 0.24024767801857586 0.7130952380952381 0.2476780185758514 0.7214285714285714 0.24891640866873066 0.7214285714285714 0.2761609907120743 0.7130952380952381 0.286687306501548 0.6928571428571428 0.3015479876160991 0.6440476190476191 0.3065015479876161 0.6273809523809524 0.3065015479876161 0.5738095238095238 0.3058823529411765 0.5714285714285714 0.29907120743034055 0.5619047619047619 0.291640866873065 0.5535714285714286 0.29040247678018577 0.5523809523809524 0.25263157894736843 0.5523809523809524 