1 0.29287925696594425 0.3238095238095238 0.2873065015479876 0.3345238095238095 0.25758513931888544 0.42023809523809524 0.25758513931888544 0.4642857142857143 0.2625386996904025 0.48333333333333334 0.27306501547987616 0.5035714285714286 0.286687306501548 0.5035714285714286 0.3065015479876161 0.4654761904761905 0.31145510835913315 0.4452380952380952 0.3157894736842105 0.4142857142857143 0.31640866873065016 0.3488095238095238 0.31640866873065016 0.3464285714285714 0.31145510835913315 0.3238095238095238 0.29287925696594425 0.3238095238095238 
2 0.3238390092879257 0.3523809523809524 0.3219814241486068 0.3535714285714286 0.3176470588235294 0.3619047619047619 0.2873065015479876 0.4785714285714286 0.2873065015479876 0.5119047619047619 0.29226006191950465 0.5226190476190476 0.3021671826625387 0.5404761904761904 0.30340557275541796 0.5416666666666666 0.3263157894736842 0.5416666666666666 0.3306501547987616 0.5321428571428571 0.33622291021671824 0.5119047619047619 0.3411764705882353 0.42738095238095236 0.3411764705882353 0.3630952380952381 0.33560371517027865 0.3523809523809524 0.3238390092879257 0.3523809523809524 
3 0.3473684210526316 0.3523809523809524 0.34179566563467495 0.37142857142857144 0.3269349845201238 0.5059523809523809 0.3269349845201238 0.513095238095238 0.3318885448916409 0.5321428571428571 0.3368421052631579 0.5416666666666666 0.3801857585139319 0.5416666666666666 0.38080495356037153 0.5404761904761904 0.38080495356037153 0.46904761904761905 0.37585139318885447 0.3630952380952381 0.37089783281733746 0.3523809523809524 0.3473684210526316 0.3523809523809524 
4 0.38699690402476783 0.3619047619047619 0.3863777089783282 0.3630952380952381 0.3814241486068111 0.39285714285714285 0.3764705882352941 0.44761904761904764 0.3764705882352941 0.5511904761904762 0.4055727554179567 0.5511904761904762 0.4105263157894737 0.5416666666666666 0.4105263157894737 0.5047619047619047 0.4055727554179567 0.41904761904761906 0.4006191950464396 0.3619047619047619 0.38699690402476783 0.3619047619047619 
5 0.4068111455108359 0.3619047619047619 0.4018575851393189 0.37142857142857144 0.40123839009287926 0.3738095238095238 0.40123839009287926 0.5511904761904762 0.4297213622291022 0.5511904761904762 0.44024767801857584 0.5416666666666666 0.44024767801857584 0.49642857142857144 0.43034055727554177 0.4035714285714286 0.42538699690402476 0.37142857142857144 0.42043343653250775 0.3619047619047619 0.4068111455108359 0.3619047619047619 
6 0.42724458204334365 0.3238095238095238 0.4260061919504644 0.325 0.421671826625387 0.3333333333333333 0.41609907120743034 0.3523809523809524 0.41609907120743034 0.37857142857142856 0.4260061919504644 0.55 0.4309597523219814 0.5607142857142857 0.4359133126934985 0.569047619047619 0.4371517027863777 0.5702380952380952 0.44272445820433437 0.5702380952380952 0.4439628482972136 0.569047619047619 0.4501547987616099 0.5607142857142857 0.4551083591331269 0.5404761904761904 0.4563467492260062 0.5226190476190476 0.4563467492260062 0.5142857142857142 0.4551083591331269 0.46785714285714286 0.44024767801857584 0.3333333333333333 0.43529411764705883 0.3238095238095238 0.42724458204334365 0.3238095238095238 
7 0.46068111455108357 0.3523809523809524 0.45572755417956656 0.36547619047619045 0.45077399380804956 0.41904761904761906 0.45077399380804956 0.5595238095238095 0.45139318885448915 0.5607142857142857 0.4743034055727554 0.5607142857142857 0.47987616099071206 0.55 0.47987616099071206 0.3964285714285714 0.4780185758513932 0.38095238095238093 0.47492260061919506 0.3619047619047619 0.469969040247678 0.3523809523809524 0.46068111455108357 0.3523809523809524 
8 0.48173374613003095 0.3619047619047619 0.4804953560371517 0.3630952380952381 0.4761609907120743 0.37142857142857144 0.47554179566563465 0.375 0.47058823529411764 0.5476190476190477 0.47058823529411764 0.5595238095238095 0.4712074303405573 0.5607142857142857 0.47678018575851394 0.5702380952380952 0.5040247678018576 0.5702380952380952 0.5046439628482973 0.569047619047619 0.5046439628482973 0.5285714285714286 0.4996904024767802 0.39166666666666666 0.49473684210526314 0.3619047619047619 0.48173374613003095 0.3619047619047619 
9 0.5052631578947369 0.3523809523809524 0.5003095975232198 0.3738095238095238 0.5003095975232198 0.5678571428571428 0.5021671826625387 0.5702380952380952 0.5331269349845201 0.5702380952380952 0.5343653250773994 0.569047619047619 0.5343653250773994 0.525 0.5294117647058824 0.42142857142857143 0.5244582043343653 0.3726190476190476 0.5195046439628483 0.3523809523809524 0.5052631578947369 0.3523809523809524 
10 0.530030959752322 0.34285714285714286 0.525077399380805 0.3535714285714286 0.525077399380805 0.530952380952381 0.530030959752322 0.5607142857142857 0.5535603715170279 0.5607142857142857 0.5591331269349845 0.55 0.5591331269349845 0.4785714285714286 0.5442724458204334 0.3523809523809524 0.5393188854489164 0.34285714285714286 0.530030959752322 0.34285714285714286 
11 0.5758513931888545 0.3333333333333333 0.5746130030959752 0.3345238095238095 0.5696594427244582 0.34285714285714286 0.5547987616099072 0.4666666666666667 0.5547987616099072 0.5511904761904762 0.5597523219814241 0.5607142857142857 0.5770897832817338 0.5607142857142857 0.5789473684210527 0.5595238095238095 0.5839009287925696 0.55 0.5888544891640867 0.5226190476190476 0.5938080495356037 0.4083333333333333 0.5938080495356037 0.34404761904761905 0.5888544891640867 0.3333333333333333 0.5758513931888545 0.3333333333333333 
12 0.590092879256966 0.3523809523809524 0.5894736842105263 0.3535714285714286 0.5845201238390093 0.4 0.5795665634674922 0.5142857142857142 0.5795665634674922 0.5511904761904762 0.5907120743034056 0.5607142857142857 0.6086687306501548 0.5607142857142857 0.6130030959752322 0.5511904761904762 0.6136222910216719 0.5476190476190477 0.6136222910216719 0.5047619047619047 0.6086687306501548 0.3630952380952381 0.6037151702786377 0.3523809523809524 0.590092879256966 0.3523809523809524 
13 0.6092879256965944 0.3619047619047619 0.6043343653250774 0.38095238095238093 0.6043343653250774 0.5119047619047619 0.6092879256965944 0.5488095238095239 0.6099071207430341 0.5511904761904762 0.6142414860681115 0.5607142857142857 0.6266253869969041 0.5607142857142857 0.6278637770897832 0.5595238095238095 0.6334365325077399 0.5511904761904762 0.6334365325077399 0.4869047619047619 0.628482972136223 0.4035714285714286 0.6235294117647059 0.36428571428571427 0.6229102167182663 0.3619047619047619 0.6092879256965944 0.3619047619047619 
14 0.6439628482972136 0.3619047619047619 0.6340557275541796 0.38095238095238093 0.6297213622291021 0.41309523809523807 0.6291021671826625 0.41785714285714287 0.6291021671826625 0.5416666666666666 0.6340557275541796 0.5511904761904762 0.6724458204334365 0.5511904761904762 0.6780185758513931 0.5416666666666666 0.6780185758513931 0.4583333333333333 0.6730650154798762 0.38452380952380955 0.6724458204334365 0.38095238095238093 0.6681114551083591 0.3619047619047619 0.6439628482972136 0.3619047619047619 
15 0.6743034055727554 0.3619047619047619 0.6736842105263158 0.3630952380952381 0.6736842105263158 0.5202380952380953 0.6786377708978328 0.5321428571428571 0.6835913312693499 0.5404761904761904 0.6854489164086688 0.5416666666666666 0.7126934984520124 0.5416666666666666 0.7170278637770898 0.5321428571428571 0.7176470588235294 0.5285714285714286 0.7176470588235294 0.47619047619047616 0.6928792569659443 0.38095238095238093 0.6879256965944273 0.3630952380952381 0.686687306501548 0.3619047619047619 0.6743034055727554 0.3619047619047619 
16 0.698452012383901 0.3047619047619048 0.6934984520123839 0.3238095238095238 0.6934984520123839 0.4452380952380952 0.698452012383901 0.4642857142857143 0.7034055727554179 0.4738095238095238 0.7046439628482972 0.475 0.7269349845201238 0.475 0.7325077399380805 0.4642857142857143 0.7325077399380805 0.3630952380952381 0.7275541795665634 0.34285714285714286 0.7226006191950465 0.3238095238095238 0.7170278637770898 0.3047619047619048 0.698452012383901 0.3047619047619048 
17 0.7331269349845201 0.5333333333333333 0.713312693498452 0.5714285714285714 0.708359133126935 0.5821428571428572 0.708359133126935 0.6345238095238095 0.7089783281733746 0.6369047619047619 0.713312693498452 0.6452380952380953 0.7331269349845201 0.6654761904761904 0.7436532507739938 0.675 0.7715170278637771 0.675 0.7721362229102167 0.6738095238095239 0.7814241486068112 0.6464285714285715 0.7820433436532508 0.6440476190476191 0.7820433436532508 0.6095238095238096 0.7764705882352941 0.5904761904761905 0.7721362229102167 0.580952380952381 0.7473684210526316 0.5333333333333333 0.7331269349845201 0.5333333333333333 
18 0.6643962848297214 0.5428571428571428 0.6588235294117647 0.5535714285714286 0.6588235294117647 0.5976190476190476 0.6687306501547987 0.694047619047619 0.6786377708978328 0.7130952380952381 0.6835913312693499 0.7214285714285714 0.6854489164086688 0.7226190476190476 0.7120743034055728 0.7226190476190476 0.7170278637770898 0.7130952380952381 0.7176470588235294 0.705952380952381 0.7176470588235294 0.6678571428571428 0.7126934984520124 0.5523809523809524 0.7077399380804954 0.5428571428571428 0.6643962848297214 0.5428571428571428 
19 0.6154798761609908 0.5523809523809524 0.6142414860681115 0.5535714285714286 0.6092879256965944 0.5619047619047619 0.6092879256965944 0.5976190476190476 0.6340557275541796 0.7416666666666667 0.6396284829721363 0.7511904761904762 0.6526315789473685 0.7511904761904762 0.6780185758513931 0.7416666666666667 0.6780185758513931 0.6964285714285714 0.6681114551083591 0.594047619047619 0.6631578947368421 0.5547619047619048 0.6625386996904025 0.5523809523809524 0.6154798761609908 0.5523809523809524 
20 0.595046439628483 0.5523809523809524 0.5851393188854489 0.5619047619047619 0.5795665634674922 0.5714285714285714 0.5795665634674922 0.5988095238095238 0.5894736842105263 0.6464285714285715 0.6092879256965944 0.7321428571428571 0.6142414860681115 0.7511904761904762 0.6191950464396285 0.7607142857142857 0.6278637770897832 0.7607142857142857 0.628482972136223 0.7595238095238095 0.628482972136223 0.6952380952380952 0.6235294117647059 0.6190476190476191 0.6136222910216719 0.5619047619047619 0.6080495356037152 0.5523809523809524 0.595046439628483 0.5523809523809524 
21 0.5770897832817338 0.5523809523809524 0.5752321981424149 0.5547619047619048 0.5702786377708978 0.5619047619047619 0.5597523219814241 0.580952380952381 0.5597523219814241 0.6071428571428571 0.5795665634674922 0.7226190476190476 0.5845201238390093 0.7404761904761905 0.5944272445820433 0.7595238095238095 0.5962848297213622 0.7607142857142857 0.6030959752321982 0.7607142857142857 0.6037151702786377 0.7595238095238095 0.6037151702786377 0.6678571428571428 0.5888544891640867 0.5619047619047619 0.58328173374613 0.5523809523809524 0.5770897832817338 0.5523809523809524 
22 0.5455108359133127 0.5619047619047619 0.5399380804953561 0.580952380952381 0.5399380804953561 0.6345238095238095 0.5547987616099072 0.7226190476190476 0.5597523219814241 0.7511904761904762 0.5647058823529412 0.7702380952380953 0.5696594427244582 0.7797619047619048 0.5839009287925696 0.7797619047619048 0.5839009287925696 0.7357142857142858 0.5789473684210527 0.6785714285714286 0.5739938080495356 0.6333333333333333 0.573374613003096 0.6285714285714286 0.5640866873065016 0.5714285714285714 0.5591331269349845 0.5619047619047619 0.5455108359133127 0.5619047619047619 
23 0.5201238390092879 0.5714285714285714 0.5201238390092879 0.6071428571428571 0.525077399380805 0.7130952380952381 0.5306501547987617 0.7226190476190476 0.5393188854489164 0.7226190476190476 0.5442724458204334 0.7130952380952381 0.5442724458204334 0.5726190476190476 0.5411764705882353 0.5714285714285714 0.5201238390092879 0.5714285714285714 
24 0.5003095975232198 0.580952380952381 0.5003095975232198 0.6261904761904762 0.5102167182662539 0.6928571428571428 0.5201238390092879 0.7321428571428571 0.5294117647058824 0.7321428571428571 0.5294117647058824 0.6190476190476191 0.5238390092879257 0.580952380952381 0.5003095975232198 0.580952380952381 
25 0.48111455108359136 0.5714285714285714 0.4804953560371517 0.5726190476190476 0.4804953560371517 0.6464285714285715 0.4854489164086687 0.7119047619047619 0.4904024767801858 0.7202380952380952 0.49411764705882355 0.7226190476190476 0.4953560371517028 0.7226190476190476 0.4984520123839009 0.719047619047619 0.4996904024767802 0.7154761904761905 0.5046439628482973 0.675 0.5046439628482973 0.5821428571428572 0.5040247678018576 0.580952380952381 0.4984520123839009 0.5714285714285714 0.48111455108359136 0.5714285714285714 
26 0.46563467492260063 0.5714285714285714 0.46563467492260063 0.675 0.47058823529411764 0.7226190476190476 0.47554179566563465 0.7321428571428571 0.4848297213622291 0.7321428571428571 0.48978328173374613 0.7226190476190476 0.48978328173374613 0.6666666666666666 0.4848297213622291 0.5738095238095238 0.4842105263157895 0.5714285714285714 0.46563467492260063 0.5714285714285714 
27 0.44643962848297214 0.5714285714285714 0.4408668730650155 0.5821428571428572 0.4359133126934985 0.6285714285714286 0.4309597523219814 0.7047619047619048 0.4309597523219814 0.7797619047619048 0.43962848297213625 0.7797619047619048 0.44953560371517026 0.7607142857142857 0.4501547987616099 0.7583333333333333 0.4551083591331269 0.7321428571428571 0.460061919504644 0.7035714285714286 0.469969040247678 0.6297619047619047 0.469969040247678 0.5904761904761905 0.46439628482972134 0.5714285714285714 0.44643962848297214 0.5714285714285714 
28 0.426625386996904 0.5619047619047619 0.41609907120743034 0.5821428571428572 0.41114551083591333 0.6190476190476191 0.41114551083591333 0.7690476190476191 0.4117647058823529 0.7702380952380953 0.4235294117647059 0.7702380952380953 0.4247678018575851 0.7690476190476191 0.43529411764705883 0.7226190476190476 0.44024767801857584 0.6928571428571428 0.4452012383900929 0.6321428571428571 0.4452012383900929 0.5619047619047619 0.426625386996904 0.5619047619047619 
29 0.39814241486068114 0.5619047619047619 0.39628482972136225 0.5630952380952381 0.3913312693498452 0.5714285714285714 0.3863777089783282 0.5916666666666667 0.3814241486068111 0.6392857142857142 0.3814241486068111 0.7416666666666667 0.3863777089783282 0.7595238095238095 0.38699690402476783 0.7607142857142857 0.39504643962848296 0.7607142857142857 0.4006191950464396 0.7511904761904762 0.4105263157894737 0.7035714285714286 0.42043343653250775 0.6273809523809524 0.42538699690402476 0.5880952380952381 0.42538699690402476 0.5714285714285714 0.42043343653250775 0.5619047619047619 0.39814241486068114 0.5619047619047619 
30 0.34674922600619196 0.5523809523809524 0.34179566563467495 0.5619047619047619 0.3269349845201238 0.7154761904761905 0.3269349845201238 0.75 0.32755417956656346 0.7511904761904762 0.37585139318885447 0.7511904761904762 0.38080495356037153 0.7226190476190476 0.38575851393188854 0.6916666666666667 0.3907120743034056 0.6464285714285715 0.3956656346749226 0.5988095238095238 0.3956656346749226 0.5630952380952381 0.3907120743034056 0.5535714285714286 0.3894736842105263 0.5523809523809524 0.34674922600619196 0.5523809523809524 
31 0.33560371517027865 0.5428571428571428 0.29845201238390096 0.5523809523809524 0.29721362229102166 0.5535714285714286 0.29287925696594425 0.5619047619047619 0.29226006191950465 0.5642857142857143 0.29226006191950465 0.7130952380952381 0.2978328173374613 0.7226190476190476 0.33126934984520123 0.7226190476190476 0.33622291021671824 0.7119047619047619 0.3411764705882353 0.6845238095238095 0.3461300309597523 0.6357142857142857 0.3461300309597523 0.5523809523809524 0.34055727554179566 0.5428571428571428 0.33560371517027865 0.5428571428571428 
32 0.23281733746130032 0.5523809523809524 0.22786377708978328 0.5619047619047619 0.22291021671826625 0.5726190476190476 0.22291021671826625 0.5976190476190476 0.22786377708978328 0.6357142857142857 0.23281733746130032 0.6452380952380953 0.243343653250774 0.655952380952381 0.29659442724458207 0.655952380952381 0.3015479876160991 0.6464285714285715 0.3015479876160991 0.5928571428571429 0.2978328173374613 0.5619047619047619 0.29659442724458207 0.5535714285714286 0.29411764705882354 0.5523809523809524 0.23281733746130032 0.5523809523809524 