2 0.2625386996904025 0.3238095238095238 0.25758513931888544 0.34285714285714286 0.23777089783281732 0.4857142857142857 0.23777089783281732 0.5119047619047619 0.243343653250774 0.5226190476190476 0.27987616099071205 0.5321428571428571 0.29102167182662536 0.5321428571428571 0.291640866873065 0.530952380952381 0.29659442724458207 0.513095238095238 0.29659442724458207 0.44047619047619047 0.291640866873065 0.3523809523809524 0.286687306501548 0.3333333333333333 0.28173374613003094 0.3238095238095238 0.2625386996904025 0.3238095238095238 
3 0.2978328173374613 0.34285714285714286 0.29721362229102166 0.34404761904761905 0.29287925696594425 0.3619047619047619 0.2873065015479876 0.5059523809523809 0.2873065015479876 0.5297619047619048 0.28792569659442724 0.5321428571428571 0.29226006191950465 0.5404761904761904 0.29411764705882354 0.5416666666666666 0.33622291021671824 0.5416666666666666 0.33622291021671824 0.38333333333333336 0.33560371517027865 0.38095238095238093 0.31640866873065016 0.34285714285714286 0.2978328173374613 0.34285714285714286 
4 0.3368421052631579 0.3238095238095238 0.3318885448916409 0.4 0.3318885448916409 0.5404761904761904 0.33250773993808047 0.5416666666666666 0.3609907120743034 0.5416666666666666 0.36594427244582045 0.530952380952381 0.36594427244582045 0.45714285714285713 0.3653250773993808 0.44166666666666665 0.3609907120743034 0.38452380952380955 0.35541795665634673 0.3523809523809524 0.3510835913312694 0.3333333333333333 0.3461300309597523 0.3238095238095238 0.3368421052631579 0.3238095238095238 
5 0.3628482972136223 0.45714285714285713 0.3622291021671827 0.4583333333333333 0.36160990712074303 0.4630952380952381 0.356656346749226 0.530952380952381 0.356656346749226 0.5321428571428571 0.3622291021671827 0.5416666666666666 0.3938080495356037 0.5416666666666666 0.39504643962848296 0.5404761904761904 0.4 0.5321428571428571 0.4006191950464396 0.530952380952381 0.4006191950464396 0.46904761904761905 0.4 0.4666666666666667 0.3956656346749226 0.45714285714285713 0.3628482972136223 0.45714285714285713 
6 0.38823529411764707 0.3047619047619048 0.38699690402476783 0.305952380952381 0.3863777089783282 0.30833333333333335 0.3863777089783282 0.4154761904761905 0.3913312693498452 0.5297619047619048 0.39195046439628484 0.5321428571428571 0.39628482972136225 0.5416666666666666 0.40123839009287926 0.55 0.4024767801857585 0.5511904761904762 0.42043343653250775 0.5511904761904762 0.43034055727554177 0.5416666666666666 0.43034055727554177 0.4595238095238095 0.4154798761609907 0.35595238095238096 0.4148606811145511 0.3523809523809524 0.4105263157894737 0.3345238095238095 0.40495356037151703 0.31547619047619047 0.4006191950464396 0.305952380952381 0.4 0.3047619047619048 0.38823529411764707 0.3047619047619048 
7 0.44272445820433437 0.3238095238095238 0.4359133126934985 0.325 0.4309597523219814 0.3345238095238095 0.4260061919504644 0.38095238095238093 0.4260061919504644 0.5226190476190476 0.4321981424148607 0.5321428571428571 0.46253869969040246 0.5321428571428571 0.465015479876161 0.530952380952381 0.465015479876161 0.47619047619047616 0.460061919504644 0.3904761904761905 0.4551083591331269 0.3535714285714286 0.4452012383900929 0.3261904761904762 0.443343653250774 0.3238095238095238 0.44272445820433437 0.3238095238095238 
8 0.46563467492260063 0.3238095238095238 0.46068111455108357 0.3345238095238095 0.46068111455108357 0.5297619047619048 0.4662538699690402 0.5416666666666666 0.503405572755418 0.5416666666666666 0.5046439628482973 0.5404761904761904 0.5046439628482973 0.5154761904761904 0.48978328173374613 0.39285714285714285 0.4842105263157895 0.3523809523809524 0.47987616099071206 0.3261904761904762 0.4792569659442725 0.3238095238095238 0.46563467492260063 0.3238095238095238 
9 0.5058823529411764 0.3142857142857143 0.5003095975232198 0.3345238095238095 0.4953560371517028 0.4869047619047619 0.4953560371517028 0.5226190476190476 0.5009287925696595 0.5416666666666666 0.5343653250773994 0.5416666666666666 0.5393188854489164 0.5321428571428571 0.5393188854489164 0.5166666666666667 0.5294117647058824 0.4 0.5287925696594428 0.39285714285714285 0.5244582043343653 0.3535714285714286 0.5195046439628483 0.325 0.5145510835913313 0.3142857142857143 0.5058823529411764 0.3142857142857143 
10 0.5312693498452012 0.3333333333333333 0.530030959752322 0.3345238095238095 0.530030959752322 0.4976190476190476 0.534984520123839 0.530952380952381 0.5405572755417957 0.5416666666666666 0.5634674922600619 0.5416666666666666 0.5739938080495356 0.530952380952381 0.5739938080495356 0.4666666666666667 0.5690402476780185 0.4297619047619048 0.5591331269349845 0.37142857142857144 0.5492260061919505 0.34285714285714286 0.5442724458204334 0.3333333333333333 0.5312693498452012 0.3333333333333333 
11 0.5801857585139318 0.2857142857142857 0.5746130030959752 0.3047619047619048 0.5696594427244582 0.325 0.5647058823529412 0.4 0.5647058823529412 0.4738095238095238 0.5696594427244582 0.5226190476190476 0.5746130030959752 0.5321428571428571 0.5795665634674922 0.5404761904761904 0.5808049535603715 0.5416666666666666 0.5987616099071208 0.5416666666666666 0.6086687306501548 0.5214285714285715 0.6086687306501548 0.44761904761904764 0.5938080495356037 0.2892857142857143 0.5931888544891641 0.2857142857142857 0.5801857585139318 0.2857142857142857 
12 0.614860681114551 0.29523809523809524 0.6092879256965944 0.3047619047619048 0.6043343653250774 0.3333333333333333 0.5944272445820433 0.42023809523809524 0.5944272445820433 0.42738095238095236 0.5993808049535604 0.5321428571428571 0.628482972136223 0.5321428571428571 0.6334365325077399 0.5226190476190476 0.6334365325077399 0.3 0.6328173374613003 0.29523809523809524 0.614860681114551 0.29523809523809524 
13 0.6396284829721363 0.29523809523809524 0.6340557275541796 0.3047619047619048 0.6291021671826625 0.3761904761904762 0.6241486068111455 0.5142857142857142 0.6241486068111455 0.5226190476190476 0.6297213622291021 0.5321428571428571 0.6631578947368421 0.5321428571428571 0.6681114551083591 0.513095238095238 0.6681114551083591 0.4238095238095238 0.6582043343653251 0.3047619047619048 0.653250773993808 0.29523809523809524 0.6396284829721363 0.29523809523809524 
14 0.6736842105263158 0.29523809523809524 0.6588235294117647 0.3619047619047619 0.6588235294117647 0.5297619047619048 0.6594427244582043 0.5321428571428571 0.7021671826625387 0.5321428571428571 0.7027863777089783 0.5273809523809524 0.7077399380804954 0.45595238095238094 0.7077399380804954 0.3726190476190476 0.7027863777089783 0.34523809523809523 0.6928792569659443 0.29642857142857143 0.6922600619195046 0.29523809523809524 0.6736842105263158 0.29523809523809524 
15 0.7046439628482972 0.3047619047619048 0.7034055727554179 0.305952380952381 0.698452012383901 0.3345238095238095 0.698452012383901 0.5202380952380953 0.6990712074303406 0.5226190476190476 0.7034055727554179 0.5321428571428571 0.7213622291021672 0.5321428571428571 0.7517027863777089 0.513095238095238 0.7572755417956656 0.5023809523809524 0.7572755417956656 0.46785714285714286 0.7523219814241486 0.3345238095238095 0.7473684210526316 0.3238095238095238 0.7256965944272445 0.3047619047619048 0.7046439628482972 0.3047619047619048 
19 0.6297213622291021 0.5428571428571428 0.6241486068111455 0.5523809523809524 0.6241486068111455 0.5988095238095238 0.6637770897832818 0.694047619047619 0.6736842105263158 0.7035714285714286 0.6934984520123839 0.7035714285714286 0.6978328173374613 0.7023809523809523 0.6978328173374613 0.65 0.6829721362229102 0.5619047619047619 0.6773993808049535 0.5428571428571428 0.6297213622291021 0.5428571428571428 
20 0.5944272445820433 0.5428571428571428 0.5894736842105263 0.5535714285714286 0.5894736842105263 0.5797619047619048 0.6191950464396285 0.7416666666666667 0.6241486068111455 0.7595238095238095 0.6291021671826625 0.7702380952380953 0.6346749226006192 0.7797619047619048 0.6520123839009287 0.7797619047619048 0.6526315789473685 0.7785714285714286 0.653250773993808 0.7761904761904762 0.653250773993808 0.7345238095238096 0.648297213622291 0.6666666666666666 0.643343653250774 0.6202380952380953 0.628482972136223 0.5535714285714286 0.6278637770897832 0.5523809523809524 0.6130030959752322 0.5428571428571428 0.5944272445820433 0.5428571428571428 
21 0.5746130030959752 0.5619047619047619 0.5647058823529412 0.5821428571428572 0.5647058823529412 0.6178571428571429 0.5696594427244582 0.6547619047619048 0.5795665634674922 0.7130952380952381 0.5894736842105263 0.7690476190476191 0.590092879256966 0.7702380952380953 0.5987616099071208 0.7702380952380953 0.6037151702786377 0.7595238095238095 0.6086687306501548 0.7404761904761905 0.6086687306501548 0.6107142857142858 0.6037151702786377 0.5904761904761905 0.5987616099071208 0.5714285714285714 0.5938080495356037 0.5619047619047619 0.5746130030959752 0.5619047619047619 
22 0.544891640866873 0.5523809523809524 0.5399380804953561 0.5619047619047619 0.5356037151702786 0.5714285714285714 0.534984520123839 0.575 0.534984520123839 0.6845238095238095 0.544891640866873 0.7702380952380953 0.5498452012383901 0.7797619047619048 0.5739938080495356 0.7797619047619048 0.5739938080495356 0.5630952380952381 0.5684210526315789 0.5523809523809524 0.544891640866873 0.5523809523809524 
23 0.5157894736842106 0.5523809523809524 0.5151702786377709 0.555952380952381 0.5102167182662539 0.5904761904761905 0.5102167182662539 0.7226190476190476 0.5151702786377709 0.7321428571428571 0.5337461300309597 0.7321428571428571 0.5343653250773994 0.7297619047619047 0.5393188854489164 0.6916666666666667 0.5442724458204334 0.5773809523809523 0.5442724458204334 0.5547619047619048 0.5436532507739938 0.5523809523809524 0.5157894736842106 0.5523809523809524 
24 0.4953560371517028 0.5428571428571428 0.4904024767801858 0.6095238095238096 0.4904024767801858 0.6333333333333333 0.4953560371517028 0.6845238095238095 0.5003095975232198 0.7023809523809523 0.5015479876160991 0.7035714285714286 0.5052631578947369 0.7035714285714286 0.5095975232198142 0.7023809523809523 0.5145510835913313 0.6928571428571428 0.5145510835913313 0.5428571428571428 0.4953560371517028 0.5428571428571428 
25 0.47058823529411764 0.5523809523809524 0.47058823529411764 0.5892857142857143 0.47554179566563465 0.7023809523809523 0.4773993808049536 0.7035714285714286 0.48978328173374613 0.7035714285714286 0.49473684210526314 0.6738095238095239 0.4996904024767802 0.6178571428571429 0.4996904024767802 0.5523809523809524 0.47058823529411764 0.5523809523809524 
26 0.45077399380804956 0.5523809523809524 0.45077399380804956 0.6369047619047619 0.46068111455108357 0.7130952380952381 0.469969040247678 0.7130952380952381 0.4743034055727554 0.7035714285714286 0.47492260061919506 0.7 0.47492260061919506 0.5535714285714286 0.47306501547987617 0.5523809523809524 0.45077399380804956 0.5523809523809524 
27 0.41609907120743034 0.5619047619047619 0.41609907120743034 0.6273809523809524 0.42105263157894735 0.6654761904761904 0.4359133126934985 0.7607142857142857 0.4408668730650155 0.7702380952380953 0.4501547987616099 0.7702380952380953 0.4551083591331269 0.7595238095238095 0.4551083591331269 0.6869047619047619 0.4501547987616099 0.5619047619047619 0.41609907120743034 0.5619047619047619 
28 0.39195046439628484 0.5523809523809524 0.3863777089783282 0.5619047619047619 0.3863777089783282 0.5892857142857143 0.3913312693498452 0.7095238095238096 0.39628482972136225 0.75 0.3975232198142415 0.7511904761904762 0.4105263157894737 0.7511904761904762 0.4154798761609907 0.7309523809523809 0.42043343653250775 0.7035714285714286 0.42043343653250775 0.5726190476190476 0.4154798761609907 0.5619047619047619 0.4105263157894737 0.5523809523809524 0.39195046439628484 0.5523809523809524 
29 0.3721362229102167 0.5523809523809524 0.3572755417956656 0.5619047619047619 0.356656346749226 0.5630952380952381 0.356656346749226 0.7773809523809524 0.35789473684210527 0.7797619047619048 0.37585139318885447 0.7797619047619048 0.3801857585139319 0.7702380952380953 0.38575851393188854 0.7416666666666667 0.3956656346749226 0.5988095238095238 0.3956656346749226 0.5547619047619048 0.39442724458204337 0.5523809523809524 0.3721362229102167 0.5523809523809524 
30 0.3126934984520124 0.5523809523809524 0.30712074303405573 0.5619047619047619 0.3021671826625387 0.6571428571428571 0.3021671826625387 0.7321428571428571 0.3269349845201238 0.7702380952380953 0.3306501547987616 0.7702380952380953 0.34055727554179566 0.7607142857142857 0.3455108359133127 0.7511904761904762 0.3461300309597523 0.7488095238095238 0.3609907120743034 0.6535714285714286 0.3609907120743034 0.5619047619047619 0.35541795665634673 0.5523809523809524 0.3126934984520124 0.5523809523809524 
31 0.2786377708978328 0.5333333333333333 0.2674922600619195 0.5428571428571428 0.2625386996904025 0.5523809523809524 0.25758513931888544 0.5654761904761905 0.2476780185758514 0.6869047619047619 0.2476780185758514 0.7130952380952381 0.2532507739938081 0.7297619047619047 0.25386996904024767 0.7309523809523809 0.2724458204334365 0.75 0.2755417956656347 0.7511904761904762 0.2786377708978328 0.7511904761904762 0.28173374613003094 0.75 0.29102167182662536 0.7321428571428571 0.29659442724458207 0.7130952380952381 0.31640866873065016 0.6083333333333333 0.31640866873065016 0.5619047619047619 0.3065015479876161 0.5428571428571428 0.2959752321981424 0.5333333333333333 0.2786377708978328 0.5333333333333333 