1 0.29721362229102166 0.3523809523809524 0.2873065015479876 0.37142857142857144 0.2823529411764706 0.3821428571428571 0.2773993808049536 0.4011904761904762 0.2773993808049536 0.425 0.27801857585139317 0.42738095238095236 0.2873065015479876 0.44642857142857145 0.29721362229102166 0.4642857142857143 0.29845201238390096 0.4654761904761905 0.3058823529411765 0.4654761904761905 0.31640866873065016 0.45595238095238094 0.3256965944272446 0.3892857142857143 0.3263157894736842 0.375 0.3263157894736842 0.37142857142857144 0.32136222910216716 0.3523809523809524 0.29721362229102166 0.3523809523809524 
2 0.3269349845201238 0.38095238095238093 0.3219814241486068 0.3904761904761905 0.29226006191950465 0.4857142857142857 0.29226006191950465 0.5297619047619048 0.29721362229102166 0.55 0.2996904024767802 0.5511904761904762 0.33622291021671824 0.5511904761904762 0.3411764705882353 0.5119047619047619 0.3461300309597523 0.4523809523809524 0.3461300309597523 0.4035714285714286 0.3455108359133127 0.4 0.3411764705882353 0.38095238095238093 0.3269349845201238 0.38095238095238093 
3 0.35789473684210527 0.4 0.356656346749226 0.4011904761904762 0.34241486068111454 0.41904761904761906 0.34179566563467495 0.42023809523809524 0.3368421052631579 0.44761904761904764 0.3318885448916409 0.5238095238095238 0.3318885448916409 0.5404761904761904 0.3368421052631579 0.569047619047619 0.33746130030959753 0.5702380952380952 0.3572755417956656 0.5797619047619048 0.3696594427244582 0.5797619047619048 0.3801857585139319 0.5702380952380952 0.38080495356037153 0.569047619047619 0.38080495356037153 0.5238095238095238 0.37585139318885447 0.4297619047619048 0.37089783281733746 0.4095238095238095 0.36594427244582045 0.4 0.35789473684210527 0.4 
4 0.39628482972136225 0.41904761904761906 0.3913312693498452 0.42857142857142855 0.3863777089783282 0.4392857142857143 0.3764705882352941 0.49523809523809526 0.3764705882352941 0.5785714285714286 0.37708978328173376 0.5797619047619048 0.4055727554179567 0.5797619047619048 0.4055727554179567 0.430952380952381 0.4 0.41904761904761906 0.39628482972136225 0.41904761904761906 
5 0.41238390092879257 0.4095238095238095 0.41114551083591333 0.4107142857142857 0.40619195046439627 0.4380952380952381 0.40123839009287926 0.47619047619047616 0.40123839009287926 0.5880952380952381 0.40619195046439627 0.5988095238095238 0.42910216718266253 0.5988095238095238 0.43034055727554177 0.5976190476190476 0.44024767801857584 0.5595238095238095 0.44024767801857584 0.5071428571428571 0.43529411764705883 0.42857142857142855 0.42043343653250775 0.4107142857142857 0.4173374613003096 0.4095238095238095 0.41238390092879257 0.4095238095238095 
6 0.4421052631578947 0.4 0.4359133126934985 0.4095238095238095 0.4309597523219814 0.44761904761904764 0.4260061919504644 0.5738095238095238 0.4260061919504644 0.5880952380952381 0.43157894736842106 0.6083333333333333 0.43777089783281736 0.6166666666666667 0.44024767801857584 0.6166666666666667 0.44953560371517026 0.6083333333333333 0.4551083591331269 0.5988095238095238 0.4551083591331269 0.42738095238095236 0.4544891640866873 0.41904761904761906 0.4501547987616099 0.4011904761904762 0.44891640866873067 0.4 0.4421052631578947 0.4 
7 0.4563467492260062 0.4380952380952381 0.45572755417956656 0.4392857142857143 0.45077399380804956 0.46904761904761905 0.45077399380804956 0.6071428571428571 0.45139318885448915 0.6083333333333333 0.4743034055727554 0.6083333333333333 0.47492260061919506 0.6071428571428571 0.47492260061919506 0.49642857142857144 0.469969040247678 0.44761904761904764 0.46439628482972134 0.4380952380952381 0.4563467492260062 0.4380952380952381 
8 0.4792569659442725 0.44761904761904764 0.47554179566563465 0.4488095238095238 0.47058823529411764 0.4583333333333333 0.47058823529411764 0.6035714285714285 0.4712074303405573 0.6083333333333333 0.4804953560371517 0.6166666666666667 0.49102167182662537 0.6178571428571429 0.49473684210526314 0.6178571428571429 0.5040247678018576 0.6083333333333333 0.5046439628482973 0.6071428571428571 0.5046439628482973 0.5619047619047619 0.4996904024767802 0.5142857142857142 0.49473684210526314 0.47619047619047616 0.48978328173374613 0.45714285714285713 0.4842105263157895 0.44761904761904764 0.4792569659442725 0.44761904761904764 
9 0.5009287925696595 0.4380952380952381 0.4953560371517028 0.4583333333333333 0.4953560371517028 0.5702380952380952 0.5003095975232198 0.6071428571428571 0.5015479876160991 0.6083333333333333 0.5343653250773994 0.6083333333333333 0.5343653250773994 0.5892857142857143 0.5294117647058824 0.5047619047619047 0.5244582043343653 0.45714285714285713 0.5195046439628483 0.4380952380952381 0.5009287925696595 0.4380952380952381 
10 0.5306501547987617 0.42857142857142855 0.530030959752322 0.430952380952381 0.525077399380805 0.45714285714285713 0.525077399380805 0.5892857142857143 0.530030959752322 0.6083333333333333 0.5541795665634675 0.6083333333333333 0.5591331269349845 0.5988095238095238 0.5591331269349845 0.5666666666666667 0.5541795665634675 0.4857142857142857 0.5492260061919505 0.4392857142857143 0.5436532507739938 0.42857142857142855 0.5306501547987617 0.42857142857142855 
11 0.5498452012383901 0.4 0.544891640866873 0.41904761904761906 0.544891640866873 0.48333333333333334 0.5498452012383901 0.6071428571428571 0.5504643962848297 0.6083333333333333 0.5739938080495356 0.6083333333333333 0.578328173374613 0.5988095238095238 0.5789473684210527 0.5952380952380952 0.5789473684210527 0.525 0.5690402476780185 0.4380952380952381 0.5591331269349845 0.4 0.5498452012383901 0.4 
12 0.5702786377708978 0.41904761904761906 0.5696594427244582 0.42023809523809524 0.5647058823529412 0.45 0.5647058823529412 0.5023809523809524 0.5746130030959752 0.5857142857142857 0.5752321981424149 0.5892857142857143 0.5894736842105263 0.5988095238095238 0.5987616099071208 0.5988095238095238 0.6037151702786377 0.5892857142857143 0.6037151702786377 0.5333333333333333 0.5987616099071208 0.42023809523809524 0.5981424148606811 0.41904761904761906 0.5702786377708978 0.41904761904761906 
13 0.5993808049535604 0.41904761904761906 0.5944272445820433 0.4488095238095238 0.5944272445820433 0.5297619047619048 0.5993808049535604 0.5892857142857143 0.6272445820433437 0.5892857142857143 0.628482972136223 0.5880952380952381 0.628482972136223 0.4773809523809524 0.6185758513931888 0.430952380952381 0.6136222910216719 0.42023809523809524 0.6130030959752322 0.41904761904761906 0.5993808049535604 0.41904761904761906 
14 0.6340557275541796 0.4 0.6291021671826625 0.41309523809523807 0.6241486068111455 0.4392857142857143 0.6241486068111455 0.5797619047619048 0.6619195046439629 0.5797619047619048 0.6730650154798762 0.5702380952380952 0.6730650154798762 0.5238095238095238 0.6631578947368421 0.42857142857142855 0.648297213622291 0.4 0.6340557275541796 0.4 
15 0.6643962848297214 0.3904761904761905 0.6588235294117647 0.4 0.6588235294117647 0.4928571428571429 0.6594427244582043 0.5035714285714286 0.6637770897832818 0.530952380952381 0.6687306501547987 0.5595238095238095 0.6743034055727554 0.5702380952380952 0.691640866873065 0.5702380952380952 0.7077399380804954 0.5511904761904762 0.7126934984520124 0.5404761904761904 0.7126934984520124 0.49523809523809526 0.7027863777089783 0.45714285714285713 0.6873065015479877 0.4 0.6829721362229102 0.3904761904761905 0.6643962848297214 0.3904761904761905 
16 0.6792569659442724 0.34285714285714286 0.6786377708978328 0.34404761904761905 0.6736842105263158 0.3619047619047619 0.6736842105263158 0.39166666666666666 0.6842105263157895 0.44642857142857145 0.6891640866873066 0.45595238095238094 0.698452012383901 0.4654761904761905 0.7126934984520124 0.4654761904761905 0.7325077399380805 0.4261904761904762 0.7325077399380805 0.3904761904761905 0.7077399380804954 0.34285714285714286 0.6792569659442724 0.34285714285714286 
17 0.7238390092879257 0.5714285714285714 0.713312693498452 0.580952380952381 0.708359133126935 0.5904761904761905 0.698452012383901 0.6107142857142858 0.6934984520123839 0.6297619047619047 0.6934984520123839 0.6357142857142857 0.698452012383901 0.6654761904761904 0.7145510835913312 0.6845238095238095 0.7281733746130031 0.694047619047619 0.746749226006192 0.694047619047619 0.7616099071207431 0.6654761904761904 0.7622291021671826 0.6630952380952381 0.7622291021671826 0.6285714285714286 0.7523219814241486 0.6011904761904762 0.7473684210526316 0.5904761904761905 0.7368421052631579 0.5714285714285714 0.7238390092879257 0.5714285714285714 
18 0.6786377708978328 0.5619047619047619 0.6495356037151703 0.5714285714285714 0.6439628482972136 0.580952380952381 0.6439628482972136 0.6047619047619047 0.6495356037151703 0.6369047619047619 0.6544891640866873 0.655952380952381 0.6637770897832818 0.6833333333333333 0.6835913312693499 0.7404761904761905 0.6842105263157895 0.7416666666666667 0.7027863777089783 0.7416666666666667 0.7027863777089783 0.5845238095238096 0.7021671826625387 0.580952380952381 0.6978328173374613 0.5619047619047619 0.6786377708978328 0.5619047619047619 
19 0.6 0.580952380952381 0.5944272445820433 0.5916666666666667 0.5944272445820433 0.625 0.6043343653250774 0.6845238095238095 0.6191950464396285 0.7404761904761905 0.6241486068111455 0.7511904761904762 0.6297213622291021 0.7607142857142857 0.6334365325077399 0.7607142857142857 0.6582043343653251 0.7511904761904762 0.6582043343653251 0.6761904761904762 0.653250773993808 0.6 0.648297213622291 0.5904761904761905 0.6185758513931888 0.580952380952381 0.6 0.580952380952381 
20 0.5696594427244582 0.5904761904761905 0.5696594427244582 0.6345238095238095 0.5795665634674922 0.7023809523809523 0.5845201238390093 0.7226190476190476 0.5944272445820433 0.7607142857142857 0.6086687306501548 0.7607142857142857 0.6086687306501548 0.638095238095238 0.5987616099071208 0.5904761904761905 0.5696594427244582 0.5904761904761905 
21 0.5597523219814241 0.6 0.5504643962848297 0.6095238095238096 0.5498452012383901 0.6107142857142858 0.5498452012383901 0.7214285714285714 0.5547987616099072 0.75 0.5653250773993808 0.7702380952380953 0.5690402476780185 0.7702380952380953 0.573374613003096 0.7607142857142857 0.5739938080495356 0.7571428571428571 0.5839009287925696 0.6738095238095239 0.5839009287925696 0.6476190476190476 0.5739938080495356 0.6011904761904762 0.573374613003096 0.6 0.5597523219814241 0.6 
22 0.534984520123839 0.6095238095238096 0.530030959752322 0.6285714285714286 0.530030959752322 0.7892857142857143 0.5356037151702786 0.7988095238095239 0.5442724458204334 0.7988095238095239 0.5541795665634675 0.7797619047619048 0.5591331269349845 0.7595238095238095 0.5591331269349845 0.7154761904761905 0.5541795665634675 0.6107142857142858 0.5529411764705883 0.6095238095238096 0.534984520123839 0.6095238095238096 
23 0.5108359133126935 0.6190476190476191 0.5102167182662539 0.6226190476190476 0.5102167182662539 0.6523809523809524 0.5151702786377709 0.7595238095238095 0.5201238390092879 0.7702380952380953 0.5287925696594428 0.7702380952380953 0.5337461300309597 0.7607142857142857 0.5343653250773994 0.7571428571428571 0.5393188854489164 0.6333333333333333 0.5393188854489164 0.6202380952380953 0.5386996904024768 0.6190476190476191 0.5108359133126935 0.6190476190476191 
24 0.49597523219814244 0.6190476190476191 0.4953560371517028 0.6226190476190476 0.4953560371517028 0.7404761904761905 0.5003095975232198 0.7607142857142857 0.508359133126935 0.7607142857142857 0.5095975232198142 0.7595238095238095 0.5145510835913313 0.7309523809523809 0.5195046439628483 0.675 0.5195046439628483 0.6476190476190476 0.5145510835913313 0.6214285714285714 0.513312693498452 0.6190476190476191 0.49597523219814244 0.6190476190476191 
25 0.4823529411764706 0.6190476190476191 0.4804953560371517 0.6202380952380953 0.47554179566563465 0.6761904761904762 0.47554179566563465 0.7119047619047619 0.4804953560371517 0.7690476190476191 0.48111455108359136 0.7702380952380953 0.4891640866873065 0.7702380952380953 0.49473684210526314 0.7607142857142857 0.4996904024767802 0.7130952380952381 0.4996904024767802 0.6285714285714286 0.48978328173374613 0.6190476190476191 0.4823529411764706 0.6190476190476191 
26 0.46068111455108357 0.6190476190476191 0.46068111455108357 0.7035714285714286 0.46563467492260063 0.7607142857142857 0.47058823529411764 0.7702380952380953 0.4743034055727554 0.7702380952380953 0.47492260061919506 0.7690476190476191 0.4792569659442725 0.7595238095238095 0.47987616099071206 0.7559523809523809 0.4848297213622291 0.6642857142857143 0.4848297213622291 0.6202380952380953 0.48359133126934983 0.6190476190476191 0.46068111455108357 0.6190476190476191 
27 0.4408668730650155 0.6095238095238096 0.4309597523219814 0.7154761904761905 0.4309597523219814 0.7797619047619048 0.44458204334365325 0.7797619047619048 0.4501547987616099 0.7678571428571429 0.4551083591331269 0.7392857142857143 0.460061919504644 0.7095238095238096 0.465015479876161 0.675 0.465015479876161 0.6190476190476191 0.460061919504644 0.6095238095238096 0.4408668730650155 0.6095238095238096 
28 0.42105263157894735 0.6 0.41609907120743034 0.6107142857142858 0.41609907120743034 0.7511904761904762 0.42105263157894735 0.7702380952380953 0.43034055727554177 0.7702380952380953 0.43529411764705883 0.7511904761904762 0.4452012383900929 0.6738095238095239 0.4452012383900929 0.6214285714285714 0.43529411764705883 0.6011904761904762 0.4346749226006192 0.6 0.42105263157894735 0.6 
29 0.39628482972136225 0.5904761904761905 0.3913312693498452 0.6 0.3863777089783282 0.6166666666666667 0.3814241486068111 0.7047619047619048 0.3814241486068111 0.7607142857142857 0.39504643962848296 0.7607142857142857 0.3956656346749226 0.7595238095238095 0.4055727554179567 0.7226190476190476 0.4105263157894737 0.7035714285714286 0.4154798761609907 0.6833333333333333 0.42043343653250775 0.655952380952381 0.42538699690402476 0.6178571428571429 0.42538699690402476 0.6011904761904762 0.4247678018575851 0.6 0.4148606811145511 0.5904761904761905 0.39628482972136225 0.5904761904761905 
30 0.3523219814241486 0.580952380952381 0.35170278637770896 0.5821428571428572 0.34674922600619196 0.6011904761904762 0.3368421052631579 0.7166666666666667 0.3368421052631579 0.7416666666666667 0.36160990712074303 0.7511904761904762 0.3752321981424149 0.7511904761904762 0.37585139318885447 0.75 0.38575851393188854 0.7119047619047619 0.3907120743034056 0.6845238095238095 0.4006191950464396 0.6083333333333333 0.4006191950464396 0.5904761904761905 0.39504643962848296 0.580952380952381 0.3523219814241486 0.580952380952381 
31 0.30712074303405573 0.5523809523809524 0.3021671826625387 0.5726190476190476 0.29721362229102166 0.6678571428571428 0.29721362229102166 0.7226190476190476 0.30340557275541796 0.7321428571428571 0.3108359133126935 0.7321428571428571 0.3263157894736842 0.7226190476190476 0.33126934984520123 0.7130952380952381 0.33622291021671824 0.7023809523809523 0.3411764705882353 0.6845238095238095 0.3510835913312694 0.6464285714285715 0.3560371517027864 0.6083333333333333 0.3560371517027864 0.5821428571428572 0.3510835913312694 0.5726190476190476 0.3498452012383901 0.5714285714285714 0.3263157894736842 0.5523809523809524 0.30712074303405573 0.5523809523809524 
32 0.2625386996904025 0.5714285714285714 0.25263157894736843 0.6095238095238096 0.25263157894736843 0.6738095238095239 0.25758513931888544 0.6845238095238095 0.28173374613003094 0.6845238095238095 0.29659442724458207 0.675 0.3058823529411765 0.655952380952381 0.3065015479876161 0.6535714285714286 0.3065015479876161 0.6392857142857142 0.3015479876160991 0.6 0.286687306501548 0.5714285714285714 0.2625386996904025 0.5714285714285714 