2 0.36780185758513934 0.37142857142857144 0.3572755417956656 0.38095238095238093 0.34179566563467495 0.4095238095238095 0.3368421052631579 0.42023809523809524 0.3368421052631579 0.44642857142857145 0.34179566563467495 0.4654761904761905 0.35170278637770896 0.4928571428571429 0.3541795665634675 0.49404761904761907 0.3696594427244582 0.49404761904761907 0.37089783281733746 0.4928571428571429 0.37585139318885447 0.48333333333333334 0.3907120743034056 0.4369047619047619 0.3956656346749226 0.41785714285714287 0.3956656346749226 0.38452380952380955 0.39504643962848296 0.38095238095238093 0.3907120743034056 0.37142857142857144 0.36780185758513934 0.37142857142857144 
3 0.39690402476780184 0.4 0.3913312693498452 0.4023809523809524 0.3814241486068111 0.4297619047619048 0.36160990712074303 0.4857142857142857 0.3523219814241486 0.5142857142857142 0.35170278637770896 0.5202380952380953 0.35170278637770896 0.569047619047619 0.36160990712074303 0.5892857142857143 0.36656346749226004 0.5988095238095238 0.38080495356037153 0.5988095238095238 0.38575851393188854 0.5892857142857143 0.3956656346749226 0.569047619047619 0.4105263157894737 0.4845238095238095 0.4154798761609907 0.45476190476190476 0.4154798761609907 0.41904761904761906 0.4105263157894737 0.4023809523809524 0.40990712074303404 0.4011904761904762 0.40743034055727556 0.4 0.39690402476780184 0.4 
4 0.42105263157894735 0.4380952380952381 0.41114551083591333 0.44761904761904764 0.40619195046439627 0.45714285714285713 0.39628482972136225 0.49523809523809526 0.39628482972136225 0.5369047619047619 0.39690402476780184 0.5416666666666666 0.4241486068111455 0.5416666666666666 0.42538699690402476 0.5404761904761904 0.43529411764705883 0.5214285714285715 0.44024767801857584 0.4654761904761905 0.44024767801857584 0.45 0.43529411764705883 0.4380952380952381 0.42105263157894735 0.4380952380952381 
5 0.43777089783281736 0.49523809523809526 0.4359133126934985 0.49642857142857144 0.42105263157894735 0.5238095238095238 0.41114551083591333 0.580952380952381 0.41114551083591333 0.6464285714285715 0.42105263157894735 0.655952380952381 0.43034055727554177 0.655952380952381 0.44024767801857584 0.6452380952380953 0.4452012383900929 0.6357142857142857 0.4452012383900929 0.49523809523809526 0.43777089783281736 0.49523809523809526 
6 0.4520123839009288 0.4666666666666667 0.45077399380804956 0.46785714285714286 0.4458204334365325 0.47619047619047616 0.4408668730650155 0.5059523809523809 0.4359133126934985 0.6309523809523809 0.4359133126934985 0.6452380952380953 0.4408668730650155 0.6642857142857143 0.44148606811145513 0.6654761904761904 0.460061919504644 0.6654761904761904 0.465015479876161 0.655952380952381 0.469969040247678 0.6369047619047619 0.469969040247678 0.4785714285714286 0.465015479876161 0.4666666666666667 0.4520123839009288 0.4666666666666667 
7 0.4823529411764706 0.47619047619047616 0.48111455108359136 0.4773809523809524 0.4804953560371517 0.4785714285714286 0.4761609907120743 0.49523809523809526 0.47554179566563465 0.5 0.46563467492260063 0.580952380952381 0.46563467492260063 0.680952380952381 0.46687306501547987 0.6833333333333333 0.47554179566563465 0.6928571428571428 0.47987616099071206 0.6928571428571428 0.4848297213622291 0.6845238095238095 0.48978328173374613 0.6642857142857143 0.49473684210526314 0.625 0.49473684210526314 0.4869047619047619 0.48978328173374613 0.47619047619047616 0.4823529411764706 0.47619047619047616 
8 0.4953560371517028 0.49523809523809526 0.4904024767801858 0.5166666666666667 0.4854489164086687 0.6285714285714286 0.4854489164086687 0.6928571428571428 0.49102167182662537 0.7035714285714286 0.5151702786377709 0.7035714285714286 0.5188854489164086 0.7023809523809523 0.5195046439628483 0.7011904761904761 0.5195046439628483 0.6095238095238096 0.5145510835913313 0.5535714285714286 0.5095975232198142 0.5059523809523809 0.5046439628482973 0.49523809523809526 0.4953560371517028 0.49523809523809526 
9 0.5399380804953561 0.49523809523809526 0.5356037151702786 0.5047619047619047 0.530030959752322 0.525 0.525077399380805 0.5547619047619048 0.5201238390092879 0.6 0.5201238390092879 0.7035714285714286 0.5492260061919505 0.7035714285714286 0.5541795665634675 0.6928571428571428 0.5541795665634675 0.544047619047619 0.5492260061919505 0.5047619047619047 0.5442724458204334 0.4976190476190476 0.5405572755417957 0.49523809523809526 0.5399380804953561 0.49523809523809526 
10 0.5504643962848297 0.5142857142857142 0.5498452012383901 0.5154761904761904 0.5498452012383901 0.6511904761904762 0.5547987616099072 0.6928571428571428 0.5554179566563467 0.694047619047619 0.5727554179566563 0.694047619047619 0.5789473684210527 0.6845238095238095 0.5789473684210527 0.6392857142857142 0.5739938080495356 0.5928571428571429 0.5690402476780185 0.5523809523809524 0.5640866873065016 0.5238095238095238 0.5591331269349845 0.5154761904761904 0.5572755417956656 0.5142857142857142 0.5504643962848297 0.5142857142857142 
11 0.5746130030959752 0.47619047619047616 0.5696594427244582 0.4857142857142857 0.5696594427244582 0.6357142857142857 0.5801857585139318 0.675 0.5888544891640867 0.675 0.5938080495356037 0.6654761904761904 0.5987616099071208 0.6547619047619048 0.5987616099071208 0.6095238095238096 0.5938080495356037 0.544047619047619 0.5888544891640867 0.5059523809523809 0.58328173374613 0.4857142857142857 0.5789473684210527 0.4773809523809524 0.5777089783281734 0.47619047619047616 0.5746130030959752 0.47619047619047616 
12 0.5944272445820433 0.47619047619047616 0.5894736842105263 0.4988095238095238 0.5894736842105263 0.6166666666666667 0.5944272445820433 0.6452380952380953 0.5993808049535604 0.655952380952381 0.6229102167182663 0.655952380952381 0.6235294117647059 0.6535714285714286 0.6235294117647059 0.6095238095238096 0.6185758513931888 0.5428571428571428 0.6086687306501548 0.49642857142857144 0.6037151702786377 0.4857142857142857 0.5981424148606811 0.47619047619047616 0.5944272445820433 0.47619047619047616 
13 0.5944272445820433 0.42857142857142855 0.5894736842105263 0.4392857142857143 0.5894736842105263 0.48333333333333334 0.6092879256965944 0.5511904761904762 0.638390092879257 0.5511904761904762 0.638390092879257 0.5047619047619047 0.6334365325077399 0.4857142857142857 0.6136222910216719 0.4392857142857143 0.6130030959752322 0.4380952380952381 0.6080495356037152 0.4297619047619048 0.6068111455108359 0.42857142857142855 0.5944272445820433 0.42857142857142855 
14 0.6253869969040248 0.4095238095238095 0.6241486068111455 0.4107142857142857 0.6241486068111455 0.4452380952380952 0.6291021671826625 0.4928571428571429 0.6340557275541796 0.530952380952381 0.6439628482972136 0.5988095238095238 0.6489164086687307 0.6071428571428571 0.6507739938080496 0.6083333333333333 0.6575851393188854 0.6083333333333333 0.6681114551083591 0.5988095238095238 0.6829721362229102 0.5797619047619048 0.6829721362229102 0.525 0.6780185758513931 0.5047619047619047 0.648297213622291 0.43214285714285716 0.6427244582043343 0.41904761904761906 0.6377708978328174 0.4095238095238095 0.6253869969040248 0.4095238095238095 
15 0.6396284829721363 0.38095238095238093 0.6340557275541796 0.3904761904761905 0.6340557275541796 0.42738095238095236 0.6495356037151703 0.475 0.6643962848297214 0.5035714285714286 0.6730650154798762 0.5035714285714286 0.6823529411764706 0.49404761904761907 0.6879256965944273 0.4845238095238095 0.6928792569659443 0.475 0.6965944272445821 0.45595238095238094 0.6978328173374613 0.44642857142857145 0.6978328173374613 0.4392857142857143 0.6928792569659443 0.41904761904761906 0.6879256965944273 0.4095238095238095 0.6631578947368421 0.38095238095238093 0.6396284829721363 0.38095238095238093 
18 0.7139318885448916 0.580952380952381 0.708359133126935 0.5904761904761905 0.698452012383901 0.6095238095238096 0.6934984520123839 0.6202380952380953 0.6934984520123839 0.6535714285714286 0.6941176470588235 0.655952380952381 0.708359133126935 0.6833333333333333 0.7281733746130031 0.7119047619047619 0.7294117647058823 0.7130952380952381 0.7473684210526316 0.7130952380952381 0.7572755417956656 0.6845238095238095 0.7572755417956656 0.6392857142857142 0.7424148606811145 0.6 0.7325077399380805 0.5821428571428572 0.7306501547987616 0.580952380952381 0.7139318885448916 0.580952380952381 
19 0.6594427244582043 0.5904761904761905 0.6445820433436532 0.6095238095238096 0.6396284829721363 0.6190476190476191 0.6390092879256966 0.6226190476190476 0.6390092879256966 0.6547619047619048 0.6693498452012384 0.7321428571428571 0.6736842105263158 0.7416666666666667 0.6786377708978328 0.7511904761904762 0.6891640866873066 0.7607142857142857 0.7021671826625387 0.7607142857142857 0.7226006191950465 0.7309523809523809 0.7226006191950465 0.7047619047619048 0.7170278637770898 0.6857142857142857 0.6829721362229102 0.5904761904761905 0.6594427244582043 0.5904761904761905 
20 0.631578947368421 0.6857142857142857 0.6291021671826625 0.6869047619047619 0.6191950464396285 0.705952380952381 0.6191950464396285 0.7488095238095238 0.6198142414860681 0.7511904761904762 0.6291021671826625 0.7702380952380953 0.6340557275541796 0.7797619047619048 0.6390092879256966 0.7880952380952381 0.6588235294117647 0.8178571428571428 0.6674922600619195 0.8178571428571428 0.6780185758513931 0.8083333333333333 0.6780185758513931 0.7773809523809524 0.6773993808049535 0.7714285714285715 0.6730650154798762 0.7523809523809524 0.6631578947368421 0.7142857142857143 0.648297213622291 0.6857142857142857 0.631578947368421 0.6857142857142857 
21 0.6 0.6761904761904762 0.5894736842105263 0.6857142857142857 0.5845201238390093 0.6952380952380952 0.5845201238390093 0.7214285714285714 0.6092879256965944 0.7988095238095239 0.6142414860681115 0.8083333333333333 0.6198142414860681 0.8178571428571428 0.6278637770897832 0.8178571428571428 0.6334365325077399 0.8083333333333333 0.6334365325077399 0.7821428571428571 0.6185758513931888 0.6952380952380952 0.6130030959752322 0.6761904761904762 0.6 0.6761904761904762 
22 0.5702786377708978 0.7047619047619048 0.5647058823529412 0.7142857142857143 0.5647058823529412 0.75 0.5696594427244582 0.7702380952380953 0.595046439628483 0.8464285714285714 0.5993808049535604 0.8559523809523809 0.6068111455108359 0.8559523809523809 0.6086687306501548 0.8547619047619047 0.6086687306501548 0.8023809523809524 0.6037151702786377 0.7571428571428571 0.5987616099071208 0.7333333333333333 0.5938080495356037 0.7142857142857143 0.5882352941176471 0.7047619047619048 0.5702786377708978 0.7047619047619048 
23 0.541795665634675 0.7238095238095238 0.5399380804953561 0.725 0.5399380804953561 0.7511904761904762 0.544891640866873 0.7702380952380953 0.5554179566563467 0.8083333333333333 0.5603715170278638 0.8178571428571428 0.5739938080495356 0.8178571428571428 0.5739938080495356 0.763095238095238 0.5684210526315789 0.7238095238095238 0.541795665634675 0.7238095238095238 
24 0.5201238390092879 0.7238095238095238 0.5201238390092879 0.7690476190476191 0.525077399380805 0.7976190476190477 0.534984520123839 0.8273809523809523 0.5405572755417957 0.8369047619047619 0.551702786377709 0.8369047619047619 0.5535603715170279 0.8357142857142857 0.5541795665634675 0.8333333333333334 0.5541795665634675 0.8202380952380952 0.5442724458204334 0.725 0.5436532507739938 0.7238095238095238 0.5201238390092879 0.7238095238095238 
25 0.49597523219814244 0.7238095238095238 0.4953560371517028 0.725 0.4953560371517028 0.7607142857142857 0.5003095975232198 0.8154761904761905 0.5052631578947369 0.8464285714285714 0.5145510835913313 0.8464285714285714 0.5195046439628483 0.8369047619047619 0.5244582043343653 0.7595238095238095 0.5244582043343653 0.7273809523809524 0.5238390092879257 0.7238095238095238 0.49597523219814244 0.7238095238095238 
26 0.47554179566563465 0.7142857142857143 0.47058823529411764 0.7238095238095238 0.47058823529411764 0.7535714285714286 0.4712074303405573 0.7607142857142857 0.47554179566563465 0.7952380952380952 0.4804953560371517 0.8273809523809523 0.48606811145510836 0.8369047619047619 0.49411764705882355 0.8369047619047619 0.4996904024767802 0.8273809523809523 0.4996904024767802 0.7142857142857143 0.47554179566563465 0.7142857142857143 
27 0.4520123839009288 0.6952380952380952 0.45077399380804956 0.6964285714285714 0.4458204334365325 0.7047619047619048 0.4408668730650155 0.725 0.4309597523219814 0.7821428571428571 0.4309597523219814 0.8357142857142857 0.4328173374613003 0.8369047619047619 0.4501547987616099 0.8369047619047619 0.4551083591331269 0.8273809523809523 0.460061919504644 0.8166666666666667 0.465015479876161 0.7988095238095239 0.47492260061919506 0.7595238095238095 0.47492260061919506 0.7071428571428572 0.4743034055727554 0.7047619047619048 0.4693498452012384 0.6952380952380952 0.4520123839009288 0.6952380952380952 
28 0.4359133126934985 0.6666666666666666 0.42105263157894735 0.6761904761904762 0.41609907120743034 0.6964285714285714 0.40619195046439627 0.7738095238095238 0.40619195046439627 0.7857142857142857 0.41114551083591333 0.8071428571428572 0.4154798761609907 0.8083333333333333 0.42043343653250775 0.8083333333333333 0.43034055727554177 0.7880952380952381 0.43529411764705883 0.7761904761904762 0.44024767801857584 0.7607142857142857 0.4551083591331269 0.7130952380952381 0.4551083591331269 0.6857142857142857 0.4501547987616099 0.6761904761904762 0.4452012383900929 0.6678571428571428 0.4439628482972136 0.6666666666666666 0.4359133126934985 0.6666666666666666 
29 0.38204334365325077 0.6857142857142857 0.3715170278637771 0.6952380952380952 0.36656346749226004 0.705952380952381 0.356656346749226 0.7333333333333333 0.34674922600619196 0.7714285714285715 0.34674922600619196 0.8047619047619048 0.3473684210526316 0.8083333333333333 0.35170278637770896 0.8178571428571428 0.37089783281733746 0.8178571428571428 0.3801857585139319 0.8083333333333333 0.4 0.7797619047619048 0.4055727554179567 0.7702380952380953 0.40990712074303404 0.7595238095238095 0.4105263157894737 0.7571428571428571 0.4105263157894737 0.705952380952381 0.4006191950464396 0.6857142857142857 0.38204334365325077 0.6857142857142857 
30 0.35170278637770896 0.580952380952381 0.3219814241486068 0.6583333333333333 0.31207430340557274 0.6952380952380952 0.31207430340557274 0.7297619047619047 0.3126934984520124 0.7309523809523809 0.3318885448916409 0.7607142857142857 0.3461300309597523 0.7607142857142857 0.3560371517027864 0.7511904761904762 0.37585139318885447 0.7119047619047619 0.38080495356037153 0.7011904761904761 0.4006191950464396 0.6464285714285715 0.4006191950464396 0.6226190476190476 0.4 0.6190476190476191 0.3956656346749226 0.6095238095238096 0.3845201238390093 0.5904761904761905 0.37089783281733746 0.580952380952381 0.35170278637770896 0.580952380952381 
31 0.3077399380804954 0.5619047619047619 0.29721362229102166 0.5714285714285714 0.29226006191950465 0.580952380952381 0.2724458204334365 0.6285714285714286 0.2724458204334365 0.6642857142857143 0.27306501547987616 0.6654761904761904 0.29226006191950465 0.6928571428571428 0.29659442724458207 0.6928571428571428 0.31640866873065016 0.6738095238095239 0.34055727554179566 0.6464285714285715 0.3411764705882353 0.6452380952380953 0.3411764705882353 0.6 0.33126934984520123 0.5714285714285714 0.3256965944272446 0.5619047619047619 0.3077399380804954 0.5619047619047619 
A 0.3925696594427245 0.5333333333333333 0.3913312693498452 0.5345238095238095 0.3814241486068111 0.580952380952381 0.3814241486068111 0.6071428571428571 0.3863777089783282 0.6178571428571429 0.4018575851393189 0.6369047619047619 0.41424148606811145 0.6369047619047619 0.4154798761609907 0.6357142857142857 0.42538699690402476 0.5702380952380952 0.42538699690402476 0.5357142857142857 0.4247678018575851 0.5333333333333333 0.3925696594427245 0.5333333333333333 
J 0.6346749226006192 0.5238095238095238 0.6142414860681115 0.5428571428571428 0.6142414860681115 0.6166666666666667 0.6191950464396285 0.6357142857142857 0.6204334365325077 0.6369047619047619 0.6421052631578947 0.6369047619047619 0.653250773993808 0.6178571428571429 0.653250773993808 0.5916666666666667 0.648297213622291 0.5523809523809524 0.6427244582043343 0.5238095238095238 0.6346749226006192 0.5238095238095238 
K 0.6247678018575852 0.638095238095238 0.6043343653250774 0.6476190476190476 0.6043343653250774 0.6833333333333333 0.6092879256965944 0.7023809523809523 0.6142414860681115 0.7130952380952381 0.6544891640866873 0.7226190476190476 0.6625386996904025 0.7226190476190476 0.6631578947368421 0.7214285714285714 0.6631578947368421 0.705952380952381 0.653250773993808 0.6666666666666666 0.6476780185758514 0.6476190476190476 0.6427244582043343 0.638095238095238 0.6247678018575852 0.638095238095238 
T 0.39690402476780184 0.6285714285714286 0.3913312693498452 0.638095238095238 0.38699690402476783 0.6476190476190476 0.3764705882352941 0.7 0.3764705882352941 0.7011904761904761 0.37708978328173376 0.7035714285714286 0.4068111455108359 0.7416666666666667 0.4154798761609907 0.7416666666666667 0.42043343653250775 0.7309523809523809 0.43529411764705883 0.6845238095238095 0.43529411764705883 0.6488095238095238 0.4297213622291022 0.638095238095238 0.41424148606811145 0.6285714285714286 0.39690402476780184 0.6285714285714286 