1 0.3139318885448916 0.4 0.31207430340557274 0.4011904761904762 0.3027863777089783 0.4095238095238095 0.29721362229102166 0.41904761904761906 0.29226006191950465 0.42857142857142855 0.29226006191950465 0.45 0.29287925696594425 0.45595238095238094 0.2978328173374613 0.475 0.3126934984520124 0.49404761904761907 0.32445820433436534 0.49404761904761907 0.3263157894736842 0.4928571428571429 0.33622291021671824 0.4738095238095238 0.33622291021671824 0.42857142857142855 0.33126934984520123 0.41904761904761906 0.3256965944272446 0.4095238095238095 0.31640866873065016 0.4 0.3139318885448916 0.4 
2 0.33746130030959753 0.4095238095238095 0.3368421052631579 0.4107142857142857 0.3318885448916409 0.42142857142857143 0.3170278637770898 0.4869047619047619 0.3170278637770898 0.5297619047619048 0.3219814241486068 0.5404761904761904 0.3238390092879257 0.5416666666666666 0.34241486068111454 0.5511904761904762 0.3560371517027864 0.5511904761904762 0.36594427244582045 0.5321428571428571 0.36594427244582045 0.42023809523809524 0.3653250773993808 0.41904761904761906 0.3510835913312694 0.4095238095238095 0.33746130030959753 0.4095238095238095 
3 0.36160990712074303 0.47619047619047616 0.34179566563467495 0.5630952380952381 0.34179566563467495 0.5928571428571429 0.34241486068111454 0.5988095238095238 0.3473684210526316 0.6178571428571429 0.35170278637770896 0.6273809523809524 0.36160990712074303 0.6357142857142857 0.36408668730650157 0.6369047619047619 0.38080495356037153 0.6369047619047619 0.3907120743034056 0.6154761904761905 0.3956656346749226 0.5678571428571428 0.3956656346749226 0.47619047619047616 0.36160990712074303 0.47619047619047616 
4 0.41238390092879257 0.4666666666666667 0.41114551083591333 0.46785714285714286 0.40619195046439627 0.47619047619047616 0.4018575851393189 0.4857142857142857 0.3913312693498452 0.5154761904761904 0.3814241486068111 0.6095238095238096 0.3814241486068111 0.6273809523809524 0.3925696594427245 0.6369047619047619 0.4148606811145511 0.6369047619047619 0.4154798761609907 0.6333333333333333 0.42043343653250775 0.5785714285714286 0.42043343653250775 0.4666666666666667 0.41238390092879257 0.4666666666666667 
5 0.4309597523219814 0.45714285714285713 0.421671826625387 0.47619047619047616 0.41609907120743034 0.49642857142857144 0.41114551083591333 0.5714285714285714 0.41114551083591333 0.6535714285714286 0.41238390092879257 0.655952380952381 0.42043343653250775 0.655952380952381 0.4390092879256966 0.6464285714285715 0.44024767801857584 0.6452380952380953 0.4452012383900929 0.6369047619047619 0.4452012383900929 0.4976190476190476 0.44024767801857584 0.4583333333333333 0.43962848297213625 0.45714285714285713 0.4309597523219814 0.45714285714285713 
6 0.4458204334365325 0.45714285714285713 0.4408668730650155 0.4666666666666667 0.4359133126934985 0.6285714285714286 0.4359133126934985 0.655952380952381 0.44148606811145513 0.6654761904761904 0.4551083591331269 0.6654761904761904 0.460061919504644 0.6547619047619048 0.460061919504644 0.4797619047619048 0.45944272445820433 0.47619047619047616 0.4551083591331269 0.46785714285714286 0.4470588235294118 0.45714285714285713 0.4458204334365325 0.45714285714285713 
7 0.47554179566563465 0.5047619047619047 0.47058823529411764 0.5142857142857142 0.46068111455108357 0.5535714285714286 0.45572755417956656 0.5833333333333334 0.45572755417956656 0.655952380952381 0.4743034055727554 0.655952380952381 0.47987616099071206 0.6452380952380953 0.4848297213622291 0.6273809523809524 0.4848297213622291 0.5714285714285714 0.47987616099071206 0.5047619047619047 0.47554179566563465 0.5047619047619047 
8 0.4904024767801858 0.5142857142857142 0.4854489164086687 0.5333333333333333 0.4804953560371517 0.5714285714285714 0.47554179566563465 0.6214285714285714 0.47554179566563465 0.6261904761904762 0.4761609907120743 0.655952380952381 0.4804953560371517 0.6654761904761904 0.5046439628482973 0.6654761904761904 0.5046439628482973 0.5333333333333333 0.4996904024767802 0.5142857142857142 0.4904024767801858 0.5142857142857142 
9 0.5114551083591331 0.5238095238095238 0.5102167182662539 0.525 0.5052631578947369 0.5428571428571428 0.5003095975232198 0.6107142857142858 0.5003095975232198 0.6654761904761904 0.5294117647058824 0.6654761904761904 0.5294117647058824 0.6011904761904762 0.5244582043343653 0.5333333333333333 0.5188854489164086 0.5238095238095238 0.5114551083591331 0.5238095238095238 
10 0.5306501547987617 0.5142857142857142 0.530030959752322 0.5154761904761904 0.525077399380805 0.5345238095238095 0.525077399380805 0.655952380952381 0.5362229102167183 0.6654761904761904 0.5535603715170279 0.6654761904761904 0.5541795665634675 0.6642857142857143 0.5541795665634675 0.6190476190476191 0.5492260061919505 0.5619047619047619 0.5442724458204334 0.5238095238095238 0.5393188854489164 0.5142857142857142 0.5306501547987617 0.5142857142857142 
11 0.5547987616099072 0.4666666666666667 0.5498452012383901 0.4773809523809524 0.5455108359133127 0.5333333333333333 0.544891640866873 0.5619047619047619 0.544891640866873 0.6273809523809524 0.5498452012383901 0.6547619047619048 0.5547987616099072 0.6654761904761904 0.5628482972136223 0.6654761904761904 0.5739938080495356 0.655952380952381 0.5739938080495356 0.5714285714285714 0.5690402476780185 0.4738095238095238 0.5684210526315789 0.4666666666666667 0.5547987616099072 0.4666666666666667 
12 0.5752321981424149 0.4857142857142857 0.5696594427244582 0.49642857142857144 0.5647058823529412 0.5190476190476191 0.5647058823529412 0.5761904761904761 0.5696594427244582 0.655952380952381 0.5931888544891641 0.655952380952381 0.5938080495356037 0.6547619047619048 0.5938080495356037 0.5726190476190476 0.5888544891640867 0.4857142857142857 0.5752321981424149 0.4857142857142857 
13 0.6111455108359133 0.44761904761904764 0.6092879256965944 0.4488095238095238 0.5993808049535604 0.4666666666666667 0.5845201238390093 0.5238095238095238 0.5845201238390093 0.5797619047619048 0.5993808049535604 0.6083333333333333 0.6136222910216719 0.6083333333333333 0.6185758513931888 0.5976190476190476 0.6235294117647059 0.55 0.6235294117647059 0.4773809523809524 0.6185758513931888 0.44761904761904764 0.6111455108359133 0.44761904761904764 
14 0.6340557275541796 0.49523809523809526 0.6291021671826625 0.5047619047619047 0.6247678018575852 0.5238095238095238 0.6241486068111455 0.5273809523809524 0.6191950464396285 0.5916666666666667 0.6191950464396285 0.6357142857142857 0.6241486068111455 0.6464285714285715 0.6458204334365325 0.6464285714285715 0.648297213622291 0.6452380952380953 0.6631578947368421 0.6369047619047619 0.6631578947368421 0.5726190476190476 0.6582043343653251 0.5333333333333333 0.653250773993808 0.49523809523809526 0.6340557275541796 0.49523809523809526 
15 0.6637770897832818 0.42857142857142855 0.6538699690402476 0.44761904761904764 0.6495356037151703 0.47619047619047616 0.6489164086687307 0.4845238095238095 0.6489164086687307 0.5416666666666666 0.6588235294117647 0.5607142857142857 0.6643962848297214 0.5702380952380952 0.6780185758513931 0.5702380952380952 0.6873065015479877 0.5595238095238095 0.6928792569659443 0.5511904761904762 0.6928792569659443 0.49642857142857144 0.6829721362229102 0.4297619047619048 0.6823529411764706 0.42857142857142855 0.6637770897832818 0.42857142857142855 
16 0.6934984520123839 0.41904761904761906 0.6885448916408669 0.430952380952381 0.6835913312693499 0.45 0.6835913312693499 0.4988095238095238 0.6842105263157895 0.5011904761904762 0.6934984520123839 0.513095238095238 0.7071207430340557 0.513095238095238 0.7126934984520124 0.5023809523809524 0.7226006191950465 0.475 0.7226006191950465 0.4380952380952381 0.7077399380804954 0.41904761904761906 0.6934984520123839 0.41904761904761906 
17 0.7294117647058823 0.6285714285714286 0.718266253869969 0.6392857142857142 0.713312693498452 0.6595238095238095 0.713312693498452 0.7130952380952381 0.7232198142414861 0.7309523809523809 0.725077399380805 0.7321428571428571 0.7411764705882353 0.7321428571428571 0.7424148606811145 0.7309523809523809 0.7523219814241486 0.7130952380952381 0.7523219814241486 0.638095238095238 0.746749226006192 0.6285714285714286 0.7294117647058823 0.6285714285714286 
18 0.6904024767801857 0.6571428571428571 0.6743034055727554 0.6666666666666666 0.6687306501547987 0.6761904761904762 0.6637770897832818 0.6869047619047619 0.6637770897832818 0.7083333333333334 0.6643962848297214 0.7130952380952381 0.6885448916408669 0.7702380952380953 0.6941176470588235 0.7797619047619048 0.7126934984520124 0.7797619047619048 0.7226006191950465 0.7702380952380953 0.7275541795665634 0.7595238095238095 0.7275541795665634 0.7357142857142858 0.7226006191950465 0.7047619047619048 0.7126934984520124 0.6666666666666666 0.7077399380804954 0.6571428571428571 0.6904024767801857 0.6571428571428571 
19 0.6439628482972136 0.6476190476190476 0.6241486068111455 0.6571428571428571 0.6191950464396285 0.6666666666666666 0.6191950464396285 0.6845238095238095 0.6390092879256966 0.7892857142857143 0.6489164086687307 0.8071428571428572 0.6507739938080496 0.8083333333333333 0.6625386996904025 0.8083333333333333 0.6780185758513931 0.7892857142857143 0.6780185758513931 0.7452380952380953 0.6730650154798762 0.6571428571428571 0.6674922600619195 0.6476190476190476 0.6439628482972136 0.6476190476190476 
20 0.6 0.6666666666666666 0.5944272445820433 0.6773809523809524 0.5944272445820433 0.7297619047619047 0.6191950464396285 0.8357142857142857 0.6198142414860681 0.8369047619047619 0.6328173374613003 0.8369047619047619 0.6334365325077399 0.8345238095238096 0.6334365325077399 0.8107142857142857 0.628482972136223 0.6773809523809524 0.6278637770897832 0.6761904761904762 0.6185758513931888 0.6666666666666666 0.6 0.6666666666666666 
21 0.5801857585139318 0.6571428571428571 0.5746130030959752 0.669047619047619 0.5696594427244582 0.6857142857142857 0.5696594427244582 0.7297619047619047 0.5746130030959752 0.7988095238095239 0.5795665634674922 0.8273809523809523 0.5845201238390093 0.8369047619047619 0.5931888544891641 0.8369047619047619 0.5938080495356037 0.8357142857142857 0.5987616099071208 0.7988095238095239 0.5987616099071208 0.6666666666666666 0.5938080495356037 0.6571428571428571 0.5801857585139318 0.6571428571428571 
22 0.5504643962848297 0.6666666666666666 0.544891640866873 0.6773809523809524 0.544891640866873 0.7130952380952381 0.5498452012383901 0.7702380952380953 0.5547987616099072 0.805952380952381 0.5597523219814241 0.8369047619047619 0.5647058823529412 0.8464285714285714 0.5739938080495356 0.8464285714285714 0.5739938080495356 0.680952380952381 0.573374613003096 0.6761904761904762 0.5690402476780185 0.6666666666666666 0.5504643962848297 0.6666666666666666 
23 0.530030959752322 0.6666666666666666 0.530030959752322 0.7738095238095238 0.5306501547987617 0.7797619047619048 0.534984520123839 0.8083333333333333 0.5405572755417957 0.8178571428571428 0.5486068111455108 0.8178571428571428 0.5492260061919505 0.8130952380952381 0.5492260061919505 0.669047619047619 0.5486068111455108 0.6666666666666666 0.530030959752322 0.6666666666666666 
24 0.5201238390092879 0.6666666666666666 0.5052631578947369 0.6761904761904762 0.5052631578947369 0.7035714285714286 0.5157894736842106 0.7797619047619048 0.5201238390092879 0.7976190476190477 0.525077399380805 0.8071428571428572 0.5269349845201239 0.8083333333333333 0.5337461300309597 0.8083333333333333 0.5343653250773994 0.8071428571428572 0.5343653250773994 0.75 0.5294117647058824 0.6666666666666666 0.5201238390092879 0.6666666666666666 
25 0.4904024767801858 0.6666666666666666 0.4904024767801858 0.7226190476190476 0.4953560371517028 0.7797619047619048 0.5003095975232198 0.8083333333333333 0.513312693498452 0.8083333333333333 0.5145510835913313 0.8071428571428572 0.5145510835913313 0.6964285714285714 0.5095975232198142 0.6666666666666666 0.4904024767801858 0.6666666666666666 
26 0.47678018575851394 0.6666666666666666 0.47554179566563465 0.6678571428571428 0.47554179566563465 0.7321428571428571 0.4854489164086687 0.8011904761904762 0.49102167182662537 0.8178571428571428 0.4996904024767802 0.8178571428571428 0.4996904024767802 0.7154761904761905 0.49473684210526314 0.6666666666666666 0.47678018575851394 0.6666666666666666 
27 0.4569659442724458 0.6571428571428571 0.45572755417956656 0.6595238095238095 0.45077399380804956 0.6761904761904762 0.45077399380804956 0.7488095238095238 0.45572755417956656 0.7880952380952381 0.46563467492260063 0.8261904761904761 0.4712074303405573 0.8369047619047619 0.4786377708978328 0.8369047619047619 0.47987616099071206 0.8357142857142857 0.47987616099071206 0.6761904761904762 0.47492260061919506 0.6571428571428571 0.4569659442724458 0.6571428571428571 
28 0.4359133126934985 0.6476190476190476 0.4260061919504644 0.6666666666666666 0.42105263157894735 0.6857142857142857 0.42105263157894735 0.7321428571428571 0.4260061919504644 0.7797619047619048 0.4309597523219814 0.805952380952381 0.4359133126934985 0.8261904761904761 0.4408668730650155 0.8369047619047619 0.4551083591331269 0.8333333333333334 0.460061919504644 0.7976190476190477 0.460061919504644 0.7440476190476191 0.4551083591331269 0.6761904761904762 0.44953560371517026 0.6571428571428571 0.4452012383900929 0.6476190476190476 0.4359133126934985 0.6476190476190476 
29 0.4024767801857585 0.6476190476190476 0.3913312693498452 0.6571428571428571 0.3863777089783282 0.7523809523809524 0.3863777089783282 0.7892857142857143 0.3913312693498452 0.8154761904761905 0.39195046439628484 0.8178571428571428 0.4105263157894737 0.8178571428571428 0.4154798761609907 0.7988095238095239 0.42538699690402476 0.7321428571428571 0.43034055727554177 0.694047619047619 0.43034055727554177 0.6761904761904762 0.42538699690402476 0.6571428571428571 0.42043343653250775 0.6476190476190476 0.4024767801857585 0.6476190476190476 
30 0.34674922600619196 0.638095238095238 0.34179566563467495 0.6476190476190476 0.34179566563467495 0.7797619047619048 0.3671826625386997 0.7988095238095239 0.3752321981424149 0.7988095238095239 0.38575851393188854 0.7892857142857143 0.3956656346749226 0.7309523809523809 0.3956656346749226 0.6488095238095238 0.39504643962848296 0.6476190476190476 0.3746130030959752 0.638095238095238 0.34674922600619196 0.638095238095238 
31 0.31207430340557274 0.638095238095238 0.30712074303405573 0.6476190476190476 0.3021671826625387 0.6583333333333333 0.29845201238390096 0.6666666666666666 0.29721362229102166 0.6702380952380952 0.29226006191950465 0.6964285714285714 0.29226006191950465 0.7595238095238095 0.2978328173374613 0.7702380952380953 0.32074303405572757 0.7702380952380953 0.3306501547987616 0.7607142857142857 0.3455108359133127 0.7321428571428571 0.3461300309597523 0.7297619047619047 0.3461300309597523 0.6583333333333333 0.33126934984520123 0.6392857142857142 0.330030959752322 0.638095238095238 0.31207430340557274 0.638095238095238 
32 0.27306501547987616 0.6095238095238096 0.2674922600619195 0.6190476190476191 0.2674922600619195 0.655952380952381 0.26811145510835915 0.6654761904761904 0.2736842105263158 0.680952380952381 0.27678018575851393 0.6845238095238095 0.2823529411764706 0.6892857142857143 0.2891640866873065 0.6928571428571428 0.291640866873065 0.6928571428571428 0.3015479876160991 0.6845238095238095 0.3015479876160991 0.638095238095238 0.29659442724458207 0.6285714285714286 0.286687306501548 0.6107142857142858 0.28421052631578947 0.6095238095238096 0.27306501547987616 0.6095238095238096 