1 0.3046439628482972 0.3142857142857143 0.3021671826625387 0.31547619047619047 0.29721362229102166 0.3238095238095238 0.28792569659442724 0.3619047619047619 0.2873065015479876 0.36666666666666664 0.2873065015479876 0.39880952380952384 0.29226006191950465 0.4083333333333333 0.3027863777089783 0.41785714285714287 0.3263157894736842 0.41785714285714287 0.33126934984520123 0.4083333333333333 0.33622291021671824 0.3869047619047619 0.3411764705882353 0.3607142857142857 0.3411764705882353 0.3333333333333333 0.33126934984520123 0.3238095238095238 0.31640866873065016 0.3142857142857143 0.3046439628482972 0.3142857142857143 
2 0.3380804953560371 0.3333333333333333 0.33746130030959753 0.3345238095238095 0.3021671826625387 0.4380952380952381 0.29721362229102166 0.45714285714285713 0.29721362229102166 0.4726190476190476 0.3021671826625387 0.4928571428571429 0.31207430340557274 0.513095238095238 0.3170278637770898 0.5226190476190476 0.34055727554179566 0.5226190476190476 0.3461300309597523 0.513095238095238 0.3510835913312694 0.5023809523809524 0.3609907120743034 0.4357142857142857 0.3609907120743034 0.3523809523809524 0.3560371517027864 0.3345238095238095 0.35541795665634673 0.3333333333333333 0.3380804953560371 0.3333333333333333 
3 0.3715170278637771 0.3523809523809524 0.36160990712074303 0.37142857142857144 0.356656346749226 0.3904761904761905 0.3368421052631579 0.5154761904761904 0.3368421052631579 0.5392857142857143 0.33746130030959753 0.5416666666666666 0.34179566563467495 0.5511904761904762 0.34674922600619196 0.5607142857142857 0.38575851393188854 0.5607142857142857 0.39504643962848296 0.5416666666666666 0.3956656346749226 0.5392857142857143 0.3956656346749226 0.49642857142857144 0.38575851393188854 0.3738095238095238 0.38080495356037153 0.3523809523809524 0.3715170278637771 0.3523809523809524 
4 0.41114551083591333 0.38095238095238093 0.40123839009287926 0.3904761904761905 0.39628482972136225 0.4107142857142857 0.3863777089783282 0.45714285714285713 0.3863777089783282 0.5607142857142857 0.42043343653250775 0.5607142857142857 0.42043343653250775 0.4 0.4148606811145511 0.38095238095238093 0.41114551083591333 0.38095238095238093 
5 0.4260061919504644 0.37142857142857144 0.42105263157894735 0.3904761904761905 0.41609907120743034 0.41904761904761906 0.4117647058823529 0.45714285714285713 0.41114551083591333 0.4654761904761905 0.41114551083591333 0.5595238095238095 0.4173374613003096 0.5702380952380952 0.4340557275541796 0.5702380952380952 0.43529411764705883 0.569047619047619 0.44458204334365325 0.5595238095238095 0.4452012383900929 0.5583333333333333 0.4452012383900929 0.4666666666666667 0.44024767801857584 0.38095238095238093 0.4346749226006192 0.37142857142857144 0.4260061919504644 0.37142857142857144 
6 0.45139318885448915 0.3523809523809524 0.45077399380804956 0.3535714285714286 0.4458204334365325 0.37142857142857144 0.4359133126934985 0.4488095238095238 0.4359133126934985 0.4654761904761905 0.4408668730650155 0.5785714285714286 0.44148606811145513 0.5797619047619048 0.4551083591331269 0.5797619047619048 0.460061919504644 0.569047619047619 0.465015479876161 0.5488095238095239 0.465015479876161 0.3547619047619048 0.46439628482972134 0.3523809523809524 0.45139318885448915 0.3523809523809524 
7 0.4804953560371517 0.4095238095238095 0.46563467492260063 0.4666666666666667 0.46068111455108357 0.4869047619047619 0.45572755417956656 0.5428571428571428 0.45572755417956656 0.5678571428571428 0.4613003095975232 0.5892857142857143 0.47492260061919506 0.5892857142857143 0.4848297213622291 0.5702380952380952 0.48978328173374613 0.475 0.48978328173374613 0.4107142857142857 0.4891640866873065 0.4095238095238095 0.4804953560371517 0.4095238095238095 
8 0.496594427244582 0.4095238095238095 0.4953560371517028 0.4107142857142857 0.4904024767801858 0.42857142857142855 0.4854489164086687 0.44761904761904764 0.4804953560371517 0.4797619047619048 0.4804953560371517 0.5976190476190476 0.48606811145510836 0.6083333333333333 0.5040247678018576 0.6083333333333333 0.5046439628482973 0.6071428571428571 0.5095975232198142 0.5035714285714286 0.5095975232198142 0.4095238095238095 0.496594427244582 0.4095238095238095 
9 0.5256965944272446 0.3904761904761905 0.5157894736842106 0.4095238095238095 0.5102167182662539 0.42857142857142855 0.5003095975232198 0.5059523809523809 0.5003095975232198 0.6047619047619047 0.5009287925696595 0.6071428571428571 0.5052631578947369 0.6178571428571429 0.5294117647058824 0.6178571428571429 0.5343653250773994 0.5976190476190476 0.5343653250773994 0.39166666666666666 0.5331269349845201 0.3904761904761905 0.5256965944272446 0.3904761904761905 
10 0.5504643962848297 0.4 0.5498452012383901 0.4011904761904762 0.5356037151702786 0.4380952380952381 0.534984520123839 0.44047619047619047 0.530030959752322 0.46904761904761905 0.530030959752322 0.5857142857142857 0.5306501547987617 0.5880952380952381 0.5318885448916408 0.5892857142857143 0.5486068111455108 0.5892857142857143 0.5541795665634675 0.5785714285714286 0.5591331269349845 0.5595238095238095 0.5640866873065016 0.4357142857142857 0.5640866873065016 0.4023809523809524 0.5628482972136223 0.4011904761904762 0.5603715170278638 0.4 0.5504643962848297 0.4 
11 0.5653250773993808 0.3619047619047619 0.5647058823529412 0.3630952380952381 0.5597523219814241 0.4035714285714286 0.5547987616099072 0.45476190476190476 0.5498452012383901 0.5535714285714286 0.5498452012383901 0.5583333333333333 0.5547987616099072 0.5797619047619048 0.5597523219814241 0.5892857142857143 0.5727554179566563 0.5892857142857143 0.5739938080495356 0.5880952380952381 0.5789473684210527 0.569047619047619 0.5839009287925696 0.39880952380952384 0.5839009287925696 0.36428571428571427 0.58328173374613 0.3619047619047619 0.5653250773993808 0.3619047619047619 
12 0.5845201238390093 0.41904761904761906 0.5801857585139318 0.42857142857142855 0.5795665634674922 0.43214285714285716 0.5746130030959752 0.4857142857142857 0.5696594427244582 0.5642857142857143 0.5696594427244582 0.5678571428571428 0.5746130030959752 0.5797619047619048 0.5801857585139318 0.5892857142857143 0.5894736842105263 0.5964285714285714 0.5956656346749226 0.5988095238095238 0.5987616099071208 0.5988095238095238 0.6086687306501548 0.5785714285714286 0.6086687306501548 0.5333333333333333 0.6037151702786377 0.47023809523809523 0.5987616099071208 0.41904761904761906 0.5845201238390093 0.41904761904761906 
13 0.5993808049535604 0.4095238095238095 0.5993808049535604 0.5404761904761904 0.6043343653250774 0.5880952380952381 0.604953560371517 0.5892857142857143 0.6272445820433437 0.5892857142857143 0.628482972136223 0.5880952380952381 0.6334365325077399 0.5785714285714286 0.6334365325077399 0.5535714285714286 0.6185758513931888 0.4297619047619048 0.6136222910216719 0.4095238095238095 0.5993808049535604 0.4095238095238095 
14 0.6390092879256966 0.4 0.6291021671826625 0.42023809523809524 0.6241486068111455 0.4511904761904762 0.6191950464396285 0.49523809523809526 0.6191950464396285 0.5321428571428571 0.6253869969040248 0.5607142857142857 0.6291021671826625 0.5702380952380952 0.6340557275541796 0.5785714285714286 0.6352941176470588 0.5797619047619048 0.6668730650154798 0.5797619047619048 0.6780185758513931 0.5702380952380952 0.6780185758513931 0.5071428571428571 0.6582043343653251 0.4107142857142857 0.653250773993808 0.4 0.6390092879256966 0.4 
15 0.6656346749226006 0.38095238095238093 0.6643962848297214 0.3821428571428571 0.6637770897832818 0.38333333333333336 0.6588235294117647 0.4 0.6588235294117647 0.475 0.6736842105263158 0.5702380952380952 0.6792569659442724 0.5797619047619048 0.6965944272445821 0.5797619047619048 0.7126934984520124 0.5702380952380952 0.7176470588235294 0.5595238095238095 0.7176470588235294 0.5142857142857142 0.7077399380804954 0.4595238095238095 0.7071207430340557 0.45714285714285713 0.6780185758513931 0.39166666666666666 0.6724458204334365 0.38095238095238093 0.6656346749226006 0.38095238095238093 
16 0.6941176470588235 0.34285714285714286 0.6835913312693499 0.3523809523809524 0.6736842105263158 0.37142857142857144 0.6736842105263158 0.4166666666666667 0.6786377708978328 0.4357142857142857 0.6835913312693499 0.44642857142857145 0.6891640866873066 0.45595238095238094 0.7027863777089783 0.45595238095238094 0.7170278637770898 0.44642857142857145 0.7226006191950465 0.4369047619047619 0.7275541795665634 0.42738095238095236 0.7318885448916409 0.4166666666666667 0.7325077399380805 0.4119047619047619 0.7325077399380805 0.3535714285714286 0.7318885448916409 0.3523809523809524 0.7219814241486068 0.34285714285714286 0.6941176470588235 0.34285714285714286 
18 0.6687306501547987 0.6190476190476191 0.6637770897832818 0.6285714285714286 0.6588235294117647 0.6392857142857142 0.6588235294117647 0.6845238095238095 0.6687306501547987 0.7416666666666667 0.6885448916408669 0.7976190476190477 0.6934984520123839 0.8083333333333333 0.7176470588235294 0.8083333333333333 0.7368421052631579 0.7892857142857143 0.7374613003095976 0.7880952380952381 0.7374613003095976 0.7345238095238096 0.7325077399380805 0.705952380952381 0.7176470588235294 0.6285714285714286 0.7120743034055728 0.6190476190476191 0.6687306501547987 0.6190476190476191 
19 0.5993808049535604 0.6285714285714286 0.5993808049535604 0.6738095238095239 0.6142414860681115 0.7488095238095238 0.6191950464396285 0.7702380952380953 0.6297213622291021 0.7988095238095239 0.6390092879256966 0.8178571428571428 0.6439628482972136 0.8273809523809523 0.6582043343653251 0.8273809523809523 0.6829721362229102 0.8083333333333333 0.6829721362229102 0.7547619047619047 0.6631578947368421 0.6488095238095238 0.6582043343653251 0.6285714285714286 0.5993808049535604 0.6285714285714286 
20 0.5919504643962848 0.638095238095238 0.5894736842105263 0.6392857142857142 0.5746130030959752 0.6476190476190476 0.5746130030959752 0.7119047619047619 0.5894736842105263 0.8083333333333333 0.5944272445820433 0.8178571428571428 0.6130030959752322 0.8178571428571428 0.6136222910216719 0.8154761904761905 0.6185758513931888 0.7892857142857143 0.6185758513931888 0.7071428571428572 0.6037151702786377 0.638095238095238 0.5919504643962848 0.638095238095238 
21 0.5597523219814241 0.638095238095238 0.5547987616099072 0.6476190476190476 0.5547987616099072 0.7047619047619048 0.5597523219814241 0.8226190476190476 0.5603715170278638 0.8273809523809523 0.578328173374613 0.8273809523809523 0.5789473684210527 0.8261904761904761 0.5789473684210527 0.6392857142857142 0.5777089783281734 0.638095238095238 0.5597523219814241 0.638095238095238 
22 0.544891640866873 0.6285714285714286 0.5362229102167183 0.638095238095238 0.530030959752322 0.6488095238095238 0.525077399380805 0.7119047619047619 0.525077399380805 0.7321428571428571 0.530030959752322 0.7797619047619048 0.534984520123839 0.8178571428571428 0.5541795665634675 0.8178571428571428 0.5591331269349845 0.7869047619047619 0.5591331269349845 0.638095238095238 0.5535603715170279 0.6285714285714286 0.544891640866873 0.6285714285714286 
23 0.5157894736842106 0.638095238095238 0.5151702786377709 0.6392857142857142 0.5102167182662539 0.6964285714285714 0.5102167182662539 0.7892857142857143 0.5244582043343653 0.7892857142857143 0.5294117647058824 0.7702380952380953 0.5343653250773994 0.7404761904761905 0.5343653250773994 0.638095238095238 0.5157894736842106 0.638095238095238 
24 0.5009287925696595 0.6285714285714286 0.4953560371517028 0.638095238095238 0.4904024767801858 0.6869047619047619 0.4904024767801858 0.7880952380952381 0.49102167182662537 0.7892857142857143 0.5046439628482973 0.7892857142857143 0.5145510835913313 0.7214285714285714 0.5145510835913313 0.6285714285714286 0.5009287925696595 0.6285714285714286 
25 0.4804953560371517 0.6285714285714286 0.4804953560371517 0.7976190476190477 0.48111455108359136 0.7988095238095239 0.48792569659442725 0.7988095238095239 0.48978328173374613 0.7976190476190477 0.49473684210526314 0.7702380952380953 0.4996904024767802 0.6928571428571428 0.4996904024767802 0.6309523809523809 0.49907120743034056 0.6285714285714286 0.4804953560371517 0.6285714285714286 
26 0.46563467492260063 0.6285714285714286 0.46068111455108357 0.6488095238095238 0.46068111455108357 0.7035714285714286 0.46563467492260063 0.8071428571428572 0.46687306501547987 0.8083333333333333 0.4792569659442725 0.8083333333333333 0.4842105263157895 0.7988095238095239 0.4848297213622291 0.7964285714285714 0.4848297213622291 0.6476190476190476 0.47987616099071206 0.6297619047619047 0.4780185758513932 0.6285714285714286 0.46563467492260063 0.6285714285714286 
27 0.4458204334365325 0.6095238095238096 0.4408668730650155 0.6190476190476191 0.4359133126934985 0.6761904761904762 0.4309597523219814 0.7345238095238096 0.4309597523219814 0.8178571428571428 0.4452012383900929 0.8178571428571428 0.465015479876161 0.7119047619047619 0.465015479876161 0.6202380952380953 0.45944272445820433 0.6095238095238096 0.4458204334365325 0.6095238095238096 
28 0.41609907120743034 0.6190476190476191 0.41609907120743034 0.7976190476190477 0.42105263157894735 0.8369047619047619 0.42538699690402476 0.8369047619047619 0.4297213622291022 0.8273809523809523 0.43529411764705883 0.8083333333333333 0.4452012383900929 0.6821428571428572 0.4452012383900929 0.638095238095238 0.44024767801857584 0.6190476190476191 0.41609907120743034 0.6190476190476191 
29 0.3863777089783282 0.6 0.3814241486068111 0.6095238095238096 0.3814241486068111 0.7976190476190477 0.38204334365325077 0.7988095238095239 0.3993808049535604 0.7988095238095239 0.4006191950464396 0.7976190476190477 0.4055727554179567 0.7666666666666667 0.4105263157894737 0.7321428571428571 0.42043343653250775 0.6535714285714286 0.42043343653250775 0.6285714285714286 0.4154798761609907 0.6107142857142858 0.4148606811145511 0.6095238095238096 0.40495356037151703 0.6 0.3863777089783282 0.6 
30 0.3368421052631579 0.6 0.3318885448916409 0.6095238095238096 0.31207430340557274 0.763095238095238 0.31207430340557274 0.7797619047619048 0.34241486068111454 0.8083333333333333 0.3504643962848297 0.8083333333333333 0.35541795665634673 0.7988095238095239 0.36594427244582045 0.7690476190476191 0.37089783281733746 0.7511904761904762 0.37585139318885447 0.7309523809523809 0.38575851393188854 0.6642857142857143 0.38575851393188854 0.6095238095238096 0.38080495356037153 0.6 0.3368421052631579 0.6 
31 0.29721362229102166 0.5904761904761905 0.29226006191950465 0.6 0.2631578947368421 0.6952380952380952 0.2625386996904025 0.6976190476190476 0.2625386996904025 0.7119047619047619 0.2674922600619195 0.7226190476190476 0.27306501547987616 0.7321428571428571 0.29226006191950465 0.7607142857142857 0.3108359133126935 0.7607142857142857 0.31640866873065016 0.7511904761904762 0.32136222910216716 0.7404761904761905 0.33622291021671824 0.6654761904761904 0.33622291021671824 0.6011904761904762 0.33560371517027865 0.6 0.31640866873065016 0.5904761904761905 0.29721362229102166 0.5904761904761905 