2 0.24396284829721362 0.34285714285714286 0.243343653250774 0.34404761904761905 0.24272445820433436 0.3476190476190476 0.24272445820433436 0.37976190476190474 0.2476780185758514 0.5095238095238095 0.24891640866873066 0.513095238095238 0.25263157894736843 0.5226190476190476 0.25758513931888544 0.5321428571428571 0.28173374613003094 0.5321428571428571 0.286687306501548 0.5214285714285715 0.286687306501548 0.47619047619047616 0.2718266253869969 0.3976190476190476 0.26687306501547986 0.3738095238095238 0.26625386996904027 0.37142857142857144 0.26191950464396285 0.35595238095238096 0.25696594427244585 0.34404761904761905 0.2563467492260062 0.34285714285714286 0.24396284829721362 0.34285714285714286 
3 0.2823529411764706 0.3333333333333333 0.2773993808049536 0.3523809523809524 0.2773993808049536 0.4357142857142857 0.2823529411764706 0.5226190476190476 0.2873065015479876 0.5321428571428571 0.29721362229102166 0.5416666666666666 0.32136222910216716 0.5416666666666666 0.3263157894736842 0.530952380952381 0.3263157894736842 0.47619047619047616 0.31640866873065016 0.3821428571428571 0.31145510835913315 0.3619047619047619 0.3065015479876161 0.3535714285714286 0.29659442724458207 0.34285714285714286 0.286687306501548 0.3333333333333333 0.2823529411764706 0.3333333333333333 
4 0.3287925696594427 0.34285714285714286 0.32755417956656346 0.34404761904761905 0.3269349845201238 0.3464285714285714 0.3219814241486068 0.4380952380952381 0.3219814241486068 0.5226190476190476 0.33250773993808047 0.5416666666666666 0.3461300309597523 0.5416666666666666 0.3653250773993808 0.5321428571428571 0.3702786377708978 0.5226190476190476 0.37089783281733746 0.5190476190476191 0.37089783281733746 0.48095238095238096 0.3702786377708978 0.47619047619047616 0.3560371517027864 0.37142857142857144 0.3510835913312694 0.3535714285714286 0.3504643962848297 0.3523809523809524 0.3448916408668731 0.34285714285714286 0.3287925696594427 0.34285714285714286 
5 0.36160990712074303 0.3142857142857143 0.356656346749226 0.325 0.356656346749226 0.4154761904761905 0.36160990712074303 0.4845238095238095 0.36656346749226004 0.513095238095238 0.3721362229102167 0.5226190476190476 0.3956656346749226 0.5226190476190476 0.3993808049535604 0.513095238095238 0.4006191950464396 0.5095238095238095 0.4006191950464396 0.4666666666666667 0.3907120743034056 0.3619047619047619 0.3801857585139319 0.3238095238095238 0.37585139318885447 0.3142857142857143 0.36160990712074303 0.3142857142857143 
6 0.39195046439628484 0.3047619047619048 0.3863777089783282 0.31547619047619047 0.3863777089783282 0.3357142857142857 0.3913312693498452 0.425 0.39628482972136225 0.5107142857142857 0.40123839009287926 0.5214285714285715 0.4018575851393189 0.5226190476190476 0.42538699690402476 0.5226190476190476 0.4297213622291022 0.513095238095238 0.43034055727554177 0.5107142857142857 0.43034055727554177 0.4488095238095238 0.42043343653250775 0.3619047619047619 0.4154798761609907 0.3345238095238095 0.40990712074303404 0.3047619047619048 0.39195046439628484 0.3047619047619048 
7 0.4309597523219814 0.3238095238095238 0.4260061919504644 0.34523809523809523 0.4260061919504644 0.38571428571428573 0.4309597523219814 0.4928571428571429 0.43653250773993807 0.5023809523809524 0.4390092879256966 0.5035714285714286 0.4551083591331269 0.5035714285714286 0.460061919504644 0.49404761904761907 0.460061919504644 0.44761904761904764 0.4501547987616099 0.3619047619047619 0.4452012383900929 0.3238095238095238 0.4309597523219814 0.3238095238095238 
8 0.4563467492260062 0.3047619047619048 0.45572755417956656 0.305952380952381 0.45139318885448915 0.3238095238095238 0.45077399380804956 0.3273809523809524 0.45077399380804956 0.35 0.45572755417956656 0.5023809523809524 0.4569659442724458 0.5035714285714286 0.4891640866873065 0.5035714285714286 0.48978328173374613 0.5023809523809524 0.48978328173374613 0.4488095238095238 0.4848297213622291 0.3738095238095238 0.47987616099071206 0.3345238095238095 0.469969040247678 0.3047619047619048 0.4563467492260062 0.3047619047619048 
9 0.4953560371517028 0.3238095238095238 0.4854489164086687 0.4488095238095238 0.4854489164086687 0.4988095238095238 0.48606811145510836 0.5023809523809524 0.486687306501548 0.5035714285714286 0.5188854489164086 0.5035714285714286 0.5195046439628483 0.5011904761904762 0.5195046439628483 0.3333333333333333 0.508359133126935 0.3238095238095238 0.4953560371517028 0.3238095238095238 
10 0.530030959752322 0.3238095238095238 0.5207430340557275 0.3333333333333333 0.5201238390092879 0.3380952380952381 0.5151702786377709 0.4297619047619048 0.5151702786377709 0.48333333333333334 0.5201238390092879 0.5035714285714286 0.5424148606811146 0.5035714285714286 0.5442724458204334 0.5023809523809524 0.5492260061919505 0.4845238095238095 0.5492260061919505 0.41904761904761906 0.5442724458204334 0.3345238095238095 0.5386996904024768 0.3238095238095238 0.530030959752322 0.3238095238095238 
12 0.58328173374613 0.2761904761904762 0.5795665634674922 0.2773809523809524 0.5746130030959752 0.2857142857142857 0.5696594427244582 0.29642857142857143 0.5647058823529412 0.3142857142857143 0.544891640866873 0.4488095238095238 0.544891640866873 0.5119047619047619 0.5498452012383901 0.5226190476190476 0.5739938080495356 0.5226190476190476 0.5789473684210527 0.513095238095238 0.5839009287925696 0.5023809523809524 0.5938080495356037 0.37976190476190474 0.5938080495356037 0.29642857142857143 0.5888544891640867 0.2773809523809524 0.5839009287925696 0.2761904761904762 0.58328173374613 0.2761904761904762 
13 0.6043343653250774 0.3142857142857143 0.5944272445820433 0.3238095238095238 0.5894736842105263 0.3333333333333333 0.5845201238390093 0.37142857142857144 0.5795665634674922 0.41309523809523807 0.5746130030959752 0.49523809523809526 0.5746130030959752 0.5202380952380953 0.5795665634674922 0.5321428571428571 0.6080495356037152 0.5321428571428571 0.6136222910216719 0.5226190476190476 0.6235294117647059 0.3880952380952381 0.6235294117647059 0.325 0.6185758513931888 0.3142857142857143 0.6043343653250774 0.3142857142857143 
14 0.6340557275541796 0.3333333333333333 0.6191950464396285 0.3904761904761905 0.6092879256965944 0.45714285714285713 0.6043343653250774 0.5142857142857142 0.6043343653250774 0.5321428571428571 0.6099071207430341 0.5404761904761904 0.6111455108359133 0.5416666666666666 0.6526315789473685 0.5416666666666666 0.653250773993808 0.5404761904761904 0.6575851393188854 0.530952380952381 0.6582043343653251 0.5285714285714286 0.6631578947368421 0.4357142857142857 0.6631578947368421 0.3547619047619048 0.6625386996904025 0.3535714285714286 0.6476780185758514 0.3333333333333333 0.6340557275541796 0.3333333333333333 
15 0.6786377708978328 0.34285714285714286 0.6687306501547987 0.37142857142857144 0.6538699690402476 0.4773809523809524 0.6538699690402476 0.5273809523809524 0.6544891640866873 0.5321428571428571 0.6643962848297214 0.5416666666666666 0.6978328173374613 0.5416666666666666 0.7027863777089783 0.5321428571428571 0.7126934984520124 0.425 0.7126934984520124 0.34285714285714286 0.6786377708978328 0.34285714285714286 
16 0.7232198142414861 0.3619047619047619 0.713312693498452 0.4 0.698452012383901 0.49523809523809526 0.698452012383901 0.5511904761904762 0.7318885448916409 0.5511904761904762 0.7417956656346749 0.5416666666666666 0.7473684210526316 0.5214285714285715 0.7572755417956656 0.4083333333333333 0.7572755417956656 0.3761904761904762 0.756656346749226 0.37142857142857144 0.7523219814241486 0.3619047619047619 0.7232198142414861 0.3619047619047619 
17 0.7232198142414861 0.5428571428571428 0.6910216718266254 0.5714285714285714 0.6897832817337461 0.5726190476190476 0.6885448916408669 0.575 0.6885448916408669 0.6226190476190476 0.6891640866873066 0.6273809523809524 0.698452012383901 0.6547619047619048 0.713312693498452 0.6845238095238095 0.7368421052631579 0.6845238095238095 0.7517027863777089 0.6654761904761904 0.7572755417956656 0.6547619047619048 0.7572755417956656 0.6202380952380953 0.7523219814241486 0.5904761904761905 0.7417956656346749 0.5523809523809524 0.7368421052631579 0.5428571428571428 0.7232198142414861 0.5428571428571428 
18 0.6340557275541796 0.5428571428571428 0.6291021671826625 0.5535714285714286 0.6291021671826625 0.6083333333333333 0.6390092879256966 0.675 0.6439628482972136 0.7023809523809523 0.6489164086687307 0.7214285714285714 0.6637770897832818 0.7511904761904762 0.6873065015479877 0.7511904761904762 0.6928792569659443 0.7226190476190476 0.6928792569659443 0.6583333333333333 0.6879256965944273 0.544047619047619 0.686687306501548 0.5428571428571428 0.6340557275541796 0.5428571428571428 
19 0.5795665634674922 0.5333333333333333 0.5795665634674922 0.5523809523809524 0.5801857585139318 0.5607142857142857 0.5894736842105263 0.6821428571428572 0.5944272445820433 0.7321428571428571 0.6024767801857586 0.7416666666666667 0.6377708978328174 0.7416666666666667 0.638390092879257 0.7392857142857143 0.638390092879257 0.544047619047619 0.6377708978328174 0.5428571428571428 0.6222910216718266 0.5333333333333333 0.5795665634674922 0.5333333333333333 
20 0.5547987616099072 0.5238095238095238 0.5547987616099072 0.5988095238095238 0.5597523219814241 0.6916666666666667 0.5647058823529412 0.7214285714285714 0.5696594427244582 0.7416666666666667 0.5746130030959752 0.7511904761904762 0.58328173374613 0.7511904761904762 0.5839009287925696 0.75 0.5888544891640867 0.6738095238095239 0.5888544891640867 0.5523809523809524 0.5839009287925696 0.5333333333333333 0.573374613003096 0.5238095238095238 0.5547987616099072 0.5238095238095238 
22 0.534984520123839 0.5142857142857142 0.5306501547987617 0.5238095238095238 0.530030959752322 0.5273809523809524 0.530030959752322 0.6547619047619048 0.534984520123839 0.7202380952380952 0.5399380804953561 0.7583333333333333 0.5405572755417957 0.7607142857142857 0.5455108359133127 0.7702380952380953 0.5585139318885449 0.7702380952380953 0.5591331269349845 0.7690476190476191 0.5591331269349845 0.525 0.5578947368421052 0.5238095238095238 0.5393188854489164 0.5142857142857142 0.534984520123839 0.5142857142857142 
23 0.5151702786377709 0.5238095238095238 0.5102167182662539 0.611904761904762 0.5102167182662539 0.7011904761904761 0.5108359133126935 0.7035714285714286 0.5232198142414861 0.7035714285714286 0.5244582043343653 0.7023809523809523 0.5294117647058824 0.675 0.5343653250773994 0.625 0.5343653250773994 0.525 0.5337461300309597 0.5238095238095238 0.5151702786377709 0.5238095238095238 
24 0.49102167182662537 0.5142857142857142 0.4904024767801858 0.5154761904761904 0.4904024767801858 0.569047619047619 0.4953560371517028 0.6821428571428572 0.49597523219814244 0.6845238095238095 0.5089783281733746 0.6845238095238095 0.5095975232198142 0.6833333333333333 0.5195046439628483 0.5416666666666666 0.5195046439628483 0.525 0.5145510835913313 0.5154761904761904 0.5126934984520124 0.5142857142857142 0.49102167182662537 0.5142857142857142 
25 0.47058823529411764 0.5238095238095238 0.47058823529411764 0.5595238095238095 0.47554179566563465 0.6904761904761905 0.4761609907120743 0.694047619047619 0.4891640866873065 0.694047619047619 0.48978328173374613 0.6928571428571428 0.49473684210526314 0.6261904761904762 0.49473684210526314 0.5261904761904762 0.4934984520123839 0.5238095238095238 0.47058823529411764 0.5238095238095238 
26 0.4613003095975232 0.5142857142857142 0.45077399380804956 0.5238095238095238 0.45077399380804956 0.569047619047619 0.45572755417956656 0.6892857142857143 0.4563467492260062 0.694047619047619 0.46439628482972134 0.694047619047619 0.4693498452012384 0.6928571428571428 0.469969040247678 0.6916666666666667 0.47492260061919506 0.6642857142857143 0.47492260061919506 0.5154761904761904 0.4743034055727554 0.5142857142857142 0.4613003095975232 0.5142857142857142 
27 0.43777089783281736 0.5238095238095238 0.4359133126934985 0.525 0.4309597523219814 0.5345238095238095 0.426625386996904 0.5523809523809524 0.4260061919504644 0.555952380952381 0.4260061919504644 0.6261904761904762 0.4309597523219814 0.7404761904761905 0.4359133126934985 0.7595238095238095 0.43653250773993807 0.7607142857142857 0.4544891640866873 0.7607142857142857 0.460061919504644 0.7511904761904762 0.460061919504644 0.5642857142857143 0.4551083591331269 0.5261904761904762 0.4538699690402477 0.5238095238095238 0.43777089783281736 0.5238095238095238 
28 0.42105263157894735 0.5142857142857142 0.4068111455108359 0.5238095238095238 0.40123839009287926 0.5333333333333333 0.40123839009287926 0.7297619047619047 0.4018575851393189 0.7321428571428571 0.40619195046439627 0.7404761904761905 0.40743034055727556 0.7416666666666667 0.4154798761609907 0.7416666666666667 0.42043343653250775 0.7392857142857143 0.4247678018575851 0.7321428571428571 0.42538699690402476 0.7285714285714285 0.43034055727554177 0.6833333333333333 0.43529411764705883 0.5571428571428572 0.43529411764705883 0.5238095238095238 0.43034055727554177 0.5142857142857142 0.42105263157894735 0.5142857142857142 
30 0.39195046439628484 0.5238095238095238 0.35170278637770896 0.5428571428571428 0.34674922600619196 0.7047619047619048 0.34674922600619196 0.7202380952380952 0.3523219814241486 0.7416666666666667 0.3653250773993808 0.7416666666666667 0.39442724458204337 0.7226190476190476 0.3956656346749226 0.7214285714285714 0.4006191950464396 0.7023809523809523 0.4055727554179567 0.5892857142857143 0.4055727554179567 0.5261904761904762 0.40495356037151703 0.5238095238095238 0.39195046439628484 0.5238095238095238 
31 0.31331269349845203 0.5428571428571428 0.31207430340557274 0.544047619047619 0.30712074303405573 0.5535714285714286 0.3021671826625387 0.5726190476190476 0.29226006191950465 0.6904761904761905 0.29226006191950465 0.725 0.3021671826625387 0.75 0.30340557275541796 0.7511904761904762 0.3263157894736842 0.7511904761904762 0.33126934984520123 0.7416666666666667 0.3461300309597523 0.6833333333333333 0.3609907120743034 0.5988095238095238 0.3609907120743034 0.5464285714285714 0.3603715170278638 0.5428571428571428 0.31331269349845203 0.5428571428571428 
32 0.2544891640866873 0.5238095238095238 0.2532507739938081 0.525 0.248297213622291 0.5333333333333333 0.2476780185758514 0.5345238095238095 0.23777089783281732 0.6476190476190476 0.23777089783281732 0.675 0.248297213622291 0.7035714285714286 0.25263157894736843 0.7119047619047619 0.2544891640866873 0.7130952380952381 0.26625386996904027 0.7130952380952381 0.2755417956656347 0.7035714285714286 0.28173374613003094 0.694047619047619 0.286687306501548 0.6833333333333333 0.3065015479876161 0.6059523809523809 0.31145510835913315 0.5761904761904761 0.31145510835913315 0.5333333333333333 0.29659442724458207 0.5238095238095238 0.2544891640866873 0.5238095238095238 