2 0.2873065015479876 0.42857142857142855 0.2823529411764706 0.4380952380952381 0.2773993808049536 0.5357142857142857 0.2773993808049536 0.5976190476190476 0.27801857585139317 0.5988095238095238 0.2873065015479876 0.6083333333333333 0.3157894736842105 0.6083333333333333 0.3263157894736842 0.5880952380952381 0.33126934984520123 0.5321428571428571 0.33126934984520123 0.4857142857142857 0.3263157894736842 0.4488095238095238 0.32074303405572757 0.4380952380952381 0.3015479876160991 0.42857142857142855 0.2873065015479876 0.42857142857142855 
3 0.33250773993808047 0.42857142857142855 0.3318885448916409 0.430952380952381 0.3219814241486068 0.5428571428571428 0.3219814241486068 0.6178571428571429 0.3393188854489164 0.6273809523809524 0.3510835913312694 0.6273809523809524 0.3702786377708978 0.6178571428571429 0.37089783281733746 0.6166666666666667 0.37089783281733746 0.6035714285714285 0.36594427244582045 0.5523809523809524 0.3510835913312694 0.42857142857142855 0.33250773993808047 0.42857142857142855 
4 0.38204334365325077 0.4380952380952381 0.3764705882352941 0.44761904761904764 0.3715170278637771 0.4666666666666667 0.36160990712074303 0.5142857142857142 0.36160990712074303 0.6059523809523809 0.3622291021671827 0.6083333333333333 0.3721362229102167 0.6273809523809524 0.3851393188854489 0.6273809523809524 0.3956656346749226 0.6178571428571429 0.4006191950464396 0.6083333333333333 0.4006191950464396 0.5619047619047619 0.3956656346749226 0.46785714285714286 0.3907120743034056 0.4380952380952381 0.38204334365325077 0.4380952380952381 
5 0.4024767801857585 0.42857142857142855 0.40123839009287926 0.4297619047619048 0.39195046439628484 0.45714285714285713 0.3913312693498452 0.4595238095238095 0.3913312693498452 0.6261904761904762 0.39442724458204337 0.6273809523809524 0.40990712074303404 0.6273809523809524 0.4154798761609907 0.6178571428571429 0.42043343653250775 0.5976190476190476 0.42043343653250775 0.49523809523809526 0.4154798761609907 0.44761904761904764 0.4105263157894737 0.4297619047619048 0.40990712074303404 0.42857142857142855 0.4024767801857585 0.42857142857142855 
6 0.421671826625387 0.4095238095238095 0.42105263157894735 0.4107142857142857 0.41671826625387 0.4380952380952381 0.41114551083591333 0.4785714285714286 0.41114551083591333 0.5035714285714286 0.41609907120743034 0.6142857142857143 0.41671826625387 0.6178571428571429 0.448297213622291 0.6178571428571429 0.4501547987616099 0.6154761904761905 0.4501547987616099 0.5654761904761905 0.44024767801857584 0.45714285714285713 0.43034055727554177 0.4095238095238095 0.421671826625387 0.4095238095238095 
7 0.45572755417956656 0.42857142857142855 0.45077399380804956 0.4488095238095238 0.4458204334365325 0.4869047619047619 0.4408668730650155 0.5523809523809524 0.4408668730650155 0.5666666666666667 0.4458204334365325 0.6166666666666667 0.45077399380804956 0.6273809523809524 0.46563467492260063 0.6273809523809524 0.46873065015479876 0.6238095238095238 0.469969040247678 0.6202380952380953 0.469969040247678 0.4785714285714286 0.4693498452012384 0.4666666666666667 0.465015479876161 0.42857142857142855 0.45572755417956656 0.42857142857142855 
8 0.48606811145510836 0.42857142857142855 0.47554179566563465 0.44761904761904764 0.46563467492260063 0.5357142857142857 0.46563467492260063 0.6178571428571429 0.4712074303405573 0.6273809523809524 0.49907120743034056 0.6273809523809524 0.5046439628482973 0.6071428571428571 0.5046439628482973 0.5142857142857142 0.4996904024767802 0.4773809523809524 0.49473684210526314 0.44761904761904764 0.48978328173374613 0.4297619047619048 0.4885448916408669 0.42857142857142855 0.48606811145510836 0.42857142857142855 
9 0.5157894736842106 0.4380952380952381 0.5108359133126935 0.44761904761904764 0.5003095975232198 0.49523809523809526 0.4953560371517028 0.6 0.4953560371517028 0.6142857142857143 0.49597523219814244 0.6166666666666667 0.5003095975232198 0.6273809523809524 0.5065015479876162 0.6357142857142857 0.5077399380804953 0.6369047619047619 0.5226006191950464 0.6369047619047619 0.5244582043343653 0.6357142857142857 0.5294117647058824 0.6059523809523809 0.5294117647058824 0.44761904761904764 0.5238390092879257 0.4380952380952381 0.5157894736842106 0.4380952380952381 
10 0.534984520123839 0.45714285714285713 0.530030959752322 0.4857142857142857 0.525077399380805 0.5464285714285714 0.525077399380805 0.6273809523809524 0.5306501547987617 0.6369047619047619 0.5442724458204334 0.6369047619047619 0.5492260061919505 0.6273809523809524 0.5541795665634675 0.5392857142857143 0.5541795665634675 0.4976190476190476 0.5492260061919505 0.4738095238095238 0.5473684210526316 0.4666666666666667 0.5442724458204334 0.45714285714285713 0.534984520123839 0.45714285714285713 
11 0.5752321981424149 0.41904761904761906 0.5746130030959752 0.42023809523809524 0.5647058823529412 0.4583333333333333 0.5597523219814241 0.4857142857142857 0.5498452012383901 0.5630952380952381 0.5498452012383901 0.6166666666666667 0.5554179566563467 0.6273809523809524 0.5789473684210527 0.6273809523809524 0.5839009287925696 0.5607142857142857 0.5839009287925696 0.42142857142857143 0.58328173374613 0.41904761904761906 0.5752321981424149 0.41904761904761906 
12 0.6043343653250774 0.41904761904761906 0.595046439628483 0.42857142857142855 0.5944272445820433 0.4297619047619048 0.5894736842105263 0.45 0.5795665634674922 0.5047619047619047 0.5746130030959752 0.5523809523809524 0.5746130030959752 0.6178571428571429 0.5845201238390093 0.6261904761904762 0.5869969040247678 0.6273809523809524 0.6 0.6273809523809524 0.6024767801857586 0.6261904761904762 0.6086687306501548 0.6178571428571429 0.6136222910216719 0.525 0.6136222910216719 0.4226190476190476 0.6130030959752322 0.41904761904761906 0.6043343653250774 0.41904761904761906 
13 0.6297213622291021 0.4380952380952381 0.6241486068111455 0.44761904761904764 0.6198142414860681 0.45714285714285713 0.614860681114551 0.47619047619047616 0.6092879256965944 0.5047619047619047 0.6043343653250774 0.5452380952380952 0.6043343653250774 0.6178571428571429 0.6092879256965944 0.6261904761904762 0.6105263157894737 0.6273809523809524 0.628482972136223 0.6273809523809524 0.6334365325077399 0.6178571428571429 0.643343653250774 0.49166666666666664 0.643343653250774 0.44761904761904764 0.638390092879257 0.4380952380952381 0.6297213622291021 0.4380952380952381 
15 0.6891640866873066 0.4380952380952381 0.6885448916408669 0.4392857142857143 0.6786377708978328 0.4666666666666667 0.6736842105263158 0.48928571428571427 0.6637770897832818 0.5738095238095238 0.6637770897832818 0.5976190476190476 0.6687306501547987 0.6083333333333333 0.6786377708978328 0.6178571428571429 0.7176470588235294 0.6178571428571429 0.7226006191950465 0.6071428571428571 0.7275541795665634 0.530952380952381 0.7275541795665634 0.4595238095238095 0.7226006191950465 0.4380952380952381 0.6891640866873066 0.4380952380952381 
19 0.6241486068111455 0.6190476190476191 0.6241486068111455 0.6416666666666667 0.6247678018575852 0.6464285714285715 0.6439628482972136 0.7785714285714286 0.6489164086687307 0.7892857142857143 0.6631578947368421 0.7892857142857143 0.6681114551083591 0.7797619047619048 0.6730650154798762 0.6642857142857143 0.6730650154798762 0.6285714285714286 0.6681114551083591 0.6190476190476191 0.6241486068111455 0.6190476190476191 
20 0.5993808049535604 0.6095238095238096 0.590092879256966 0.6190476190476191 0.5845201238390093 0.6285714285714286 0.5845201238390093 0.655952380952381 0.6142414860681115 0.7880952380952381 0.614860681114551 0.7892857142857143 0.6235294117647059 0.7892857142857143 0.628482972136223 0.7797619047619048 0.628482972136223 0.6285714285714286 0.6235294117647059 0.6202380952380953 0.6136222910216719 0.6107142857142858 0.6086687306501548 0.6095238095238096 0.5993808049535604 0.6095238095238096 
21 0.5746130030959752 0.6095238095238096 0.5547987616099072 0.6190476190476191 0.5547987616099072 0.6452380952380953 0.5696594427244582 0.7607142857142857 0.5746130030959752 0.7797619047619048 0.5795665634674922 0.7892857142857143 0.5987616099071208 0.7892857142857143 0.5987616099071208 0.669047619047619 0.5938080495356037 0.6190476190476191 0.5882352941176471 0.6107142857142858 0.5869969040247678 0.6095238095238096 0.5746130030959752 0.6095238095238096 
22 0.544891640866873 0.6 0.534984520123839 0.6297619047619047 0.534984520123839 0.6738095238095239 0.544891640866873 0.7892857142857143 0.5498452012383901 0.7988095238095239 0.5640866873065016 0.7988095238095239 0.5690402476780185 0.7892857142857143 0.5690402476780185 0.6571428571428571 0.5591331269349845 0.611904761904762 0.5585139318885449 0.6095238095238096 0.5541795665634675 0.6 0.544891640866873 0.6 
23 0.5201238390092879 0.6 0.5151702786377709 0.6285714285714286 0.5151702786377709 0.6607142857142857 0.5201238390092879 0.7702380952380953 0.5343653250773994 0.7702380952380953 0.5393188854489164 0.6928571428571428 0.5393188854489164 0.6297619047619047 0.5294117647058824 0.6 0.5201238390092879 0.6 
24 0.4953560371517028 0.6095238095238096 0.4953560371517028 0.6547619047619048 0.5003095975232198 0.7309523809523809 0.5102167182662539 0.7702380952380953 0.5157894736842106 0.7702380952380953 0.5195046439628483 0.7690476190476191 0.5244582043343653 0.75 0.5244582043343653 0.705952380952381 0.5195046439628483 0.6309523809523809 0.5188854489164086 0.6285714285714286 0.5046439628482973 0.6095238095238096 0.4953560371517028 0.6095238095238096 
25 0.47678018575851394 0.6190476190476191 0.47554179566563465 0.6202380952380953 0.47554179566563465 0.6547619047619048 0.4804953560371517 0.694047619047619 0.4854489164086687 0.7309523809523809 0.4904024767801858 0.7416666666666667 0.4953560371517028 0.7511904761904762 0.5040247678018576 0.7511904761904762 0.5046439628482973 0.7488095238095238 0.5046439628482973 0.6666666666666666 0.4996904024767802 0.6202380952380953 0.49907120743034056 0.6190476190476191 0.47678018575851394 0.6190476190476191 
26 0.4662538699690402 0.6 0.4563467492260062 0.6190476190476191 0.45572755417956656 0.6214285714285714 0.45572755417956656 0.6845238095238095 0.47058823529411764 0.7702380952380953 0.47554179566563465 0.7797619047619048 0.4842105263157895 0.7797619047619048 0.4848297213622291 0.7785714285714286 0.4848297213622291 0.6488095238095238 0.47987616099071206 0.6202380952380953 0.469969040247678 0.6 0.4662538699690402 0.6 
27 0.4458204334365325 0.6 0.43653250773993807 0.6095238095238096 0.4309597523219814 0.6190476190476191 0.4309597523219814 0.694047619047619 0.4359133126934985 0.7678571428571429 0.4408668730650155 0.8083333333333333 0.4458204334365325 0.8178571428571428 0.4551083591331269 0.8178571428571428 0.45944272445820433 0.8083333333333333 0.460061919504644 0.8047619047619048 0.465015479876161 0.7595238095238095 0.465015479876161 0.669047619047619 0.460061919504644 0.6202380952380953 0.4501547987616099 0.6 0.4458204334365325 0.6 
28 0.4130030959752322 0.6095238095238096 0.41114551083591333 0.6107142857142858 0.40619195046439627 0.6297619047619047 0.40619195046439627 0.7773809523809524 0.4068111455108359 0.7797619047619048 0.41238390092879257 0.7952380952380952 0.4154798761609907 0.7988095238095239 0.42043343653250775 0.7988095238095239 0.42538699690402476 0.7869047619047619 0.43034055727554177 0.7595238095238095 0.44024767801857584 0.6273809523809524 0.44024767801857584 0.6095238095238096 0.4130030959752322 0.6095238095238096 
29 0.3814241486068111 0.6095238095238096 0.3764705882352941 0.6416666666666667 0.36160990712074303 0.7452380952380953 0.36160990712074303 0.7797619047619048 0.3671826625386997 0.7892857142857143 0.37894736842105264 0.7892857142857143 0.38080495356037153 0.7880952380952381 0.38575851393188854 0.7797619047619048 0.3907120743034056 0.7702380952380953 0.3956656346749226 0.75 0.4105263157894737 0.675 0.4154798761609907 0.6333333333333333 0.4154798761609907 0.6107142857142858 0.4148606811145511 0.6095238095238096 0.3814241486068111 0.6095238095238096 
30 0.3331269349845201 0.6190476190476191 0.3318885448916409 0.6202380952380953 0.32755417956656346 0.6285714285714286 0.3269349845201238 0.6309523809523809 0.3269349845201238 0.7476190476190476 0.3318885448916409 0.7988095238095239 0.3498452012383901 0.7988095238095239 0.3510835913312694 0.7976190476190477 0.38080495356037153 0.6738095238095239 0.38080495356037153 0.6214285714285714 0.3801857585139319 0.6190476190476191 0.3331269349845201 0.6190476190476191 