1 0.28792569659442724 0.2571428571428571 0.2724458204334365 0.2857142857142857 0.25263157894736843 0.3238095238095238 0.25263157894736843 0.36666666666666664 0.2532507739938081 0.37023809523809526 0.2625386996904025 0.39880952380952384 0.26811145510835915 0.4083333333333333 0.28606811145510835 0.4083333333333333 0.29659442724458207 0.37857142857142856 0.3065015479876161 0.3404761904761905 0.3065015479876161 0.26071428571428573 0.3058823529411765 0.2571428571428571 0.28792569659442724 0.2571428571428571 
2 0.31455108359133127 0.2761904761904762 0.3126934984520124 0.2785714285714286 0.2823529411764706 0.38095238095238093 0.2823529411764706 0.425 0.2873065015479876 0.4369047619047619 0.29226006191950465 0.44642857142857145 0.30712074303405573 0.4642857142857143 0.30835913312693497 0.4654761904761905 0.3188854489164087 0.4654761904761905 0.32074303405572757 0.4642857142857143 0.3263157894736842 0.44642857142857145 0.33126934984520123 0.4261904761904762 0.33126934984520123 0.29642857142857143 0.3256965944272446 0.2761904761904762 0.31455108359133127 0.2761904761904762 
3 0.3523219814241486 0.24761904761904763 0.34674922600619196 0.2571428571428571 0.34179566563467495 0.26785714285714285 0.3318885448916409 0.3047619047619048 0.3219814241486068 0.42023809523809524 0.3219814241486068 0.45476190476190476 0.32755417956656346 0.4654761904761905 0.3331269349845201 0.475 0.35170278637770896 0.4845238095238095 0.36594427244582045 0.4845238095238095 0.37089783281733746 0.4738095238095238 0.37089783281733746 0.4 0.36594427244582045 0.26666666666666666 0.3609907120743034 0.2488095238095238 0.35975232198142415 0.24761904761904763 0.3523219814241486 0.24761904761904763 
4 0.37708978328173376 0.3142857142857143 0.3721362229102167 0.3333333333333333 0.36656346749226004 0.36547619047619045 0.36160990712074303 0.4 0.36160990712074303 0.48214285714285715 0.3622291021671827 0.4845238095238095 0.36656346749226004 0.49404761904761907 0.39442724458204337 0.49404761904761907 0.3956656346749226 0.4928571428571429 0.3956656346749226 0.3142857142857143 0.37708978328173376 0.3142857142857143 
5 0.40123839009287926 0.3238095238095238 0.39628482972136225 0.3333333333333333 0.3814241486068111 0.4857142857142857 0.3814241486068111 0.49166666666666664 0.38204334365325077 0.49404761904761907 0.3863777089783282 0.5035714285714286 0.4018575851393189 0.5226190476190476 0.41424148606811145 0.5226190476190476 0.4154798761609907 0.5214285714285715 0.42043343653250775 0.513095238095238 0.42538699690402476 0.49404761904761907 0.42538699690402476 0.44047619047619047 0.42043343653250775 0.3535714285714286 0.4154798761609907 0.3238095238095238 0.40123839009287926 0.3238095238095238 
6 0.4260061919504644 0.3047619047619048 0.42105263157894735 0.325 0.41609907120743034 0.4107142857142857 0.41609907120743034 0.5119047619047619 0.4260061919504644 0.5321428571428571 0.4439628482972136 0.5321428571428571 0.4452012383900929 0.530952380952381 0.4452012383900929 0.45714285714285713 0.44024767801857584 0.3357142857142857 0.43529411764705883 0.31547619047619047 0.43034055727554177 0.3047619047619048 0.4260061919504644 0.3047619047619048 
9 0.5058823529411764 0.3619047619047619 0.5009287925696595 0.38095238095238093 0.5003095975232198 0.38452380952380955 0.4953560371517028 0.4392857142857143 0.4904024767801858 0.5142857142857142 0.4904024767801858 0.5416666666666666 0.4953560371517028 0.5511904761904762 0.5343653250773994 0.5511904761904762 0.5343653250773994 0.5142857142857142 0.5145510835913313 0.3619047619047619 0.5058823529411764 0.3619047619047619 
10 0.5399380804953561 0.3333333333333333 0.534984520123839 0.35 0.530030959752322 0.4 0.525077399380805 0.49523809523809526 0.525077399380805 0.5107142857142857 0.530030959752322 0.530952380952381 0.534984520123839 0.5404761904761904 0.5362229102167183 0.5416666666666666 0.5486068111455108 0.5416666666666666 0.5541795665634675 0.5321428571428571 0.5541795665634675 0.34523809523809523 0.5535603715170279 0.34285714285714286 0.5492260061919505 0.3333333333333333 0.5399380804953561 0.3333333333333333 
11 0.5597523219814241 0.3142857142857143 0.5554179566563467 0.3238095238095238 0.5547987616099072 0.32976190476190476 0.5498452012383901 0.38452380952380955 0.5498452012383901 0.513095238095238 0.5547987616099072 0.5321428571428571 0.5715170278637771 0.5321428571428571 0.5739938080495356 0.530952380952381 0.5839009287925696 0.513095238095238 0.5839009287925696 0.4785714285714286 0.5690402476780185 0.3238095238095238 0.5640866873065016 0.3142857142857143 0.5597523219814241 0.3142857142857143 
12 0.5795665634674922 0.3238095238095238 0.5752321981424149 0.3333333333333333 0.5696594427244582 0.3738095238095238 0.5696594427244582 0.45476190476190476 0.5746130030959752 0.4845238095238095 0.5795665634674922 0.5119047619047619 0.5801857585139318 0.513095238095238 0.5925696594427244 0.513095238095238 0.6037151702786377 0.5035714285714286 0.6037151702786377 0.46785714285714286 0.5987616099071208 0.33690476190476193 0.5981424148606811 0.3333333333333333 0.5931888544891641 0.3238095238095238 0.5795665634674922 0.3238095238095238 
13 0.6061919504643963 0.3238095238095238 0.6043343653250774 0.325 0.6 0.3333333333333333 0.5944272445820433 0.3619047619047619 0.5944272445820433 0.4738095238095238 0.5993808049535604 0.4928571428571429 0.6 0.49404761904761907 0.6334365325077399 0.49404761904761907 0.6334365325077399 0.45714285714285713 0.6185758513931888 0.34285714285714286 0.6136222910216719 0.3238095238095238 0.6061919504643963 0.3238095238095238 
14 0.6396284829721363 0.3047619047619048 0.6340557275541796 0.3142857142857143 0.6291021671826625 0.3238095238095238 0.6241486068111455 0.3523809523809524 0.6241486068111455 0.4654761904761905 0.6297213622291021 0.4845238095238095 0.6526315789473685 0.4845238095238095 0.6681114551083591 0.4726190476190476 0.6730650154798762 0.4654761904761905 0.6730650154798762 0.43333333333333335 0.6582043343653251 0.3142857142857143 0.6526315789473685 0.3047619047619048 0.6396284829721363 0.3047619047619048 
15 0.6687306501547987 0.29523809523809524 0.6643962848297214 0.3047619047619048 0.6637770897832818 0.3107142857142857 0.6637770897832818 0.4166666666666667 0.6687306501547987 0.4523809523809524 0.6693498452012384 0.45595238095238094 0.6743034055727554 0.4654761904761905 0.6928792569659443 0.4654761904761905 0.7176470588235294 0.4452380952380952 0.7176470588235294 0.4095238095238095 0.6922600619195046 0.3047619047619048 0.6873065015479877 0.29523809523809524 0.6687306501547987 0.29523809523809524 
16 0.7089783281733746 0.29523809523809524 0.708359133126935 0.29642857142857143 0.698452012383901 0.3345238095238095 0.698452012383901 0.3880952380952381 0.713312693498452 0.44642857142857145 0.718266253869969 0.45595238095238094 0.7424148606811145 0.45595238095238094 0.7473684210526316 0.44642857142857145 0.756656346749226 0.41785714285714287 0.7572755417956656 0.4154761904761905 0.7572755417956656 0.38095238095238093 0.7325077399380805 0.29523809523809524 0.7089783281733746 0.29523809523809524 
17 0.7238390092879257 0.45714285714285713 0.7232198142414861 0.4583333333333333 0.7232198142414861 0.5416666666666666 0.7281733746130031 0.5702380952380952 0.7337461300309598 0.5797619047619048 0.7417956656346749 0.5797619047619048 0.756656346749226 0.5702380952380952 0.7869969040247679 0.5321428571428571 0.7919504643962848 0.5226190476190476 0.7919504643962848 0.4773809523809524 0.7857585139318886 0.4666666666666667 0.7671826625386997 0.4583333333333333 0.7640866873065015 0.45714285714285713 0.7238390092879257 0.45714285714285713 
18 0.7034055727554179 0.4380952380952381 0.6736842105263158 0.45714285714285713 0.6594427244582043 0.4666666666666667 0.6588235294117647 0.46785714285714286 0.6588235294117647 0.49166666666666664 0.6637770897832818 0.513095238095238 0.6687306501547987 0.5321428571428571 0.6835913312693499 0.5702380952380952 0.698452012383901 0.6059523809523809 0.7034055727554179 0.6166666666666667 0.713312693498452 0.6369047619047619 0.7269349845201238 0.6369047619047619 0.7325077399380805 0.6261904761904762 0.7424148606811145 0.5988095238095238 0.7424148606811145 0.5714285714285714 0.7226006191950465 0.47619047619047616 0.7176470588235294 0.45714285714285713 0.7077399380804954 0.4380952380952381 0.7034055727554179 0.4380952380952381 
19 0.6489164086687307 0.4666666666666667 0.6092879256965944 0.47619047619047616 0.6092879256965944 0.5119047619047619 0.6142414860681115 0.5392857142857143 0.614860681114551 0.5416666666666666 0.6390092879256966 0.6273809523809524 0.6637770897832818 0.675 0.6773993808049535 0.675 0.6972136222910217 0.6547619047619048 0.6978328173374613 0.6523809523809524 0.6978328173374613 0.6095238095238096 0.6681114551083591 0.4857142857142857 0.6631578947368421 0.4666666666666667 0.6489164086687307 0.4666666666666667 
20 0.6 0.4857142857142857 0.5894736842105263 0.49523809523809526 0.5795665634674922 0.5059523809523809 0.5795665634674922 0.5404761904761904 0.604953560371517 0.6273809523809524 0.6142414860681115 0.6547619047619048 0.6191950464396285 0.6654761904761904 0.6241486068111455 0.6738095238095239 0.6266253869969041 0.675 0.6328173374613003 0.675 0.6334365325077399 0.6738095238095239 0.6334365325077399 0.5928571428571429 0.6235294117647059 0.5333333333333333 0.6185758513931888 0.5047619047619047 0.6136222910216719 0.4869047619047619 0.6130030959752322 0.4857142857142857 0.6 0.4857142857142857 
21 0.5746130030959752 0.5047619047619047 0.5547987616099072 0.5238095238095238 0.5547987616099072 0.5404761904761904 0.5597523219814241 0.5678571428571428 0.5696594427244582 0.6178571428571429 0.5746130030959752 0.6369047619047619 0.5801857585139318 0.655952380952381 0.5894736842105263 0.675 0.5987616099071208 0.675 0.5987616099071208 0.6011904761904762 0.5888544891640867 0.5345238095238095 0.58328173374613 0.5047619047619047 0.5746130030959752 0.5047619047619047 
22 0.5498452012383901 0.5142857142857142 0.5399380804953561 0.5333333333333333 0.5399380804953561 0.6071428571428571 0.544891640866873 0.6369047619047619 0.5498452012383901 0.6654761904761904 0.5554179566563467 0.694047619047619 0.5597523219814241 0.7035714285714286 0.5739938080495356 0.7035714285714286 0.5739938080495356 0.6452380952380953 0.5690402476780185 0.5642857142857143 0.5640866873065016 0.5333333333333333 0.5591331269349845 0.5142857142857142 0.5498452012383901 0.5142857142857142 
23 0.5306501547987617 0.5238095238095238 0.5151702786377709 0.5428571428571428 0.5151702786377709 0.6178571428571429 0.525077399380805 0.675 0.5380804953560372 0.675 0.5393188854489164 0.6738095238095239 0.5442724458204334 0.6654761904761904 0.5442724458204334 0.5357142857142857 0.5436532507739938 0.5333333333333333 0.5393188854489164 0.525 0.5380804953560372 0.5238095238095238 0.5306501547987617 0.5238095238095238 
24 0.49102167182662537 0.5238095238095238 0.4904024767801858 0.525 0.4904024767801858 0.6059523809523809 0.49597523219814244 0.655952380952381 0.5003095975232198 0.6821428571428572 0.5009287925696595 0.6845238095238095 0.5120743034055728 0.6845238095238095 0.513312693498452 0.6833333333333333 0.5145510835913313 0.680952380952381 0.5195046439628483 0.6654761904761904 0.5195046439628483 0.5464285714285714 0.5188854489164086 0.5428571428571428 0.4996904024767802 0.5238095238095238 0.49102167182662537 0.5238095238095238 
25 0.48111455108359136 0.5333333333333333 0.4804953560371517 0.5345238095238095 0.47554179566563465 0.580952380952381 0.47554179566563465 0.6630952380952381 0.4804953560371517 0.6833333333333333 0.48111455108359136 0.6845238095238095 0.4891640866873065 0.6845238095238095 0.49473684210526314 0.675 0.4996904024767802 0.6369047619047619 0.4996904024767802 0.5619047619047619 0.49473684210526314 0.5357142857142857 0.49411764705882355 0.5333333333333333 0.48111455108359136 0.5333333333333333 
26 0.46068111455108357 0.5238095238095238 0.46068111455108357 0.6726190476190477 0.4662538699690402 0.6845238095238095 0.4743034055727554 0.6845238095238095 0.47987616099071206 0.6642857142857143 0.4848297213622291 0.5892857142857143 0.4848297213622291 0.5238095238095238 0.46068111455108357 0.5238095238095238 
27 0.4421052631578947 0.5142857142857142 0.4408668730650155 0.5154761904761904 0.43653250773993807 0.5238095238095238 0.4309597523219814 0.5452380952380952 0.4260061919504644 0.5714285714285714 0.4260061919504644 0.7119047619047619 0.42724458204334365 0.7130952380952381 0.4346749226006192 0.7130952380952381 0.44024767801857584 0.7023809523809523 0.44953560371517026 0.675 0.4501547987616099 0.6726190476190477 0.465015479876161 0.6071428571428571 0.465015479876161 0.5333333333333333 0.460061919504644 0.5154761904761904 0.4588235294117647 0.5142857142857142 0.4421052631578947 0.5142857142857142 
28 0.4130030959752322 0.5047619047619047 0.41114551083591333 0.5059523809523809 0.40619195046439627 0.5142857142857142 0.40123839009287926 0.5428571428571428 0.39628482972136225 0.6202380952380953 0.39628482972136225 0.6833333333333333 0.39690402476780184 0.6845238095238095 0.4105263157894737 0.6845238095238095 0.4154798761609907 0.6738095238095239 0.42043343653250775 0.655952380952381 0.43034055727554177 0.6071428571428571 0.43529411764705883 0.5797619047619048 0.44024767801857584 0.5511904761904762 0.44024767801857584 0.5345238095238095 0.4247678018575851 0.5047619047619047 0.4130030959752322 0.5047619047619047 
29 0.3814241486068111 0.4857142857142857 0.3764705882352941 0.49523809523809526 0.3622291021671827 0.5714285714285714 0.36160990712074303 0.575 0.356656346749226 0.6571428571428571 0.356656346749226 0.6714285714285714 0.3572755417956656 0.675 0.37585139318885447 0.675 0.38080495356037153 0.6654761904761904 0.4105263157894737 0.5511904761904762 0.4154798761609907 0.5214285714285715 0.4154798761609907 0.5154761904761904 0.4006191950464396 0.49523809523809526 0.3894736842105263 0.4857142857142857 0.3814241486068111 0.4857142857142857 
30 0.33746130030959753 0.4666666666666667 0.3318885448916409 0.47619047619047616 0.30712074303405573 0.6 0.30712074303405573 0.6357142857142857 0.3077399380804954 0.6369047619047619 0.3318885448916409 0.655952380952381 0.3461300309597523 0.655952380952381 0.3609907120743034 0.6273809523809524 0.37585139318885447 0.5702380952380952 0.38575851393188854 0.5023809523809524 0.38575851393188854 0.4869047619047619 0.3851393188854489 0.4857142857142857 0.35541795665634673 0.4666666666666667 0.33746130030959753 0.4666666666666667 
31 0.2873065015479876 0.4380952380952381 0.2625386996904025 0.5333333333333333 0.25263157894736843 0.5821428571428572 0.25263157894736843 0.6178571428571429 0.2724458204334365 0.6273809523809524 0.28173374613003094 0.6273809523809524 0.3015479876160991 0.6083333333333333 0.3058823529411765 0.5988095238095238 0.32136222910216716 0.5607142857142857 0.3306501547987616 0.5321428571428571 0.33622291021671824 0.5119047619047619 0.3411764705882353 0.48333333333333334 0.3411764705882353 0.4666666666666667 0.33622291021671824 0.45714285714285713 0.3065015479876161 0.4380952380952381 0.2873065015479876 0.4380952380952381 
32 0.24891640866873066 0.3904761904761905 0.243343653250774 0.4 0.24272445820433436 0.4011904761904762 0.23777089783281732 0.41904761904761906 0.21857585139318886 0.5059523809523809 0.21795665634674924 0.5095238095238095 0.21795665634674924 0.5416666666666666 0.23343653250773994 0.5511904761904762 0.24643962848297213 0.5511904761904762 0.26191950464396285 0.5416666666666666 0.2718266253869969 0.530952380952381 0.27678018575851393 0.5214285714285715 0.28606811145510835 0.49404761904761907 0.286687306501548 0.49166666666666664 0.2959752321981424 0.444047619047619 0.29659442724458207 0.44047619047619047 0.29659442724458207 0.4297619047619048 0.2959752321981424 0.42857142857142855 0.2712074303405573 0.4 0.26191950464396285 0.3904761904761905 0.24891640866873066 0.3904761904761905 