3 0.3219814241486068 0.3047619047619048 0.28792569659442724 0.3535714285714286 0.2873065015479876 0.35714285714285715 0.2873065015479876 0.4083333333333333 0.3021671826625387 0.5321428571428571 0.31207430340557274 0.5404761904761904 0.3151702786377709 0.5416666666666666 0.3510835913312694 0.5416666666666666 0.3560371517027864 0.530952380952381 0.3560371517027864 0.4583333333333333 0.3411764705882353 0.305952380952381 0.34055727554179566 0.3047619047619048 0.3219814241486068 0.3047619047619048 
4 0.356656346749226 0.3523809523809524 0.34674922600619196 0.3726190476190476 0.34674922600619196 0.4642857142857143 0.35170278637770896 0.5369047619047619 0.35294117647058826 0.5416666666666666 0.3752321981424149 0.5416666666666666 0.38575851393188854 0.5226190476190476 0.3907120743034056 0.513095238095238 0.3907120743034056 0.45714285714285713 0.38080495356037153 0.3904761904761905 0.37585139318885447 0.3619047619047619 0.3702786377708978 0.3523809523809524 0.356656346749226 0.3523809523809524 
5 0.3715170278637771 0.3333333333333333 0.3715170278637771 0.39880952380952384 0.3814241486068111 0.5297619047619048 0.38204334365325077 0.5321428571428571 0.3863777089783282 0.5416666666666666 0.4055727554179567 0.5416666666666666 0.42043343653250775 0.5214285714285715 0.42538699690402476 0.513095238095238 0.42538699690402476 0.4392857142857143 0.42043343653250775 0.4095238095238095 0.4 0.34285714285714286 0.39442724458204337 0.3333333333333333 0.3715170278637771 0.3333333333333333 
6 0.3925696594427245 0.29523809523809524 0.3913312693498452 0.29642857142857143 0.3863777089783282 0.3047619047619048 0.3863777089783282 0.3404761904761905 0.41114551083591333 0.5321428571428571 0.41609907120743034 0.5416666666666666 0.43529411764705883 0.5416666666666666 0.44024767801857584 0.5321428571428571 0.4452012383900929 0.5214285714285715 0.44953560371517026 0.5035714285714286 0.4501547987616099 0.4976190476190476 0.4501547987616099 0.4226190476190476 0.43034055727554177 0.3238095238095238 0.42538699690402476 0.305952380952381 0.42043343653250775 0.29642857142857143 0.41919504643962846 0.29523809523809524 0.3925696594427245 0.29523809523809524 
7 0.4458204334365325 0.2857142857142857 0.4408668730650155 0.4023809523809524 0.4408668730650155 0.5202380952380953 0.44148606811145513 0.5226190476190476 0.44643962848297214 0.5297619047619048 0.448297213622291 0.5321428571428571 0.4681114551083591 0.5321428571428571 0.469969040247678 0.530952380952381 0.47492260061919506 0.513095238095238 0.47492260061919506 0.3333333333333333 0.469969040247678 0.305952380952381 0.465015479876161 0.29523809523809524 0.460061919504644 0.2869047619047619 0.4588235294117647 0.2857142857142857 0.4458204334365325 0.2857142857142857 
8 0.48173374613003095 0.2857142857142857 0.4761609907120743 0.29523809523809524 0.47554179566563465 0.29642857142857143 0.47058823529411764 0.3142857142857143 0.46563467492260063 0.5059523809523809 0.46563467492260063 0.5297619047619048 0.4662538699690402 0.5321428571428571 0.47058823529411764 0.5404761904761904 0.4718266253869969 0.5416666666666666 0.503405572755418 0.5416666666666666 0.5040247678018576 0.5404761904761904 0.5046439628482973 0.5380952380952381 0.5046439628482973 0.3523809523809524 0.4996904024767802 0.31547619047619047 0.49473684210526314 0.29642857142857143 0.48978328173374613 0.2857142857142857 0.48173374613003095 0.2857142857142857 
9 0.5207430340557275 0.3238095238095238 0.5102167182662539 0.3619047619047619 0.5052631578947369 0.38333333333333336 0.5003095975232198 0.41904761904761906 0.5003095975232198 0.5416666666666666 0.5393188854489164 0.5416666666666666 0.5442724458204334 0.530952380952381 0.5442724458204334 0.4523809523809524 0.5393188854489164 0.3238095238095238 0.5207430340557275 0.3238095238095238 
10 0.5455108359133127 0.3047619047619048 0.5399380804953561 0.3142857142857143 0.534984520123839 0.3261904761904762 0.534984520123839 0.4511904761904762 0.5399380804953561 0.5226190476190476 0.5634674922600619 0.5226190476190476 0.5690402476780185 0.513095238095238 0.5690402476780185 0.3904761904761905 0.5640866873065016 0.3047619047619048 0.5455108359133127 0.3047619047619048 
11 0.5894736842105263 0.29523809523809524 0.5845201238390093 0.3047619047619048 0.5696594427244582 0.36428571428571427 0.5647058823529412 0.4011904761904762 0.5647058823529412 0.5226190476190476 0.5696594427244582 0.5321428571428571 0.5938080495356037 0.5321428571428571 0.5987616099071208 0.5035714285714286 0.6037151702786377 0.44642857142857145 0.6037151702786377 0.3261904761904762 0.5987616099071208 0.29523809523809524 0.5894736842105263 0.29523809523809524 
12 0.6043343653250774 0.3333333333333333 0.5993808049535604 0.34285714285714286 0.5894736842105263 0.4976190476190476 0.5894736842105263 0.5214285714285715 0.595046439628483 0.5321428571428571 0.604953560371517 0.5416666666666666 0.6185758513931888 0.5416666666666666 0.6229102167182663 0.530952380952381 0.628482972136223 0.513095238095238 0.628482972136223 0.34285714285714286 0.6229102167182663 0.3333333333333333 0.6043343653250774 0.3333333333333333 
13 0.6346749226006192 0.3523809523809524 0.6291021671826625 0.3619047619047619 0.6241486068111455 0.3904761904761905 0.6191950464396285 0.5047619047619047 0.6191950464396285 0.5321428571428571 0.6241486068111455 0.5404761904761904 0.6266253869969041 0.5416666666666666 0.6569659442724458 0.5416666666666666 0.6582043343653251 0.5404761904761904 0.6582043343653251 0.38452380952380955 0.6575851393188854 0.38095238095238093 0.6526315789473685 0.3619047619047619 0.6427244582043343 0.3523809523809524 0.6346749226006192 0.3523809523809524 
14 0.6637770897832818 0.3142857142857143 0.6588235294117647 0.3333333333333333 0.6538699690402476 0.3619047619047619 0.6538699690402476 0.5321428571428571 0.660061919504644 0.5416666666666666 0.6674922600619195 0.5416666666666666 0.6922600619195046 0.5321428571428571 0.6978328173374613 0.5214285714285715 0.6978328173374613 0.45714285714285713 0.6928792569659443 0.3357142857142857 0.6879256965944273 0.31547619047619047 0.6873065015479877 0.3142857142857143 0.6637770897832818 0.3142857142857143 
15 0.7188854489164087 0.3047619047619048 0.7034055727554179 0.3333333333333333 0.698452012383901 0.3523809523809524 0.6885448916408669 0.5166666666666667 0.6885448916408669 0.530952380952381 0.6891640866873066 0.5321428571428571 0.7120743034055728 0.5321428571428571 0.7269349845201238 0.5226190476190476 0.7368421052631579 0.513095238095238 0.7374613003095976 0.5119047619047619 0.7424148606811145 0.4369047619047619 0.7424148606811145 0.305952380952381 0.7411764705882353 0.3047619047619048 0.7188854489164087 0.3047619047619048 
18 0.708359133126935 0.5333333333333333 0.6749226006191951 0.5619047619047619 0.6736842105263158 0.5642857142857143 0.6736842105263158 0.6178571428571429 0.698452012383901 0.6845238095238095 0.708359133126935 0.7023809523809523 0.7145510835913312 0.7130952380952381 0.7281733746130031 0.7321428571428571 0.7461300309597523 0.7321428571428571 0.7473684210526316 0.7309523809523809 0.7616099071207431 0.7130952380952381 0.7622291021671826 0.7119047619047619 0.7622291021671826 0.6666666666666666 0.7572755417956656 0.6404761904761904 0.7517027863777089 0.6190476190476191 0.7374613003095976 0.5714285714285714 0.7275541795665634 0.5428571428571428 0.7226006191950465 0.5345238095238095 0.7207430340557276 0.5333333333333333 0.708359133126935 0.5333333333333333 
20 0.6390092879256966 0.5619047619047619 0.6247678018575852 0.5714285714285714 0.6191950464396285 0.580952380952381 0.6191950464396285 0.6083333333333333 0.6241486068111455 0.7488095238095238 0.6291021671826625 0.7607142857142857 0.6396284829721363 0.7797619047619048 0.648297213622291 0.7797619047619048 0.653250773993808 0.7702380952380953 0.6582043343653251 0.655952380952381 0.6582043343653251 0.5714285714285714 0.6476780185758514 0.5619047619047619 0.6390092879256966 0.5619047619047619 
21 0.6006191950464397 0.5523809523809524 0.590092879256966 0.5619047619047619 0.5894736842105263 0.5630952380952381 0.5894736842105263 0.7416666666666667 0.5944272445820433 0.7607142857142857 0.6173374613003096 0.7607142857142857 0.6185758513931888 0.7595238095238095 0.628482972136223 0.6464285714285715 0.628482972136223 0.5714285714285714 0.6229102167182663 0.5619047619047619 0.6136222910216719 0.5523809523809524 0.6006191950464397 0.5523809523809524 
22 0.5653250773993808 0.5523809523809524 0.5597523219814241 0.5619047619047619 0.5498452012383901 0.6297619047619047 0.544891640866873 0.6678571428571428 0.544891640866873 0.75 0.5547987616099072 0.7702380952380953 0.5603715170278638 0.7797619047619048 0.5684210526315789 0.7797619047619048 0.5690402476780185 0.7785714285714286 0.5938080495356037 0.6511904761904762 0.5938080495356037 0.5535714285714286 0.5925696594427244 0.5523809523809524 0.5653250773993808 0.5523809523809524 
23 0.534984520123839 0.5428571428571428 0.530030959752322 0.6 0.530030959752322 0.7297619047619047 0.5306501547987617 0.7309523809523809 0.5318885448916408 0.7321428571428571 0.5393188854489164 0.7321428571428571 0.5442724458204334 0.7214285714285714 0.5492260061919505 0.7023809523809523 0.5541795665634675 0.6738095238095239 0.5640866873065016 0.5880952380952381 0.5640866873065016 0.5523809523809524 0.5486068111455108 0.5428571428571428 0.534984520123839 0.5428571428571428 
24 0.5157894736842106 0.5523809523809524 0.5102167182662539 0.5630952380952381 0.5102167182662539 0.6726190476190477 0.5151702786377709 0.7226190476190476 0.5294117647058824 0.7226190476190476 0.5343653250773994 0.6178571428571429 0.5343653250773994 0.5535714285714286 0.5318885448916408 0.5523809523809524 0.5157894736842106 0.5523809523809524 
25 0.491640866873065 0.5523809523809524 0.4904024767801858 0.5535714285714286 0.48606811145510836 0.5619047619047619 0.4854489164086687 0.5714285714285714 0.4854489164086687 0.5761904761904761 0.4904024767801858 0.675 0.4953560371517028 0.7297619047619047 0.49597523219814244 0.7321428571428571 0.5046439628482973 0.7321428571428571 0.5145510835913313 0.7130952380952381 0.5145510835913313 0.5714285714285714 0.5089783281733746 0.5523809523809524 0.491640866873065 0.5523809523809524 
26 0.4662538699690402 0.5428571428571428 0.46563467492260063 0.5464285714285714 0.46563467492260063 0.6166666666666667 0.47554179566563465 0.7404761904761905 0.4780185758513932 0.7416666666666667 0.4934984520123839 0.7416666666666667 0.49473684210526314 0.7404761904761905 0.49907120743034056 0.7321428571428571 0.4996904024767802 0.7285714285714285 0.4996904024767802 0.6666666666666666 0.49473684210526314 0.5714285714285714 0.4891640866873065 0.5523809523809524 0.4792569659442725 0.5428571428571428 0.4662538699690402 0.5428571428571428 
27 0.443343653250774 0.5428571428571428 0.44148606811145513 0.544047619047619 0.4408668730650155 0.5452380952380952 0.43653250773993807 0.5630952380952381 0.4309597523219814 0.5904761904761905 0.4309597523219814 0.7119047619047619 0.4359133126934985 0.7416666666666667 0.44148606811145513 0.7511904761904762 0.45077399380804956 0.7607142857142857 0.4743034055727554 0.7607142857142857 0.47987616099071206 0.75 0.47987616099071206 0.6583333333333333 0.469969040247678 0.5619047619047619 0.4551083591331269 0.5428571428571428 0.443343653250774 0.5428571428571428 
28 0.4173374613003096 0.5619047619047619 0.40123839009287926 0.5714285714285714 0.39628482972136225 0.5928571428571429 0.39628482972136225 0.6261904761904762 0.40123839009287926 0.7678571428571429 0.4018575851393189 0.7702380952380953 0.42043343653250775 0.7702380952380953 0.43034055727554177 0.7511904761904762 0.4346749226006192 0.7416666666666667 0.44024767801857584 0.7226190476190476 0.44024767801857584 0.5714285714285714 0.42910216718266253 0.5619047619047619 0.4173374613003096 0.5619047619047619 
29 0.38328173374613 0.5619047619047619 0.3814241486068111 0.5630952380952381 0.3671826625386997 0.580952380952381 0.36656346749226004 0.5821428571428572 0.36656346749226004 0.7702380952380953 0.39009287925696595 0.7702380952380953 0.3956656346749226 0.7607142857142857 0.4105263157894737 0.5761904761904761 0.4105263157894737 0.575 0.40990712074303404 0.5714285714285714 0.4006191950464396 0.5630952380952381 0.39814241486068114 0.5619047619047619 0.38328173374613 0.5619047619047619 
30 0.3176470588235294 0.5619047619047619 0.31207430340557274 0.5714285714285714 0.2873065015479876 0.7047619047619048 0.2873065015479876 0.7583333333333333 0.28792569659442724 0.7607142857142857 0.3139318885448916 0.7797619047619048 0.33622291021671824 0.7797619047619048 0.3461300309597523 0.7607142857142857 0.3560371517027864 0.7404761904761905 0.3609907120743034 0.7119047619047619 0.37089783281733746 0.6357142857142857 0.37585139318885447 0.5869047619047619 0.37585139318885447 0.5630952380952381 0.3752321981424149 0.5619047619047619 0.3176470588235294 0.5619047619047619 
31 0.25758513931888544 0.5333333333333333 0.2532507739938081 0.5428571428571428 0.25263157894736843 0.5452380952380952 0.23281733746130032 0.6476190476190476 0.23281733746130032 0.7119047619047619 0.23777089783281732 0.7309523809523809 0.25510835913312696 0.7416666666666667 0.2761609907120743 0.7416666666666667 0.28173374613003094 0.7321428571428571 0.29659442724458207 0.694047619047619 0.3065015479876161 0.655952380952381 0.31640866873065016 0.6071428571428571 0.32136222910216716 0.5797619047619048 0.32136222910216716 0.5630952380952381 0.31640866873065016 0.5523809523809524 0.2854489164086687 0.5333333333333333 0.25758513931888544 0.5333333333333333 
32 0.2130030959752322 0.5428571428571428 0.2043343653250774 0.555952380952381 0.19814241486068113 0.5726190476190476 0.19814241486068113 0.694047619047619 0.20309597523219813 0.7130952380952381 0.2130030959752322 0.7226190476190476 0.23157894736842105 0.7226190476190476 0.2371517027863777 0.7119047619047619 0.25696594427244585 0.6059523809523809 0.25696594427244585 0.5714285714285714 0.2520123839009288 0.5619047619047619 0.22724458204334366 0.5428571428571428 0.2130030959752322 0.5428571428571428 