2 0.2625386996904025 0.38095238095238093 0.25758513931888544 0.4797619047619048 0.25758513931888544 0.5476190476190477 0.2582043343653251 0.5511904761904762 0.26873065015479874 0.5607142857142857 0.3015479876160991 0.5607142857142857 0.3065015479876161 0.55 0.3065015479876161 0.4880952380952381 0.3015479876160991 0.45714285714285713 0.29659442724458207 0.42857142857142855 0.291640866873065 0.4095238095238095 0.28606811145510835 0.3904761904761905 0.28111455108359135 0.38095238095238093 0.2625386996904025 0.38095238095238093 
3 0.3089783281733746 0.4 0.30712074303405573 0.4011904761904762 0.3021671826625387 0.4095238095238095 0.29721362229102166 0.5428571428571428 0.29721362229102166 0.5607142857142857 0.3027863777089783 0.5702380952380952 0.3510835913312694 0.5702380952380952 0.3510835913312694 0.5154761904761904 0.3461300309597523 0.47619047619047616 0.3411764705882353 0.4392857142857143 0.33622291021671824 0.42023809523809524 0.33126934984520123 0.4095238095238095 0.31145510835913315 0.4 0.3089783281733746 0.4 
4 0.36160990712074303 0.42857142857142855 0.356656346749226 0.4392857142857143 0.35170278637770896 0.45714285714285713 0.34674922600619196 0.47619047619047616 0.34674922600619196 0.5785714285714286 0.3479876160990712 0.5797619047619048 0.37585139318885447 0.5797619047619048 0.38080495356037153 0.569047619047619 0.38080495356037153 0.45714285714285713 0.37585139318885447 0.4392857142857143 0.37089783281733746 0.42857142857142855 0.36160990712074303 0.42857142857142855 
5 0.3913312693498452 0.4095238095238095 0.3814241486068111 0.4297619047619048 0.3764705882352941 0.4488095238095238 0.3764705882352941 0.5761904761904761 0.37708978328173376 0.5785714285714286 0.3814241486068111 0.5880952380952381 0.38204334365325077 0.5892857142857143 0.39009287925696595 0.5892857142857143 0.40990712074303404 0.5797619047619048 0.4154798761609907 0.5702380952380952 0.4154798761609907 0.42857142857142855 0.4105263157894737 0.4107142857142857 0.40990712074303404 0.4095238095238095 0.3913312693498452 0.4095238095238095 
6 0.41609907120743034 0.37142857142857144 0.41114551083591333 0.4035714285714286 0.40619195046439627 0.4773809523809524 0.40619195046439627 0.569047619047619 0.41609907120743034 0.5892857142857143 0.4346749226006192 0.5892857142857143 0.4452012383900929 0.5797619047619048 0.4452012383900929 0.5357142857142857 0.43529411764705883 0.4 0.43034055727554177 0.38095238095238093 0.4247678018575851 0.37142857142857144 0.41609907120743034 0.37142857142857144 
7 0.4458204334365325 0.4095238095238095 0.4408668730650155 0.44761904761904764 0.4408668730650155 0.5511904761904762 0.4458204334365325 0.5880952380952381 0.44643962848297214 0.5892857142857143 0.47492260061919506 0.5892857142857143 0.47492260061919506 0.5047619047619047 0.469969040247678 0.4511904761904762 0.465015479876161 0.4095238095238095 0.4458204334365325 0.4095238095238095 
8 0.48111455108359136 0.4 0.47554179566563465 0.4095238095238095 0.47554179566563465 0.5880952380952381 0.4804953560371517 0.5988095238095238 0.5046439628482973 0.5988095238095238 0.5145510835913313 0.5892857142857143 0.5145510835913313 0.5535714285714286 0.5095975232198142 0.46904761904761905 0.5046439628482973 0.42857142857142855 0.49907120743034056 0.4107142857142857 0.49473684210526314 0.4011904761904762 0.49411764705882355 0.4 0.48111455108359136 0.4 
9 0.5256965944272446 0.4 0.5201238390092879 0.4095238095238095 0.5102167182662539 0.47619047619047616 0.5102167182662539 0.5976190476190476 0.5120743034055728 0.5988095238095238 0.5386996904024768 0.5988095238095238 0.5492260061919505 0.5880952380952381 0.5492260061919505 0.44166666666666665 0.5442724458204334 0.40714285714285714 0.5430340557275541 0.4035714285714286 0.5399380804953561 0.4 0.5256965944272446 0.4 
10 0.5702786377708978 0.41904761904761906 0.5696594427244582 0.42023809523809524 0.5547987616099072 0.47619047619047616 0.544891640866873 0.5238095238095238 0.544891640866873 0.5773809523809523 0.5455108359133127 0.5797619047619048 0.5721362229102167 0.5797619047619048 0.5739938080495356 0.5785714285714286 0.5789473684210527 0.5678571428571428 0.5839009287925696 0.5226190476190476 0.5888544891640867 0.4738095238095238 0.5888544891640867 0.44761904761904764 0.5839009287925696 0.4297619047619048 0.578328173374613 0.41904761904761906 0.5702786377708978 0.41904761904761906 
11 0.595046439628483 0.37142857142857144 0.5894736842105263 0.3904761904761905 0.5845201238390093 0.42142857142857143 0.5795665634674922 0.4666666666666667 0.5746130030959752 0.5273809523809524 0.5746130030959752 0.5380952380952381 0.5795665634674922 0.569047619047619 0.5845201238390093 0.5797619047619048 0.5894736842105263 0.5880952380952381 0.5913312693498453 0.5892857142857143 0.6037151702786377 0.5892857142857143 0.6136222910216719 0.5702380952380952 0.6136222910216719 0.5238095238095238 0.6086687306501548 0.38333333333333336 0.6080495356037152 0.38095238095238093 0.6037151702786377 0.3726190476190476 0.6018575851393189 0.37142857142857144 0.595046439628483 0.37142857142857144 
12 0.6160990712074303 0.4 0.6142414860681115 0.4011904761904762 0.6092879256965944 0.4095238095238095 0.6043343653250774 0.5142857142857142 0.6043343653250774 0.5297619047619048 0.6092879256965944 0.5761904761904761 0.6099071207430341 0.5797619047619048 0.6241486068111455 0.5892857142857143 0.6309597523219814 0.5892857142857143 0.6334365325077399 0.5880952380952381 0.638390092879257 0.5785714285714286 0.638390092879257 0.5166666666666667 0.6235294117647059 0.4 0.6160990712074303 0.4 
13 0.6439628482972136 0.3904761904761905 0.6346749226006192 0.4095238095238095 0.6340557275541796 0.4119047619047619 0.6291021671826625 0.5059523809523809 0.6291021671826625 0.5214285714285715 0.6340557275541796 0.569047619047619 0.6396284829721363 0.5797619047619048 0.6631578947368421 0.5797619047619048 0.6631578947368421 0.47619047619047616 0.6582043343653251 0.41309523809523807 0.6575851393188854 0.4095238095238095 0.653250773993808 0.3904761904761905 0.6439628482972136 0.3904761904761905 
14 0.6687306501547987 0.3904761904761905 0.6637770897832818 0.4 0.6538699690402476 0.5142857142857142 0.6538699690402476 0.5166666666666667 0.6544891640866873 0.5511904761904762 0.6594427244582043 0.5702380952380952 0.6817337461300309 0.5702380952380952 0.6965944272445821 0.5607142857142857 0.6978328173374613 0.5595238095238095 0.7027863777089783 0.55 0.7027863777089783 0.5154761904761904 0.6978328173374613 0.4380952380952381 0.6928792569659443 0.4107142857142857 0.6829721362229102 0.3904761904761905 0.6687306501547987 0.3904761904761905 
15 0.7238390092879257 0.38095238095238093 0.713312693498452 0.4 0.708359133126935 0.4107142857142857 0.698452012383901 0.4666666666666667 0.6934984520123839 0.49642857142857144 0.6934984520123839 0.5214285714285715 0.698452012383901 0.5404761904761904 0.6990712074303406 0.5416666666666666 0.7046439628482972 0.5511904761904762 0.7170278637770898 0.5511904761904762 0.7424148606811145 0.5416666666666666 0.7424148606811145 0.4869047619047619 0.7374613003095976 0.3821428571428571 0.7362229102167183 0.38095238095238093 0.7238390092879257 0.38095238095238093 
18 0.7052631578947368 0.5619047619047619 0.6885448916408669 0.5714285714285714 0.6792569659442724 0.5904761904761905 0.6786377708978328 0.5928571428571429 0.6786377708978328 0.6226190476190476 0.6792569659442724 0.6273809523809524 0.6835913312693499 0.6452380952380953 0.6934984520123839 0.6654761904761904 0.7034055727554179 0.6845238095238095 0.708359133126935 0.6928571428571428 0.7281733746130031 0.7214285714285714 0.730030959752322 0.7226190476190476 0.7374613003095976 0.7226190476190476 0.7417956656346749 0.7130952380952381 0.7424148606811145 0.7107142857142857 0.7424148606811145 0.65 0.7374613003095976 0.6095238095238096 0.7325077399380805 0.5714285714285714 0.7275541795665634 0.5619047619047619 0.7052631578947368 0.5619047619047619 
19 0.6588235294117647 0.5904761904761905 0.6340557275541796 0.6 0.6340557275541796 0.6345238095238095 0.6489164086687307 0.7119047619047619 0.6538699690402476 0.7321428571428571 0.6594427244582043 0.7511904761904762 0.6643962848297214 0.7607142857142857 0.6780185758513931 0.7607142857142857 0.7021671826625387 0.7416666666666667 0.7027863777089783 0.7404761904761905 0.7027863777089783 0.7047619047619048 0.6978328173374613 0.6761904761904762 0.6928792569659443 0.6488095238095238 0.6873065015479877 0.6190476190476191 0.6829721362229102 0.6 0.6780185758513931 0.5904761904761905 0.6588235294117647 0.5904761904761905 
20 0.614860681114551 0.6 0.604953560371517 0.6095238095238096 0.6043343653250774 0.6107142857142858 0.6043343653250774 0.6464285714285715 0.6142414860681115 0.7035714285714286 0.6241486068111455 0.7583333333333333 0.6247678018575852 0.7607142857142857 0.6291021671826625 0.7702380952380953 0.643343653250774 0.7702380952380953 0.643343653250774 0.6285714285714286 0.638390092879257 0.6095238095238096 0.628482972136223 0.6 0.614860681114551 0.6 
21 0.5845201238390093 0.6 0.5752321981424149 0.6095238095238096 0.5746130030959752 0.6107142857142858 0.5746130030959752 0.6369047619047619 0.5795665634674922 0.7130952380952381 0.5894736842105263 0.7702380952380953 0.5944272445820433 0.7869047619047619 0.595046439628483 0.7880952380952381 0.5962848297213622 0.7892857142857143 0.6061919504643963 0.7892857142857143 0.6080495356037152 0.7880952380952381 0.6086687306501548 0.7869047619047619 0.6136222910216719 0.675 0.6136222910216719 0.6392857142857142 0.6086687306501548 0.6035714285714285 0.6080495356037152 0.6 0.5845201238390093 0.6 
22 0.5510835913312694 0.6 0.5498452012383901 0.6011904761904762 0.5498452012383901 0.7130952380952381 0.5547987616099072 0.7690476190476191 0.5647058823529412 0.8178571428571428 0.5739938080495356 0.8178571428571428 0.5789473684210527 0.7023809523809523 0.5789473684210527 0.6095238095238096 0.5690402476780185 0.6 0.5510835913312694 0.6 
23 0.5213622291021672 0.6 0.5201238390092879 0.6011904761904762 0.5201238390092879 0.694047619047619 0.530030959752322 0.7857142857142857 0.5306501547987617 0.7892857142857143 0.5393188854489164 0.7892857142857143 0.5442724458204334 0.7690476190476191 0.5492260061919505 0.694047619047619 0.5492260061919505 0.6107142857142858 0.5486068111455108 0.6095238095238096 0.5386996904024768 0.6 0.5213622291021672 0.6 
24 0.5003095975232198 0.6 0.4953560371517028 0.6095238095238096 0.4953560371517028 0.65 0.5003095975232198 0.7702380952380953 0.5145510835913313 0.7702380952380953 0.5195046439628483 0.7404761904761905 0.5244582043343653 0.6654761904761904 0.5244582043343653 0.6238095238095238 0.5238390092879257 0.6190476190476191 0.5195046439628483 0.6 0.5003095975232198 0.6 
25 0.4780185758513932 0.6 0.47554179566563465 0.6011904761904762 0.47554179566563465 0.7035714285714286 0.4804953560371517 0.7702380952380953 0.49473684210526314 0.7702380952380953 0.49907120743034056 0.7511904761904762 0.4996904024767802 0.7476190476190476 0.4996904024767802 0.6011904761904762 0.4978328173374613 0.6 0.4780185758513932 0.6 
26 0.45077399380804956 0.6 0.4458204334365325 0.6988095238095238 0.4458204334365325 0.7678571428571429 0.44643962848297214 0.7702380952380953 0.45139318885448915 0.7797619047619048 0.460061919504644 0.7797619047619048 0.465015479876161 0.7690476190476191 0.47492260061919506 0.7130952380952381 0.47987616099071206 0.6369047619047619 0.47987616099071206 0.6011904761904762 0.4780185758513932 0.6 0.45077399380804956 0.6 
27 0.42105263157894735 0.6 0.41609907120743034 0.6095238095238096 0.41114551083591333 0.7535714285714286 0.41114551083591333 0.8178571428571428 0.42043343653250775 0.8178571428571428 0.42538699690402476 0.8083333333333333 0.43034055727554177 0.7976190476190477 0.44024767801857584 0.7488095238095238 0.4452012383900929 0.7226190476190476 0.4501547987616099 0.6892857142857143 0.4551083591331269 0.6428571428571429 0.4551083591331269 0.6095238095238096 0.44953560371517026 0.6 0.42105263157894735 0.6 
28 0.38699690402476783 0.6 0.3863777089783282 0.6011904761904762 0.3863777089783282 0.675 0.3913312693498452 0.7607142857142857 0.39690402476780184 0.7892857142857143 0.4043343653250774 0.7892857142857143 0.4105263157894737 0.7797619047619048 0.4154798761609907 0.7154761904761905 0.42043343653250775 0.6464285714285715 0.42043343653250775 0.6095238095238096 0.4148606811145511 0.6 0.38699690402476783 0.6 
29 0.356656346749226 0.6 0.35170278637770896 0.6202380952380953 0.35170278637770896 0.7476190476190476 0.3523219814241486 0.7511904761904762 0.356656346749226 0.7607142857142857 0.37089783281733746 0.7607142857142857 0.38080495356037153 0.7011904761904761 0.3907120743034056 0.6369047619047619 0.3907120743034056 0.6107142857142858 0.38575851393188854 0.6011904761904762 0.3845201238390093 0.6 0.356656346749226 0.6 
30 0.31207430340557274 0.5904761904761905 0.30712074303405573 0.6 0.29226006191950465 0.6773809523809524 0.29226006191950465 0.7321428571428571 0.30712074303405573 0.75 0.3089783281733746 0.7511904761904762 0.3256965944272446 0.7511904761904762 0.33622291021671824 0.7321428571428571 0.3411764705882353 0.7226190476190476 0.3461300309597523 0.7119047619047619 0.3609907120743034 0.625 0.3609907120743034 0.6 0.3461300309597523 0.5904761904761905 0.31207430340557274 0.5904761904761905 
31 0.26811145510835915 0.5619047619047619 0.2625386996904025 0.5714285714285714 0.25758513931888544 0.5904761904761905 0.2476780185758514 0.6476190476190476 0.2476780185758514 0.719047619047619 0.24891640866873066 0.7214285714285714 0.2501547987616099 0.7226190476190476 0.26687306501547986 0.7226190476190476 0.30092879256965943 0.675 0.3065015479876161 0.6547619047619048 0.31640866873065016 0.6059523809523809 0.31640866873065016 0.6023809523809524 0.3157894736842105 0.6 0.31145510835913315 0.5904761904761905 0.3058823529411765 0.580952380952381 0.29659442724458207 0.5714285714285714 0.28173374613003094 0.5619047619047619 0.26811145510835915 0.5619047619047619 