1 0.2643962848297214 0.3523809523809524 0.2625386996904025 0.3535714285714286 0.25758513931888544 0.5047619047619047 0.25758513931888544 0.5297619047619048 0.2625386996904025 0.5404761904761904 0.2643962848297214 0.5416666666666666 0.28297213622291023 0.5511904761904762 0.3065015479876161 0.5511904761904762 0.3065015479876161 0.4773809523809524 0.3015479876160991 0.4380952380952381 0.29659442724458207 0.4095238095238095 0.291640866873065 0.3904761904761905 0.286687306501548 0.3726190476190476 0.28173374613003094 0.3619047619047619 0.27678018575851393 0.3523809523809524 0.2643962848297214 0.3523809523809524 
2 0.31207430340557274 0.3619047619047619 0.30712074303405573 0.3726190476190476 0.3021671826625387 0.4011904761904762 0.3021671826625387 0.5488095238095239 0.30712074303405573 0.5595238095238095 0.3089783281733746 0.5607142857142857 0.3411764705882353 0.5607142857142857 0.3461300309597523 0.55 0.3461300309597523 0.4869047619047619 0.33622291021671824 0.37142857142857144 0.3306501547987616 0.3619047619047619 0.31207430340557274 0.3619047619047619 
4 0.3814241486068111 0.3904761904761905 0.3764705882352941 0.4 0.34674922600619196 0.5142857142857142 0.34674922600619196 0.5511904761904762 0.356656346749226 0.5702380952380952 0.37089783281733746 0.5702380952380952 0.38575851393188854 0.5607142857142857 0.3907120743034056 0.5321428571428571 0.3956656346749226 0.4630952380952381 0.3956656346749226 0.4011904761904762 0.3907120743034056 0.3904761904761905 0.3814241486068111 0.3904761904761905 
5 0.39690402476780184 0.4 0.39628482972136225 0.4011904761904762 0.3913312693498452 0.42023809523809524 0.3863777089783282 0.45714285714285713 0.3814241486068111 0.5273809523809524 0.3814241486068111 0.5797619047619048 0.3863777089783282 0.5892857142857143 0.4043343653250774 0.5892857142857143 0.4148606811145511 0.5797619047619048 0.42043343653250775 0.5702380952380952 0.42043343653250775 0.4857142857142857 0.4154798761609907 0.4392857142857143 0.4105263157894737 0.4011904761904762 0.40990712074303404 0.4 0.39690402476780184 0.4 
6 0.41114551083591333 0.3904761904761905 0.40619195046439627 0.4119047619047619 0.40619195046439627 0.5797619047619048 0.41114551083591333 0.5892857142857143 0.43962848297213625 0.5892857142857143 0.4452012383900929 0.5595238095238095 0.4452012383900929 0.5369047619047619 0.44024767801857584 0.45714285714285713 0.43034055727554177 0.4 0.4247678018575851 0.39166666666666666 0.42291021671826623 0.3904761904761905 0.41114551083591333 0.3904761904761905 
7 0.4569659442724458 0.4 0.45572755417956656 0.4023809523809524 0.45077399380804956 0.42023809523809524 0.4458204334365325 0.45714285714285713 0.4408668730650155 0.49523809523809526 0.4359133126934985 0.5523809523809524 0.4359133126934985 0.5869047619047619 0.43653250773993807 0.5892857142857143 0.4458204334365325 0.5988095238095238 0.465015479876161 0.5988095238095238 0.469969040247678 0.5011904761904762 0.469969040247678 0.4226190476190476 0.4693498452012384 0.41904761904761906 0.465015479876161 0.4011904761904762 0.46439628482972134 0.4 0.4569659442724458 0.4 
8 0.4761609907120743 0.42857142857142855 0.47554179566563465 0.4297619047619048 0.47058823529411764 0.4488095238095238 0.46563467492260063 0.4773809523809524 0.46068111455108357 0.5523809523809524 0.46068111455108357 0.5892857142857143 0.46563467492260063 0.5988095238095238 0.49907120743034056 0.5988095238095238 0.4996904024767802 0.5976190476190476 0.4996904024767802 0.5428571428571428 0.49473684210526314 0.47619047619047616 0.48978328173374613 0.44761904761904764 0.4848297213622291 0.42857142857142855 0.4761609907120743 0.42857142857142855 
9 0.5003095975232198 0.41904761904761906 0.4953560371517028 0.4666666666666667 0.4904024767801858 0.5428571428571428 0.4904024767801858 0.5511904761904762 0.4953560371517028 0.5988095238095238 0.5281733746130031 0.5988095238095238 0.5294117647058824 0.5976190476190476 0.5294117647058824 0.5535714285714286 0.5244582043343653 0.4857142857142857 0.5195046439628483 0.42857142857142855 0.5139318885448917 0.41904761904761906 0.5003095975232198 0.41904761904761906 
10 0.5306501547987617 0.4095238095238095 0.525077399380805 0.42023809523809524 0.5201238390092879 0.544047619047619 0.5201238390092879 0.5607142857142857 0.525077399380805 0.5892857142857143 0.5541795665634675 0.5892857142857143 0.5541795665634675 0.5190476190476191 0.5492260061919505 0.45714285714285713 0.5442724458204334 0.4297619047619048 0.5393188854489164 0.4107142857142857 0.5380804953560372 0.4095238095238095 0.5306501547987617 0.4095238095238095 
11 0.5696594427244582 0.4095238095238095 0.5647058823529412 0.41904761904761906 0.5547987616099072 0.4857142857142857 0.5498452012383901 0.5238095238095238 0.5498452012383901 0.5869047619047619 0.5504643962848297 0.5892857142857143 0.58328173374613 0.5892857142857143 0.5839009287925696 0.5880952380952381 0.5839009287925696 0.4488095238095238 0.5789473684210527 0.4095238095238095 0.5696594427244582 0.4095238095238095 
12 0.6006191950464397 0.41904761904761906 0.5993808049535604 0.42023809523809524 0.5944272445820433 0.42857142857142855 0.5894736842105263 0.44761904761904764 0.5845201238390093 0.46785714285714286 0.5795665634674922 0.49523809523809526 0.5795665634674922 0.5785714285714286 0.590092879256966 0.5988095238095238 0.6030959752321982 0.5988095238095238 0.6136222910216719 0.5797619047619048 0.6136222910216719 0.49523809523809526 0.6086687306501548 0.42023809523809524 0.6068111455108359 0.41904761904761906 0.6006191950464397 0.41904761904761906 
14 0.6687306501547987 0.4095238095238095 0.6588235294117647 0.42857142857142855 0.6340557275541796 0.525 0.6340557275541796 0.544047619047619 0.6346749226006192 0.5511904761904762 0.6390092879256966 0.5702380952380952 0.6489164086687307 0.5797619047619048 0.686687306501548 0.5797619047619048 0.6922600619195046 0.5702380952380952 0.6928792569659443 0.569047619047619 0.6978328173374613 0.475 0.6978328173374613 0.42142857142857143 0.6972136222910217 0.41904761904761906 0.6922600619195046 0.4095238095238095 0.6687306501547987 0.4095238095238095 
15 0.718266253869969 0.3904761904761905 0.698452012383901 0.42857142857142855 0.6885448916408669 0.4857142857142857 0.6885448916408669 0.5607142857142857 0.6934984520123839 0.5702380952380952 0.7219814241486068 0.5702380952380952 0.7374613003095976 0.5511904761904762 0.7374613003095976 0.39285714285714285 0.7368421052631579 0.3904761904761905 0.718266253869969 0.3904761904761905 
17 0.698452012383901 0.580952380952381 0.6891640866873066 0.5904761904761905 0.6835913312693499 0.6 0.6786377708978328 0.6095238095238096 0.6786377708978328 0.6535714285714286 0.6835913312693499 0.6642857142857143 0.6842105263157895 0.6654761904761904 0.6990712074303406 0.6845238095238095 0.708359133126935 0.694047619047619 0.7281733746130031 0.7130952380952381 0.7436532507739938 0.7226190476190476 0.7523219814241486 0.7226190476190476 0.7616099071207431 0.7130952380952381 0.7622291021671826 0.7119047619047619 0.7622291021671826 0.6857142857142857 0.7473684210526316 0.638095238095238 0.7176470588235294 0.580952380952381 0.698452012383901 0.580952380952381 
19 0.5894736842105263 0.6 0.5894736842105263 0.6428571428571429 0.5944272445820433 0.6738095238095239 0.6092879256965944 0.7416666666666667 0.6142414860681115 0.7595238095238095 0.6241486068111455 0.7797619047619048 0.6291021671826625 0.7892857142857143 0.6414860681114551 0.7892857142857143 0.643343653250774 0.7880952380952381 0.6631578947368421 0.7702380952380953 0.6631578947368421 0.7238095238095238 0.648297213622291 0.6095238095238096 0.643343653250774 0.6011904761904762 0.6414860681114551 0.6 0.5894736842105263 0.6 
20 0.5746130030959752 0.6095238095238096 0.5603715170278638 0.6190476190476191 0.5597523219814241 0.6214285714285714 0.5597523219814241 0.6654761904761904 0.5647058823529412 0.694047619047619 0.5845201238390093 0.7690476190476191 0.5894736842105263 0.7797619047619048 0.5944272445820433 0.7892857142857143 0.6 0.7976190476190477 0.6018575851393189 0.7988095238095239 0.6136222910216719 0.7988095238095239 0.6136222910216719 0.7428571428571429 0.6037151702786377 0.6678571428571428 0.5987616099071208 0.6392857142857142 0.5938080495356037 0.6190476190476191 0.5882352941176471 0.6095238095238096 0.5746130030959752 0.6095238095238096 
22 0.534984520123839 0.6095238095238096 0.530030959752322 0.6202380952380953 0.530030959752322 0.7130952380952381 0.5399380804953561 0.8166666666666667 0.5455108359133127 0.8369047619047619 0.5572755417956656 0.8369047619047619 0.5585139318885449 0.8357142857142857 0.5591331269349845 0.8333333333333334 0.5640866873065016 0.7416666666666667 0.5640866873065016 0.611904761904762 0.5634674922600619 0.6095238095238096 0.534984520123839 0.6095238095238096 
23 0.5102167182662539 0.6095238095238096 0.5052631578947369 0.6285714285714286 0.5052631578947369 0.7845238095238095 0.5058823529411764 0.7869047619047619 0.5077399380804953 0.7892857142857143 0.5145510835913313 0.7892857142857143 0.5244582043343653 0.7690476190476191 0.5343653250773994 0.7297619047619047 0.5393188854489164 0.6261904761904762 0.5393188854489164 0.6202380952380953 0.5343653250773994 0.6095238095238096 0.5102167182662539 0.6095238095238096 
24 0.49102167182662537 0.6095238095238096 0.4904024767801858 0.6107142857142858 0.4904024767801858 0.7607142857142857 0.4996904024767802 0.7607142857142857 0.5040247678018576 0.7511904761904762 0.5095975232198142 0.7321428571428571 0.5145510835913313 0.6333333333333333 0.5145510835913313 0.6107142857142858 0.5139318885448917 0.6095238095238096 0.49102167182662537 0.6095238095238096 
25 0.4724458204334365 0.6095238095238096 0.4712074303405573 0.6107142857142858 0.47058823529411764 0.6130952380952381 0.47058823529411764 0.7011904761904761 0.47554179566563465 0.7511904761904762 0.4804953560371517 0.7595238095238095 0.4823529411764706 0.7607142857142857 0.48359133126934983 0.7607142857142857 0.48978328173374613 0.7511904761904762 0.49473684210526314 0.6892857142857143 0.49473684210526314 0.6107142857142858 0.49226006191950467 0.6095238095238096 0.4724458204334365 0.6095238095238096 
26 0.45139318885448915 0.6095238095238096 0.45077399380804956 0.611904761904762 0.45077399380804956 0.6607142857142857 0.46068111455108357 0.7702380952380953 0.47492260061919506 0.7702380952380953 0.47987616099071206 0.7511904761904762 0.47987616099071206 0.6952380952380952 0.47492260061919506 0.6107142857142858 0.46873065015479876 0.6095238095238096 0.45139318885448915 0.6095238095238096 
27 0.421671826625387 0.6 0.42105263157894735 0.6011904761904762 0.41609907120743034 0.7523809523809524 0.41609907120743034 0.7988095238095239 0.421671826625387 0.8178571428571428 0.43529411764705883 0.8178571428571428 0.43962848297213625 0.8083333333333333 0.4452012383900929 0.7797619047619048 0.4501547987616099 0.7511904761904762 0.4551083591331269 0.6738095238095239 0.4551083591331269 0.6095238095238096 0.4439628482972136 0.6 0.421671826625387 0.6 
29 0.39628482972136225 0.6095238095238096 0.3913312693498452 0.6202380952380953 0.3863777089783282 0.638095238095238 0.38204334365325077 0.6761904761904762 0.3814241486068111 0.6821428571428572 0.3764705882352941 0.7440476190476191 0.3764705882352941 0.7797619047619048 0.3814241486068111 0.7892857142857143 0.3851393188854489 0.7892857142857143 0.3956656346749226 0.7797619047619048 0.4154798761609907 0.7130952380952381 0.42538699690402476 0.6738095238095239 0.42538699690402476 0.6190476190476191 0.42043343653250775 0.6095238095238096 0.39628482972136225 0.6095238095238096 
30 0.35170278637770896 0.580952380952381 0.34674922600619196 0.5904761904761905 0.34179566563467495 0.6107142857142858 0.3219814241486068 0.7238095238095238 0.3219814241486068 0.7345238095238096 0.32260061919504646 0.7416666666666667 0.3269349845201238 0.7607142857142857 0.3430340557275542 0.7702380952380953 0.3609907120743034 0.7702380952380953 0.37585139318885447 0.7416666666666667 0.38080495356037153 0.7285714285714285 0.3907120743034056 0.6845238095238095 0.4055727554179567 0.6178571428571429 0.4055727554179567 0.6023809523809524 0.40495356037151703 0.6 0.4006191950464396 0.5904761904761905 0.3752321981424149 0.580952380952381 0.35170278637770896 0.580952380952381 
31 0.3027863777089783 0.5714285714285714 0.29721362229102166 0.580952380952381 0.2724458204334365 0.6976190476190476 0.2724458204334365 0.7416666666666667 0.3046439628482972 0.7416666666666667 0.3058823529411765 0.7404761904761905 0.31640866873065016 0.7226190476190476 0.33126934984520123 0.694047619047619 0.3461300309597523 0.6547619047619048 0.3510835913312694 0.6166666666666667 0.3510835913312694 0.5916666666666667 0.3461300309597523 0.5821428571428572 0.33126934984520123 0.5714285714285714 0.3027863777089783 0.5714285714285714 
32 0.26811145510835915 0.5428571428571428 0.25758513931888544 0.5523809523809524 0.23777089783281732 0.6476190476190476 0.23777089783281732 0.6833333333333333 0.24272445820433436 0.694047619047619 0.25696594427244585 0.694047619047619 0.26687306501547986 0.6833333333333333 0.28173374613003094 0.6654761904761904 0.29659442724458207 0.6464285714285715 0.3065015479876161 0.5880952380952381 0.3065015479876161 0.5726190476190476 0.3015479876160991 0.5630952380952381 0.30030959752321984 0.5619047619047619 0.27678018575851393 0.5428571428571428 0.26811145510835915 0.5428571428571428 