1 0.24272445820433436 0.5047619047619047 0.24272445820433436 0.6369047619047619 0.2476780185758514 0.6833333333333333 0.248297213622291 0.6845238095238095 0.28111455108359135 0.6845238095238095 0.28173374613003094 0.6821428571428572 0.28173374613003094 0.6190476190476191 0.27678018575851393 0.5821428571428572 0.26687306501547986 0.5333333333333333 0.26191950464396285 0.5142857142857142 0.2563467492260062 0.5047619047619047 0.24272445820433436 0.5047619047619047 
2 0.2823529411764706 0.49523809523809526 0.2773993808049536 0.6595238095238095 0.2773993808049536 0.6702380952380952 0.27801857585139317 0.675 0.2823529411764706 0.6845238095238095 0.2885448916408669 0.694047619047619 0.3256965944272446 0.694047619047619 0.33126934984520123 0.6845238095238095 0.33126934984520123 0.638095238095238 0.3263157894736842 0.6095238095238096 0.31640866873065016 0.5535714285714286 0.3065015479876161 0.5142857142857142 0.29659442724458207 0.49523809523809526 0.2823529411764706 0.49523809523809526 
5 0.3863777089783282 0.5047619047619047 0.3814241486068111 0.6523809523809524 0.3814241486068111 0.6821428571428572 0.38204334365325077 0.6845238095238095 0.3863777089783282 0.694047619047619 0.4086687306501548 0.694047619047619 0.4105263157894737 0.6928571428571428 0.4198142414860681 0.6845238095238095 0.42043343653250775 0.6821428571428572 0.42043343653250775 0.638095238095238 0.4055727554179567 0.5154761904761904 0.4006191950464396 0.5047619047619047 0.3863777089783282 0.5047619047619047 
6 0.41609907120743034 0.44761904761904764 0.41114551083591333 0.45714285714285713 0.41114551083591333 0.6845238095238095 0.42105263157894735 0.694047619047619 0.44024767801857584 0.694047619047619 0.4452012383900929 0.6845238095238095 0.4452012383900929 0.5845238095238096 0.43529411764705883 0.4869047619047619 0.43034055727554177 0.45714285714285713 0.42538699690402476 0.4488095238095238 0.4241486068111455 0.44761904761904764 0.41609907120743034 0.44761904761904764 
7 0.45139318885448915 0.5047619047619047 0.4458204334365325 0.5238095238095238 0.4408668730650155 0.6523809523809524 0.4408668730650155 0.675 0.443343653250774 0.6845238095238095 0.47492260061919506 0.6845238095238095 0.47492260061919506 0.6416666666666667 0.469969040247678 0.5428571428571428 0.465015479876161 0.5071428571428571 0.46377708978328175 0.5047619047619047 0.45139318885448915 0.5047619047619047 
8 0.4854489164086687 0.49523809523809526 0.4804953560371517 0.5047619047619047 0.47554179566563465 0.5333333333333333 0.47058823529411764 0.6404761904761904 0.47058823529411764 0.694047619047619 0.508359133126935 0.694047619047619 0.5095975232198142 0.6928571428571428 0.5095975232198142 0.5904761904761905 0.5046439628482973 0.5428571428571428 0.4996904024767802 0.49642857142857144 0.49907120743034056 0.49523809523809526 0.4854489164086687 0.49523809523809526 
9 0.534984520123839 0.49523809523809526 0.5256965944272446 0.5142857142857142 0.5052631578947369 0.6107142857142858 0.5052631578947369 0.6916666666666667 0.5058823529411764 0.694047619047619 0.5325077399380805 0.694047619047619 0.5343653250773994 0.6928571428571428 0.5393188854489164 0.6845238095238095 0.5541795665634675 0.5607142857142857 0.5541795665634675 0.5154761904761904 0.5492260061919505 0.49523809523809526 0.534984520123839 0.49523809523809526 
10 0.5547987616099072 0.5333333333333333 0.5399380804953561 0.5916666666666667 0.534984520123839 0.6285714285714286 0.534984520123839 0.675 0.5399380804953561 0.694047619047619 0.544891640866873 0.7035714285714286 0.5684210526315789 0.7035714285714286 0.5690402476780185 0.7011904761904761 0.5739938080495356 0.6238095238095238 0.5739938080495356 0.5345238095238095 0.573374613003096 0.5333333333333333 0.5547987616099072 0.5333333333333333 
11 0.5993808049535604 0.49523809523809526 0.5795665634674922 0.5642857142857143 0.5746130030959752 0.5821428571428572 0.5696594427244582 0.6023809523809524 0.5647058823529412 0.6285714285714286 0.5647058823529412 0.7011904761904761 0.5653250773993808 0.7023809523809523 0.56656346749226 0.7035714285714286 0.5938080495356037 0.7035714285714286 0.6136222910216719 0.55 0.6136222910216719 0.49523809523809526 0.5993808049535604 0.49523809523809526 
12 0.6198142414860681 0.5142857142857142 0.6142414860681115 0.5238095238095238 0.6099071207430341 0.5333333333333333 0.6092879256965944 0.5357142857142857 0.5944272445820433 0.6 0.5894736842105263 0.6285714285714286 0.5894736842105263 0.7023809523809523 0.5944272445820433 0.7130952380952381 0.6080495356037152 0.7130952380952381 0.6235294117647059 0.7035714285714286 0.6334365325077399 0.5761904761904761 0.6334365325077399 0.5273809523809524 0.6328173374613003 0.5178571428571429 0.6309597523219814 0.5142857142857142 0.6198142414860681 0.5142857142857142 
14 0.6687306501547987 0.5619047619047619 0.6637770897832818 0.5714285714285714 0.6588235294117647 0.5833333333333334 0.6390092879256966 0.6392857142857142 0.6291021671826625 0.6761904761904762 0.6291021671826625 0.6928571428571428 0.6340557275541796 0.7119047619047619 0.6390092879256966 0.7226190476190476 0.6730650154798762 0.7226190476190476 0.6829721362229102 0.7035714285714286 0.6978328173374613 0.6166666666666667 0.6978328173374613 0.5738095238095238 0.6972136222910217 0.5714285714285714 0.6928792569659443 0.5619047619047619 0.6687306501547987 0.5619047619047619 
15 0.7089783281733746 0.5619047619047619 0.6990712074303406 0.5714285714285714 0.6934984520123839 0.580952380952381 0.6786377708978328 0.6571428571428571 0.6736842105263158 0.6952380952380952 0.6736842105263158 0.7226190476190476 0.6786377708978328 0.7321428571428571 0.7176470588235294 0.7321428571428571 0.7219814241486068 0.7226190476190476 0.7226006191950465 0.7202380952380952 0.7226006191950465 0.5619047619047619 0.7089783281733746 0.5619047619047619 
16 0.7430340557275542 0.5619047619047619 0.7380804953560371 0.5714285714285714 0.7331269349845201 0.5916666666666667 0.718266253869969 0.6702380952380952 0.718266253869969 0.7226190476190476 0.7232198142414861 0.7309523809523809 0.7380804953560371 0.7321428571428571 0.7523219814241486 0.7226190476190476 0.7572755417956656 0.7035714285714286 0.7622291021671826 0.6083333333333333 0.7622291021671826 0.5619047619047619 0.7430340557275542 0.5619047619047619 
17 0.708359133126935 0.7428571428571429 0.698452012383901 0.7523809523809524 0.6934984520123839 0.763095238095238 0.6786377708978328 0.8 0.6786377708978328 0.8261904761904761 0.6835913312693499 0.8369047619047619 0.6885448916408669 0.8464285714285714 0.7232198142414861 0.8654761904761905 0.7424148606811145 0.8654761904761905 0.756656346749226 0.8559523809523809 0.7671826625386997 0.8464285714285714 0.7671826625386997 0.8285714285714286 0.7622291021671826 0.8095238095238095 0.7424148606811145 0.763095238095238 0.7374613003095976 0.7523809523809524 0.7275541795665634 0.7428571428571429 0.708359133126935 0.7428571428571429 
20 0.595046439628483 0.7333333333333333 0.5944272445820433 0.7357142857142858 0.5944272445820433 0.8083333333333333 0.5993808049535604 0.9023809523809524 0.6043343653250774 0.9130952380952381 0.6185758513931888 0.9130952380952381 0.628482972136223 0.7797619047619048 0.628482972136223 0.7440476190476191 0.6229102167182663 0.7333333333333333 0.595046439628483 0.7333333333333333 
21 0.5696594427244582 0.7333333333333333 0.5696594427244582 0.7892857142857143 0.5746130030959752 0.8523809523809524 0.5795665634674922 0.9035714285714286 0.5931888544891641 0.9035714285714286 0.5987616099071208 0.8940476190476191 0.5987616099071208 0.7357142857142858 0.5975232198142415 0.7333333333333333 0.5696594427244582 0.7333333333333333 
22 0.544891640866873 0.7047619047619048 0.5405572755417957 0.7154761904761905 0.5399380804953561 0.7178571428571429 0.5399380804953561 0.75 0.544891640866873 0.8940476190476191 0.5498452012383901 0.9226190476190477 0.5547987616099072 0.930952380952381 0.5560371517027863 0.9321428571428572 0.5622291021671827 0.9321428571428572 0.5640866873065016 0.930952380952381 0.5690402476780185 0.9119047619047619 0.5739938080495356 0.8547619047619047 0.5739938080495356 0.7047619047619048 0.544891640866873 0.7047619047619048 
23 0.5201238390092879 0.7047619047619048 0.5151702786377709 0.7154761904761905 0.5151702786377709 0.7476190476190476 0.525077399380805 0.8845238095238095 0.530030959752322 0.8940476190476191 0.5442724458204334 0.8940476190476191 0.5492260061919505 0.7559523809523809 0.5492260061919505 0.7047619047619048 0.5201238390092879 0.7047619047619048 
24 0.5009287925696595 0.7142857142857143 0.5003095975232198 0.7154761904761905 0.5003095975232198 0.8178571428571428 0.5102167182662539 0.8654761904761905 0.5151702786377709 0.8845238095238095 0.5238390092879257 0.8845238095238095 0.5244582043343653 0.8833333333333333 0.5244582043343653 0.7523809523809524 0.5195046439628483 0.7154761904761905 0.5188854489164086 0.7142857142857143 0.5009287925696595 0.7142857142857143 
25 0.48606811145510836 0.7047619047619048 0.4804953560371517 0.7154761904761905 0.4804953560371517 0.8083333333333333 0.4854489164086687 0.875 0.49473684210526314 0.875 0.4996904024767802 0.8559523809523809 0.5046439628482973 0.825 0.5046439628482973 0.705952380952381 0.503405572755418 0.7047619047619048 0.48606811145510836 0.7047619047619048 
26 0.46253869969040246 0.7047619047619048 0.46068111455108357 0.705952380952381 0.46068111455108357 0.7702380952380953 0.46563467492260063 0.8940476190476191 0.47306501547987617 0.8940476190476191 0.4743034055727554 0.8928571428571429 0.4792569659442725 0.8845238095238095 0.4848297213622291 0.8654761904761905 0.48978328173374613 0.719047619047619 0.48978328173374613 0.7047619047619048 0.46253869969040246 0.7047619047619048 
27 0.4321981424148607 0.7047619047619048 0.4309597523219814 0.705952380952381 0.4309597523219814 0.7988095238095239 0.4359133126934985 0.8928571428571429 0.4408668730650155 0.930952380952381 0.44148606811145513 0.9321428571428572 0.4501547987616099 0.9321428571428572 0.4551083591331269 0.9035714285714286 0.460061919504644 0.8738095238095238 0.465015479876161 0.7761904761904762 0.465015479876161 0.705952380952381 0.46439628482972134 0.7047619047619048 0.4321981424148607 0.7047619047619048 
28 0.41114551083591333 0.7142857142857143 0.40619195046439627 0.7428571428571429 0.40123839009287926 0.8380952380952381 0.40123839009287926 0.9023809523809524 0.40619195046439627 0.9226190476190477 0.42043343653250775 0.9226190476190477 0.42538699690402476 0.9130952380952381 0.4297213622291022 0.8940476190476191 0.43034055727554177 0.8904761904761904 0.43529411764705883 0.7892857142857143 0.43529411764705883 0.725 0.4297213622291022 0.7142857142857143 0.41114551083591333 0.7142857142857143 
29 0.37708978328173376 0.7142857142857143 0.3764705882352941 0.7154761904761905 0.3715170278637771 0.7357142857142858 0.36656346749226004 0.8392857142857143 0.36656346749226004 0.9 0.3671826625386997 0.9035714285714286 0.38328173374613 0.9035714285714286 0.3845201238390093 0.9023809523809524 0.39009287925696595 0.8940476190476191 0.4006191950464396 0.8559523809523809 0.4105263157894737 0.7952380952380952 0.4105263157894737 0.7154761904761905 0.40990712074303404 0.7142857142857143 0.37708978328173376 0.7142857142857143 
32 0.25386996904024767 0.6952380952380952 0.25263157894736843 0.6964285714285714 0.2476780185758514 0.7047619047619048 0.22786377708978328 0.7726190476190476 0.22786377708978328 0.8238095238095238 0.2284829721362229 0.8261904761904761 0.22972136222910217 0.8273809523809523 0.23777089783281732 0.830952380952381 0.24210526315789474 0.830952380952381 0.2513931888544892 0.8273809523809523 0.26191950464396285 0.8178571428571428 0.28111455108359135 0.7988095238095239 0.291640866873065 0.7797619047619048 0.29659442724458207 0.7607142857142857 0.29659442724458207 0.7238095238095238 0.291640866873065 0.7142857142857143 0.27058823529411763 0.6952380952380952 0.25386996904024767 0.6952380952380952 