2 0.32321981424148605 0.37142857142857144 0.3219814241486068 0.3726190476190476 0.3176470588235294 0.3904761904761905 0.3170278637770898 0.39404761904761904 0.31207430340557274 0.5071428571428571 0.31207430340557274 0.5416666666666666 0.3170278637770898 0.5511904761904762 0.3318885448916409 0.5607142857142857 0.3448916408668731 0.5607142857142857 0.3461300309597523 0.5595238095238095 0.3510835913312694 0.55 0.3510835913312694 0.4869047619047619 0.3461300309597523 0.41904761904761906 0.3411764705882353 0.39285714285714285 0.33622291021671824 0.3726190476190476 0.33560371517027865 0.37142857142857144 0.32321981424148605 0.37142857142857144 
3 0.35170278637770896 0.4 0.35170278637770896 0.5607142857142857 0.356656346749226 0.569047619047619 0.35789473684210527 0.5702380952380952 0.3851393188854489 0.5702380952380952 0.3956656346749226 0.5607142857142857 0.3956656346749226 0.5142857142857142 0.38575851393188854 0.4107142857142857 0.3851393188854489 0.4095238095238095 0.37956656346749224 0.4 0.35170278637770896 0.4 
4 0.3975232198142415 0.38095238095238093 0.39628482972136225 0.3821428571428571 0.3913312693498452 0.5047619047619047 0.3913312693498452 0.5607142857142857 0.40123839009287926 0.5797619047619048 0.4154798761609907 0.5797619047619048 0.42043343653250775 0.5702380952380952 0.42043343653250775 0.5047619047619047 0.4105263157894737 0.41309523809523807 0.4055727554179567 0.38095238095238093 0.3975232198142415 0.38095238095238093 
5 0.41114551083591333 0.38095238095238093 0.41114551083591333 0.513095238095238 0.41609907120743034 0.569047619047619 0.42105263157894735 0.5797619047619048 0.44024767801857584 0.5797619047619048 0.4452012383900929 0.5511904761904762 0.4452012383900929 0.5047619047619047 0.43034055727554177 0.4011904761904762 0.42538699690402476 0.38095238095238093 0.41114551083591333 0.38095238095238093 
6 0.4309597523219814 0.3619047619047619 0.4309597523219814 0.48214285714285715 0.4408668730650155 0.575 0.44148606811145513 0.5797619047619048 0.45325077399380803 0.5797619047619048 0.4551083591331269 0.5785714285714286 0.460061919504644 0.569047619047619 0.465015479876161 0.55 0.465015479876161 0.5142857142857142 0.4452012383900929 0.36428571428571427 0.44458204334365325 0.3619047619047619 0.4309597523219814 0.3619047619047619 
7 0.46563467492260063 0.4095238095238095 0.46068111455108357 0.44047619047619047 0.45572755417956656 0.47619047619047616 0.45572755417956656 0.5226190476190476 0.46068111455108357 0.5583333333333333 0.4613003095975232 0.5595238095238095 0.46253869969040246 0.5607142857142857 0.4792569659442725 0.5607142857142857 0.47987616099071206 0.5595238095238095 0.47987616099071206 0.41904761904761906 0.4743034055727554 0.4095238095238095 0.46563467492260063 0.4095238095238095 
8 0.4854489164086687 0.3904761904761905 0.48111455108359136 0.4 0.4804953560371517 0.40476190476190477 0.47554179566563465 0.45714285714285713 0.47554179566563465 0.5607142857142857 0.4804953560371517 0.5797619047619048 0.5021671826625387 0.5797619047619048 0.5040247678018576 0.5785714285714286 0.5046439628482973 0.5773809523809523 0.5046439628482973 0.5154761904761904 0.4996904024767802 0.4 0.49473684210526314 0.3904761904761905 0.4854489164086687 0.3904761904761905 
9 0.5009287925696595 0.4 0.5003095975232198 0.4035714285714286 0.4953560371517028 0.5047619047619047 0.4953560371517028 0.5202380952380953 0.5003095975232198 0.5702380952380952 0.5281733746130031 0.5702380952380952 0.5294117647058824 0.569047619047619 0.5294117647058824 0.5142857142857142 0.5244582043343653 0.4488095238095238 0.5195046439628483 0.4011904761904762 0.518266253869969 0.4 0.5009287925696595 0.4 
10 0.5306501547987617 0.4 0.530030959752322 0.4011904761904762 0.525077399380805 0.42023809523809524 0.5201238390092879 0.44047619047619047 0.5201238390092879 0.5154761904761904 0.525077399380805 0.5797619047619048 0.5436532507739938 0.5797619047619048 0.5442724458204334 0.5773809523809523 0.5442724458204334 0.49047619047619045 0.5393188854489164 0.4023809523809524 0.5380804953560372 0.4011904761904762 0.5362229102167183 0.4 0.5306501547987617 0.4 
11 0.5554179566563467 0.3619047619047619 0.5547987616099072 0.3630952380952381 0.5498452012383901 0.38095238095238093 0.544891640866873 0.4011904761904762 0.5399380804953561 0.46904761904761905 0.5399380804953561 0.5607142857142857 0.544891640866873 0.5785714285714286 0.5455108359133127 0.5797619047619048 0.5634674922600619 0.5797619047619048 0.5690402476780185 0.5702380952380952 0.5690402476780185 0.3773809523809524 0.5684210526315789 0.37142857142857144 0.5640866873065016 0.3619047619047619 0.5554179566563467 0.3619047619047619 
12 0.5752321981424149 0.3904761904761905 0.5702786377708978 0.4 0.5696594427244582 0.4023809523809524 0.5647058823529412 0.42857142857142855 0.5647058823529412 0.5857142857142857 0.5702786377708978 0.5892857142857143 0.5789473684210527 0.5892857142857143 0.5839009287925696 0.5785714285714286 0.5888544891640867 0.5607142857142857 0.5888544891640867 0.4011904761904762 0.5839009287925696 0.3904761904761905 0.5752321981424149 0.3904761904761905 
13 0.5993808049535604 0.3904761904761905 0.5944272445820433 0.4011904761904762 0.5894736842105263 0.42142857142857143 0.5845201238390093 0.4488095238095238 0.5795665634674922 0.5547619047619048 0.5795665634674922 0.5702380952380952 0.5845201238390093 0.5892857142857143 0.5987616099071208 0.5892857142857143 0.6037151702786377 0.5797619047619048 0.6086687306501548 0.569047619047619 0.6136222910216719 0.5190476190476191 0.6136222910216719 0.3904761904761905 0.5993808049535604 0.3904761904761905 
14 0.6204334365325077 0.4095238095238095 0.6191950464396285 0.4107142857142857 0.614860681114551 0.41904761904761906 0.6142414860681115 0.42142857142857143 0.6092879256965944 0.4488095238095238 0.5993808049535604 0.5619047619047619 0.5993808049535604 0.5702380952380952 0.604953560371517 0.5797619047619048 0.6291021671826625 0.5892857142857143 0.6427244582043343 0.5892857142857143 0.648297213622291 0.5797619047619048 0.653250773993808 0.48214285714285715 0.653250773993808 0.4107142857142857 0.6526315789473685 0.4095238095238095 0.6204334365325077 0.4095238095238095 
15 0.6637770897832818 0.4 0.6588235294117647 0.4095238095238095 0.6489164086687307 0.45 0.6439628482972136 0.5154761904761904 0.6439628482972136 0.5702380952380952 0.6551083591331269 0.5797619047619048 0.6656346749226006 0.5797619047619048 0.6681114551083591 0.5785714285714286 0.6780185758513931 0.5702380952380952 0.6873065015479877 0.5511904761904762 0.6879256965944273 0.5476190476190477 0.6879256965944273 0.5047619047619047 0.6829721362229102 0.4380952380952381 0.6780185758513931 0.4011904761904762 0.676780185758514 0.4 0.6637770897832818 0.4 
17 0.6941176470588235 0.6 0.6743034055727554 0.6190476190476191 0.6736842105263158 0.6226190476190476 0.6736842105263158 0.6738095238095239 0.6835913312693499 0.694047619047619 0.7034055727554179 0.7226190476190476 0.7238390092879257 0.7416666666666667 0.7461300309597523 0.7416666666666667 0.7473684210526316 0.7404761904761905 0.7473684210526316 0.7142857142857143 0.7325077399380805 0.6571428571428571 0.7226006191950465 0.6202380952380953 0.7176470588235294 0.6095238095238096 0.7120743034055728 0.6 0.6941176470588235 0.6 
18 0.6507739938080496 0.6095238095238096 0.6346749226006192 0.6190476190476191 0.6241486068111455 0.6297619047619047 0.6191950464396285 0.638095238095238 0.6191950464396285 0.6654761904761904 0.6241486068111455 0.6845238095238095 0.6390092879256966 0.7214285714285714 0.6637770897832818 0.7702380952380953 0.6687306501547987 0.7797619047619048 0.6780185758513931 0.7797619047619048 0.6972136222910217 0.7607142857142857 0.6978328173374613 0.7595238095238095 0.6978328173374613 0.7333333333333333 0.6730650154798762 0.6285714285714286 0.6681114551083591 0.6190476190476191 0.6625386996904025 0.6095238095238096 0.6507739938080496 0.6095238095238096 
19 0.6142414860681115 0.6190476190476191 0.5801857585139318 0.6285714285714286 0.5702786377708978 0.638095238095238 0.5696594427244582 0.6392857142857142 0.5696594427244582 0.6654761904761904 0.5795665634674922 0.7130952380952381 0.5944272445820433 0.7702380952380953 0.6092879256965944 0.7988095238095239 0.6229102167182663 0.7988095238095239 0.643343653250774 0.7892857142857143 0.643343653250774 0.7714285714285715 0.628482972136223 0.6428571428571429 0.6278637770897832 0.638095238095238 0.6235294117647059 0.6285714285714286 0.6185758513931888 0.6190476190476191 0.6142414860681115 0.6190476190476191 
20 0.5597523219814241 0.6190476190476191 0.5498452012383901 0.6476190476190476 0.5498452012383901 0.6642857142857143 0.5696594427244582 0.7892857142857143 0.5746130030959752 0.8083333333333333 0.5795665634674922 0.8261904761904761 0.5801857585139318 0.8273809523809523 0.5882352941176471 0.8273809523809523 0.5888544891640867 0.8261904761904761 0.5888544891640867 0.7071428571428572 0.5789473684210527 0.6285714285714286 0.5739938080495356 0.6190476190476191 0.5597523219814241 0.6190476190476191 
21 0.5498452012383901 0.6285714285714286 0.5399380804953561 0.6476190476190476 0.5399380804953561 0.7321428571428571 0.544891640866873 0.7988095238095239 0.5498452012383901 0.8178571428571428 0.5554179566563467 0.8273809523809523 0.5591331269349845 0.8273809523809523 0.5640866873065016 0.8178571428571428 0.5640866873065016 0.6857142857142857 0.5591331269349845 0.6285714285714286 0.5498452012383901 0.6285714285714286 
22 0.5256965944272446 0.6190476190476191 0.525077399380805 0.6202380952380953 0.5201238390092879 0.7178571428571429 0.5201238390092879 0.7880952380952381 0.525077399380805 0.8261904761904761 0.5256965944272446 0.8273809523809523 0.5331269349845201 0.8273809523809523 0.5343653250773994 0.8261904761904761 0.5386996904024768 0.8166666666666667 0.5393188854489164 0.8130952380952381 0.5442724458204334 0.7511904761904762 0.5442724458204334 0.6202380952380953 0.5430340557275541 0.6190476190476191 0.5256965944272446 0.6190476190476191 
23 0.5120743034055728 0.6190476190476191 0.5102167182662539 0.6202380952380953 0.5052631578947369 0.6869047619047619 0.5052631578947369 0.7785714285714286 0.5102167182662539 0.7892857142857143 0.5195046439628483 0.7892857142857143 0.5244582043343653 0.7607142857142857 0.5294117647058824 0.7226190476190476 0.5294117647058824 0.6190476190476191 0.5120743034055728 0.6190476190476191 
24 0.5009287925696595 0.6285714285714286 0.5003095975232198 0.6321428571428571 0.4953560371517028 0.6678571428571428 0.4953560371517028 0.7511904761904762 0.5003095975232198 0.7892857142857143 0.5046439628482973 0.7892857142857143 0.5095975232198142 0.7797619047619048 0.5145510835913313 0.694047619047619 0.5145510835913313 0.6285714285714286 0.5009287925696595 0.6285714285714286 
25 0.4804953560371517 0.6190476190476191 0.4804953560371517 0.6535714285714286 0.4854489164086687 0.7797619047619048 0.49102167182662537 0.7892857142857143 0.49411764705882355 0.7892857142857143 0.4996904024767802 0.7785714285714286 0.5046439628482973 0.7511904761904762 0.5046439628482973 0.6297619047619047 0.4996904024767802 0.6190476190476191 0.4804953560371517 0.6190476190476191 
26 0.4674922600619195 0.6190476190476191 0.46563467492260063 0.6202380952380953 0.46563467492260063 0.655952380952381 0.47058823529411764 0.7226190476190476 0.47554179566563465 0.7869047619047619 0.4761609907120743 0.7892857142857143 0.4842105263157895 0.7892857142857143 0.48978328173374613 0.7797619047619048 0.48978328173374613 0.6857142857142857 0.4848297213622291 0.6190476190476191 0.4674922600619195 0.6190476190476191 
27 0.45263157894736844 0.6190476190476191 0.45077399380804956 0.6202380952380953 0.45077399380804956 0.7416666666666667 0.45572755417956656 0.7880952380952381 0.46068111455108357 0.8166666666666667 0.4613003095975232 0.8178571428571428 0.46873065015479876 0.8178571428571428 0.469969040247678 0.8166666666666667 0.47492260061919506 0.7476190476190476 0.47492260061919506 0.6869047619047619 0.469969040247678 0.6285714285714286 0.465015479876161 0.6190476190476191 0.45263157894736844 0.6190476190476191 
28 0.44272445820433437 0.6095238095238096 0.4408668730650155 0.6107142857142858 0.4359133126934985 0.6202380952380953 0.4309597523219814 0.6321428571428571 0.4309597523219814 0.725 0.4359133126934985 0.7928571428571428 0.43653250773993807 0.7988095238095239 0.4408668730650155 0.8083333333333333 0.44953560371517026 0.8083333333333333 0.4501547987616099 0.805952380952381 0.4551083591331269 0.7666666666666667 0.4551083591331269 0.7619047619047619 0.4544891640866873 0.6952380952380952 0.4501547987616099 0.6214285714285714 0.44953560371517026 0.6190476190476191 0.44458204334365325 0.6095238095238096 0.44272445820433437 0.6095238095238096 
29 0.41609907120743034 0.6190476190476191 0.40619195046439627 0.638095238095238 0.40619195046439627 0.7857142857142857 0.4068111455108359 0.7892857142857143 0.41114551083591333 0.8071428571428572 0.4117647058823529 0.8083333333333333 0.4247678018575851 0.8083333333333333 0.43034055727554177 0.7797619047619048 0.43529411764705883 0.7404761904761905 0.44024767801857584 0.6833333333333333 0.44024767801857584 0.6666666666666666 0.43529411764705883 0.6202380952380953 0.4340557275541796 0.6190476190476191 0.41609907120743034 0.6190476190476191 
30 0.3671826625386997 0.6190476190476191 0.36656346749226004 0.6214285714285714 0.36160990712074303 0.7154761904761905 0.36160990712074303 0.7880952380952381 0.3622291021671827 0.7892857142857143 0.3826625386996904 0.7988095238095239 0.3956656346749226 0.7988095238095239 0.4006191950464396 0.7880952380952381 0.40495356037151703 0.7702380952380953 0.42043343653250775 0.6369047619047619 0.42043343653250775 0.6297619047619047 0.4198142414860681 0.6285714285714286 0.4148606811145511 0.6202380952380953 0.4136222910216718 0.6190476190476191 0.3671826625386997 0.6190476190476191 
31 0.33374613003095976 0.6 0.3318885448916409 0.6023809523809524 0.3269349845201238 0.6095238095238096 0.3170278637770898 0.6476190476190476 0.3077399380804954 0.7142857142857143 0.30712074303405573 0.7202380952380952 0.30712074303405573 0.7583333333333333 0.3077399380804954 0.7607142857142857 0.3281733746130031 0.7702380952380953 0.33622291021671824 0.7702380952380953 0.3448916408668731 0.7607142857142857 0.3510835913312694 0.7511904761904762 0.37089783281733746 0.675 0.37089783281733746 0.6190476190476191 0.3603715170278638 0.6095238095238096 0.3461300309597523 0.6 0.33374613003095976 0.6 