3 0.34241486068111454 0.3619047619047619 0.32755417956656346 0.38095238095238093 0.3269349845201238 0.3821428571428571 0.3269349845201238 0.530952380952381 0.3318885448916409 0.5595238095238095 0.33250773993808047 0.5607142857142857 0.3684210526315789 0.5607142857142857 0.37089783281733746 0.5595238095238095 0.3801857585139319 0.5511904761904762 0.38080495356037153 0.55 0.38080495356037153 0.4869047619047619 0.36594427244582045 0.3904761904761905 0.3510835913312694 0.3619047619047619 0.34241486068111454 0.3619047619047619 
5 0.40123839009287926 0.3630952380952381 0.39628482972136225 0.3821428571428571 0.3863777089783282 0.5238095238095238 0.3863777089783282 0.5595238095238095 0.39628482972136225 0.5797619047619048 0.4086687306501548 0.5797619047619048 0.42538699690402476 0.569047619047619 0.43034055727554177 0.5595238095238095 0.43034055727554177 0.5154761904761904 0.42538699690402476 0.44047619047619047 0.42043343653250775 0.4095238095238095 0.4105263157894737 0.37142857142857144 0.4055727554179567 0.36547619047619045 0.40309597523219814 0.3630952380952381 0.40123839009287926 0.3630952380952381 
6 0.4309597523219814 0.34285714285714286 0.42724458204334365 0.3523809523809524 0.4260061919504644 0.35595238095238096 0.42105263157894735 0.4 0.42105263157894735 0.5785714285714286 0.4260061919504644 0.5892857142857143 0.4390092879256966 0.5892857142857143 0.44953560371517026 0.5797619047619048 0.4501547987616099 0.5785714285714286 0.4551083591331269 0.5607142857142857 0.4551083591331269 0.5178571428571429 0.4452012383900929 0.39166666666666666 0.44024767801857584 0.34523809523809523 0.4390092879256966 0.34285714285714286 0.4309597523219814 0.34285714285714286 
7 0.46068111455108357 0.3904761904761905 0.45572755417956656 0.4023809523809524 0.45077399380804956 0.525 0.45077399380804956 0.5416666666666666 0.45572755417956656 0.5773809523809523 0.4563467492260062 0.5797619047619048 0.47987616099071206 0.5797619047619048 0.4848297213622291 0.5702380952380952 0.4848297213622291 0.5083333333333333 0.47987616099071206 0.4380952380952381 0.47492260061919506 0.4 0.469969040247678 0.3904761904761905 0.46068111455108357 0.3904761904761905 
10 0.5721362229102167 0.37142857142857144 0.5702786377708978 0.3726190476190476 0.5696594427244582 0.3738095238095238 0.5647058823529412 0.4035714285714286 0.5547987616099072 0.47619047619047616 0.5498452012383901 0.5238095238095238 0.5498452012383901 0.5702380952380952 0.5597523219814241 0.5785714285714286 0.5622291021671827 0.5797619047619048 0.58328173374613 0.5797619047619048 0.5839009287925696 0.5785714285714286 0.5839009287925696 0.38095238095238093 0.5789473684210527 0.3726190476190476 0.5770897832817338 0.37142857142857144 0.5721362229102167 0.37142857142857144 
11 0.595046439628483 0.3523809523809524 0.5944272445820433 0.3547619047619048 0.5894736842105263 0.4 0.5845201238390093 0.5142857142857142 0.5845201238390093 0.5595238095238095 0.5894736842105263 0.5797619047619048 0.5944272445820433 0.5892857142857143 0.6136222910216719 0.5892857142857143 0.6185758513931888 0.5797619047619048 0.6185758513931888 0.48928571428571427 0.6136222910216719 0.3619047619047619 0.6086687306501548 0.3523809523809524 0.595046439628483 0.3523809523809524 
12 0.6247678018575852 0.3523809523809524 0.6198142414860681 0.3630952380952381 0.6191950464396285 0.36547619047619045 0.6142414860681115 0.40714285714285714 0.6092879256965944 0.4607142857142857 0.6092879256965944 0.4928571428571429 0.6142414860681115 0.569047619047619 0.6191950464396285 0.5797619047619048 0.6371517027863777 0.5797619047619048 0.643343653250774 0.5702380952380952 0.648297213622291 0.5607142857142857 0.648297213622291 0.49642857142857144 0.638390092879257 0.3547619047619048 0.6377708978328174 0.3535714285714286 0.6359133126934985 0.3523809523809524 0.6247678018575852 0.3523809523809524 
14 0.6736842105263158 0.37142857142857144 0.6687306501547987 0.38095238095238093 0.6637770897832818 0.4023809523809524 0.6588235294117647 0.4297619047619048 0.6489164086687307 0.5369047619047619 0.6489164086687307 0.55 0.6544891640866873 0.5607142857142857 0.6650154798761609 0.5702380952380952 0.6928792569659443 0.5702380952380952 0.7021671826625387 0.5511904761904762 0.7027863777089783 0.5488095238095239 0.7027863777089783 0.49642857142857144 0.6928792569659443 0.37142857142857144 0.6736842105263158 0.37142857142857144 
15 0.7238390092879257 0.3238095238095238 0.7139318885448916 0.3333333333333333 0.713312693498452 0.3345238095238095 0.7040247678018576 0.3619047619047619 0.698452012383901 0.4011904761904762 0.698452012383901 0.5321428571428571 0.7325077399380805 0.5321428571428571 0.746749226006192 0.513095238095238 0.7523219814241486 0.5023809523809524 0.7523219814241486 0.46785714285714286 0.7374613003095976 0.3523809523809524 0.7318885448916409 0.3333333333333333 0.7275541795665634 0.325 0.7263157894736842 0.3238095238095238 0.7238390092879257 0.3238095238095238 
18 0.7591331269349845 0.49523809523809526 0.7578947368421053 0.49642857142857144 0.7287925696594427 0.5333333333333333 0.7232198142414861 0.5428571428571428 0.7232198142414861 0.5797619047619048 0.7331269349845201 0.5988095238095238 0.7479876160990712 0.6178571428571429 0.7727554179566564 0.6464285714285715 0.8086687306501548 0.6464285714285715 0.8111455108359134 0.6452380952380953 0.8315789473684211 0.6273809523809524 0.8315789473684211 0.5904761904761905 0.821671826625387 0.5714285714285714 0.7770897832817337 0.49523809523809526 0.7591331269349845 0.49523809523809526 
20 0.6365325077399381 0.5714285714285714 0.6291021671826625 0.580952380952381 0.6291021671826625 0.6083333333333333 0.6340557275541796 0.655952380952381 0.6439628482972136 0.7226190476190476 0.6489164086687307 0.7488095238095238 0.6538699690402476 0.7702380952380953 0.6625386996904025 0.7702380952380953 0.6724458204334365 0.7607142857142857 0.6730650154798762 0.7583333333333333 0.6730650154798762 0.736904761904762 0.6681114551083591 0.580952380952381 0.6582043343653251 0.5714285714285714 0.6365325077399381 0.5714285714285714 
21 0.6099071207430341 0.580952380952381 0.6043343653250774 0.5904761904761905 0.5993808049535604 0.6 0.5993808049535604 0.6273809523809524 0.6142414860681115 0.7392857142857143 0.614860681114551 0.7416666666666667 0.6241486068111455 0.7607142857142857 0.6408668730650154 0.7607142857142857 0.643343653250774 0.7595238095238095 0.643343653250774 0.6857142857142857 0.638390092879257 0.6011904761904762 0.6334365325077399 0.580952380952381 0.6099071207430341 0.580952380952381 
22 0.5746130030959752 0.5904761904761905 0.5696594427244582 0.6 0.5696594427244582 0.6464285714285715 0.5746130030959752 0.694047619047619 0.5795665634674922 0.7226190476190476 0.5944272445820433 0.7702380952380953 0.6 0.7797619047619048 0.6086687306501548 0.7797619047619048 0.6130030959752322 0.7690476190476191 0.6136222910216719 0.7654761904761904 0.6136222910216719 0.7428571428571429 0.6086687306501548 0.6678571428571428 0.6037151702786377 0.6 0.5987616099071208 0.5916666666666667 0.5962848297213622 0.5904761904761905 0.5746130030959752 0.5904761904761905 
23 0.5399380804953561 0.5904761904761905 0.5399380804953561 0.5976190476190476 0.5498452012383901 0.7130952380952381 0.5547987616099072 0.7392857142857143 0.5554179566563467 0.7416666666666667 0.5647058823529412 0.7678571428571429 0.5702786377708978 0.7702380952380953 0.5727554179566563 0.7702380952380953 0.5739938080495356 0.7690476190476191 0.5789473684210527 0.7583333333333333 0.5789473684210527 0.7238095238095238 0.5739938080495356 0.594047619047619 0.573374613003096 0.5904761904761905 0.5399380804953561 0.5904761904761905 
24 0.5207430340557275 0.5904761904761905 0.5157894736842106 0.6 0.5151702786377709 0.6023809523809524 0.5151702786377709 0.625 0.5201238390092879 0.6535714285714286 0.534984520123839 0.7297619047619047 0.5405572755417957 0.7511904761904762 0.5541795665634675 0.7511904761904762 0.5541795665634675 0.6952380952380952 0.5492260061919505 0.6 0.5442724458204334 0.5904761904761905 0.5207430340557275 0.5904761904761905 
25 0.49102167182662537 0.5904761904761905 0.4904024767801858 0.5916666666666667 0.4904024767801858 0.6071428571428571 0.5003095975232198 0.7309523809523809 0.5058823529411764 0.7607142857142857 0.5139318885448917 0.7607142857142857 0.5195046439628483 0.75 0.5244582043343653 0.7321428571428571 0.5244582043343653 0.6678571428571428 0.5195046439628483 0.5916666666666667 0.5188854489164086 0.5904761904761905 0.49102167182662537 0.5904761904761905 
26 0.4681114551083591 0.5904761904761905 0.46687306501547987 0.5916666666666667 0.46563467492260063 0.594047619047619 0.46563467492260063 0.6369047619047619 0.47058823529411764 0.7107142857142857 0.47554179566563465 0.7595238095238095 0.4761609907120743 0.7607142857142857 0.48792569659442725 0.7607142857142857 0.4891640866873065 0.7595238095238095 0.48978328173374613 0.7559523809523809 0.49473684210526314 0.7035714285714286 0.49473684210526314 0.5904761904761905 0.4681114551083591 0.5904761904761905 
27 0.4421052631578947 0.580952380952381 0.4408668730650155 0.5821428571428572 0.4359133126934985 0.5904761904761905 0.4359133126934985 0.7666666666666667 0.43653250773993807 0.7702380952380953 0.4544891640866873 0.7702380952380953 0.4551083591331269 0.7690476190476191 0.465015479876161 0.7119047619047619 0.469969040247678 0.6452380952380953 0.469969040247678 0.6023809523809524 0.4693498452012384 0.6 0.460061919504644 0.580952380952381 0.4421052631578947 0.580952380952381 
29 0.3721362229102167 0.5714285714285714 0.36160990712074303 0.580952380952381 0.36160990712074303 0.75 0.3622291021671827 0.7511904761904762 0.37275541795665634 0.7607142857142857 0.37894736842105264 0.7607142857142857 0.38080495356037153 0.7595238095238095 0.38575851393188854 0.7511904761904762 0.3956656346749226 0.694047619047619 0.4055727554179567 0.6178571428571429 0.4055727554179567 0.5714285714285714 0.3721362229102167 0.5714285714285714 
31 0.2823529411764706 0.5333333333333333 0.2773993808049536 0.5428571428571428 0.2674922600619195 0.580952380952381 0.25263157894736843 0.6392857142857142 0.25263157894736843 0.7119047619047619 0.25386996904024767 0.7130952380952381 0.2718266253869969 0.7130952380952381 0.291640866873065 0.6928571428571428 0.3065015479876161 0.6642857142857143 0.3263157894736842 0.6178571428571429 0.33126934984520123 0.6059523809523809 0.33126934984520123 0.5630952380952381 0.3256965944272446 0.5523809523809524 0.31640866873065016 0.5428571428571428 0.28792569659442724 0.5333333333333333 0.2823529411764706 0.5333333333333333 