1 0.2674922600619195 0.3238095238095238 0.23777089783281732 0.4380952380952381 0.23777089783281732 0.4738095238095238 0.2476780185758514 0.5035714285714286 0.2712074303405573 0.5035714285714286 0.28173374613003094 0.4845238095238095 0.286687306501548 0.45595238095238094 0.291640866873065 0.40714285714285714 0.291640866873065 0.3535714285714286 0.286687306501548 0.3333333333333333 0.28111455108359135 0.3238095238095238 0.2674922600619195 0.3238095238095238 
2 0.28792569659442724 0.3523809523809524 0.2873065015479876 0.3535714285714286 0.2674922600619195 0.4880952380952381 0.2674922600619195 0.5321428571428571 0.28297213622291023 0.55 0.28421052631578947 0.5511904761904762 0.30092879256965943 0.5511904761904762 0.3108359133126935 0.5416666666666666 0.31145510835913315 0.5404761904761904 0.31145510835913315 0.4107142857142857 0.3065015479876161 0.37857142857142856 0.3015479876160991 0.3535714285714286 0.30030959752321984 0.3523809523809524 0.28792569659442724 0.3523809523809524 
3 0.33869969040247677 0.3619047619047619 0.3368421052631579 0.3630952380952381 0.31207430340557274 0.3904761904761905 0.30712074303405573 0.5047619047619047 0.30712074303405573 0.5595238095238095 0.30835913312693497 0.5607142857142857 0.3281733746130031 0.5702380952380952 0.3461300309597523 0.5702380952380952 0.3510835913312694 0.5595238095238095 0.3510835913312694 0.3619047619047619 0.33869969040247677 0.3619047619047619 
4 0.36656346749226004 0.3904761904761905 0.36160990712074303 0.4 0.356656346749226 0.42857142857142855 0.34674922600619196 0.5047619047619047 0.34179566563467495 0.5523809523809524 0.34179566563467495 0.569047619047619 0.34241486068111454 0.5702380952380952 0.35170278637770896 0.5797619047619048 0.3653250773993808 0.5797619047619048 0.3801857585139319 0.5702380952380952 0.38080495356037153 0.5678571428571428 0.38080495356037153 0.46785714285714286 0.37585139318885447 0.3904761904761905 0.36656346749226004 0.3904761904761905 
5 0.3931888544891641 0.37142857142857144 0.3913312693498452 0.3726190476190476 0.3863777089783282 0.4 0.3764705882352941 0.45714285714285713 0.3764705882352941 0.5892857142857143 0.4105263157894737 0.5892857142857143 0.4154798761609907 0.5571428571428572 0.4154798761609907 0.5154761904761904 0.4055727554179567 0.3904761904761905 0.4006191950464396 0.37142857142857144 0.3931888544891641 0.37142857142857144 
6 0.41238390092879257 0.34285714285714286 0.41114551083591333 0.34523809523809523 0.40619195046439627 0.5083333333333333 0.40619195046439627 0.5785714285714286 0.4117647058823529 0.5892857142857143 0.4346749226006192 0.5892857142857143 0.44024767801857584 0.5785714285714286 0.44024767801857584 0.5261904761904762 0.43529411764705883 0.4011904761904762 0.43034055727554177 0.3523809523809524 0.42538699690402476 0.34404761904761905 0.4241486068111455 0.34285714285714286 0.41238390092879257 0.34285714285714286 
7 0.4408668730650155 0.38095238095238093 0.4359133126934985 0.5333333333333333 0.4359133126934985 0.5785714285714286 0.44643962848297214 0.5988095238095238 0.46873065015479876 0.5988095238095238 0.469969040247678 0.5976190476190476 0.47492260061919506 0.5797619047619048 0.47492260061919506 0.5523809523809524 0.465015479876161 0.4 0.460061919504644 0.3904761904761905 0.4544891640866873 0.38095238095238093 0.4408668730650155 0.38095238095238093 
8 0.47554179566563465 0.3619047619047619 0.4712074303405573 0.37142857142857144 0.47058823529411764 0.3738095238095238 0.47058823529411764 0.6083333333333333 0.4996904024767802 0.6083333333333333 0.5046439628482973 0.5988095238095238 0.5046439628482973 0.5738095238095238 0.4996904024767802 0.4583333333333333 0.48978328173374613 0.36428571428571427 0.48792569659442725 0.3619047619047619 0.47554179566563465 0.3619047619047619 
9 0.5157894736842106 0.3523809523809524 0.5151702786377709 0.3535714285714286 0.5102167182662539 0.37142857142857144 0.5052631578947369 0.3904761904761905 0.5003095975232198 0.41904761904761906 0.4953560371517028 0.4857142857142857 0.4953560371517028 0.55 0.5003095975232198 0.6071428571428571 0.5015479876160991 0.6083333333333333 0.5287925696594428 0.6083333333333333 0.5343653250773994 0.5976190476190476 0.5343653250773994 0.4 0.5294117647058824 0.3630952380952381 0.5244582043343653 0.3523809523809524 0.5157894736842106 0.3523809523809524 
10 0.5399380804953561 0.38095238095238093 0.534984520123839 0.3904761904761905 0.5306501547987617 0.4 0.530030959752322 0.4023809523809524 0.530030959752322 0.5880952380952381 0.534984520123839 0.5988095238095238 0.5634674922600619 0.5988095238095238 0.5690402476780185 0.5892857142857143 0.5690402476780185 0.5428571428571428 0.5591331269349845 0.3904761904761905 0.5541795665634675 0.38095238095238093 0.5399380804953561 0.38095238095238093 
11 0.5795665634674922 0.34285714285714286 0.5746130030959752 0.3523809523809524 0.5696594427244582 0.3630952380952381 0.5597523219814241 0.5428571428571428 0.5597523219814241 0.5511904761904762 0.5647058823529412 0.5892857142857143 0.5752321981424149 0.5988095238095238 0.5876160990712074 0.5988095238095238 0.5888544891640867 0.5976190476190476 0.5981424148606811 0.5797619047619048 0.5987616099071208 0.5761904761904761 0.5987616099071208 0.5238095238095238 0.5938080495356037 0.34404761904761905 0.5931888544891641 0.34285714285714286 0.5795665634674922 0.34285714285714286 
12 0.604953560371517 0.4095238095238095 0.5993808049535604 0.4392857142857143 0.5894736842105263 0.525 0.5894736842105263 0.530952380952381 0.5944272445820433 0.5785714285714286 0.6043343653250774 0.5988095238095238 0.628482972136223 0.5988095238095238 0.6334365325077399 0.5797619047619048 0.6334365325077399 0.5523809523809524 0.628482972136223 0.46785714285714286 0.6235294117647059 0.4142857142857143 0.6229102167182663 0.4095238095238095 0.604953560371517 0.4095238095238095 
13 0.6198142414860681 0.3904761904761905 0.6142414860681115 0.4011904761904762 0.6142414860681115 0.4154761904761905 0.6241486068111455 0.5607142857142857 0.6291021671826625 0.5797619047619048 0.6390092879256966 0.5892857142857143 0.648297213622291 0.5892857142857143 0.653250773993808 0.5797619047619048 0.6575851393188854 0.5702380952380952 0.6582043343653251 0.5678571428571428 0.6582043343653251 0.5047619047619047 0.653250773993808 0.4773809523809524 0.643343653250774 0.4297619047619048 0.6328173374613003 0.4 0.6260061919504644 0.3904761904761905 0.6198142414860681 0.3904761904761905 
15 0.6885448916408669 0.3142857142857143 0.6835913312693499 0.3238095238095238 0.6835913312693499 0.5202380952380953 0.6891640866873066 0.5416666666666666 0.7108359133126935 0.5416666666666666 0.7325077399380805 0.5321428571428571 0.7325077399380805 0.4869047619047619 0.7077399380804954 0.34285714285714286 0.7027863777089783 0.3142857142857143 0.6885448916408669 0.3142857142857143 
16 0.7034055727554179 0.3333333333333333 0.7034055727554179 0.3976190476190476 0.708359133126935 0.4261904761904762 0.7188854489164087 0.4845238095238095 0.7232198142414861 0.49404761904761907 0.7331269349845201 0.513095238095238 0.7386996904024767 0.5226190476190476 0.7523219814241486 0.5226190476190476 0.7572755417956656 0.513095238095238 0.7721362229102167 0.48333333333333334 0.7721362229102167 0.4380952380952381 0.7325077399380805 0.3523809523809524 0.7226006191950465 0.3333333333333333 0.7034055727554179 0.3333333333333333 
17 0.7591331269349845 0.5142857142857142 0.7486068111455109 0.5238095238095238 0.7386996904024767 0.5428571428571428 0.7281733746130031 0.5738095238095238 0.7281733746130031 0.6083333333333333 0.7337461300309598 0.6261904761904762 0.734984520123839 0.6273809523809524 0.7578947368421053 0.6464285714285715 0.8018575851393189 0.6464285714285715 0.8068111455108359 0.6357142857142857 0.8068111455108359 0.6 0.8018575851393189 0.5821428571428572 0.7919504643962848 0.5523809523809524 0.7869969040247679 0.5428571428571428 0.7715170278637771 0.5238095238095238 0.7622291021671826 0.5142857142857142 0.7591331269349845 0.5142857142857142 
18 0.7034055727554179 0.5333333333333333 0.6736842105263158 0.5523809523809524 0.6736842105263158 0.5880952380952381 0.6792569659442724 0.6083333333333333 0.698452012383901 0.655952380952381 0.7089783281733746 0.675 0.7232198142414861 0.6928571428571428 0.7244582043343654 0.694047619047619 0.739938080495356 0.694047619047619 0.7424148606811145 0.6928571428571428 0.7473684210526316 0.6845238095238095 0.7523219814241486 0.675 0.7523219814241486 0.6416666666666667 0.7325077399380805 0.5630952380952381 0.7275541795665634 0.544047619047619 0.7219814241486068 0.5333333333333333 0.7034055727554179 0.5333333333333333 
19 0.6297213622291021 0.5714285714285714 0.6241486068111455 0.580952380952381 0.6241486068111455 0.5869047619047619 0.6291021671826625 0.6178571428571429 0.6489164086687307 0.694047619047619 0.6538699690402476 0.7119047619047619 0.6637770897832818 0.7321428571428571 0.6786377708978328 0.7607142857142857 0.6879256965944273 0.7607142857142857 0.7219814241486068 0.7321428571428571 0.7226006191950465 0.7297619047619047 0.7226006191950465 0.7047619047619048 0.6823529411764706 0.580952380952381 0.6773993808049535 0.5726190476190476 0.6761609907120743 0.5714285714285714 0.6297213622291021 0.5714285714285714 
20 0.604953560371517 0.5904761904761905 0.5993808049535604 0.6 0.5944272445820433 0.6095238095238096 0.5944272445820433 0.6273809523809524 0.6142414860681115 0.7119047619047619 0.6340557275541796 0.7892857142857143 0.6476780185758514 0.7892857142857143 0.653250773993808 0.7785714285714286 0.653250773993808 0.725 0.643343653250774 0.6261904761904762 0.638390092879257 0.6107142857142858 0.628482972136223 0.5904761904761905 0.604953560371517 0.5904761904761905 
21 0.5795665634674922 0.5904761904761905 0.5746130030959752 0.6 0.5696594427244582 0.6107142857142858 0.5696594427244582 0.655952380952381 0.5795665634674922 0.7511904761904762 0.5845201238390093 0.7797619047619048 0.5894736842105263 0.7988095238095239 0.6037151702786377 0.7988095238095239 0.6086687306501548 0.7892857142857143 0.6086687306501548 0.638095238095238 0.6037151702786377 0.6 0.5938080495356037 0.5904761904761905 0.5795665634674922 0.5904761904761905 
22 0.5498452012383901 0.6 0.544891640866873 0.6190476190476191 0.544891640866873 0.7214285714285714 0.5498452012383901 0.8178571428571428 0.5640866873065016 0.8178571428571428 0.5690402476780185 0.7964285714285714 0.5739938080495356 0.7511904761904762 0.5789473684210527 0.6845238095238095 0.5789473684210527 0.6476190476190476 0.5739938080495356 0.6107142857142858 0.5628482972136223 0.6 0.5498452012383901 0.6 
23 0.5256965944272446 0.6095238095238096 0.525077399380805 0.6142857142857143 0.5201238390092879 0.6797619047619048 0.5201238390092879 0.7785714285714286 0.525077399380805 0.7892857142857143 0.5393188854489164 0.7892857142857143 0.5492260061919505 0.6642857142857143 0.5492260061919505 0.6095238095238096 0.5256965944272446 0.6095238095238096 
24 0.4953560371517028 0.6095238095238096 0.4953560371517028 0.6547619047619048 0.5003095975232198 0.7690476190476191 0.5052631578947369 0.7892857142857143 0.5219814241486068 0.7892857142857143 0.5232198142414861 0.7880952380952381 0.5244582043343653 0.7857142857142857 0.5244582043343653 0.6107142857142858 0.5238390092879257 0.6095238095238096 0.4953560371517028 0.6095238095238096 
25 0.4761609907120743 0.6095238095238096 0.47554179566563465 0.611904761904762 0.47554179566563465 0.7892857142857143 0.49473684210526314 0.7892857142857143 0.4996904024767802 0.7285714285714285 0.4996904024767802 0.6107142857142858 0.49907120743034056 0.6095238095238096 0.4761609907120743 0.6095238095238096 
26 0.4569659442724458 0.6095238095238096 0.45572755417956656 0.6107142857142858 0.45572755417956656 0.6845238095238095 0.46068111455108357 0.7785714285714286 0.4662538699690402 0.7892857142857143 0.47987616099071206 0.7892857142857143 0.47987616099071206 0.6095238095238096 0.4569659442724458 0.6095238095238096 
27 0.4359133126934985 0.6 0.4260061919504644 0.6095238095238096 0.42105263157894735 0.6202380952380953 0.42105263157894735 0.6547619047619048 0.4309597523219814 0.7702380952380953 0.4359133126934985 0.8071428571428572 0.43653250773993807 0.8083333333333333 0.4501547987616099 0.8083333333333333 0.4551083591331269 0.7892857142857143 0.4551083591331269 0.6190476190476191 0.4452012383900929 0.6011904761904762 0.44272445820433437 0.6 0.4359133126934985 0.6 
28 0.40743034055727556 0.5904761904761905 0.39628482972136225 0.6011904761904762 0.39195046439628484 0.6095238095238096 0.3913312693498452 0.6130952380952381 0.3913312693498452 0.6273809523809524 0.40123839009287926 0.7988095238095239 0.40990712074303404 0.7988095238095239 0.4154798761609907 0.7880952380952381 0.42043343653250775 0.7702380952380953 0.42538699690402476 0.7226190476190476 0.43034055727554177 0.6654761904761904 0.43034055727554177 0.6 0.4198142414860681 0.5904761904761905 0.40743034055727556 0.5904761904761905 
29 0.36160990712074303 0.5904761904761905 0.35170278637770896 0.725 0.35170278637770896 0.7702380952380953 0.3653250773993808 0.7702380952380953 0.37089783281733746 0.7607142857142857 0.3752321981424149 0.7488095238095238 0.37585139318885447 0.7464285714285714 0.4 0.6464285714285715 0.4006191950464396 0.6416666666666667 0.4006191950464396 0.6 0.39504643962848296 0.5904761904761905 0.36160990712074303 0.5904761904761905 
30 0.3219814241486068 0.5714285714285714 0.3170278637770898 0.5833333333333334 0.31207430340557274 0.6 0.29226006191950465 0.7142857142857143 0.29226006191950465 0.7404761904761905 0.2978328173374613 0.7511904761904762 0.33126934984520123 0.7511904761904762 0.3411764705882353 0.7321428571428571 0.3461300309597523 0.7202380952380952 0.36594427244582045 0.6369047619047619 0.37089783281733746 0.5988095238095238 0.37089783281733746 0.5726190476190476 0.3702786377708978 0.5714285714285714 0.3219814241486068 0.5714285714285714 
31 0.2773993808049536 0.5428571428571428 0.2476780185758514 0.65 0.24272445820433436 0.669047619047619 0.24272445820433436 0.7130952380952381 0.2532507739938081 0.7226190476190476 0.26687306501547986 0.7226190476190476 0.31145510835913315 0.6369047619047619 0.32136222910216716 0.6083333333333333 0.3263157894736842 0.5880952380952381 0.3263157894736842 0.5714285714285714 0.32074303405572757 0.5619047619047619 0.3108359133126935 0.5523809523809524 0.291640866873065 0.5428571428571428 0.2773993808049536 0.5428571428571428 
32 0.23281733746130032 0.5333333333333333 0.22786377708978328 0.5523809523809524 0.2130030959752322 0.6190476190476191 0.2130030959752322 0.655952380952381 0.21795665634674924 0.675 0.24705882352941178 0.675 0.26687306501547986 0.6357142857142857 0.2718266253869969 0.6202380952380953 0.27678018575851393 0.5988095238095238 0.27678018575851393 0.5738095238095238 0.2761609907120743 0.5714285714285714 0.2712074303405573 0.5619047619047619 0.25696594427244585 0.5428571428571428 0.2371517027863777 0.5333333333333333 0.23281733746130032 0.5333333333333333 