2 0.2625386996904025 0.38095238095238093 0.2625386996904025 0.43333333333333335 0.2724458204334365 0.5297619047619048 0.27306501547987616 0.5321428571428571 0.2773993808049536 0.5416666666666666 0.29473684210526313 0.5416666666666666 0.31640866873065016 0.5321428571428571 0.32074303405572757 0.5226190476190476 0.32136222910216716 0.5166666666666667 0.32136222910216716 0.4988095238095238 0.31145510835913315 0.41904761904761906 0.3065015479876161 0.4011904761904762 0.2959752321981424 0.38095238095238093 0.2625386996904025 0.38095238095238093 
3 0.3318885448916409 0.3619047619047619 0.3077399380804954 0.38095238095238093 0.30712074303405573 0.3821428571428571 0.30712074303405573 0.4238095238095238 0.3170278637770898 0.5214285714285715 0.3219814241486068 0.5404761904761904 0.32260061919504646 0.5416666666666666 0.339938080495356 0.5416666666666666 0.3510835913312694 0.5321428571428571 0.3609907120743034 0.5226190476190476 0.3653250773993808 0.513095238095238 0.36594427244582045 0.5059523809523809 0.36594427244582045 0.47619047619047616 0.3510835913312694 0.36428571428571427 0.3498452012383901 0.3619047619047619 0.3318885448916409 0.3619047619047619 
4 0.3634674922600619 0.34285714285714286 0.36160990712074303 0.34404761904761905 0.356656346749226 0.3738095238095238 0.356656346749226 0.530952380952381 0.36160990712074303 0.5416666666666666 0.3752321981424149 0.5416666666666666 0.38575851393188854 0.5321428571428571 0.3907120743034056 0.5214285714285715 0.3907120743034056 0.4785714285714286 0.38575851393188854 0.3904761904761905 0.38080495356037153 0.34285714285714286 0.3634674922600619 0.34285714285714286 
5 0.3863777089783282 0.29523809523809524 0.3814241486068111 0.3357142857142857 0.3814241486068111 0.4845238095238095 0.3863777089783282 0.530952380952381 0.3913312693498452 0.5416666666666666 0.4105263157894737 0.5416666666666666 0.4247678018575851 0.5226190476190476 0.42538699690402476 0.5214285714285715 0.42538699690402476 0.4380952380952381 0.4154798761609907 0.3619047619047619 0.4055727554179567 0.29523809523809524 0.3863777089783282 0.29523809523809524 
6 0.41114551083591333 0.29523809523809524 0.40619195046439627 0.3142857142857143 0.40619195046439627 0.3678571428571429 0.41609907120743034 0.5214285714285715 0.42105263157894735 0.5416666666666666 0.43529411764705883 0.5416666666666666 0.44891640866873067 0.5321428571428571 0.4501547987616099 0.5297619047619048 0.4501547987616099 0.4845238095238095 0.44953560371517026 0.47619047619047616 0.4452012383900929 0.4392857142857143 0.43034055727554177 0.3238095238095238 0.42538699690402476 0.29642857142857143 0.4247678018575851 0.29523809523809524 0.41114551083591333 0.29523809523809524 
7 0.4470588235294118 0.3238095238095238 0.4458204334365325 0.325 0.4458204334365325 0.530952380952381 0.44643962848297214 0.5321428571428571 0.4743034055727554 0.5321428571428571 0.47492260061919506 0.5297619047619048 0.47492260061919506 0.4666666666666667 0.469969040247678 0.38095238095238093 0.465015479876161 0.3238095238095238 0.4470588235294118 0.3238095238095238 
8 0.47554179566563465 0.3333333333333333 0.47058823529411764 0.47023809523809523 0.47058823529411764 0.5416666666666666 0.5046439628482973 0.5416666666666666 0.5046439628482973 0.4392857142857143 0.4996904024767802 0.38333333333333336 0.49473684210526314 0.3333333333333333 0.47554179566563465 0.3333333333333333 
9 0.5114551083591331 0.3333333333333333 0.5102167182662539 0.3345238095238095 0.5052631578947369 0.3726190476190476 0.5003095975232198 0.45714285714285713 0.5003095975232198 0.5321428571428571 0.5386996904024768 0.5321428571428571 0.5393188854489164 0.5297619047619048 0.5393188854489164 0.47619047619047616 0.5343653250773994 0.38095238095238093 0.5294117647058824 0.3333333333333333 0.5114551083591331 0.3333333333333333 
10 0.5356037151702786 0.3238095238095238 0.534984520123839 0.325 0.530030959752322 0.46904761904761905 0.530030959752322 0.475 0.534984520123839 0.5321428571428571 0.5430340557275541 0.5321428571428571 0.5578947368421052 0.5226190476190476 0.5684210526315789 0.513095238095238 0.5690402476780185 0.5119047619047619 0.5690402476780185 0.4666666666666667 0.5640866873065016 0.4119047619047619 0.5591331269349845 0.3619047619047619 0.5541795665634675 0.3333333333333333 0.5492260061919505 0.3238095238095238 0.5356037151702786 0.3238095238095238 
11 0.5808049535603715 0.29523809523809524 0.5795665634674922 0.29642857142857143 0.5746130030959752 0.3047619047619048 0.5696594427244582 0.3333333333333333 0.5647058823529412 0.3630952380952381 0.5597523219814241 0.4095238095238095 0.5597523219814241 0.513095238095238 0.5647058823529412 0.5226190476190476 0.5882352941176471 0.5226190476190476 0.5938080495356037 0.513095238095238 0.5987616099071208 0.4845238095238095 0.5987616099071208 0.325 0.5931888544891641 0.3047619047619048 0.5888544891640867 0.29642857142857143 0.5876160990712074 0.29523809523809524 0.5808049535603715 0.29523809523809524 
12 0.5993808049535604 0.3238095238095238 0.5944272445820433 0.34523809523809523 0.5894736842105263 0.44166666666666665 0.5894736842105263 0.513095238095238 0.6086687306501548 0.513095238095238 0.6235294117647059 0.5035714285714286 0.6235294117647059 0.4023809523809524 0.6185758513931888 0.34285714285714286 0.6136222910216719 0.325 0.6130030959752322 0.3238095238095238 0.5993808049535604 0.3238095238095238 
13 0.6204334365325077 0.3333333333333333 0.6198142414860681 0.3357142857142857 0.6142414860681115 0.36428571428571427 0.6142414860681115 0.40714285714285714 0.6191950464396285 0.5119047619047619 0.6198142414860681 0.513095238095238 0.6464396284829721 0.513095238095238 0.648297213622291 0.5119047619047619 0.648297213622291 0.38095238095238093 0.643343653250774 0.3345238095238095 0.6396284829721363 0.3333333333333333 0.6204334365325077 0.3333333333333333 
14 0.6743034055727554 0.3238095238095238 0.6594427244582043 0.3333333333333333 0.6544891640866873 0.34285714285714286 0.6538699690402476 0.34523809523809523 0.6489164086687307 0.37142857142857144 0.6439628482972136 0.4380952380952381 0.6439628482972136 0.5023809523809524 0.6445820433436532 0.5035714285714286 0.686687306501548 0.5035714285714286 0.6879256965944273 0.5023809523809524 0.6928792569659443 0.4845238095238095 0.6928792569659443 0.3523809523809524 0.6829721362229102 0.3238095238095238 0.6743034055727554 0.3238095238095238 
15 0.7232198142414861 0.3333333333333333 0.6934984520123839 0.34285714285714286 0.6885448916408669 0.3821428571428571 0.6835913312693499 0.48214285714285715 0.6835913312693499 0.49404761904761907 0.7325077399380805 0.49404761904761907 0.7424148606811145 0.3892857142857143 0.7424148606811145 0.3333333333333333 0.7232198142414861 0.3333333333333333 
18 0.6613003095975232 0.5238095238095238 0.6588235294117647 0.5261904761904762 0.6588235294117647 0.5869047619047619 0.6637770897832818 0.6178571428571429 0.6835913312693499 0.694047619047619 0.7071207430340557 0.694047619047619 0.7275541795665634 0.6845238095238095 0.7275541795665634 0.6369047619047619 0.7269349845201238 0.6285714285714286 0.7226006191950465 0.580952380952381 0.7176470588235294 0.5547619047619048 0.7126934984520124 0.5333333333333333 0.7077399380804954 0.5238095238095238 0.6613003095975232 0.5238095238095238 
19 0.614860681114551 0.5238095238095238 0.6142414860681115 0.5273809523809524 0.6142414860681115 0.5488095238095239 0.6191950464396285 0.6464285714285715 0.6241486068111455 0.6845238095238095 0.6291021671826625 0.7035714285714286 0.6340557275541796 0.7130952380952381 0.648297213622291 0.7130952380952381 0.6780185758513931 0.6845238095238095 0.6780185758513931 0.6571428571428571 0.6631578947368421 0.5333333333333333 0.648297213622291 0.5238095238095238 0.614860681114551 0.5238095238095238 
20 0.5993808049535604 0.5238095238095238 0.5894736842105263 0.5333333333333333 0.5894736842105263 0.5988095238095238 0.6092879256965944 0.7226190476190476 0.6142414860681115 0.7321428571428571 0.6229102167182663 0.7321428571428571 0.6235294117647059 0.7285714285714285 0.628482972136223 0.6833333333333333 0.628482972136223 0.6416666666666667 0.6235294117647059 0.544047619047619 0.6185758513931888 0.5238095238095238 0.5993808049535604 0.5238095238095238 
21 0.5696594427244582 0.5333333333333333 0.5597523219814241 0.5535714285714286 0.5597523219814241 0.5892857142857143 0.5696594427244582 0.6642857142857143 0.5746130030959752 0.6916666666666667 0.5795665634674922 0.7130952380952381 0.5845201238390093 0.7321428571428571 0.5987616099071208 0.7321428571428571 0.5987616099071208 0.580952380952381 0.5938080495356037 0.5333333333333333 0.5696594427244582 0.5333333333333333 
22 0.5399380804953561 0.5333333333333333 0.534984520123839 0.5428571428571428 0.534984520123839 0.5607142857142857 0.544891640866873 0.7202380952380952 0.5455108359133127 0.7226190476190476 0.5591331269349845 0.7226190476190476 0.5634674922600619 0.7130952380952381 0.5640866873065016 0.7107142857142857 0.5690402476780185 0.675 0.5690402476780185 0.5333333333333333 0.5399380804953561 0.5333333333333333 
23 0.5219814241486068 0.5428571428571428 0.5201238390092879 0.544047619047619 0.5201238390092879 0.6083333333333333 0.525077399380805 0.6916666666666667 0.5256965944272446 0.694047619047619 0.5393188854489164 0.694047619047619 0.5442724458204334 0.6011904761904762 0.5442724458204334 0.55 0.5436532507739938 0.5428571428571428 0.5219814241486068 0.5428571428571428 
24 0.5102167182662539 0.5428571428571428 0.5003095975232198 0.5523809523809524 0.5003095975232198 0.655952380952381 0.5052631578947369 0.6845238095238095 0.5195046439628483 0.6845238095238095 0.5244582043343653 0.6178571428571429 0.5244582043343653 0.544047619047619 0.5238390092879257 0.5428571428571428 0.5102167182662539 0.5428571428571428 
25 0.48111455108359136 0.5523809523809524 0.4804953560371517 0.5547619047619048 0.4804953560371517 0.6166666666666667 0.4854489164086687 0.6928571428571428 0.4904024767801858 0.7130952380952381 0.496594427244582 0.7130952380952381 0.4996904024767802 0.7119047619047619 0.5046439628482973 0.6928571428571428 0.5046439628482973 0.5535714285714286 0.503405572755418 0.5523809523809524 0.48111455108359136 0.5523809523809524 
26 0.46068111455108357 0.5428571428571428 0.46068111455108357 0.5773809523809523 0.46563467492260063 0.6535714285714286 0.47058823529411764 0.7023809523809523 0.47554179566563465 0.7130952380952381 0.48978328173374613 0.7130952380952381 0.48978328173374613 0.6166666666666667 0.4848297213622291 0.5428571428571428 0.46068111455108357 0.5428571428571428 
27 0.4452012383900929 0.5428571428571428 0.4359133126934985 0.5523809523809524 0.4359133126934985 0.6166666666666667 0.4458204334365325 0.7488095238095238 0.44643962848297214 0.7511904761904762 0.45077399380804956 0.7607142857142857 0.46439628482972134 0.7607142857142857 0.4693498452012384 0.7511904761904762 0.469969040247678 0.7476190476190476 0.469969040247678 0.5916666666666667 0.465015479876161 0.5428571428571428 0.4452012383900929 0.5428571428571428 
28 0.4130030959752322 0.5523809523809524 0.41114551083591333 0.5535714285714286 0.40619195046439627 0.5714285714285714 0.40619195046439627 0.655952380952381 0.41114551083591333 0.7023809523809523 0.41609907120743034 0.7404761904761905 0.42105263157894735 0.7511904761904762 0.43034055727554177 0.7511904761904762 0.43529411764705883 0.7416666666666667 0.44024767801857584 0.6928571428571428 0.44024767801857584 0.5523809523809524 0.4130030959752322 0.5523809523809524 
29 0.3931888544891641 0.5428571428571428 0.3913312693498452 0.544047619047619 0.3814241486068111 0.5523809523809524 0.3814241486068111 0.6642857142857143 0.3863777089783282 0.7511904761904762 0.4055727554179567 0.7511904761904762 0.4105263157894737 0.7035714285714286 0.4154798761609907 0.625 0.4154798761609907 0.5523809523809524 0.4105263157894737 0.544047619047619 0.40743034055727556 0.5428571428571428 0.3931888544891641 0.5428571428571428 
30 0.34179566563467495 0.5523809523809524 0.3368421052631579 0.5630952380952381 0.3269349845201238 0.6583333333333333 0.3269349845201238 0.7107142857142857 0.32755417956656346 0.7130952380952381 0.3318885448916409 0.7226190476190476 0.36160990712074303 0.7321428571428571 0.3752321981424149 0.7321428571428571 0.37585139318885447 0.7297619047619047 0.38080495356037153 0.694047619047619 0.38575851393188854 0.625 0.38575851393188854 0.5547619047619048 0.3851393188854489 0.5523809523809524 0.34179566563467495 0.5523809523809524 
31 0.29287925696594425 0.5523809523809524 0.2873065015479876 0.5630952380952381 0.2823529411764706 0.5916666666666667 0.2724458204334365 0.6678571428571428 0.2724458204334365 0.7130952380952381 0.2773993808049536 0.7214285714285714 0.2786377708978328 0.7226190476190476 0.31021671826625385 0.7226190476190476 0.31145510835913315 0.7214285714285714 0.32136222910216716 0.7035714285714286 0.3256965944272446 0.694047619047619 0.3306501547987616 0.675 0.3411764705882353 0.6261904761904762 0.3411764705882353 0.5630952380952381 0.33622291021671824 0.5523809523809524 0.29287925696594425 0.5523809523809524 