2 0.2544891640866873 0.4095238095238095 0.2532507739938081 0.4107142857142857 0.25263157894736843 0.41309523809523807 0.2476780185758514 0.5142857142857142 0.2476780185758514 0.5416666666666666 0.25263157894736843 0.5797619047619048 0.2761609907120743 0.5797619047619048 0.29102167182662536 0.5702380952380952 0.291640866873065 0.569047619047619 0.291640866873065 0.5357142857142857 0.286687306501548 0.49523809523809526 0.28173374613003094 0.4666666666666667 0.2718266253869969 0.42857142857142855 0.26191950464396285 0.4095238095238095 0.2544891640866873 0.4095238095238095 
3 0.29226006191950465 0.4 0.2873065015479876 0.4095238095238095 0.2873065015479876 0.5702380952380952 0.29287925696594425 0.5797619047619048 0.33560371517027865 0.5797619047619048 0.34055727554179566 0.5702380952380952 0.3411764705882353 0.5678571428571428 0.3411764705882353 0.5238095238095238 0.33622291021671824 0.4785714285714286 0.33126934984520123 0.4380952380952381 0.3263157894736842 0.42023809523809524 0.3256965944272446 0.41904761904761906 0.29473684210526313 0.4 0.29226006191950465 0.4 
4 0.3473684210526316 0.3523809523809524 0.34179566563467495 0.37142857142857144 0.33250773993808047 0.46785714285714286 0.3318885448916409 0.47619047619047616 0.3318885448916409 0.5321428571428571 0.3368421052631579 0.5785714285714286 0.34179566563467495 0.5880952380952381 0.34365325077399383 0.5892857142857143 0.3510835913312694 0.5892857142857143 0.3609907120743034 0.5797619047619048 0.3653250773993808 0.5702380952380952 0.36594427244582045 0.5666666666666667 0.36594427244582045 0.45714285714285713 0.3609907120743034 0.37142857142857144 0.3560371517027864 0.3535714285714286 0.35541795665634673 0.3523809523809524 0.3473684210526316 0.3523809523809524 
5 0.3715170278637771 0.3619047619047619 0.36656346749226004 0.38095238095238093 0.36160990712074303 0.4488095238095238 0.36160990712074303 0.5785714285714286 0.3622291021671827 0.5797619047619048 0.3845201238390093 0.5797619047619048 0.38575851393188854 0.5785714285714286 0.3907120743034056 0.5702380952380952 0.4006191950464396 0.55 0.4006191950464396 0.544047619047619 0.3956656346749226 0.44166666666666665 0.3907120743034056 0.4 0.38575851393188854 0.37142857142857144 0.38080495356037153 0.3619047619047619 0.3715170278637771 0.3619047619047619 
6 0.40309597523219814 0.3619047619047619 0.4018575851393189 0.3630952380952381 0.40123839009287926 0.36547619047619045 0.39628482972136225 0.42023809523809524 0.3913312693498452 0.4857142857142857 0.3913312693498452 0.5583333333333333 0.39195046439628484 0.5607142857142857 0.4018575851393189 0.5797619047619048 0.41424148606811145 0.5797619047619048 0.4154798761609907 0.5785714285714286 0.42043343653250775 0.5702380952380952 0.43034055727554177 0.5511904761904762 0.43034055727554177 0.525 0.42538699690402476 0.44761904761904764 0.42043343653250775 0.3821428571428571 0.4154798761609907 0.3630952380952381 0.4148606811145511 0.3619047619047619 0.40309597523219814 0.3619047619047619 
7 0.4309597523219814 0.38095238095238093 0.4309597523219814 0.530952380952381 0.4359133126934985 0.5607142857142857 0.4408668730650155 0.5702380952380952 0.469969040247678 0.5702380952380952 0.469969040247678 0.5154761904761904 0.460061919504644 0.42142857142857143 0.4551083591331269 0.4023809523809524 0.4501547987616099 0.39166666666666666 0.44458204334365325 0.38095238095238093 0.4309597523219814 0.38095238095238093 
8 0.46563467492260063 0.3904761904761905 0.46563467492260063 0.5392857142857143 0.47058823529411764 0.5785714285714286 0.47554179566563465 0.5892857142857143 0.5040247678018576 0.5892857142857143 0.5095975232198142 0.5785714285714286 0.5095975232198142 0.5238095238095238 0.48978328173374613 0.42023809523809524 0.4842105263157895 0.4 0.4792569659442725 0.39166666666666666 0.4773993808049536 0.3904761904761905 0.46563467492260063 0.3904761904761905 
9 0.534984520123839 0.37142857142857144 0.5256965944272446 0.3904761904761905 0.5201238390092879 0.4095238095238095 0.5102167182662539 0.4666666666666667 0.5052631578947369 0.5047619047619047 0.5052631578947369 0.5892857142857143 0.5442724458204334 0.5892857142857143 0.5492260061919505 0.5035714285714286 0.5492260061919505 0.38095238095238093 0.5442724458204334 0.37142857142857144 0.534984520123839 0.37142857142857144 
10 0.5597523219814241 0.3904761904761905 0.5547987616099072 0.4095238095238095 0.5498452012383901 0.4488095238095238 0.5498452012383901 0.5583333333333333 0.5504643962848297 0.5607142857142857 0.5554179566563467 0.5702380952380952 0.5690402476780185 0.5702380952380952 0.5789473684210527 0.5511904761904762 0.5789473684210527 0.46785714285714286 0.5739938080495356 0.4 0.5690402476780185 0.3904761904761905 0.5597523219814241 0.3904761904761905 
11 0.6 0.3523809523809524 0.5944272445820433 0.3630952380952381 0.5894736842105263 0.3821428571428571 0.5795665634674922 0.49047619047619045 0.5795665634674922 0.5702380952380952 0.5894736842105263 0.5892857142857143 0.5987616099071208 0.5892857142857143 0.6080495356037152 0.5797619047619048 0.6086687306501548 0.5785714285714286 0.6086687306501548 0.3535714285714286 0.6074303405572755 0.3523809523809524 0.6 0.3523809523809524 
13 0.6489164086687307 0.3904761904761905 0.6241486068111455 0.5345238095238095 0.6241486068111455 0.55 0.6291021671826625 0.569047619047619 0.6346749226006192 0.5797619047619048 0.6625386996904025 0.5797619047619048 0.6631578947368421 0.5761904761904761 0.6681114551083591 0.5214285714285715 0.6681114551083591 0.40595238095238095 0.6674922600619195 0.4 0.6631578947368421 0.3904761904761905 0.6489164086687307 0.3904761904761905 
14 0.6743034055727554 0.4 0.6687306501547987 0.41904761904761906 0.6588235294117647 0.5166666666666667 0.6588235294117647 0.5797619047619048 0.6637770897832818 0.5892857142857143 0.7021671826625387 0.5892857142857143 0.7077399380804954 0.5797619047619048 0.7077399380804954 0.44642857142857145 0.7071207430340557 0.4380952380952381 0.7027863777089783 0.4119047619047619 0.7021671826625387 0.4095238095238095 0.6972136222910217 0.4 0.6743034055727554 0.4 
20 0.6396284829721363 0.5714285714285714 0.6297213622291021 0.580952380952381 0.6247678018575852 0.5904761904761905 0.6241486068111455 0.6059523809523809 0.6390092879256966 0.7119047619047619 0.6489164086687307 0.7583333333333333 0.6495356037151703 0.7607142857142857 0.6544891640866873 0.7702380952380953 0.6631578947368421 0.7702380952380953 0.6631578947368421 0.580952380952381 0.653250773993808 0.5714285714285714 0.6396284829721363 0.5714285714285714 
21 0.5993808049535604 0.5714285714285714 0.5993808049535604 0.6345238095238095 0.6092879256965944 0.7416666666666667 0.6191950464396285 0.7607142857142857 0.6278637770897832 0.7607142857142857 0.6334365325077399 0.75 0.6334365325077399 0.5821428571428572 0.628482972136223 0.5714285714285714 0.5993808049535604 0.5714285714285714 
22 0.5702786377708978 0.5619047619047619 0.5647058823529412 0.5726190476190476 0.5647058823529412 0.6059523809523809 0.5746130030959752 0.7380952380952381 0.5795665634674922 0.7678571428571429 0.5801857585139318 0.7702380952380953 0.5938080495356037 0.7702380952380953 0.5987616099071208 0.7488095238095238 0.5987616099071208 0.580952380952381 0.5888544891640867 0.5619047619047619 0.5702786377708978 0.5619047619047619 
23 0.5405572755417957 0.5714285714285714 0.534984520123839 0.5821428571428572 0.534984520123839 0.6166666666666667 0.5498452012383901 0.719047619047619 0.5504643962848297 0.7214285714285714 0.5547987616099072 0.7321428571428571 0.5690402476780185 0.7321428571428571 0.5690402476780185 0.6761904761904762 0.5640866873065016 0.5738095238095238 0.5634674922600619 0.5714285714285714 0.5405572755417957 0.5714285714285714 
24 0.5052631578947369 0.580952380952381 0.5052631578947369 0.6083333333333333 0.5151702786377709 0.7416666666666667 0.5343653250773994 0.7416666666666667 0.5393188854489164 0.6166666666666667 0.5393188854489164 0.580952380952381 0.5052631578947369 0.580952380952381 
25 0.5009287925696595 0.5714285714285714 0.4804953560371517 0.580952380952381 0.4804953560371517 0.7214285714285714 0.48606811145510836 0.7321428571428571 0.49473684210526314 0.7321428571428571 0.4996904024767802 0.7214285714285714 0.5046439628482973 0.675 0.5095975232198142 0.6273809523809524 0.5095975232198142 0.5714285714285714 0.5009287925696595 0.5714285714285714 
26 0.4520123839009288 0.5619047619047619 0.45077399380804956 0.5630952380952381 0.4458204334365325 0.5714285714285714 0.4458204334365325 0.7416666666666667 0.460061919504644 0.7416666666666667 0.469969040247678 0.6833333333333333 0.47987616099071206 0.6166666666666667 0.47987616099071206 0.5761904761904761 0.4792569659442725 0.5714285714285714 0.469969040247678 0.5619047619047619 0.4520123839009288 0.5619047619047619 
27 0.41238390092879257 0.5714285714285714 0.41114551083591333 0.5726190476190476 0.40619195046439627 0.7083333333333334 0.40619195046439627 0.7595238095238095 0.41114551083591333 0.7797619047619048 0.4297213622291022 0.7797619047619048 0.43034055727554177 0.7773809523809524 0.44024767801857584 0.6845238095238095 0.4452012383900929 0.6261904761904762 0.4452012383900929 0.5726190476190476 0.443343653250774 0.5714285714285714 0.41238390092879257 0.5714285714285714 
28 0.3863777089783282 0.5714285714285714 0.3764705882352941 0.5904761904761905 0.3764705882352941 0.6904761904761905 0.3814241486068111 0.7607142857142857 0.3907120743034056 0.7607142857142857 0.4006191950464396 0.7404761904761905 0.4105263157894737 0.6273809523809524 0.4105263157894737 0.6023809523809524 0.40990712074303404 0.5916666666666667 0.4055727554179567 0.5714285714285714 0.3863777089783282 0.5714285714285714 
29 0.35170278637770896 0.5714285714285714 0.34179566563467495 0.580952380952381 0.34179566563467495 0.7702380952380953 0.3479876160990712 0.7797619047619048 0.35541795665634673 0.7797619047619048 0.3609907120743034 0.7702380952380953 0.36594427244582045 0.75 0.37585139318885447 0.6357142857142857 0.37585139318885447 0.5821428571428572 0.37089783281733746 0.5726190476190476 0.3684210526315789 0.5714285714285714 0.35170278637770896 0.5714285714285714 