2 0.24272445820433436 0.3047619047619048 0.22972136222910217 0.3142857142857143 0.2284829721362229 0.31547619047619047 0.22786377708978328 0.31666666666666665 0.22786377708978328 0.3595238095238095 0.23281733746130032 0.5 0.23343653250773994 0.5035714285714286 0.23777089783281732 0.5202380952380953 0.2390092879256966 0.5226190476190476 0.28111455108359135 0.5226190476190476 0.286687306501548 0.5119047619047619 0.286687306501548 0.46785714285714286 0.2761609907120743 0.37142857142857144 0.2718266253869969 0.34285714285714286 0.26687306501547986 0.325 0.25696594427244585 0.305952380952381 0.25572755417956655 0.3047619047619048 0.24272445820433436 0.3047619047619048 
3 0.29411764705882354 0.34285714285714286 0.27801857585139317 0.3523809523809524 0.2773993808049536 0.3535714285714286 0.2773993808049536 0.513095238095238 0.2823529411764706 0.5226190476190476 0.28792569659442724 0.5321428571428571 0.3040247678018576 0.5416666666666666 0.33126934984520123 0.5416666666666666 0.33622291021671824 0.5321428571428571 0.33622291021671824 0.4785714285714286 0.31640866873065016 0.3619047619047619 0.31145510835913315 0.34404761904761905 0.31021671826625385 0.34285714285714286 0.29411764705882354 0.34285714285714286 
4 0.3380804953560371 0.3142857142857143 0.33250773993808047 0.3238095238095238 0.3318885448916409 0.325 0.3269349845201238 0.46785714285714286 0.3269349845201238 0.4845238095238095 0.3318885448916409 0.5416666666666666 0.3368421052631579 0.5511904761904762 0.35541795665634673 0.5511904761904762 0.3702786377708978 0.5404761904761904 0.37089783281733746 0.5392857142857143 0.37089783281733746 0.4666666666666667 0.36594427244582045 0.4095238095238095 0.3560371517027864 0.3523809523809524 0.3510835913312694 0.3261904761904762 0.3504643962848297 0.3238095238095238 0.3455108359133127 0.3142857142857143 0.3380804953560371 0.3142857142857143 
5 0.36160990712074303 0.3142857142857143 0.3572755417956656 0.3523809523809524 0.356656346749226 0.3619047619047619 0.356656346749226 0.41785714285714287 0.36160990712074303 0.55 0.3622291021671827 0.5511904761904762 0.38575851393188854 0.5511904761904762 0.4 0.5404761904761904 0.4055727554179567 0.5321428571428571 0.4055727554179567 0.4869047619047619 0.4006191950464396 0.4380952380952381 0.38575851393188854 0.3535714285714286 0.37585139318885447 0.3142857142857143 0.36160990712074303 0.3142857142857143 
6 0.39690402476780184 0.3047619047619048 0.39628482972136225 0.305952380952381 0.3913312693498452 0.3619047619047619 0.3913312693498452 0.44285714285714284 0.39628482972136225 0.5404761904761904 0.40619195046439627 0.5607142857142857 0.4297213622291022 0.5607142857142857 0.4346749226006192 0.5511904761904762 0.43529411764705883 0.5488095238095239 0.43529411764705883 0.4797619047619048 0.42538699690402476 0.37142857142857144 0.42043343653250775 0.34285714285714286 0.4154798761609907 0.31547619047619047 0.4105263157894737 0.3047619047619048 0.39690402476780184 0.3047619047619048 
7 0.45139318885448915 0.3238095238095238 0.4408668730650155 0.34285714285714286 0.4359133126934985 0.3904761904761905 0.4309597523219814 0.44761904761904764 0.4309597523219814 0.5369047619047619 0.43157894736842106 0.5404761904761904 0.4359133126934985 0.55 0.43653250773993807 0.5511904761904762 0.4743034055727554 0.5511904761904762 0.47492260061919506 0.55 0.47492260061919506 0.5238095238095238 0.469969040247678 0.38095238095238093 0.465015479876161 0.34404761904761905 0.460061919504644 0.3333333333333333 0.4551083591331269 0.3238095238095238 0.45139318885448915 0.3238095238095238 
8 0.4804953560371517 0.3238095238095238 0.47554179566563465 0.3357142857142857 0.47058823529411764 0.3904761904761905 0.46563467492260063 0.47619047619047616 0.46563467492260063 0.5321428571428571 0.47058823529411764 0.5607142857142857 0.5089783281733746 0.5607142857142857 0.5095975232198142 0.5583333333333333 0.5095975232198142 0.4773809523809524 0.5046439628482973 0.37142857142857144 0.4996904024767802 0.34285714285714286 0.49473684210526314 0.325 0.49411764705882355 0.3238095238095238 0.4804953560371517 0.3238095238095238 
9 0.534984520123839 0.3238095238095238 0.5151702786377709 0.4 0.5102167182662539 0.4297619047619048 0.5052631578947369 0.4857142857142857 0.5052631578947369 0.5607142857142857 0.5102167182662539 0.569047619047619 0.5126934984520124 0.5702380952380952 0.5386996904024768 0.5702380952380952 0.5492260061919505 0.5607142857142857 0.5492260061919505 0.3464285714285714 0.5442724458204334 0.3238095238095238 0.534984520123839 0.3238095238095238 
10 0.5696594427244582 0.3523809523809524 0.5597523219814241 0.39166666666666666 0.544891640866873 0.5142857142857142 0.544891640866873 0.5607142857142857 0.5504643962848297 0.5702380952380952 0.5839009287925696 0.5702380952380952 0.5888544891640867 0.5607142857142857 0.5888544891640867 0.5273809523809524 0.5839009287925696 0.3630952380952381 0.5789473684210527 0.3523809523809524 0.5696594427244582 0.3523809523809524 
11 0.6043343653250774 0.3333333333333333 0.5993808049535604 0.34285714285714286 0.5944272445820433 0.3821428571428571 0.5845201238390093 0.49523809523809526 0.5845201238390093 0.555952380952381 0.5851393188854489 0.5607142857142857 0.5944272445820433 0.5797619047619048 0.6130030959752322 0.5797619047619048 0.6185758513931888 0.569047619047619 0.6235294117647059 0.43452380952380953 0.6235294117647059 0.35595238095238096 0.6185758513931888 0.3357142857142857 0.6179566563467492 0.3333333333333333 0.6043343653250774 0.3333333333333333 
12 0.6297213622291021 0.34285714285714286 0.6291021671826625 0.34404761904761905 0.6241486068111455 0.3619047619047619 0.6191950464396285 0.3904761904761905 0.6142414860681115 0.4297619047619048 0.6142414860681115 0.5452380952380952 0.6154798761609908 0.5511904761904762 0.6253869969040248 0.5607142857142857 0.6470588235294118 0.5607142857142857 0.648297213622291 0.5595238095238095 0.653250773993808 0.5416666666666666 0.653250773993808 0.38095238095238093 0.648297213622291 0.3523809523809524 0.6427244582043343 0.34285714285714286 0.6297213622291021 0.34285714285714286 
13 0.669969040247678 0.3333333333333333 0.6643962848297214 0.34285714285714286 0.6637770897832818 0.34404761904761905 0.6588235294117647 0.3619047619047619 0.6538699690402476 0.38095238095238093 0.6489164086687307 0.4107142857142857 0.6489164086687307 0.5404761904761904 0.6538699690402476 0.5511904761904762 0.6780185758513931 0.5511904761904762 0.6829721362229102 0.44642857142857145 0.6829721362229102 0.34523809523809523 0.6823529411764706 0.34285714285714286 0.6773993808049535 0.3333333333333333 0.669969040247678 0.3333333333333333 
14 0.701547987616099 0.3523809523809524 0.698452012383901 0.3535714285714286 0.6897832817337461 0.3619047619047619 0.6885448916408669 0.36428571428571427 0.6835913312693499 0.3904761904761905 0.6736842105263158 0.45714285714285713 0.6736842105263158 0.5404761904761904 0.6842105263157895 0.5511904761904762 0.7114551083591332 0.5511904761904762 0.7126934984520124 0.55 0.7176470588235294 0.5416666666666666 0.7226006191950465 0.530952380952381 0.7275541795665634 0.39404761904761904 0.7275541795665634 0.3904761904761905 0.7269349845201238 0.37142857142857144 0.7226006191950465 0.3523809523809524 0.701547987616099 0.3523809523809524 
15 0.7337461300309598 0.3333333333333333 0.7281733746130031 0.34285714285714286 0.7232198142414861 0.38095238095238093 0.718266253869969 0.45714285714285713 0.718266253869969 0.5226190476190476 0.7238390092879257 0.5321428571428571 0.7510835913312693 0.5321428571428571 0.7671826625386997 0.5226190476190476 0.7671826625386997 0.35 0.76656346749226 0.34523809523809523 0.7622291021671826 0.3333333333333333 0.7337461300309598 0.3333333333333333 
18 0.7034055727554179 0.5428571428571428 0.6885448916408669 0.5714285714285714 0.6885448916408669 0.5988095238095238 0.6934984520123839 0.6261904761904762 0.7188854489164087 0.694047619047619 0.7380804953560371 0.7416666666666667 0.7517027863777089 0.7416666666666667 0.7708978328173375 0.7321428571428571 0.7721362229102167 0.7309523809523809 0.7721362229102167 0.7178571428571429 0.7671826625386997 0.6678571428571428 0.7523219814241486 0.5630952380952381 0.7424148606811145 0.5428571428571428 0.7034055727554179 0.5428571428571428 
19 0.6445820433436532 0.5619047619047619 0.6390092879256966 0.5714285714285714 0.6390092879256966 0.6154761904761905 0.6594427244582043 0.7309523809523809 0.6637770897832818 0.7511904761904762 0.6687306501547987 0.7607142857142857 0.6743034055727554 0.7702380952380953 0.6873065015479877 0.7702380952380953 0.7071207430340557 0.7607142857142857 0.7077399380804954 0.7571428571428571 0.7077399380804954 0.7154761904761905 0.6978328173374613 0.5916666666666667 0.6928792569659443 0.5642857142857143 0.691640866873065 0.5619047619047619 0.6445820433436532 0.5619047619047619 
20 0.6191950464396285 0.5714285714285714 0.6099071207430341 0.580952380952381 0.6092879256965944 0.5821428571428572 0.6092879256965944 0.6273809523809524 0.6142414860681115 0.6654761904761904 0.6241486068111455 0.7214285714285714 0.6390092879256966 0.7880952380952381 0.6396284829721363 0.7892857142857143 0.648297213622291 0.7892857142857143 0.648297213622291 0.6095238095238096 0.643343653250774 0.5726190476190476 0.6414860681114551 0.5714285714285714 0.6191950464396285 0.5714285714285714 
21 0.5894736842105263 0.5714285714285714 0.5746130030959752 0.5916666666666667 0.5746130030959752 0.6333333333333333 0.5894736842105263 0.7404761904761905 0.5956656346749226 0.7702380952380953 0.5993808049535604 0.7785714285714286 0.6006191950464397 0.7797619047619048 0.6123839009287926 0.7797619047619048 0.6130030959752322 0.7785714285714286 0.6136222910216719 0.7761904761904762 0.6185758513931888 0.6440476190476191 0.6185758513931888 0.6214285714285714 0.6136222910216719 0.5821428571428572 0.6130030959752322 0.580952380952381 0.6037151702786377 0.5714285714285714 0.5894736842105263 0.5714285714285714 
22 0.5597523219814241 0.5619047619047619 0.5504643962848297 0.5714285714285714 0.5498452012383901 0.5726190476190476 0.5498452012383901 0.7 0.5547987616099072 0.7702380952380953 0.5647058823529412 0.7892857142857143 0.573374613003096 0.7892857142857143 0.5789473684210527 0.7785714285714286 0.5839009287925696 0.6440476190476191 0.5839009287925696 0.6285714285714286 0.5789473684210527 0.5726190476190476 0.5739938080495356 0.5630952380952381 0.5727554179566563 0.5619047619047619 0.5597523219814241 0.5619047619047619 
23 0.525077399380805 0.5619047619047619 0.5201238390092879 0.5714285714285714 0.5201238390092879 0.694047619047619 0.525077399380805 0.7321428571428571 0.5306501547987617 0.7416666666666667 0.5442724458204334 0.7416666666666667 0.5492260061919505 0.6654761904761904 0.5492260061919505 0.5714285714285714 0.5380804953560372 0.5619047619047619 0.525077399380805 0.5619047619047619 
24 0.4953560371517028 0.5714285714285714 0.4953560371517028 0.6142857142857143 0.5003095975232198 0.6833333333333333 0.5052631578947369 0.7226190476190476 0.5108359133126935 0.7321428571428571 0.5139318885448917 0.7321428571428571 0.5195046439628483 0.7226190476190476 0.5244582043343653 0.7107142857142857 0.5244582043343653 0.575 0.5232198142414861 0.5726190476190476 0.5219814241486068 0.5714285714285714 0.4953560371517028 0.5714285714285714 
25 0.4761609907120743 0.5714285714285714 0.47554179566563465 0.5738095238095238 0.47554179566563465 0.6273809523809524 0.4804953560371517 0.7035714285714286 0.4854489164086687 0.7202380952380952 0.486687306501548 0.7226190476190476 0.4996904024767802 0.7226190476190476 0.4996904024767802 0.580952380952381 0.49473684210526314 0.5714285714285714 0.4761609907120743 0.5714285714285714 
26 0.4563467492260062 0.5619047619047619 0.44643962848297214 0.5714285714285714 0.4458204334365325 0.5726190476190476 0.4458204334365325 0.6166666666666667 0.45572755417956656 0.7119047619047619 0.46068111455108357 0.7321428571428571 0.46563467492260063 0.7404761904761905 0.46687306501547987 0.7416666666666667 0.469969040247678 0.7416666666666667 0.47987616099071206 0.7309523809523809 0.47987616099071206 0.5738095238095238 0.4792569659442725 0.5714285714285714 0.4743034055727554 0.5619047619047619 0.4563467492260062 0.5619047619047619 
27 0.43157894736842106 0.5619047619047619 0.421671826625387 0.5714285714285714 0.42105263157894735 0.5726190476190476 0.41609907120743034 0.5904761904761905 0.41609907120743034 0.6452380952380953 0.42105263157894735 0.7321428571428571 0.4260061919504644 0.7797619047619048 0.44024767801857584 0.7797619047619048 0.4501547987616099 0.7321428571428571 0.4501547987616099 0.5738095238095238 0.44953560371517026 0.5714285714285714 0.44024767801857584 0.5619047619047619 0.43157894736842106 0.5619047619047619 
28 0.3863777089783282 0.5714285714285714 0.3814241486068111 0.5916666666666667 0.3814241486068111 0.6821428571428572 0.3863777089783282 0.7595238095238095 0.3925696594427245 0.7702380952380953 0.4006191950464396 0.7702380952380953 0.4055727554179567 0.7595238095238095 0.4105263157894737 0.7321428571428571 0.4154798761609907 0.694047619047619 0.42043343653250775 0.6452380952380953 0.42043343653250775 0.580952380952381 0.4154798761609907 0.5714285714285714 0.3863777089783282 0.5714285714285714 
29 0.3622291021671827 0.5619047619047619 0.356656346749226 0.5714285714285714 0.35170278637770896 0.5821428571428572 0.34674922600619196 0.6 0.34674922600619196 0.6404761904761904 0.35170278637770896 0.7785714285714286 0.3523219814241486 0.7797619047619048 0.356656346749226 0.7869047619047619 0.3585139318885449 0.7892857142857143 0.36594427244582045 0.7892857142857143 0.3702786377708978 0.7797619047619048 0.37585139318885447 0.7583333333333333 0.38080495356037153 0.719047619047619 0.38575851393188854 0.675 0.3907120743034056 0.5964285714285714 0.3907120743034056 0.5714285714285714 0.3746130030959752 0.5619047619047619 0.3622291021671827 0.5619047619047619 
30 0.30712074303405573 0.5619047619047619 0.3021671826625387 0.5726190476190476 0.2823529411764706 0.7285714285714285 0.2823529411764706 0.7607142857142857 0.2873065015479876 0.7702380952380953 0.30712074303405573 0.7797619047619048 0.32074303405572757 0.7797619047619048 0.3263157894736842 0.7690476190476191 0.33126934984520123 0.7583333333333333 0.33622291021671824 0.7416666666666667 0.3510835913312694 0.6535714285714286 0.3609907120743034 0.5797619047619048 0.3609907120743034 0.5630952380952381 0.3603715170278638 0.5619047619047619 0.30712074303405573 0.5619047619047619 
31 0.2476780185758514 0.5428571428571428 0.24272445820433436 0.5630952380952381 0.22786377708978328 0.6857142857142857 0.22786377708978328 0.7226190476190476 0.23281733746130032 0.7309523809523809 0.243343653250774 0.7416666666666667 0.2563467492260062 0.7416666666666667 0.26687306501547986 0.7321428571428571 0.28173374613003094 0.7035714285714286 0.30092879256965943 0.6369047619047619 0.3065015479876161 0.6166666666666667 0.31145510835913315 0.5797619047619048 0.31145510835913315 0.5535714285714286 0.30030959752321984 0.5428571428571428 0.2476780185758514 0.5428571428571428 