3 0.34674922600619196 0.44761904761904764 0.34179566563467495 0.4666666666666667 0.3368421052631579 0.4880952380952381 0.3318885448916409 0.5154761904761904 0.3318885448916409 0.5380952380952381 0.33250773993808047 0.5416666666666666 0.36160990712074303 0.5511904761904762 0.37089783281733746 0.5511904761904762 0.38080495356037153 0.5404761904761904 0.38080495356037153 0.4988095238095238 0.37585139318885447 0.44761904761904764 0.34674922600619196 0.44761904761904764 
4 0.3863777089783282 0.4666666666666667 0.3814241486068111 0.47619047619047616 0.3764705882352941 0.5142857142857142 0.3764705882352941 0.5416666666666666 0.3814241486068111 0.5595238095238095 0.38204334365325077 0.5607142857142857 0.39504643962848296 0.5607142857142857 0.3956656346749226 0.5595238095238095 0.4105263157894737 0.513095238095238 0.4105263157894737 0.4857142857142857 0.4055727554179567 0.4773809523809524 0.3956656346749226 0.4666666666666667 0.3863777089783282 0.4666666666666667 
5 0.39690402476780184 0.4857142857142857 0.39628482972136225 0.4880952380952381 0.39628482972136225 0.5416666666666666 0.4018575851393189 0.5511904761904762 0.42043343653250775 0.5511904761904762 0.4297213622291022 0.5416666666666666 0.43034055727554177 0.5404761904761904 0.43034055727554177 0.5059523809523809 0.4247678018575851 0.4857142857142857 0.39690402476780184 0.4857142857142857 
6 0.43157894736842106 0.42857142857142855 0.4309597523219814 0.4297619047619048 0.4260061919504644 0.4666666666666667 0.4260061919504644 0.5321428571428571 0.4538699690402477 0.5321428571428571 0.4551083591331269 0.530952380952381 0.4551083591331269 0.4773809523809524 0.4501547987616099 0.4392857142857143 0.44458204334365325 0.42857142857142855 0.43157894736842106 0.42857142857142855 
9 0.5058823529411764 0.44761904761904764 0.5052631578947369 0.4488095238095238 0.5003095975232198 0.4773809523809524 0.5003095975232198 0.5857142857142857 0.5009287925696595 0.5892857142857143 0.5232198142414861 0.5892857142857143 0.5244582043343653 0.5857142857142857 0.5244582043343653 0.5523809523809524 0.5195046439628483 0.44761904761904764 0.5058823529411764 0.44761904761904764 
21 0.5547987616099072 0.6 0.5547987616099072 0.7130952380952381 0.5597523219814241 0.7559523809523809 0.5603715170278638 0.7595238095238095 0.5609907120743034 0.7607142857142857 0.578328173374613 0.7607142857142857 0.5839009287925696 0.7511904761904762 0.5839009287925696 0.6571428571428571 0.5789473684210527 0.6202380952380953 0.573374613003096 0.6011904761904762 0.5721362229102167 0.6 0.5547987616099072 0.6 
22 0.534984520123839 0.5904761904761905 0.534984520123839 0.7464285714285714 0.5399380804953561 0.7869047619047619 0.5405572755417957 0.7880952380952381 0.541795665634675 0.7892857142857143 0.5585139318885449 0.7892857142857143 0.5591331269349845 0.7869047619047619 0.5640866873065016 0.7178571428571429 0.5640866873065016 0.6011904761904762 0.5591331269349845 0.5904761904761905 0.534984520123839 0.5904761904761905 
23 0.5207430340557275 0.580952380952381 0.5201238390092879 0.5821428571428572 0.5151702786377709 0.6964285714285714 0.5151702786377709 0.7607142857142857 0.5207430340557275 0.7702380952380953 0.5318885448916408 0.7702380952380953 0.5337461300309597 0.7678571428571429 0.5343653250773994 0.7654761904761904 0.5393188854489164 0.6916666666666667 0.5442724458204334 0.5976190476190476 0.5442724458204334 0.5916666666666667 0.5393188854489164 0.580952380952381 0.5207430340557275 0.580952380952381 
24 0.5207430340557275 0.5904761904761905 0.5003095975232198 0.6 0.5003095975232198 0.6642857142857143 0.5052631578947369 0.7321428571428571 0.5102167182662539 0.7607142857142857 0.5188854489164086 0.7607142857142857 0.5195046439628483 0.7571428571428571 0.5244582043343653 0.6261904761904762 0.5244582043343653 0.5904761904761905 0.5207430340557275 0.5904761904761905 
25 0.4804953560371517 0.6 0.4804953560371517 0.6464285714285715 0.4854489164086687 0.75 0.486687306501548 0.7511904761904762 0.4996904024767802 0.7511904761904762 0.5046439628482973 0.6547619047619048 0.5046439628482973 0.6035714285714285 0.5040247678018576 0.6011904761904762 0.5021671826625387 0.6 0.4804953560371517 0.6 
26 0.4613003095975232 0.5904761904761905 0.46068111455108357 0.5928571428571429 0.46068111455108357 0.6273809523809524 0.46563467492260063 0.6916666666666667 0.47058823529411764 0.7392857142857143 0.4712074303405573 0.7404761904761905 0.47306501547987617 0.7416666666666667 0.48978328173374613 0.7416666666666667 0.48978328173374613 0.6880952380952381 0.4848297213622291 0.6011904761904762 0.4792569659442725 0.5904761904761905 0.4613003095975232 0.5904761904761905 
27 0.44643962848297214 0.5904761904761905 0.4458204334365325 0.5916666666666667 0.4408668730650155 0.6571428571428571 0.4408668730650155 0.7797619047619048 0.44148606811145513 0.7880952380952381 0.44643962848297214 0.7988095238095239 0.45944272445820433 0.7988095238095239 0.460061919504644 0.7976190476190477 0.469969040247678 0.7607142857142857 0.469969040247678 0.6202380952380953 0.465015479876161 0.5916666666666667 0.46377708978328175 0.5904761904761905 0.44643962848297214 0.5904761904761905 