1 0.2631578947368421 0.3333333333333333 0.2625386996904025 0.3345238095238095 0.25263157894736843 0.42857142857142855 0.25263157894736843 0.4369047619047619 0.2582043343653251 0.44642857142857145 0.286687306501548 0.44642857142857145 0.291640866873065 0.4369047619047619 0.291640866873065 0.4 0.286687306501548 0.375 0.28606811145510835 0.3726190476190476 0.27678018575851393 0.34404761904761905 0.2718266253869969 0.3345238095238095 0.26996904024767804 0.3333333333333333 0.2631578947368421 0.3333333333333333 
2 0.2934984520123839 0.38095238095238093 0.29226006191950465 0.3821428571428571 0.2873065015479876 0.3904761904761905 0.2674922600619195 0.47619047619047616 0.2674922600619195 0.5023809523809524 0.2724458204334365 0.5226190476190476 0.2773993808049536 0.5404761904761904 0.2786377708978328 0.5416666666666666 0.30526315789473685 0.5416666666666666 0.3065015479876161 0.5404761904761904 0.31145510835913315 0.5321428571428571 0.32136222910216716 0.42738095238095236 0.32136222910216716 0.4 0.31640866873065016 0.3821428571428571 0.3157894736842105 0.38095238095238093 0.2934984520123839 0.38095238095238093 
3 0.3176470588235294 0.37142857142857144 0.3170278637770898 0.3738095238095238 0.31207430340557274 0.44047619047619047 0.31207430340557274 0.5321428571428571 0.3170278637770898 0.5511904761904762 0.3219814241486068 0.5595238095238095 0.32445820433436534 0.5607142857142857 0.3461300309597523 0.5607142857142857 0.35479876160990714 0.5476190476190477 0.3560371517027864 0.544047619047619 0.3560371517027864 0.4880952380952381 0.3411764705882353 0.39166666666666666 0.33560371517027865 0.37142857142857144 0.3176470588235294 0.37142857142857144 
4 0.3628482972136223 0.37142857142857144 0.36160990712074303 0.3726190476190476 0.356656346749226 0.3821428571428571 0.34674922600619196 0.48928571428571427 0.34674922600619196 0.49047619047619045 0.35170278637770896 0.5571428571428572 0.3523219814241486 0.5607142857142857 0.356656346749226 0.5702380952380952 0.3739938080495356 0.5702380952380952 0.37585139318885447 0.569047619047619 0.38575851393188854 0.5511904761904762 0.38575851393188854 0.5047619047619047 0.38080495356037153 0.4023809523809524 0.37585139318885447 0.3821428571428571 0.3702786377708978 0.37142857142857144 0.3628482972136223 0.37142857142857144 
5 0.38204334365325077 0.38095238095238093 0.3814241486068111 0.3821428571428571 0.3764705882352941 0.41904761904761906 0.3764705882352941 0.5595238095238095 0.3814241486068111 0.569047619047619 0.3826625386996904 0.5702380952380952 0.39442724458204337 0.5702380952380952 0.40495356037151703 0.5607142857142857 0.4055727554179567 0.5571428571428572 0.4055727554179567 0.4488095238095238 0.4006191950464396 0.41904761904761906 0.3956656346749226 0.39285714285714285 0.3907120743034056 0.3821428571428571 0.39009287925696595 0.38095238095238093 0.38204334365325077 0.38095238095238093 
6 0.40309597523219814 0.3523809523809524 0.40123839009287926 0.3547619047619048 0.40123839009287926 0.5511904761904762 0.40619195046439627 0.5702380952380952 0.42538699690402476 0.5702380952380952 0.43529411764705883 0.5416666666666666 0.43529411764705883 0.4857142857142857 0.43034055727554177 0.4095238095238095 0.42538699690402476 0.3821428571428571 0.42043343653250775 0.3619047619047619 0.4148606811145511 0.3523809523809524 0.40309597523219814 0.3523809523809524 
7 0.44148606811145513 0.37142857142857144 0.43653250773993807 0.38095238095238093 0.4359133126934985 0.38452380952380955 0.4309597523219814 0.49523809523809526 0.4309597523219814 0.5416666666666666 0.4359133126934985 0.5595238095238095 0.44148606811145513 0.5702380952380952 0.46253869969040246 0.5702380952380952 0.465015479876161 0.569047619047619 0.465015479876161 0.5345238095238095 0.460061919504644 0.45 0.4551083591331269 0.4011904761904762 0.4501547987616099 0.3761904761904762 0.44953560371517026 0.3738095238095238 0.4476780185758514 0.37142857142857144 0.44148606811145513 0.37142857142857144 
8 0.4613003095975232 0.38095238095238093 0.45572755417956656 0.39166666666666666 0.45572755417956656 0.5071428571428571 0.46068111455108357 0.5678571428571428 0.46563467492260063 0.5797619047619048 0.49287925696594426 0.5797619047619048 0.49473684210526314 0.5785714285714286 0.49473684210526314 0.5238095238095238 0.48978328173374613 0.4666666666666667 0.4848297213622291 0.4297619047619048 0.47987616099071206 0.4095238095238095 0.47492260061919506 0.3904761904761905 0.4693498452012384 0.38095238095238093 0.4613003095975232 0.38095238095238093 
9 0.49597523219814244 0.37142857142857144 0.4953560371517028 0.3726190476190476 0.4904024767801858 0.4023809523809524 0.4854489164086687 0.5142857142857142 0.4854489164086687 0.5321428571428571 0.4904024767801858 0.5797619047619048 0.5195046439628483 0.5797619047619048 0.5195046439628483 0.4380952380952381 0.5145510835913313 0.38095238095238093 0.5089783281733746 0.37142857142857144 0.49597523219814244 0.37142857142857144 
10 0.5201238390092879 0.3523809523809524 0.5151702786377709 0.42857142857142855 0.5151702786377709 0.5511904761904762 0.525077399380805 0.569047619047619 0.5263157894736842 0.5702380952380952 0.5368421052631579 0.5702380952380952 0.5393188854489164 0.569047619047619 0.5492260061919505 0.5607142857142857 0.5492260061919505 0.5333333333333333 0.5442724458204334 0.42142857142857143 0.5393188854489164 0.38095238095238093 0.5337461300309597 0.3619047619047619 0.5287925696594428 0.3523809523809524 0.5201238390092879 0.3523809523809524 
11 0.5498452012383901 0.3238095238095238 0.544891640866873 0.3535714285714286 0.5399380804953561 0.43214285714285716 0.5399380804953561 0.5190476190476191 0.5405572755417957 0.5226190476190476 0.5504643962848297 0.5511904761904762 0.5597523219814241 0.5702380952380952 0.573374613003096 0.5702380952380952 0.5739938080495356 0.569047619047619 0.5789473684210527 0.5583333333333333 0.5839009287925696 0.5369047619047619 0.5839009287925696 0.42023809523809524 0.5789473684210527 0.3821428571428571 0.5739938080495356 0.3523809523809524 0.5690402476780185 0.3345238095238095 0.5640866873065016 0.3238095238095238 0.5498452012383901 0.3238095238095238 
12 0.5857585139318885 0.3619047619047619 0.5845201238390093 0.3630952380952381 0.5795665634674922 0.37142857142857144 0.5746130030959752 0.38095238095238093 0.5746130030959752 0.55 0.5752321981424149 0.5511904761904762 0.5944272445820433 0.5702380952380952 0.6037151702786377 0.5702380952380952 0.6086687306501548 0.5595238095238095 0.6086687306501548 0.41904761904761906 0.6037151702786377 0.39166666666666666 0.5938080495356037 0.37142857142857144 0.5888544891640867 0.3619047619047619 0.5857585139318885 0.3619047619047619 
13 0.6043343653250774 0.3523809523809524 0.6 0.3630952380952381 0.5944272445820433 0.3821428571428571 0.5944272445820433 0.3976190476190476 0.6043343653250774 0.5357142857142857 0.604953560371517 0.5416666666666666 0.614860681114551 0.5607142857142857 0.6278637770897832 0.5607142857142857 0.628482972136223 0.5595238095238095 0.6334365325077399 0.5488095238095239 0.6334365325077399 0.44761904761904764 0.628482972136223 0.38095238095238093 0.6235294117647059 0.3619047619047619 0.6185758513931888 0.3523809523809524 0.6043343653250774 0.3523809523809524 
14 0.6495356037151703 0.3523809523809524 0.6445820433436532 0.3619047619047619 0.6390092879256966 0.3821428571428571 0.6340557275541796 0.4119047619047619 0.6297213622291021 0.4380952380952381 0.6291021671826625 0.44285714285714284 0.6291021671826625 0.530952380952381 0.6340557275541796 0.5416666666666666 0.6662538699690402 0.5416666666666666 0.6681114551083591 0.5404761904761904 0.6730650154798762 0.5321428571428571 0.676780185758514 0.513095238095238 0.6780185758513931 0.5035714285714286 0.6780185758513931 0.47619047619047616 0.6681114551083591 0.3619047619047619 0.6631578947368421 0.3523809523809524 0.6495356037151703 0.3523809523809524 
15 0.6835913312693499 0.34285714285714286 0.6736842105263158 0.3619047619047619 0.6736842105263158 0.5119047619047619 0.6786377708978328 0.5297619047619048 0.6792569659442724 0.530952380952381 0.6811145510835913 0.5321428571428571 0.7077399380804954 0.5321428571428571 0.7170278637770898 0.5226190476190476 0.7219814241486068 0.513095238095238 0.7226006191950465 0.5095238095238095 0.7226006191950465 0.4488095238095238 0.7027863777089783 0.3535714285714286 0.6972136222910217 0.34285714285714286 0.6835913312693499 0.34285714285714286 
17 0.7281733746130031 0.5428571428571428 0.7232198142414861 0.5523809523809524 0.7195046439628483 0.5714285714285714 0.718266253869969 0.580952380952381 0.718266253869969 0.6273809523809524 0.7232198142414861 0.6369047619047619 0.7281733746130031 0.6452380952380953 0.7294117647058823 0.6464285714285715 0.7863777089783281 0.6464285714285715 0.7969040247678019 0.6369047619047619 0.8018575851393189 0.5892857142857143 0.8018575851393189 0.5714285714285714 0.7863777089783281 0.5619047619047619 0.7510835913312693 0.5428571428571428 0.7281733746130031 0.5428571428571428 
18 0.6786377708978328 0.5333333333333333 0.6650154798761609 0.5428571428571428 0.6637770897832818 0.544047619047619 0.6588235294117647 0.5523809523809524 0.6588235294117647 0.6130952380952381 0.6594427244582043 0.6178571428571429 0.6934984520123839 0.6928571428571428 0.7034055727554179 0.7119047619047619 0.713312693498452 0.7226190476190476 0.7226006191950465 0.7226190476190476 0.7424148606811145 0.7035714285714286 0.7424148606811145 0.6666666666666666 0.7176470588235294 0.5345238095238095 0.7170278637770898 0.5333333333333333 0.6786377708978328 0.5333333333333333 
19 0.6390092879256966 0.5428571428571428 0.6099071207430341 0.5523809523809524 0.6043343653250774 0.5619047619047619 0.6043343653250774 0.5976190476190476 0.6092879256965944 0.6357142857142857 0.6291021671826625 0.7119047619047619 0.6439628482972136 0.7416666666666667 0.6538699690402476 0.7607142857142857 0.6674922600619195 0.7607142857142857 0.6879256965944273 0.7321428571428571 0.6879256965944273 0.6976190476190476 0.6681114551083591 0.5523809523809524 0.648297213622291 0.5428571428571428 0.6390092879256966 0.5428571428571428 
20 0.5913312693498453 0.5619047619047619 0.5894736842105263 0.5630952380952381 0.5795665634674922 0.5726190476190476 0.5795665634674922 0.6154761904761905 0.5845201238390093 0.6654761904761904 0.5993808049535604 0.7297619047619047 0.6 0.7321428571428571 0.6055727554179566 0.7416666666666667 0.6179566563467492 0.7416666666666667 0.6185758513931888 0.7404761904761905 0.6185758513931888 0.6761904761904762 0.6136222910216719 0.5916666666666667 0.6086687306501548 0.5619047619047619 0.5913312693498453 0.5619047619047619 
21 0.5647058823529412 0.5619047619047619 0.5554179566563467 0.5714285714285714 0.5498452012383901 0.580952380952381 0.5498452012383901 0.6166666666666667 0.5597523219814241 0.7119047619047619 0.5647058823529412 0.7321428571428571 0.5702786377708978 0.7511904761904762 0.5746130030959752 0.7607142857142857 0.5839009287925696 0.7607142857142857 0.5888544891640867 0.6845238095238095 0.5888544891640867 0.5726190476190476 0.5839009287925696 0.5630952380952381 0.5826625386996904 0.5619047619047619 0.5647058823529412 0.5619047619047619 
22 0.5405572755417957 0.5619047619047619 0.5306501547987617 0.580952380952381 0.530030959752322 0.5845238095238096 0.525077399380805 0.6285714285714286 0.525077399380805 0.7488095238095238 0.5256965944272446 0.7511904761904762 0.530030959752322 0.7607142857142857 0.5436532507739938 0.7607142857142857 0.5492260061919505 0.7511904761904762 0.5541795665634675 0.7226190476190476 0.5591331269349845 0.6845238095238095 0.5591331269349845 0.580952380952381 0.5492260061919505 0.5630952380952381 0.5479876160990712 0.5619047619047619 0.5405572755417957 0.5619047619047619 
23 0.5102167182662539 0.5714285714285714 0.5003095975232198 0.6488095238095238 0.5003095975232198 0.7416666666666667 0.5052631578947369 0.7607142857142857 0.5095975232198142 0.7607142857142857 0.5195046439628483 0.75 0.5238390092879257 0.7226190476190476 0.5294117647058824 0.6869047619047619 0.5393188854489164 0.5892857142857143 0.5393188854489164 0.5726190476190476 0.5386996904024768 0.5714285714285714 0.5102167182662539 0.5714285714285714 
24 0.4904024767801858 0.580952380952381 0.4854489164086687 0.5904761904761905 0.4854489164086687 0.6369047619047619 0.4904024767801858 0.7226190476190476 0.4953560371517028 0.7416666666666667 0.5046439628482973 0.7416666666666667 0.5145510835913313 0.6238095238095238 0.5145510835913313 0.5916666666666667 0.5089783281733746 0.580952380952381 0.4904024767801858 0.580952380952381 
25 0.47058823529411764 0.580952380952381 0.47058823529411764 0.6440476190476191 0.4804953560371517 0.7321428571428571 0.4891640866873065 0.7321428571428571 0.48978328173374613 0.7309523809523809 0.49473684210526314 0.6833333333333333 0.49473684210526314 0.5833333333333334 0.4934984520123839 0.580952380952381 0.47058823529411764 0.580952380952381 
26 0.45077399380804956 0.580952380952381 0.44643962848297214 0.5904761904761905 0.4458204334365325 0.6 0.4458204334365325 0.6178571428571429 0.45077399380804956 0.6630952380952381 0.45572755417956656 0.694047619047619 0.46563467492260063 0.7511904761904762 0.4712074303405573 0.7607142857142857 0.4848297213622291 0.7607142857142857 0.4848297213622291 0.7142857142857143 0.47492260061919506 0.5904761904761905 0.469969040247678 0.5821428571428572 0.46873065015479876 0.580952380952381 0.45077399380804956 0.580952380952381 
27 0.4309597523219814 0.580952380952381 0.4260061919504644 0.5904761904761905 0.4260061919504644 0.6821428571428572 0.4408668730650155 0.7797619047619048 0.4544891640866873 0.7797619047619048 0.4551083591331269 0.7773809523809524 0.4551083591331269 0.5976190476190476 0.4544891640866873 0.5904761904761905 0.4501547987616099 0.580952380952381 0.4309597523219814 0.580952380952381 
28 0.4018575851393189 0.580952380952381 0.39628482972136225 0.5904761904761905 0.39628482972136225 0.6452380952380953 0.40619195046439627 0.7595238095238095 0.4068111455108359 0.7607142857142857 0.4198142414860681 0.7607142857142857 0.42043343653250775 0.7595238095238095 0.42538699690402476 0.7309523809523809 0.43034055727554177 0.6583333333333333 0.43034055727554177 0.6107142857142858 0.42538699690402476 0.5904761904761905 0.42043343653250775 0.580952380952381 0.4018575851393189 0.580952380952381 
29 0.3814241486068111 0.5714285714285714 0.3715170278637771 0.5821428571428572 0.36656346749226004 0.5916666666666667 0.36656346749226004 0.7595238095238095 0.3671826625386997 0.7607142857142857 0.37894736842105264 0.7607142857142857 0.38080495356037153 0.7595238095238095 0.3851393188854489 0.7511904761904762 0.3907120743034056 0.7321428571428571 0.4006191950464396 0.6916666666666667 0.4006191950464396 0.5904761904761905 0.3907120743034056 0.5714285714285714 0.3814241486068111 0.5714285714285714 
30 0.3219814241486068 0.5619047619047619 0.30712074303405573 0.7047619047619048 0.30712074303405573 0.7309523809523809 0.3318885448916409 0.7607142857142857 0.3448916408668731 0.7607142857142857 0.3461300309597523 0.7595238095238095 0.3510835913312694 0.7511904761904762 0.35541795665634673 0.7416666666666667 0.3609907120743034 0.7226190476190476 0.36594427244582045 0.694047619047619 0.38080495356037153 0.5892857142857143 0.38080495356037153 0.5738095238095238 0.3801857585139319 0.5714285714285714 0.3653250773993808 0.5619047619047619 0.3219814241486068 0.5619047619047619 
31 0.2823529411764706 0.5523809523809524 0.2773993808049536 0.5630952380952381 0.2625386996904025 0.6595238095238095 0.2625386996904025 0.7023809523809523 0.26377708978328174 0.7035714285714286 0.2786377708978328 0.7130952380952381 0.29659442724458207 0.7130952380952381 0.3065015479876161 0.694047619047619 0.3157894736842105 0.6654761904761904 0.3263157894736842 0.625 0.3263157894736842 0.5833333333333334 0.32136222910216716 0.5630952380952381 0.31640866873065016 0.5535714285714286 0.3126934984520124 0.5523809523809524 0.2823529411764706 0.5523809523809524 
32 0.21424148606811144 0.5523809523809524 0.2130030959752322 0.5535714285714286 0.2130030959752322 0.5880952380952381 0.21795665634674924 0.6166666666666667 0.2235294117647059 0.6369047619047619 0.22786377708978328 0.6464285714285715 0.23281733746130032 0.655952380952381 0.25263157894736843 0.675 0.2606811145510836 0.675 0.26687306501547986 0.6738095238095239 0.2718266253869969 0.6654761904761904 0.27678018575851393 0.6464285714285715 0.27678018575851393 0.580952380952381 0.2712074303405573 0.5714285714285714 0.2260061919504644 0.5523809523809524 0.21424148606811144 0.5523809523809524 