1 0.2773993808049536 0.34285714285714286 0.2674922600619195 0.3726190476190476 0.2625386996904025 0.3904761904761905 0.25263157894736843 0.42857142857142855 0.25263157894736843 0.48214285714285715 0.25386996904024767 0.4845238095238095 0.2724458204334365 0.513095238095238 0.28111455108359135 0.513095238095238 0.291640866873065 0.5035714285714286 0.29659442724458207 0.49404761904761907 0.3015479876160991 0.4654761904761905 0.3015479876160991 0.44166666666666665 0.29659442724458207 0.3523809523809524 0.29102167182662536 0.34285714285714286 0.2773993808049536 0.34285714285714286 
2 0.30835913312693497 0.3904761904761905 0.3077399380804954 0.39166666666666666 0.2674922600619195 0.5142857142857142 0.2674922600619195 0.5678571428571428 0.26811145510835915 0.5702380952380952 0.28297213622291023 0.5892857142857143 0.3065015479876161 0.5892857142857143 0.31640866873065016 0.5797619047619048 0.32136222910216716 0.5702380952380952 0.3263157894736842 0.5321428571428571 0.3263157894736842 0.4107142857142857 0.32136222910216716 0.4 0.3157894736842105 0.3904761904761905 0.30835913312693497 0.3904761904761905 
3 0.3430340557275542 0.3904761904761905 0.3219814241486068 0.42023809523809524 0.31207430340557274 0.5619047619047619 0.31207430340557274 0.5869047619047619 0.3170278637770898 0.5988095238095238 0.33746130030959753 0.6083333333333333 0.3609907120743034 0.6083333333333333 0.3609907120743034 0.4392857142857143 0.3560371517027864 0.4011904761904762 0.35541795665634673 0.4 0.3504643962848297 0.39285714285714285 0.34860681114551084 0.3904761904761905 0.3430340557275542 0.3904761904761905 
4 0.3696594427244582 0.4095238095238095 0.3671826625386997 0.4107142857142857 0.36656346749226004 0.4119047619047619 0.36160990712074303 0.4297619047619048 0.356656346749226 0.4880952380952381 0.356656346749226 0.6083333333333333 0.3622291021671827 0.6178571428571429 0.37894736842105264 0.6178571428571429 0.38080495356037153 0.6166666666666667 0.38575851393188854 0.6071428571428571 0.3907120743034056 0.5880952380952381 0.3907120743034056 0.5619047619047619 0.38080495356037153 0.4392857142857143 0.37585139318885447 0.41904761904761906 0.3702786377708978 0.4095238095238095 0.3696594427244582 0.4095238095238095 
5 0.39690402476780184 0.41904761904761906 0.3913312693498452 0.42857142857142855 0.3863777089783282 0.4380952380952381 0.3814241486068111 0.4857142857142857 0.3814241486068111 0.5892857142857143 0.3863777089783282 0.6071428571428571 0.3913312693498452 0.6178571428571429 0.40309597523219814 0.6178571428571429 0.4055727554179567 0.6166666666666667 0.4198142414860681 0.6083333333333333 0.42043343653250775 0.6071428571428571 0.42043343653250775 0.4976190476190476 0.4154798761609907 0.45714285714285713 0.4105263157894737 0.4380952380952381 0.4055727554179567 0.42857142857142855 0.4 0.41904761904761906 0.39690402476780184 0.41904761904761906 
6 0.421671826625387 0.41904761904761906 0.42105263157894735 0.42023809523809524 0.41609907120743034 0.45714285714285713 0.41609907120743034 0.6154761904761905 0.41671826625387 0.6178571428571429 0.42105263157894735 0.6273809523809524 0.43034055727554177 0.6273809523809524 0.4452012383900929 0.5988095238095238 0.4452012383900929 0.5333333333333333 0.44024767801857584 0.48095238095238096 0.43529411764705883 0.4392857142857143 0.4278637770897833 0.41904761904761906 0.421671826625387 0.41904761904761906 
7 0.44643962848297214 0.42857142857142855 0.4458204334365325 0.4297619047619048 0.4408668730650155 0.4488095238095238 0.4359133126934985 0.5904761904761905 0.4359133126934985 0.6083333333333333 0.4408668730650155 0.6178571428571429 0.469969040247678 0.6178571428571429 0.469969040247678 0.5726190476190476 0.465015479876161 0.45714285714285713 0.45944272445820433 0.4380952380952381 0.4544891640866873 0.42857142857142855 0.44643962848297214 0.42857142857142855 
8 0.4712074303405573 0.4380952380952381 0.4662538699690402 0.45714285714285713 0.46563467492260063 0.46190476190476193 0.46563467492260063 0.6273809523809524 0.47058823529411764 0.6357142857142857 0.4718266253869969 0.6369047619047619 0.4996904024767802 0.6369047619047619 0.4996904024767802 0.5452380952380952 0.48978328173374613 0.45714285714285713 0.4848297213622291 0.4380952380952381 0.4712074303405573 0.4380952380952381 
9 0.5151702786377709 0.44761904761904764 0.5052631578947369 0.4666666666666667 0.5003095975232198 0.49523809523809526 0.4953560371517028 0.5535714285714286 0.4953560371517028 0.6369047619047619 0.5281733746130031 0.6369047619047619 0.5294117647058824 0.6357142857142857 0.5294117647058824 0.45714285714285713 0.5244582043343653 0.44761904761904764 0.5151702786377709 0.44761904761904764 
10 0.5306501547987617 0.4380952380952381 0.525077399380805 0.4773809523809524 0.525077399380805 0.6142857142857143 0.5256965944272446 0.6178571428571429 0.5306501547987617 0.6273809523809524 0.5535603715170279 0.6273809523809524 0.5541795665634675 0.6226190476190476 0.5541795665634675 0.5452380952380952 0.5492260061919505 0.46785714285714286 0.5442724458204334 0.4380952380952381 0.5306501547987617 0.4380952380952381 
11 0.5603715170278638 0.4 0.5547987616099072 0.4095238095238095 0.5498452012383901 0.45714285714285713 0.5498452012383901 0.6166666666666667 0.5547987616099072 0.6345238095238095 0.5560371517027863 0.6369047619047619 0.5739938080495356 0.6369047619047619 0.58328173374613 0.6273809523809524 0.5839009287925696 0.6261904761904762 0.5839009287925696 0.5333333333333333 0.5789473684210527 0.44047619047619047 0.5739938080495356 0.4 0.5603715170278638 0.4 
12 0.5944272445820433 0.42857142857142855 0.5845201238390093 0.44761904761904764 0.5801857585139318 0.45714285714285713 0.5746130030959752 0.48928571428571427 0.5746130030959752 0.5392857142857143 0.5795665634674922 0.6071428571428571 0.5894736842105263 0.6273809523809524 0.6080495356037152 0.6273809523809524 0.6136222910216719 0.6178571428571429 0.6235294117647059 0.4654761904761905 0.6235294117647059 0.4583333333333333 0.6136222910216719 0.4380952380952381 0.6080495356037152 0.42857142857142855 0.5944272445820433 0.42857142857142855 
13 0.6198142414860681 0.41904761904761906 0.6142414860681115 0.4392857142857143 0.6092879256965944 0.5154761904761904 0.6092879256965944 0.6083333333333333 0.6241486068111455 0.6273809523809524 0.6328173374613003 0.6273809523809524 0.638390092879257 0.6178571428571429 0.638390092879257 0.5523809523809524 0.6334365325077399 0.41904761904761906 0.6198142414860681 0.41904761904761906 
14 0.6340557275541796 0.4095238095238095 0.6291021671826625 0.4880952380952381 0.6291021671826625 0.5607142857142857 0.6340557275541796 0.6035714285714285 0.6346749226006192 0.6071428571428571 0.6390092879256966 0.6178571428571429 0.6575851393188854 0.6178571428571429 0.6681114551083591 0.5988095238095238 0.6730650154798762 0.5773809523809523 0.6780185758513931 0.5488095238095239 0.6780185758513931 0.44761904761904764 0.6625386996904025 0.41904761904761906 0.6476780185758514 0.4095238095238095 0.6340557275541796 0.4095238095238095 
15 0.6835913312693499 0.4 0.6743034055727554 0.4095238095238095 0.6687306501547987 0.42023809523809524 0.6637770897832818 0.44761904761904764 0.6637770897832818 0.475 0.6693498452012384 0.5511904761904762 0.6736842105263158 0.5892857142857143 0.6835913312693499 0.6083333333333333 0.7021671826625387 0.6083333333333333 0.7120743034055728 0.5988095238095238 0.7219814241486068 0.5797619047619048 0.7226006191950465 0.575 0.7226006191950465 0.5238095238095238 0.6972136222910217 0.4095238095238095 0.6928792569659443 0.4011904761904762 0.6879256965944273 0.4 0.6835913312693499 0.4 
16 0.7034055727554179 0.3619047619047619 0.698452012383901 0.3726190476190476 0.6885448916408669 0.4095238095238095 0.6885448916408669 0.4654761904761905 0.6934984520123839 0.4845238095238095 0.6990712074303406 0.5035714285714286 0.7034055727554179 0.513095238095238 0.7089783281733746 0.5226190476190476 0.7269349845201238 0.5226190476190476 0.7374613003095976 0.513095238095238 0.7473684210526316 0.49404761904761907 0.7473684210526316 0.4583333333333333 0.7424148606811145 0.4380952380952381 0.7226006191950465 0.38095238095238093 0.7126934984520124 0.3619047619047619 0.7034055727554179 0.3619047619047619 
18 0.698452012383901 0.6 0.6693498452012384 0.6190476190476191 0.6637770897832818 0.6297619047619047 0.6637770897832818 0.6738095238095239 0.6687306501547987 0.6845238095238095 0.6885448916408669 0.7226190476190476 0.7040247678018576 0.7416666666666667 0.713312693498452 0.7511904761904762 0.7473684210526316 0.7511904761904762 0.7523219814241486 0.7416666666666667 0.7523219814241486 0.7357142857142858 0.7325077399380805 0.6095238095238096 0.7263157894736842 0.6 0.698452012383901 0.6 
19 0.6445820433436532 0.6190476190476191 0.6099071207430341 0.6285714285714286 0.6092879256965944 0.6309523809523809 0.6092879256965944 0.669047619047619 0.6099071207430341 0.6738095238095239 0.6291021671826625 0.7404761904761905 0.6489164086687307 0.7988095238095239 0.6594427244582043 0.8071428571428572 0.6613003095975232 0.8083333333333333 0.6674922600619195 0.8083333333333333 0.6879256965944273 0.7988095238095239 0.6879256965944273 0.7428571428571429 0.6730650154798762 0.6285714285714286 0.6681114551083591 0.6190476190476191 0.6445820433436532 0.6190476190476191 
20 0.5894736842105263 0.6285714285714286 0.5795665634674922 0.6488095238095238 0.5795665634674922 0.6702380952380952 0.5801857585139318 0.675 0.5845201238390093 0.694047619047619 0.6043343653250774 0.7702380952380953 0.6142414860681115 0.7976190476190477 0.6198142414860681 0.8083333333333333 0.6266253869969041 0.8083333333333333 0.628482972136223 0.8071428571428572 0.628482972136223 0.6869047619047619 0.6136222910216719 0.6285714285714286 0.5894736842105263 0.6285714285714286 
21 0.5653250773993808 0.6285714285714286 0.5597523219814241 0.638095238095238 0.5504643962848297 0.6571428571428571 0.5498452012383901 0.6595238095238095 0.5498452012383901 0.675 0.5746130030959752 0.805952380952381 0.5752321981424149 0.8083333333333333 0.5795665634674922 0.8178571428571428 0.5931888544891641 0.8178571428571428 0.5938080495356037 0.8154761904761905 0.5987616099071208 0.7892857142857143 0.5987616099071208 0.7047619047619048 0.5888544891640867 0.6404761904761904 0.5839009287925696 0.6285714285714286 0.5653250773993808 0.6285714285714286 
22 0.534984520123839 0.6285714285714286 0.530030959752322 0.6392857142857142 0.530030959752322 0.7404761904761905 0.5399380804953561 0.8083333333333333 0.544891640866873 0.8261904761904761 0.5455108359133127 0.8273809523809523 0.5591331269349845 0.8273809523809523 0.5640866873065016 0.8178571428571428 0.5684210526315789 0.7964285714285714 0.5690402476780185 0.7869047619047619 0.5690402476780185 0.7083333333333334 0.5591331269349845 0.6488095238095238 0.5492260061919505 0.6285714285714286 0.534984520123839 0.6285714285714286 
23 0.5157894736842106 0.638095238095238 0.5102167182662539 0.6488095238095238 0.5102167182662539 0.8178571428571428 0.5188854489164086 0.8178571428571428 0.5244582043343653 0.7988095238095239 0.5294117647058824 0.7773809523809524 0.5343653250773994 0.7511904761904762 0.5343653250773994 0.638095238095238 0.5157894736842106 0.638095238095238 
24 0.49597523219814244 0.6476190476190476 0.4904024767801858 0.6571428571428571 0.4904024767801858 0.7797619047619048 0.4953560371517028 0.8273809523809523 0.5027863777089784 0.8273809523809523 0.5046439628482973 0.8261904761904761 0.5095975232198142 0.8083333333333333 0.5145510835913313 0.7416666666666667 0.5145510835913313 0.6488095238095238 0.513312693498452 0.6476190476190476 0.49597523219814244 0.6476190476190476 
25 0.4712074303405573 0.638095238095238 0.47058823529411764 0.6416666666666667 0.47058823529411764 0.7964285714285714 0.4712074303405573 0.7988095238095239 0.47554179566563465 0.8083333333333333 0.48978328173374613 0.8083333333333333 0.49473684210526314 0.7690476190476191 0.49473684210526314 0.638095238095238 0.4712074303405573 0.638095238095238 
26 0.45139318885448915 0.638095238095238 0.45077399380804956 0.6392857142857142 0.45077399380804956 0.7511904761904762 0.45572755417956656 0.7976190476190477 0.4613003095975232 0.8178571428571428 0.469969040247678 0.8178571428571428 0.47492260061919506 0.7988095238095239 0.47492260061919506 0.6392857142857142 0.4743034055727554 0.638095238095238 0.45139318885448915 0.638095238095238 
27 0.43777089783281736 0.6285714285714286 0.43653250773993807 0.6297619047619047 0.4309597523219814 0.638095238095238 0.4260061919504644 0.6571428571428571 0.42105263157894735 0.6952380952380952 0.42105263157894735 0.8083333333333333 0.4260061919504644 0.8357142857142857 0.4278637770897833 0.8369047619047619 0.4346749226006192 0.8369047619047619 0.44024767801857584 0.8273809523809523 0.4452012383900929 0.8083333333333333 0.4551083591331269 0.7321428571428571 0.4551083591331269 0.6297619047619047 0.4544891640866873 0.6285714285714286 0.43777089783281736 0.6285714285714286 
28 0.40804953560371515 0.6285714285714286 0.4068111455108359 0.6297619047619047 0.40123839009287926 0.638095238095238 0.39628482972136225 0.6488095238095238 0.39628482972136225 0.8166666666666667 0.4018575851393189 0.8273809523809523 0.4043343653250774 0.8273809523809523 0.4055727554179567 0.8261904761904761 0.4105263157894737 0.8178571428571428 0.4148606811145511 0.8083333333333333 0.4154798761609907 0.805952380952381 0.42043343653250775 0.7785714285714286 0.43034055727554177 0.7035714285714286 0.43529411764705883 0.6654761904761904 0.43529411764705883 0.6476190476190476 0.42538699690402476 0.6285714285714286 0.40804953560371515 0.6285714285714286 
29 0.3814241486068111 0.6190476190476191 0.3721362229102167 0.6297619047619047 0.36656346749226004 0.638095238095238 0.36160990712074303 0.7345238095238096 0.36160990712074303 0.8083333333333333 0.36656346749226004 0.8166666666666667 0.36780185758513934 0.8178571428571428 0.37585139318885447 0.8178571428571428 0.38575851393188854 0.7797619047619048 0.3907120743034056 0.7595238095238095 0.4006191950464396 0.7035714285714286 0.4055727554179567 0.6511904761904762 0.4055727554179567 0.6321428571428571 0.40495356037151703 0.6285714285714286 0.39504643962848296 0.6190476190476191 0.3814241486068111 0.6190476190476191 
31 0.28421052631578947 0.5904761904761905 0.2823529411764706 0.5916666666666667 0.2773993808049536 0.6011904761904762 0.2674922600619195 0.7154761904761905 0.2674922600619195 0.7607142857142857 0.28173374613003094 0.7607142857142857 0.3015479876160991 0.7321428571428571 0.31640866873065016 0.7035714285714286 0.32074303405572757 0.694047619047619 0.3263157894736842 0.680952380952381 0.33126934984520123 0.6654761904761904 0.33126934984520123 0.6285714285714286 0.3263157894736842 0.6107142857142858 0.32136222910216716 0.6 0.3065015479876161 0.5904761904761905 0.28421052631578947 0.5904761904761905 
32 0.2513931888544892 0.6095238095238096 0.24891640866873066 0.6107142857142858 0.23343653250773994 0.6190476190476191 0.21857585139318886 0.638095238095238 0.2130030959752322 0.6476190476190476 0.2130030959752322 0.6726190476190477 0.21362229102167182 0.675 0.22786377708978328 0.7035714285714286 0.25758513931888544 0.7321428571428571 0.2718266253869969 0.7321428571428571 0.27678018575851393 0.7226190476190476 0.28173374613003094 0.6654761904761904 0.28173374613003094 0.6357142857142857 0.28111455108359135 0.6285714285714286 0.27678018575851393 0.6107142857142858 0.2761609907120743 0.6095238095238096 0.2513931888544892 0.6095238095238096 