2 0.32260061919504646 0.3238095238095238 0.3176470588235294 0.3333333333333333 0.3170278637770898 0.3357142857142857 0.3170278637770898 0.3869047619047619 0.3219814241486068 0.475 0.3269349845201238 0.4845238095238095 0.33250773993808047 0.49404761904761907 0.3455108359133127 0.49404761904761907 0.3560371517027864 0.475 0.3560371517027864 0.4107142857142857 0.3510835913312694 0.36428571428571427 0.3411764705882353 0.3238095238095238 0.32260061919504646 0.3238095238095238 
3 0.34674922600619196 0.3333333333333333 0.34674922600619196 0.4083333333333333 0.35170278637770896 0.4928571428571429 0.3628482972136223 0.5035714285714286 0.38575851393188854 0.5035714285714286 0.3907120743034056 0.4845238095238095 0.3907120743034056 0.4380952380952381 0.38080495356037153 0.3904761904761905 0.36594427244582045 0.3333333333333333 0.34674922600619196 0.3333333333333333 
5 0.4235294117647059 0.34285714285714286 0.421671826625387 0.34404761904761905 0.41671826625387 0.3523809523809524 0.41609907120743034 0.3547619047619048 0.41114551083591333 0.4380952380952381 0.41114551083591333 0.5178571428571429 0.4117647058823529 0.5226190476190476 0.44024767801857584 0.5226190476190476 0.4452012383900929 0.513095238095238 0.4452012383900929 0.49523809523809526 0.44024767801857584 0.44166666666666665 0.43034055727554177 0.34404761904761905 0.4297213622291022 0.34285714285714286 0.4235294117647059 0.34285714285714286 
6 0.4284829721362229 0.3238095238095238 0.4260061919504644 0.325 0.42105263157894735 0.34285714285714286 0.42105263157894735 0.35119047619047616 0.4359133126934985 0.5321428571428571 0.4544891640866873 0.5321428571428571 0.45944272445820433 0.5226190476190476 0.460061919504644 0.5202380952380953 0.460061919504644 0.4773809523809524 0.4452012383900929 0.3619047619047619 0.44024767801857584 0.3357142857142857 0.43962848297213625 0.3333333333333333 0.43529411764705883 0.325 0.4340557275541796 0.3238095238095238 0.4284829721362229 0.3238095238095238 
10 0.5077399380804953 0.37142857142857144 0.5058823529411764 0.3726190476190476 0.5003095975232198 0.38095238095238093 0.4953560371517028 0.4869047619047619 0.4953560371517028 0.5416666666666666 0.5058823529411764 0.5511904761904762 0.518266253869969 0.5511904761904762 0.5195046439628483 0.55 0.5195046439628483 0.4011904761904762 0.5145510835913313 0.37142857142857144 0.5077399380804953 0.37142857142857144 
11 0.5269349845201239 0.3238095238095238 0.525077399380805 0.325 0.5201238390092879 0.3333333333333333 0.5151702786377709 0.3523809523809524 0.5151702786377709 0.55 0.5170278637770898 0.5511904761904762 0.5331269349845201 0.5511904761904762 0.5343653250773994 0.55 0.5393188854489164 0.5404761904761904 0.5393188854489164 0.36428571428571427 0.5343653250773994 0.3333333333333333 0.5294117647058824 0.3238095238095238 0.5269349845201239 0.3238095238095238 
14 0.5894736842105263 0.34285714285714286 0.5851393188854489 0.3523809523809524 0.5845201238390093 0.3547619047619048 0.5702786377708978 0.42857142857142855 0.5647058823529412 0.4583333333333333 0.5647058823529412 0.4988095238095238 0.5659442724458205 0.5035714285714286 0.5758513931888545 0.513095238095238 0.6086687306501548 0.513095238095238 0.6136222910216719 0.5035714285714286 0.6185758513931888 0.4869047619047619 0.6185758513931888 0.46785714285714286 0.6136222910216719 0.3726190476190476 0.6086687306501548 0.34285714285714286 0.5894736842105263 0.34285714285714286 
15 0.6408668730650154 0.3238095238095238 0.6340557275541796 0.325 0.6241486068111455 0.3333333333333333 0.6191950464396285 0.35595238095238096 0.6142414860681115 0.38333333333333336 0.6092879256965944 0.4392857142857143 0.6092879256965944 0.4726190476190476 0.6142414860681115 0.49404761904761907 0.6191950464396285 0.5023809523809524 0.6204334365325077 0.5035714285714286 0.6340557275541796 0.5035714285714286 0.6476780185758514 0.49404761904761907 0.6582043343653251 0.4845238095238095 0.6631578947368421 0.35595238095238096 0.6631578947368421 0.3345238095238095 0.6625386996904025 0.3333333333333333 0.6476780185758514 0.3238095238095238 0.6408668730650154 0.3238095238095238 
17 0.6489164086687307 0.4857142857142857 0.6390092879256966 0.49523809523809526 0.6340557275541796 0.5047619047619047 0.6297213622291021 0.5142857142857142 0.6291021671826625 0.5166666666666667 0.6291021671826625 0.5416666666666666 0.6445820433436532 0.5892857142857143 0.6637770897832818 0.6273809523809524 0.6743034055727554 0.6369047619047619 0.7027863777089783 0.6369047619047619 0.7126934984520124 0.6273809523809524 0.7176470588235294 0.6178571428571429 0.7176470588235294 0.6035714285714285 0.7170278637770898 0.6 0.7126934984520124 0.580952380952381 0.6780185758513931 0.49642857142857144 0.6724458204334365 0.4857142857142857 0.6489164086687307 0.4857142857142857 
18 0.6241486068111455 0.5142857142857142 0.5944272445820433 0.5333333333333333 0.5944272445820433 0.5797619047619048 0.6142414860681115 0.6357142857142857 0.6241486068111455 0.655952380952381 0.6390092879256966 0.6845238095238095 0.6575851393188854 0.6845238095238095 0.6724458204334365 0.6654761904761904 0.6730650154798762 0.6642857142857143 0.6730650154798762 0.638095238095238 0.643343653250774 0.5428571428571428 0.6334365325077399 0.5142857142857142 0.6241486068111455 0.5142857142857142 
19 0.5814241486068111 0.5333333333333333 0.5498452012383901 0.5428571428571428 0.5498452012383901 0.5607142857142857 0.5547987616099072 0.5976190476190476 0.5647058823529412 0.655952380952381 0.5696594427244582 0.6738095238095239 0.5851393188854489 0.7035714285714286 0.5931888544891641 0.7035714285714286 0.6185758513931888 0.6845238095238095 0.6185758513931888 0.6297619047619047 0.5987616099071208 0.5428571428571428 0.5938080495356037 0.5333333333333333 0.5814241486068111 0.5333333333333333 
20 0.5498452012383901 0.5428571428571428 0.534984520123839 0.5630952380952381 0.534984520123839 0.5976190476190476 0.5399380804953561 0.6369047619047619 0.544891640866873 0.6654761904761904 0.5498452012383901 0.6928571428571428 0.5547987616099072 0.7130952380952381 0.5597523219814241 0.7226190476190476 0.5690402476780185 0.7226190476190476 0.5690402476780185 0.6107142857142858 0.5591331269349845 0.5619047619047619 0.5541795665634675 0.5428571428571428 0.5498452012383901 0.5428571428571428 
21 0.530030959752322 0.5619047619047619 0.5201238390092879 0.5714285714285714 0.5201238390092879 0.6535714285714286 0.525077399380805 0.694047619047619 0.530030959752322 0.7214285714285714 0.534984520123839 0.7416666666666667 0.5492260061919505 0.7416666666666667 0.5492260061919505 0.6285714285714286 0.5442724458204334 0.5904761904761905 0.5393188854489164 0.5619047619047619 0.530030959752322 0.5619047619047619 
22 0.5052631578947369 0.580952380952381 0.5052631578947369 0.6654761904761904 0.5102167182662539 0.7416666666666667 0.5157894736842106 0.7511904761904762 0.5226006191950464 0.7511904761904762 0.5244582043343653 0.75 0.5294117647058824 0.7404761904761905 0.5294117647058824 0.6392857142857142 0.5244582043343653 0.580952380952381 0.5052631578947369 0.580952380952381 
23 0.4953560371517028 0.580952380952381 0.4904024767801858 0.5904761904761905 0.4904024767801858 0.7285714285714285 0.491640866873065 0.7309523809523809 0.49287925696594426 0.7321428571428571 0.4996904024767802 0.7321428571428571 0.5040247678018576 0.7226190476190476 0.5046439628482973 0.7202380952380952 0.5095975232198142 0.6738095238095239 0.5095975232198142 0.580952380952381 0.4953560371517028 0.580952380952381 
24 0.4904024767801858 0.580952380952381 0.4804953560371517 0.5916666666666667 0.47554179566563465 0.6285714285714286 0.47554179566563465 0.6654761904761904 0.4804953560371517 0.7107142857142857 0.48111455108359136 0.7130952380952381 0.4873065015479876 0.7130952380952381 0.48978328173374613 0.7119047619047619 0.49473684210526314 0.7011904761904761 0.4996904024767802 0.5952380952380952 0.4996904024767802 0.5857142857142857 0.49907120743034056 0.580952380952381 0.4904024767801858 0.580952380952381 
25 0.47058823529411764 0.580952380952381 0.4662538699690402 0.5904761904761905 0.46563467492260063 0.5928571428571429 0.46563467492260063 0.7119047619047619 0.4662538699690402 0.7130952380952381 0.4743034055727554 0.7130952380952381 0.47987616099071206 0.694047619047619 0.4848297213622291 0.6738095238095239 0.4848297213622291 0.5845238095238096 0.4842105263157895 0.5821428571428572 0.4823529411764706 0.580952380952381 0.47058823529411764 0.580952380952381 
26 0.45139318885448915 0.5714285714285714 0.45077399380804956 0.5726190476190476 0.45077399380804956 0.6452380952380953 0.45572755417956656 0.7119047619047619 0.4563467492260062 0.7130952380952381 0.46377708978328175 0.7130952380952381 0.465015479876161 0.7119047619047619 0.469969040247678 0.694047619047619 0.469969040247678 0.580952380952381 0.460061919504644 0.5714285714285714 0.45139318885448915 0.5714285714285714 
27 0.43653250773993807 0.5619047619047619 0.4359133126934985 0.5642857142857143 0.4309597523219814 0.5904761904761905 0.4260061919504644 0.6309523809523809 0.4260061919504644 0.6654761904761904 0.4309597523219814 0.7321428571428571 0.43653250773993807 0.7416666666666667 0.4452012383900929 0.7416666666666667 0.4551083591331269 0.6845238095238095 0.4551083591331269 0.5714285714285714 0.4501547987616099 0.5619047619047619 0.43653250773993807 0.5619047619047619 
28 0.41609907120743034 0.5523809523809524 0.41114551083591333 0.5619047619047619 0.41114551083591333 0.7226190476190476 0.42043343653250775 0.7226190476190476 0.43034055727554177 0.6833333333333333 0.44024767801857584 0.5988095238095238 0.44024767801857584 0.5821428571428572 0.43529411764705883 0.5535714285714286 0.4340557275541796 0.5523809523809524 0.41609907120743034 0.5523809523809524 
29 0.3913312693498452 0.5428571428571428 0.3715170278637771 0.6773809523809524 0.3715170278637771 0.694047619047619 0.3764705882352941 0.7023809523809523 0.37770897832817335 0.7035714285714286 0.3851393188854489 0.7035714285714286 0.3907120743034056 0.694047619047619 0.3956656346749226 0.6845238095238095 0.4006191950464396 0.6738095238095239 0.4154798761609907 0.6059523809523809 0.42043343653250775 0.5678571428571428 0.42043343653250775 0.544047619047619 0.41919504643962846 0.5428571428571428 0.3913312693498452 0.5428571428571428 
30 0.35789473684210527 0.5238095238095238 0.356656346749226 0.525 0.3368421052631579 0.638095238095238 0.3368421052631579 0.6845238095238095 0.37089783281733746 0.6845238095238095 0.37585139318885447 0.6738095238095239 0.38080495356037153 0.655952380952381 0.3956656346749226 0.5892857142857143 0.3956656346749226 0.5333333333333333 0.3907120743034056 0.5238095238095238 0.35789473684210527 0.5238095238095238 
31 0.32445820433436534 0.5047619047619047 0.3219814241486068 0.5059523809523809 0.3170278637770898 0.5142857142857142 0.29226006191950465 0.6309523809523809 0.29226006191950465 0.6535714285714286 0.29287925696594425 0.655952380952381 0.30712074303405573 0.6654761904761904 0.3263157894736842 0.6654761904761904 0.33622291021671824 0.6464285714285715 0.3455108359133127 0.6273809523809524 0.3560371517027864 0.5976190476190476 0.3609907120743034 0.5785714285714286 0.3609907120743034 0.5154761904761904 0.35975232198142415 0.5142857142857142 0.3461300309597523 0.5047619047619047 0.32445820433436534 0.5047619047619047 