2 0.32755417956656346 0.3238095238095238 0.3269349845201238 0.3261904761904762 0.3170278637770898 0.4595238095238095 0.3170278637770898 0.513095238095238 0.32260061919504646 0.5226190476190476 0.3318885448916409 0.5321428571428571 0.34241486068111454 0.5416666666666666 0.3510835913312694 0.5416666666666666 0.3609907120743034 0.5226190476190476 0.3609907120743034 0.42857142857142855 0.3461300309597523 0.325 0.3455108359133127 0.3238095238095238 0.32755417956656346 0.3238095238095238 
3 0.3715170278637771 0.34285714285714286 0.356656346749226 0.48095238095238096 0.356656346749226 0.513095238095238 0.3671826625386997 0.5321428571428571 0.4148606811145511 0.5321428571428571 0.4198142414860681 0.5226190476190476 0.42043343653250775 0.5202380952380953 0.42043343653250775 0.49523809523809526 0.4154798761609907 0.4595238095238095 0.4006191950464396 0.3738095238095238 0.39504643962848296 0.3523809523809524 0.39009287925696595 0.34285714285714286 0.3715170278637771 0.34285714285714286 
4 0.40619195046439627 0.34285714285714286 0.39628482972136225 0.3619047619047619 0.39628482972136225 0.4166666666666667 0.41114551083591333 0.530952380952381 0.4117647058823529 0.5321428571428571 0.4148606811145511 0.5321428571428571 0.4297213622291022 0.5226190476190476 0.43034055727554177 0.5178571428571429 0.43034055727554177 0.4392857142857143 0.42538699690402476 0.37142857142857144 0.4198142414860681 0.34285714285714286 0.40619195046439627 0.34285714285714286 
6 0.421671826625387 0.29523809523809524 0.41609907120743034 0.305952380952381 0.41609907120743034 0.3678571428571429 0.42105263157894735 0.5416666666666666 0.4260061919504644 0.5511904761904762 0.44024767801857584 0.5511904761904762 0.4501547987616099 0.5416666666666666 0.4501547987616099 0.4297619047619048 0.43529411764705883 0.3142857142857143 0.42538699690402476 0.29523809523809524 0.421671826625387 0.29523809523809524 
7 0.45077399380804956 0.3238095238095238 0.4458204334365325 0.3345238095238095 0.4458204334365325 0.530952380952381 0.45077399380804956 0.5404761904761904 0.45263157894736844 0.5416666666666666 0.460061919504644 0.5416666666666666 0.469969040247678 0.5321428571428571 0.469969040247678 0.4583333333333333 0.460061919504644 0.3238095238095238 0.45077399380804956 0.3238095238095238 
8 0.47058823529411764 0.3333333333333333 0.46563467492260063 0.34404761904761905 0.46068111455108357 0.3726190476190476 0.46068111455108357 0.5416666666666666 0.46563467492260063 0.55 0.4804953560371517 0.5511904761904762 0.4848297213622291 0.5511904761904762 0.49473684210526314 0.5416666666666666 0.49473684210526314 0.38333333333333336 0.48978328173374613 0.3523809523809524 0.4848297213622291 0.3345238095238095 0.4842105263157895 0.3333333333333333 0.47058823529411764 0.3333333333333333 
9 0.5058823529411764 0.3619047619047619 0.5009287925696595 0.37142857142857144 0.5003095975232198 0.3761904761904762 0.4953560371517028 0.41904761904761906 0.4904024767801858 0.4857142857142857 0.4904024767801858 0.5416666666666666 0.5238390092879257 0.5416666666666666 0.5294117647058824 0.530952380952381 0.5294117647058824 0.4773809523809524 0.5244582043343653 0.4011904761904762 0.5145510835913313 0.3630952380952381 0.5139318885448917 0.3619047619047619 0.5058823529411764 0.3619047619047619 
10 0.530030959752322 0.3523809523809524 0.5256965944272446 0.3619047619047619 0.525077399380805 0.36428571428571427 0.5201238390092879 0.39166666666666666 0.5201238390092879 0.5416666666666666 0.5386996904024768 0.5488095238095239 0.5393188854489164 0.5488095238095239 0.5442724458204334 0.425 0.5442724458204334 0.3738095238095238 0.5393188854489164 0.3523809523809524 0.530030959752322 0.3523809523809524 
11 0.5554179566563467 0.3333333333333333 0.5498452012383901 0.34285714285714286 0.544891640866873 0.3630952380952381 0.5399380804953561 0.39166666666666666 0.534984520123839 0.42142857142857143 0.534984520123839 0.5321428571428571 0.5455108359133127 0.5511904761904762 0.5578947368421052 0.5511904761904762 0.5591331269349845 0.55 0.5640866873065016 0.5404761904761904 0.5690402476780185 0.513095238095238 0.5690402476780185 0.3333333333333333 0.5554179566563467 0.3333333333333333 
12 0.5708978328173374 0.3619047619047619 0.5696594427244582 0.3630952380952381 0.5647058823529412 0.37142857142857144 0.5597523219814241 0.5047619047619047 0.5597523219814241 0.5392857142857143 0.5603715170278638 0.5416666666666666 0.5647058823529412 0.5488095238095239 0.56656346749226 0.5511904761904762 0.5882352941176471 0.5511904761904762 0.5888544891640867 0.5476190476190477 0.5888544891640867 0.39285714285714285 0.5839009287925696 0.3630952380952381 0.58328173374613 0.3619047619047619 0.5708978328173374 0.3619047619047619 
14 0.6 0.34285714285714286 0.5944272445820433 0.3535714285714286 0.5845201238390093 0.38095238095238093 0.5845201238390093 0.5511904761904762 0.6123839009287926 0.5511904761904762 0.6235294117647059 0.5416666666666666 0.6334365325077399 0.40714285714285714 0.6334365325077399 0.3619047619047619 0.6130030959752322 0.34285714285714286 0.6 0.34285714285714286 
15 0.6390092879256966 0.34285714285714286 0.6297213622291021 0.3523809523809524 0.6291021671826625 0.3535714285714286 0.6191950464396285 0.47619047619047616 0.6191950464396285 0.530952380952381 0.6241486068111455 0.5416666666666666 0.6352941176470588 0.5511904761904762 0.6520123839009287 0.5511904761904762 0.6724458204334365 0.5416666666666666 0.6780185758513931 0.530952380952381 0.6879256965944273 0.4083333333333333 0.6879256965944273 0.3523809523809524 0.6829721362229102 0.34285714285714286 0.6390092879256966 0.34285714285714286 
18 0.6885448916408669 0.5238095238095238 0.6489164086687307 0.5619047619047619 0.6439628482972136 0.5714285714285714 0.6439628482972136 0.575 0.6445820433436532 0.5797619047619048 0.6495356037151703 0.5988095238095238 0.6687306501547987 0.6464285714285715 0.6934984520123839 0.694047619047619 0.7034055727554179 0.7119047619047619 0.7046439628482972 0.7130952380952381 0.7176470588235294 0.7130952380952381 0.7325077399380805 0.7035714285714286 0.7325077399380805 0.6476190476190476 0.7126934984520124 0.5523809523809524 0.7077399380804954 0.5333333333333333 0.7003095975232199 0.5238095238095238 0.6885448916408669 0.5238095238095238 
19 0.6346749226006192 0.5523809523809524 0.5993808049535604 0.5714285714285714 0.5993808049535604 0.6047619047619047 0.6043343653250774 0.6261904761904762 0.6142414860681115 0.6642857142857143 0.6247678018575852 0.694047619047619 0.6396284829721363 0.7321428571428571 0.6445820433436532 0.7416666666666667 0.6495356037151703 0.7488095238095238 0.6513931888544892 0.7511904761904762 0.6631578947368421 0.7511904761904762 0.6879256965944273 0.7416666666666667 0.6879256965944273 0.7023809523809523 0.6823529411764706 0.6761904761904762 0.6780185758513931 0.6571428571428571 0.653250773993808 0.5547619047619048 0.6526315789473685 0.5523809523809524 0.6346749226006192 0.5523809523809524 
20 0.5857585139318885 0.580952380952381 0.5845201238390093 0.5821428571428572 0.5795665634674922 0.5904761904761905 0.5795665634674922 0.6369047619047619 0.5944272445820433 0.7202380952380952 0.5993808049535604 0.7416666666666667 0.6055727554179566 0.7607142857142857 0.6092879256965944 0.7690476190476191 0.6142414860681115 0.7797619047619048 0.6229102167182663 0.7797619047619048 0.6235294117647059 0.7773809523809524 0.6235294117647059 0.7154761904761905 0.6185758513931888 0.65 0.6130030959752322 0.6190476190476191 0.6086687306501548 0.6 0.6037151702786377 0.580952380952381 0.5857585139318885 0.580952380952381 
21 0.5547987616099072 0.580952380952381 0.5547987616099072 0.6142857142857143 0.5647058823529412 0.694047619047619 0.5746130030959752 0.7511904761904762 0.5795665634674922 0.7607142857142857 0.5931888544891641 0.7607142857142857 0.5938080495356037 0.7595238095238095 0.5938080495356037 0.7 0.5888544891640867 0.5833333333333334 0.5882352941176471 0.580952380952381 0.5547987616099072 0.580952380952381 
22 0.5356037151702786 0.5619047619047619 0.5306501547987617 0.5714285714285714 0.530030959752322 0.5738095238095238 0.530030959752322 0.6178571428571429 0.5356037151702786 0.6654761904761904 0.544891640866873 0.7404761904761905 0.5498452012383901 0.7785714285714286 0.5547987616099072 0.7892857142857143 0.5640866873065016 0.7892857142857143 0.5690402476780185 0.7785714285714286 0.5690402476780185 0.6857142857142857 0.5640866873065016 0.6095238095238096 0.5591331269349845 0.5833333333333334 0.5541795665634675 0.5630952380952381 0.5535603715170279 0.5619047619047619 0.5356037151702786 0.5619047619047619 
23 0.5151702786377709 0.5333333333333333 0.5151702786377709 0.7416666666666667 0.5244582043343653 0.7416666666666667 0.5294117647058824 0.7321428571428571 0.5343653250773994 0.694047619047619 0.5393188854489164 0.6357142857142857 0.5442724458204334 0.569047619047619 0.5442724458204334 0.544047619047619 0.5325077399380805 0.5345238095238095 0.5275541795665635 0.5333333333333333 0.5151702786377709 0.5333333333333333 
24 0.4953560371517028 0.5333333333333333 0.4953560371517028 0.5702380952380952 0.5003095975232198 0.694047619047619 0.5052631578947369 0.7202380952380952 0.5058823529411764 0.7226190476190476 0.518266253869969 0.7226190476190476 0.5195046439628483 0.7214285714285714 0.5244582043343653 0.5416666666666666 0.5244582043343653 0.5345238095238095 0.5238390092879257 0.5333333333333333 0.4953560371517028 0.5333333333333333 
25 0.4842105263157895 0.5333333333333333 0.4804953560371517 0.5345238095238095 0.4804953560371517 0.6083333333333333 0.4904024767801858 0.7107142857142857 0.49102167182662537 0.7130952380952381 0.4978328173374613 0.7202380952380952 0.49907120743034056 0.7214285714285714 0.4996904024767802 0.7214285714285714 0.5046439628482973 0.7119047619047619 0.5046439628482973 0.5642857142857143 0.4996904024767802 0.5357142857142857 0.49907120743034056 0.5333333333333333 0.4842105263157895 0.5333333333333333 
26 0.4613003095975232 0.5428571428571428 0.46068111455108357 0.544047619047619 0.46068111455108357 0.6083333333333333 0.47058823529411764 0.7035714285714286 0.47554179566563465 0.7214285714285714 0.4804953560371517 0.7321428571428571 0.4891640866873065 0.7321428571428571 0.48978328173374613 0.7309523809523809 0.48978328173374613 0.6 0.4848297213622291 0.544047619047619 0.48359133126934983 0.5428571428571428 0.4613003095975232 0.5428571428571428 
27 0.44643962848297214 0.5523809523809524 0.4359133126934985 0.5619047619047619 0.4309597523219814 0.611904761904762 0.4309597523219814 0.7130952380952381 0.4359133126934985 0.7416666666666667 0.44148606811145513 0.7607142857142857 0.4458204334365325 0.7702380952380953 0.45139318885448915 0.7797619047619048 0.46377708978328175 0.7797619047619048 0.465015479876161 0.7785714285714286 0.465015479876161 0.5630952380952381 0.4538699690402477 0.5523809523809524 0.44643962848297214 0.5523809523809524 
28 0.4136222910216718 0.5714285714285714 0.41114551083591333 0.5726190476190476 0.40619195046439627 0.5821428571428572 0.40619195046439627 0.6357142857142857 0.41114551083591333 0.7607142857142857 0.42910216718266253 0.7607142857142857 0.43034055727554177 0.7595238095238095 0.43529411764705883 0.7416666666666667 0.44024767801857584 0.6166666666666667 0.44024767801857584 0.5726190476190476 0.43962848297213625 0.5714285714285714 0.4136222910216718 0.5714285714285714 
30 0.3622291021671827 0.5619047619047619 0.3572755417956656 0.5714285714285714 0.356656346749226 0.575 0.3368421052631579 0.7142857142857143 0.3368421052631579 0.75 0.33746130030959753 0.7511904761904762 0.35789473684210527 0.7607142857142857 0.37585139318885447 0.7607142857142857 0.3851393188854489 0.7511904761904762 0.38575851393188854 0.75 0.3907120743034056 0.7309523809523809 0.3956656346749226 0.7107142857142857 0.4154798761609907 0.5880952380952381 0.4154798761609907 0.5714285714285714 0.38575851393188854 0.5619047619047619 0.3622291021671827 0.5619047619047619 
31 0.3126934984520124 0.5523809523809524 0.30712074303405573 0.5619047619047619 0.2773993808049536 0.6761904761904762 0.2773993808049536 0.7119047619047619 0.27801857585139317 0.7130952380952381 0.29721362229102166 0.7226190476190476 0.3157894736842105 0.7226190476190476 0.3263157894736842 0.7130952380952381 0.3560371517027864 0.6369047619047619 0.3609907120743034 0.6166666666666667 0.3609907120743034 0.5738095238095238 0.3603715170278638 0.5726190476190476 0.3504643962848297 0.5619047619047619 0.33622291021671824 0.5523809523809524 0.3126934984520124 0.5523809523809524 