1 0.2823529411764706 0.23809523809523808 0.2773993808049536 0.24761904761904763 0.2724458204334365 0.26666666666666666 0.25758513931888544 0.3535714285714286 0.25758513931888544 0.4166666666666667 0.2582043343653251 0.41785714285714287 0.2773993808049536 0.4369047619047619 0.29659442724458207 0.4369047619047619 0.3015479876160991 0.4261904761904762 0.3015479876160991 0.3238095238095238 0.29659442724458207 0.25833333333333336 0.291640866873065 0.23809523809523808 0.2823529411764706 0.23809523809523808 
2 0.30712074303405573 0.26666666666666666 0.3021671826625387 0.2761904761904762 0.29721362229102166 0.37142857142857144 0.29721362229102166 0.4357142857142857 0.3027863777089783 0.44642857142857145 0.32321981424148605 0.45595238095238094 0.33622291021671824 0.45595238095238094 0.3411764705882353 0.4452380952380952 0.3455108359133127 0.42738095238095236 0.3461300309597523 0.41785714285714287 0.3461300309597523 0.41309523809523807 0.33126934984520123 0.29523809523809524 0.3263157894736842 0.2761904761904762 0.32074303405572757 0.26666666666666666 0.30712074303405573 0.26666666666666666 
3 0.35356037151702785 0.23809523809523808 0.35170278637770896 0.2392857142857143 0.3318885448916409 0.2761904761904762 0.3318885448916409 0.33214285714285713 0.3368421052631579 0.41785714285714287 0.34179566563467495 0.45476190476190476 0.34241486068111454 0.45595238095238094 0.37585139318885447 0.45595238095238094 0.3851393188854489 0.44642857142857145 0.38575851393188854 0.4452380952380952 0.38575851393188854 0.3904761904761905 0.37089783281733746 0.26785714285714285 0.36594427244582045 0.24761904761904763 0.3603715170278638 0.23809523809523808 0.35356037151702785 0.23809523809523808 
4 0.3814241486068111 0.26666666666666666 0.3814241486068111 0.45595238095238094 0.38699690402476783 0.4654761904761905 0.4006191950464396 0.4654761904761905 0.4105263157894737 0.45595238095238094 0.4105263157894737 0.4 0.4006191950464396 0.29523809523809524 0.3956656346749226 0.26666666666666666 0.3814241486068111 0.26666666666666666 
5 0.4018575851393189 0.2571428571428571 0.40123839009287926 0.2619047619047619 0.40123839009287926 0.3904761904761905 0.4018575851393189 0.39880952380952384 0.40619195046439627 0.45357142857142857 0.4068111455108359 0.45595238095238094 0.41238390092879257 0.4654761904761905 0.4247678018575851 0.4654761904761905 0.43034055727554177 0.45595238095238094 0.43529411764705883 0.44642857142857145 0.44024767801857584 0.4357142857142857 0.44024767801857584 0.3952380952380952 0.43962848297213625 0.3904761904761905 0.42538699690402476 0.29642857142857143 0.4198142414860681 0.26666666666666666 0.4154798761609907 0.25833333333333336 0.41424148606811145 0.2571428571428571 0.4018575851393189 0.2571428571428571 
6 0.42105263157894735 0.22857142857142856 0.42105263157894735 0.3404761904761905 0.4260061919504644 0.4654761904761905 0.44953560371517026 0.4654761904761905 0.4551083591331269 0.4452380952380952 0.4551083591331269 0.3821428571428571 0.4452012383900929 0.2761904761904762 0.44024767801857584 0.2488095238095238 0.43529411764705883 0.22857142857142856 0.42105263157894735 0.22857142857142856 
7 0.45572755417956656 0.2761904761904762 0.45077399380804956 0.305952380952381 0.45077399380804956 0.4642857142857143 0.45139318885448915 0.4654761904761905 0.47368421052631576 0.4654761904761905 0.47492260061919506 0.4630952380952381 0.47492260061919506 0.29523809523809524 0.469969040247678 0.2773809523809524 0.4693498452012384 0.2761904761904762 0.45572755417956656 0.2761904761904762 
8 0.47554179566563465 0.26666666666666666 0.4712074303405573 0.2869047619047619 0.47058823529411764 0.2904761904761905 0.47058823529411764 0.4642857142857143 0.47554179566563465 0.4738095238095238 0.47678018575851394 0.475 0.49907120743034056 0.475 0.4996904024767802 0.4738095238095238 0.4996904024767802 0.3904761904761905 0.49473684210526314 0.3047619047619048 0.48978328173374613 0.26785714285714285 0.4891640866873065 0.26666666666666666 0.47554179566563465 0.26666666666666666 
9 0.49597523219814244 0.2761904761904762 0.4953560371517028 0.2785714285714286 0.4953560371517028 0.4654761904761905 0.5244582043343653 0.4654761904761905 0.5287925696594428 0.45595238095238094 0.5294117647058824 0.4523809523809524 0.5294117647058824 0.42857142857142855 0.5195046439628483 0.31666666666666665 0.5145510835913313 0.29523809523809524 0.5089783281733746 0.2761904761904762 0.49597523219814244 0.2761904761904762 
10 0.5151702786377709 0.2571428571428571 0.5151702786377709 0.3880952380952381 0.5207430340557275 0.4369047619047619 0.525077399380805 0.45476190476190476 0.5256965944272446 0.45595238095238094 0.5541795665634675 0.45595238095238094 0.5541795665634675 0.41904761904761906 0.5442724458204334 0.34285714285714286 0.5343653250773994 0.2761904761904762 0.5294117647058824 0.25833333333333336 0.5287925696594428 0.2571428571428571 0.5151702786377709 0.2571428571428571 
11 0.5554179566563467 0.22857142857142856 0.5498452012383901 0.2392857142857143 0.544891640866873 0.26666666666666666 0.5399380804953561 0.34285714285714286 0.5399380804953561 0.40714285714285714 0.5498452012383901 0.45476190476190476 0.5504643962848297 0.45595238095238094 0.5572755417956656 0.4642857142857143 0.5640866873065016 0.4642857142857143 0.573374613003096 0.45595238095238094 0.5739938080495356 0.45476190476190476 0.5789473684210527 0.4369047619047619 0.5789473684210527 0.4095238095238095 0.5690402476780185 0.23214285714285715 0.5684210526315789 0.22857142857142856 0.5554179566563467 0.22857142857142856 
12 0.5801857585139318 0.24761904761904763 0.5746130030959752 0.2571428571428571 0.5696594427244582 0.26666666666666666 0.5647058823529412 0.3261904761904762 0.5647058823529412 0.35 0.5696594427244582 0.45476190476190476 0.5702786377708978 0.45595238095238094 0.5795665634674922 0.4654761904761905 0.5888544891640867 0.4654761904761905 0.5938080495356037 0.45595238095238094 0.5987616099071208 0.4452380952380952 0.5987616099071208 0.42023809523809524 0.5938080495356037 0.25833333333333336 0.5888544891640867 0.24761904761904763 0.5801857585139318 0.24761904761904763 
13 0.604953560371517 0.26666666666666666 0.5993808049535604 0.2773809523809524 0.5944272445820433 0.305952380952381 0.5894736842105263 0.3547619047619048 0.5894736842105263 0.4511904761904762 0.590092879256966 0.45595238095238094 0.6160990712074303 0.45595238095238094 0.6185758513931888 0.45476190476190476 0.6235294117647059 0.44642857142857145 0.6235294117647059 0.38095238095238093 0.6185758513931888 0.2761904761904762 0.6136222910216719 0.26785714285714285 0.6123839009287926 0.26666666666666666 0.604953560371517 0.26666666666666666 
14 0.6445820433436532 0.2571428571428571 0.6340557275541796 0.2773809523809524 0.6291021671826625 0.30714285714285716 0.6191950464396285 0.3726190476190476 0.6191950464396285 0.44285714285714284 0.6198142414860681 0.4452380952380952 0.6247678018575852 0.45595238095238094 0.6489164086687307 0.4654761904761905 0.6575851393188854 0.4654761904761905 0.6631578947368421 0.45595238095238094 0.6681114551083591 0.44642857142857145 0.6730650154798762 0.32261904761904764 0.6730650154798762 0.2773809523809524 0.653250773993808 0.25833333333333336 0.6513931888544892 0.2571428571428571 0.6445820433436532 0.2571428571428571 
15 0.6891640866873066 0.2571428571428571 0.6786377708978328 0.26666666666666666 0.6687306501547987 0.305952380952381 0.6588235294117647 0.38095238095238093 0.6588235294117647 0.42738095238095236 0.660061919504644 0.4369047619047619 0.6687306501547987 0.45595238095238094 0.686687306501548 0.45595238095238094 0.7065015479876161 0.44642857142857145 0.7126934984520124 0.4369047619047619 0.7126934984520124 0.2857142857142857 0.7077399380804954 0.26666666666666666 0.7021671826625387 0.2571428571428571 0.6891640866873066 0.2571428571428571 
16 0.7232198142414861 0.22857142857142856 0.7188854489164087 0.23809523809523808 0.708359133126935 0.2761904761904762 0.7034055727554179 0.3142857142857143 0.7034055727554179 0.3892857142857143 0.708359133126935 0.42738095238095236 0.713312693498452 0.4369047619047619 0.7269349845201238 0.4369047619047619 0.756656346749226 0.4083333333333333 0.7572755417956656 0.40714285714285714 0.7572755417956656 0.37142857142857144 0.7424148606811145 0.22976190476190475 0.7411764705882353 0.22857142857142856 0.7232198142414861 0.22857142857142856 
17 0.7244582043343654 0.42857142857142855 0.6934984520123839 0.44761904761904764 0.6885448916408669 0.45714285714285713 0.6885448916408669 0.5023809523809524 0.698452012383901 0.5416666666666666 0.7188854489164087 0.5988095238095238 0.7232198142414861 0.6071428571428571 0.7244582043343654 0.6083333333333333 0.7417956656346749 0.6083333333333333 0.7572755417956656 0.5988095238095238 0.7572755417956656 0.5333333333333333 0.7473684210526316 0.4392857142857143 0.746749226006192 0.4380952380952381 0.7368421052631579 0.42857142857142855 0.7244582043343654 0.42857142857142855 
18 0.6743034055727554 0.45714285714285713 0.6445820433436532 0.4666666666666667 0.6346749226006192 0.4857142857142857 0.6340557275541796 0.4880952380952381 0.6340557275541796 0.5119047619047619 0.6637770897832818 0.6357142857142857 0.6687306501547987 0.6464285714285715 0.6743034055727554 0.655952380952381 0.6928792569659443 0.655952380952381 0.6978328173374613 0.6464285714285715 0.7021671826625387 0.6369047619047619 0.7027863777089783 0.6345238095238095 0.7027863777089783 0.580952380952381 0.6928792569659443 0.4595238095238095 0.6879256965944273 0.45714285714285713 0.6743034055727554 0.45714285714285713 
19 0.6006191950464397 0.45714285714285713 0.5944272445820433 0.4607142857142857 0.5944272445820433 0.5226190476190476 0.5993808049535604 0.5892857142857143 0.6142414860681115 0.655952380952381 0.6204334365325077 0.6654761904761904 0.6520123839009287 0.6654761904761904 0.653250773993808 0.6642857142857143 0.653250773993808 0.5845238095238096 0.643343653250774 0.46785714285714286 0.6427244582043343 0.4666666666666667 0.6136222910216719 0.45714285714285713 0.6006191950464397 0.45714285714285713 
20 0.5795665634674922 0.45714285714285713 0.5696594427244582 0.46785714285714286 0.5696594427244582 0.5214285714285715 0.5795665634674922 0.5880952380952381 0.5845201238390093 0.6178571428571429 0.5894736842105263 0.6357142857142857 0.5993808049535604 0.6547619047619048 0.6006191950464397 0.655952380952381 0.6037151702786377 0.655952380952381 0.6037151702786377 0.5238095238095238 0.5987616099071208 0.45714285714285713 0.5795665634674922 0.45714285714285713 
21 0.5603715170278638 0.45714285714285713 0.5455108359133127 0.4857142857142857 0.544891640866873 0.4880952380952381 0.544891640866873 0.5214285714285715 0.5498452012383901 0.5666666666666667 0.5554179566563467 0.5988095238095238 0.5597523219814241 0.6178571428571429 0.5647058823529412 0.6369047619047619 0.5739938080495356 0.6369047619047619 0.5739938080495356 0.4666666666666667 0.5684210526315789 0.45714285714285713 0.5603715170278638 0.45714285714285713 
22 0.5411764705882353 0.4666666666666667 0.5399380804953561 0.46785714285714286 0.534984520123839 0.47619047619047616 0.530030959752322 0.544047619047619 0.530030959752322 0.5595238095238095 0.5399380804953561 0.6642857142857143 0.544891640866873 0.6845238095238095 0.5529411764705883 0.6845238095238095 0.5541795665634675 0.6833333333333333 0.5585139318885449 0.675 0.5591331269349845 0.6702380952380952 0.5591331269349845 0.544047619047619 0.5541795665634675 0.46904761904761905 0.5535603715170279 0.4666666666666667 0.5411764705882353 0.4666666666666667 
23 0.5207430340557275 0.4666666666666667 0.5201238390092879 0.46785714285714286 0.5151702786377709 0.5238095238095238 0.5151702786377709 0.6178571428571429 0.5157894736842106 0.6261904761904762 0.5201238390092879 0.6369047619047619 0.5294117647058824 0.6369047619047619 0.5337461300309597 0.6273809523809524 0.5343653250773994 0.6238095238095238 0.5393188854489164 0.5261904761904762 0.5393188854489164 0.46904761904761905 0.5386996904024768 0.4666666666666667 0.5207430340557275 0.4666666666666667 
24 0.5015479876160991 0.47619047619047616 0.5003095975232198 0.4773809523809524 0.5003095975232198 0.6273809523809524 0.5052631578947369 0.6369047619047619 0.508359133126935 0.6369047619047619 0.5095975232198142 0.6357142857142857 0.5145510835913313 0.6273809523809524 0.5195046439628483 0.5976190476190476 0.5244582043343653 0.5023809523809524 0.5244582043343653 0.47619047619047616 0.5015479876160991 0.47619047619047616 
25 0.486687306501548 0.47619047619047616 0.4854489164086687 0.4773809523809524 0.4854489164086687 0.6083333333333333 0.4904024767801858 0.6178571428571429 0.4996904024767802 0.6178571428571429 0.5046439628482973 0.5797619047619048 0.5046439628482973 0.47619047619047616 0.486687306501548 0.47619047619047616 
26 0.4718266253869969 0.47619047619047616 0.47058823529411764 0.4773809523809524 0.46563467492260063 0.5345238095238095 0.46563467492260063 0.5607142857142857 0.47058823529411764 0.6273809523809524 0.4848297213622291 0.6273809523809524 0.48978328173374613 0.569047619047619 0.48978328173374613 0.47619047619047616 0.4718266253869969 0.47619047619047616 
27 0.4563467492260062 0.4666666666666667 0.45077399380804956 0.4773809523809524 0.45077399380804956 0.6464285714285715 0.45572755417956656 0.6654761904761904 0.465015479876161 0.6654761904761904 0.4693498452012384 0.6464285714285715 0.47492260061919506 0.6083333333333333 0.47492260061919506 0.4773809523809524 0.469969040247678 0.4666666666666667 0.4563467492260062 0.4666666666666667 
28 0.4328173374613003 0.4666666666666667 0.4309597523219814 0.46785714285714286 0.4260061919504644 0.5345238095238095 0.4260061919504644 0.5678571428571428 0.4309597523219814 0.6357142857142857 0.4359133126934985 0.6464285714285715 0.4452012383900929 0.6464285714285715 0.4501547987616099 0.6178571428571429 0.4551083591331269 0.5607142857142857 0.4551083591331269 0.4773809523809524 0.4501547987616099 0.4666666666666667 0.4328173374613003 0.4666666666666667 
29 0.41114551083591333 0.4666666666666667 0.40123839009287926 0.4857142857142857 0.40123839009287926 0.5297619047619048 0.40619195046439627 0.6464285714285715 0.4198142414860681 0.6464285714285715 0.42043343653250775 0.6452380952380953 0.42538699690402476 0.6261904761904762 0.43034055727554177 0.5988095238095238 0.43529411764705883 0.5416666666666666 0.43529411764705883 0.47023809523809523 0.4346749226006192 0.4666666666666667 0.41114551083591333 0.4666666666666667 
30 0.38204334365325077 0.45714285714285713 0.3764705882352941 0.4583333333333333 0.3671826625386997 0.4666666666666667 0.36656346749226004 0.46785714285714286 0.356656346749226 0.5916666666666667 0.356656346749226 0.6452380952380953 0.3572755417956656 0.6464285714285715 0.38204334365325077 0.655952380952381 0.3956656346749226 0.655952380952381 0.4006191950464396 0.6464285714285715 0.4055727554179567 0.6083333333333333 0.4105263157894737 0.5511904761904762 0.4154798761609907 0.4845238095238095 0.4154798761609907 0.46785714285714286 0.40990712074303404 0.45714285714285713 0.38204334365325077 0.45714285714285713 
31 0.32755417956656346 0.45714285714285713 0.3219814241486068 0.4666666666666667 0.3170278637770898 0.4869047619047619 0.31207430340557274 0.5619047619047619 0.31207430340557274 0.6083333333333333 0.3170278637770898 0.6369047619047619 0.3411764705882353 0.6369047619047619 0.3510835913312694 0.6178571428571429 0.3560371517027864 0.5988095238095238 0.3609907120743034 0.5785714285714286 0.37089783281733746 0.5226190476190476 0.37089783281733746 0.47023809523809523 0.3702786377708978 0.4666666666666667 0.3653250773993808 0.45714285714285713 0.32755417956656346 0.45714285714285713 
32 0.27306501547987616 0.4380952380952381 0.2724458204334365 0.4392857142857143 0.2674922600619195 0.4583333333333333 0.2625386996904025 0.555952380952381 0.2625386996904025 0.5964285714285714 0.2631578947368421 0.5988095238095238 0.2724458204334365 0.6083333333333333 0.28173374613003094 0.6083333333333333 0.29102167182662536 0.5988095238095238 0.3015479876160991 0.5797619047619048 0.31640866873065016 0.5321428571428571 0.32136222910216716 0.513095238095238 0.32136222910216716 0.4583333333333333 0.31145510835913315 0.4380952380952381 0.27306501547987616 0.4380952380952381 