2 0.22786377708978328 0.34285714285714286 0.19938080495356036 0.5142857142857142 0.19814241486068113 0.5261904761904762 0.19814241486068113 0.5321428571428571 0.20804953560371517 0.55 0.2241486068111455 0.5702380952380952 0.2520123839009288 0.5702380952380952 0.2613003095975232 0.5607142857142857 0.26191950464396285 0.5595238095238095 0.26687306501547986 0.4738095238095238 0.26687306501547986 0.38571428571428573 0.26625386996904027 0.38095238095238093 0.26191950464396285 0.37142857142857144 0.25696594427244585 0.3619047619047619 0.24210526315789474 0.34285714285714286 0.22786377708978328 0.34285714285714286 
3 0.2674922600619195 0.37142857142857144 0.2625386996904025 0.39166666666666666 0.25758513931888544 0.5047619047619047 0.25758513931888544 0.5595238095238095 0.2625386996904025 0.5702380952380952 0.2724458204334365 0.5797619047619048 0.286687306501548 0.5797619047619048 0.3139318885448916 0.5702380952380952 0.32136222910216716 0.5607142857142857 0.32136222910216716 0.5297619047619048 0.3065015479876161 0.4 0.3015479876160991 0.3821428571428571 0.291640866873065 0.3726190476190476 0.2897832817337461 0.37142857142857144 0.2674922600619195 0.37142857142857144 
4 0.32260061919504646 0.38095238095238093 0.3219814241486068 0.3821428571428571 0.3170278637770898 0.4857142857142857 0.3170278637770898 0.5678571428571428 0.31826625386996904 0.5702380952380952 0.32755417956656346 0.5797619047619048 0.3498452012383901 0.5797619047619048 0.3609907120743034 0.5607142857142857 0.3609907120743034 0.5238095238095238 0.3461300309597523 0.4023809523809524 0.3455108359133127 0.4 0.33560371517027865 0.38095238095238093 0.32260061919504646 0.38095238095238093 
5 0.35356037151702785 0.37142857142857144 0.3523219814241486 0.3726190476190476 0.35170278637770896 0.3738095238095238 0.35170278637770896 0.569047619047619 0.3622291021671827 0.5892857142857143 0.37585139318885447 0.5892857142857143 0.3956656346749226 0.5702380952380952 0.4 0.5607142857142857 0.4006191950464396 0.5583333333333333 0.4006191950464396 0.5154761904761904 0.37585139318885447 0.38452380952380955 0.37089783281733746 0.37142857142857144 0.35356037151702785 0.37142857142857144 
6 0.38699690402476783 0.3333333333333333 0.3863777089783282 0.3357142857142857 0.3863777089783282 0.5035714285714286 0.3913312693498452 0.5702380952380952 0.40123839009287926 0.5880952380952381 0.40309597523219814 0.5892857142857143 0.4154798761609907 0.5892857142857143 0.42538699690402476 0.5797619047619048 0.43034055727554177 0.5702380952380952 0.43529411764705883 0.5488095238095239 0.43529411764705883 0.5178571428571429 0.4154798761609907 0.3904761904761905 0.4105263157894737 0.36428571428571427 0.40495356037151703 0.34285714285714286 0.4 0.3333333333333333 0.38699690402476783 0.3333333333333333 
7 0.4260061919504644 0.37142857142857144 0.4260061919504644 0.5214285714285715 0.4309597523219814 0.5761904761904761 0.43157894736842106 0.5797619047619048 0.46873065015479876 0.5797619047619048 0.469969040247678 0.5785714285714286 0.469969040247678 0.5261904761904762 0.465015479876161 0.4666666666666667 0.460061919504644 0.4297619047619048 0.4501547987616099 0.3904761904761905 0.4452012383900929 0.3726190476190476 0.4439628482972136 0.37142857142857144 0.4260061919504644 0.37142857142857144 
8 0.48111455108359136 0.3523809523809524 0.47058823529411764 0.3726190476190476 0.46563467492260063 0.39166666666666666 0.46563467492260063 0.5785714285714286 0.47058823529411764 0.5892857142857143 0.4786377708978328 0.5892857142857143 0.5145510835913313 0.5797619047619048 0.5145510835913313 0.5238095238095238 0.5046439628482973 0.42857142857142855 0.4996904024767802 0.3904761904761905 0.49473684210526314 0.3619047619047619 0.4891640866873065 0.3523809523809524 0.48111455108359136 0.3523809523809524 
9 0.5306501547987617 0.3619047619047619 0.525077399380805 0.3821428571428571 0.5201238390092879 0.4095238095238095 0.5151702786377709 0.4607142857142857 0.5102167182662539 0.5166666666666667 0.5102167182662539 0.5607142857142857 0.5151702786377709 0.5869047619047619 0.5157894736842106 0.5892857142857143 0.5386996904024768 0.5892857142857143 0.5591331269349845 0.5797619047619048 0.5640866873065016 0.5702380952380952 0.5640866873065016 0.5392857142857143 0.5541795665634675 0.3904761904761905 0.5492260061919505 0.3726190476190476 0.5436532507739938 0.3619047619047619 0.5306501547987617 0.3619047619047619 
10 0.5702786377708978 0.37142857142857144 0.5647058823529412 0.38095238095238093 0.5597523219814241 0.41904761904761906 0.5597523219814241 0.569047619047619 0.5609907120743034 0.5702380952380952 0.5925696594427244 0.5702380952380952 0.5938080495356037 0.569047619047619 0.5938080495356037 0.5011904761904762 0.5888544891640867 0.40595238095238095 0.5882352941176471 0.4011904761904762 0.5839009287925696 0.37142857142857144 0.5702786377708978 0.37142857142857144 
11 0.6099071207430341 0.3238095238095238 0.6043343653250774 0.3333333333333333 0.5894736842105263 0.5023809523809524 0.5894736842105263 0.5404761904761904 0.5944272445820433 0.5511904761904762 0.604953560371517 0.5702380952380952 0.6278637770897832 0.5702380952380952 0.6334365325077399 0.5607142857142857 0.6334365325077399 0.39166666666666666 0.628482972136223 0.3535714285714286 0.6235294117647059 0.3345238095238095 0.6185758513931888 0.3238095238095238 0.6099071207430341 0.3238095238095238 
12 0.6538699690402476 0.3904761904761905 0.6445820433436532 0.4095238095238095 0.6340557275541796 0.4583333333333333 0.6291021671826625 0.5047619047619047 0.6291021671826625 0.5583333333333333 0.6297213622291021 0.5607142857142857 0.6346749226006192 0.5702380952380952 0.6439628482972136 0.5797619047619048 0.6520123839009287 0.5797619047619048 0.653250773993808 0.5785714285714286 0.6631578947368421 0.5607142857142857 0.6681114551083591 0.4369047619047619 0.6681114551083591 0.3904761904761905 0.6538699690402476 0.3904761904761905 
13 0.6848297213622291 0.37142857142857144 0.6736842105263158 0.38095238095238093 0.6687306501547987 0.39166666666666666 0.6637770897832818 0.4095238095238095 0.6588235294117647 0.45714285714285713 0.6588235294117647 0.5702380952380952 0.6637770897832818 0.5785714285714286 0.6650154798761609 0.5797619047619048 0.6854489164086688 0.5797619047619048 0.6879256965944273 0.5785714285714286 0.6928792569659443 0.569047619047619 0.6978328173374613 0.40714285714285714 0.6978328173374613 0.38333333333333336 0.6972136222910217 0.38095238095238093 0.691640866873065 0.3726190476190476 0.6897832817337461 0.37142857142857144 0.6848297213622291 0.37142857142857144 
14 0.7232198142414861 0.3619047619047619 0.708359133126935 0.3726190476190476 0.7034055727554179 0.38095238095238093 0.698452012383901 0.39166666666666666 0.6934984520123839 0.43214285714285716 0.6885448916408669 0.5047619047619047 0.6885448916408669 0.5571428571428572 0.6891640866873066 0.5607142857142857 0.6934984520123839 0.5702380952380952 0.7362229102167183 0.5702380952380952 0.7424148606811145 0.5595238095238095 0.7424148606811145 0.5059523809523809 0.7374613003095976 0.4023809523809524 0.7325077399380805 0.3619047619047619 0.7232198142414861 0.3619047619047619 
15 0.7479876160990712 0.3523809523809524 0.7380804953560371 0.3726190476190476 0.7331269349845201 0.39166666666666666 0.7331269349845201 0.5023809523809524 0.7380804953560371 0.5416666666666666 0.7436532507739938 0.5607142857142857 0.7486068111455109 0.569047619047619 0.74984520123839 0.5702380952380952 0.7708978328173375 0.5702380952380952 0.7721362229102167 0.569047619047619 0.7770897832817337 0.5607142857142857 0.7820433436532508 0.5511904761904762 0.7869969040247679 0.5321428571428571 0.7869969040247679 0.4880952380952381 0.7671826625386997 0.3523809523809524 0.7479876160990712 0.3523809523809524 
18 0.7195046439628483 0.580952380952381 0.718266253869969 0.5821428571428572 0.713312693498452 0.5916666666666667 0.713312693498452 0.6273809523809524 0.7232198142414861 0.7226190476190476 0.7331269349845201 0.7595238095238095 0.7436532507739938 0.7797619047619048 0.7702786377708978 0.7797619047619048 0.7721362229102167 0.7785714285714286 0.7721362229102167 0.594047619047619 0.7671826625386997 0.580952380952381 0.7195046439628483 0.580952380952381 
19 0.6637770897832818 0.5904761904761905 0.6588235294117647 0.6011904761904762 0.6588235294117647 0.6452380952380953 0.6736842105263158 0.7416666666666667 0.6786377708978328 0.7607142857142857 0.6885448916408669 0.7797619047619048 0.6990712074303406 0.7988095238095239 0.7170278637770898 0.7988095238095239 0.7269349845201238 0.7892857142857143 0.7275541795665634 0.7880952380952381 0.7275541795665634 0.7214285714285714 0.7269349845201238 0.7142857142857143 0.7176470588235294 0.6107142857142858 0.7126934984520124 0.5928571428571429 0.7120743034055728 0.5916666666666667 0.7108359133126935 0.5904761904761905 0.6637770897832818 0.5904761904761905 
20 0.6291021671826625 0.5904761904761905 0.6241486068111455 0.6 0.6241486068111455 0.655952380952381 0.6340557275541796 0.7226190476190476 0.6439628482972136 0.7607142857142857 0.6495356037151703 0.7797619047619048 0.6631578947368421 0.7797619047619048 0.6631578947368421 0.6011904761904762 0.6582043343653251 0.5916666666666667 0.6563467492260062 0.5904761904761905 0.6291021671826625 0.5904761904761905 
21 0.6068111455108359 0.5904761904761905 0.6043343653250774 0.5916666666666667 0.5993808049535604 0.6 0.5944272445820433 0.6095238095238096 0.5944272445820433 0.6452380952380953 0.5993808049535604 0.6916666666666667 0.6043343653250774 0.7273809523809524 0.6092879256965944 0.7595238095238095 0.6142414860681115 0.7880952380952381 0.6198142414860681 0.7988095238095239 0.6328173374613003 0.7988095238095239 0.6334365325077399 0.7976190476190477 0.6334365325077399 0.6488095238095238 0.628482972136223 0.6 0.6235294117647059 0.5904761904761905 0.6068111455108359 0.5904761904761905 
22 0.5746130030959752 0.580952380952381 0.5653250773993808 0.5904761904761905 0.5647058823529412 0.5916666666666667 0.5597523219814241 0.6678571428571428 0.5597523219814241 0.6845238095238095 0.5696594427244582 0.7607142857142857 0.5746130030959752 0.7892857142857143 0.5795665634674922 0.7988095238095239 0.5863777089783282 0.7988095238095239 0.5888544891640867 0.7976190476190477 0.5931888544891641 0.7892857142857143 0.5938080495356037 0.7869047619047619 0.5987616099071208 0.7 0.5987616099071208 0.6011904761904762 0.5938080495356037 0.5904761904761905 0.5882352941176471 0.580952380952381 0.5746130030959752 0.580952380952381 
23 0.544891640866873 0.5904761904761905 0.5356037151702786 0.6 0.534984520123839 0.6011904761904762 0.534984520123839 0.6464285714285715 0.544891640866873 0.7607142857142857 0.5498452012383901 0.7892857142857143 0.5634674922600619 0.7892857142857143 0.5640866873065016 0.7880952380952381 0.5640866873065016 0.5916666666666667 0.5634674922600619 0.5904761904761905 0.544891640866873 0.5904761904761905 
24 0.5108359133126935 0.6 0.5102167182662539 0.6023809523809524 0.5102167182662539 0.6654761904761904 0.5151702786377709 0.7130952380952381 0.5201238390092879 0.7404761904761905 0.530030959752322 0.7797619047619048 0.5436532507739938 0.7797619047619048 0.5442724458204334 0.7785714285714286 0.5442724458204334 0.7095238095238096 0.5393188854489164 0.6011904761904762 0.5386996904024768 0.6 0.5108359133126935 0.6 
25 0.4854489164086687 0.6 0.4854489164086687 0.6464285714285715 0.4904024767801858 0.7690476190476191 0.49102167182662537 0.7702380952380953 0.4996904024767802 0.7702380952380953 0.5046439628482973 0.7595238095238095 0.5095975232198142 0.7404761904761905 0.5145510835913313 0.694047619047619 0.5145510835913313 0.6 0.4854489164086687 0.6 
26 0.45572755417956656 0.6 0.45572755417956656 0.6357142857142857 0.46563467492260063 0.7595238095238095 0.4662538699690402 0.7607142857142857 0.4761609907120743 0.7702380952380953 0.47987616099071206 0.7702380952380953 0.4848297213622291 0.7607142857142857 0.48978328173374613 0.7107142857142857 0.48978328173374613 0.6 0.45572755417956656 0.6 
27 0.42724458204334365 0.5904761904761905 0.421671826625387 0.6 0.42105263157894735 0.6023809523809524 0.42105263157894735 0.7392857142857143 0.4260061919504644 0.7607142857142857 0.4359133126934985 0.7988095238095239 0.4501547987616099 0.7988095238095239 0.465015479876161 0.655952380952381 0.465015479876161 0.6297619047619047 0.460061919504644 0.6011904761904762 0.4551083591331269 0.5904761904761905 0.42724458204334365 0.5904761904761905 
28 0.3975232198142415 0.580952380952381 0.39628482972136225 0.5821428571428572 0.3863777089783282 0.6 0.3814241486068111 0.6190476190476191 0.3814241486068111 0.6619047619047619 0.3863777089783282 0.7964285714285714 0.38699690402476783 0.7976190476190477 0.38823529411764707 0.7988095238095239 0.3993808049535604 0.7988095238095239 0.4006191950464396 0.7976190476190477 0.4105263157894737 0.7607142857142857 0.4154798761609907 0.7321428571428571 0.42538699690402476 0.655952380952381 0.42538699690402476 0.6023809523809524 0.4247678018575851 0.6 0.4198142414860681 0.5904761904761905 0.40928792569659445 0.580952380952381 0.3975232198142415 0.580952380952381 
29 0.3572755417956656 0.5904761904761905 0.35170278637770896 0.6 0.3473684210526316 0.6095238095238096 0.34674922600619196 0.611904761904762 0.34674922600619196 0.655952380952381 0.356656346749226 0.7964285714285714 0.35789473684210527 0.7988095238095239 0.3653250773993808 0.7988095238095239 0.37089783281733746 0.7892857142857143 0.37585139318885447 0.7797619047619048 0.3907120743034056 0.6821428571428572 0.3956656346749226 0.6083333333333333 0.3956656346749226 0.5916666666666667 0.3938080495356037 0.5904761904761905 0.3572755417956656 0.5904761904761905 
30 0.29721362229102166 0.5904761904761905 0.29287925696594425 0.6 0.29226006191950465 0.6023809523809524 0.2823529411764706 0.7154761904761905 0.2823529411764706 0.7892857142857143 0.29721362229102166 0.7988095238095239 0.31021671826625385 0.7988095238095239 0.3201238390092879 0.7892857142857143 0.3263157894736842 0.7797619047619048 0.33126934984520123 0.7690476190476191 0.33622291021671824 0.7488095238095238 0.3461300309597523 0.7035714285714286 0.3560371517027864 0.6166666666666667 0.3560371517027864 0.6011904761904762 0.35541795665634673 0.6 0.330030959752322 0.5904761904761905 0.29721362229102166 0.5904761904761905 
31 0.23777089783281732 0.580952380952381 0.23281733746130032 0.5904761904761905 0.22786377708978328 0.6011904761904762 0.22291021671826625 0.6952380952380952 0.22291021671826625 0.7583333333333333 0.2235294117647059 0.7607142857142857 0.22786377708978328 0.7702380952380953 0.23777089783281732 0.7797619047619048 0.2513931888544892 0.7797619047619048 0.26191950464396285 0.7607142857142857 0.2718266253869969 0.7416666666666667 0.2761609907120743 0.7321428571428571 0.28173374613003094 0.7119047619047619 0.29659442724458207 0.6273809523809524 0.29659442724458207 0.6023809523809524 0.2959752321981424 0.6 0.28606811145510835 0.580952380952381 0.23777089783281732 0.580952380952381 