2 0.2873065015479876 0.3142857142857143 0.2625386996904025 0.3238095238095238 0.2582043343653251 0.38095238095238093 0.25263157894736843 0.46904761904761905 0.25263157894736843 0.5035714285714286 0.2625386996904025 0.5214285714285715 0.26625386996904027 0.5226190476190476 0.3015479876160991 0.5226190476190476 0.31145510835913315 0.5035714285714286 0.31145510835913315 0.41904761904761906 0.29659442724458207 0.3333333333333333 0.291640866873065 0.31547619047619047 0.29102167182662536 0.3142857142857143 0.2873065015479876 0.3142857142857143 
3 0.3368421052631579 0.3333333333333333 0.30712074303405573 0.3619047619047619 0.3021671826625387 0.3821428571428571 0.3021671826625387 0.513095238095238 0.30712074303405573 0.5321428571428571 0.31331269349845203 0.5416666666666666 0.3368421052631579 0.5511904761904762 0.3455108359133127 0.5511904761904762 0.3510835913312694 0.5416666666666666 0.3609907120743034 0.5226190476190476 0.3609907120743034 0.44047619047619047 0.3560371517027864 0.39166666666666666 0.3510835913312694 0.34404761904761905 0.3461300309597523 0.3333333333333333 0.3368421052631579 0.3333333333333333 
4 0.36656346749226004 0.3238095238095238 0.36160990712074303 0.34285714285714286 0.356656346749226 0.4 0.35170278637770896 0.5142857142857142 0.35170278637770896 0.5404761904761904 0.356656346749226 0.55 0.35789473684210527 0.5511904761904762 0.3752321981424149 0.5511904761904762 0.3851393188854489 0.5416666666666666 0.3907120743034056 0.5321428571428571 0.3907120743034056 0.4297619047619048 0.38575851393188854 0.3726190476190476 0.38080495356037153 0.3238095238095238 0.36656346749226004 0.3238095238095238 
5 0.39690402476780184 0.34285714285714286 0.39628482972136225 0.34404761904761905 0.3913312693498452 0.3619047619047619 0.3863777089783282 0.4 0.3814241486068111 0.5238095238095238 0.3814241486068111 0.5297619047619048 0.38204334365325077 0.5321428571428571 0.39195046439628484 0.5607142857142857 0.4037151702786378 0.5607142857142857 0.4055727554179567 0.5595238095238095 0.42043343653250775 0.5416666666666666 0.43034055727554177 0.5226190476190476 0.43034055727554177 0.46190476190476193 0.42538699690402476 0.4095238095238095 0.4154798761609907 0.3523809523809524 0.40990712074303404 0.34285714285714286 0.39690402476780184 0.34285714285714286 
6 0.43157894736842106 0.29523809523809524 0.426625386996904 0.3047619047619048 0.4260061919504644 0.30714285714285716 0.42105263157894735 0.3345238095238095 0.41609907120743034 0.36428571428571427 0.41609907120743034 0.55 0.42105263157894735 0.5702380952380952 0.43962848297213625 0.5702380952380952 0.4452012383900929 0.5607142857142857 0.4501547987616099 0.5392857142857143 0.4551083591331269 0.4845238095238095 0.4551083591331269 0.44761904761904764 0.4501547987616099 0.37142857142857144 0.4452012383900929 0.3261904761904762 0.44024767801857584 0.29642857142857143 0.43962848297213625 0.29523809523809524 0.43157894736842106 0.29523809523809524 
7 0.4563467492260062 0.3619047619047619 0.45572755417956656 0.3630952380952381 0.45077399380804956 0.38095238095238093 0.4458204334365325 0.4392857142857143 0.4458204334365325 0.5607142857142857 0.4563467492260062 0.5702380952380952 0.4743034055727554 0.5702380952380952 0.47987616099071206 0.5607142857142857 0.47987616099071206 0.430952380952381 0.47492260061919506 0.3821428571428571 0.469969040247678 0.3619047619047619 0.4563467492260062 0.3619047619047619 
8 0.48111455108359136 0.37142857142857144 0.4804953560371517 0.3726190476190476 0.47554179566563465 0.4392857142857143 0.47554179566563465 0.5702380952380952 0.5009287925696595 0.5797619047619048 0.508359133126935 0.5797619047619048 0.5095975232198142 0.5785714285714286 0.5095975232198142 0.49523809523809526 0.4996904024767802 0.39285714285714285 0.49473684210526314 0.3726190476190476 0.49411764705882355 0.37142857142857144 0.48111455108359136 0.37142857142857144 
9 0.5263157894736842 0.3523809523809524 0.525077399380805 0.3535714285714286 0.5201238390092879 0.37142857142857144 0.5052631578947369 0.5333333333333333 0.5052631578947369 0.5773809523809523 0.5058823529411764 0.5797619047619048 0.5380804953560372 0.5797619047619048 0.5473684210526316 0.5702380952380952 0.5492260061919505 0.5678571428571428 0.5492260061919505 0.49523809523809526 0.5442724458204334 0.4 0.5393188854489164 0.3523809523809524 0.5263157894736842 0.3523809523809524 
10 0.5554179566563467 0.3619047619047619 0.5498452012383901 0.37142857142857144 0.5455108359133127 0.3821428571428571 0.544891640866873 0.3904761904761905 0.544891640866873 0.5595238095238095 0.5455108359133127 0.5607142857142857 0.573374613003096 0.5607142857142857 0.5739938080495356 0.5583333333333333 0.5739938080495356 0.4857142857142857 0.5690402476780185 0.4107142857142857 0.5640866873065016 0.3738095238095238 0.5591331269349845 0.3630952380952381 0.5585139318885449 0.3619047619047619 0.5554179566563467 0.3619047619047619 
11 0.5851393188854489 0.3238095238095238 0.5845201238390093 0.325 0.5795665634674922 0.34285714285714286 0.5746130030959752 0.3619047619047619 0.5696594427244582 0.42857142857142855 0.5696594427244582 0.5321428571428571 0.5746130030959752 0.5511904761904762 0.5795665634674922 0.569047619047619 0.5801857585139318 0.5702380952380952 0.5938080495356037 0.5702380952380952 0.5981424148606811 0.5607142857142857 0.6030959752321982 0.5416666666666666 0.6037151702786377 0.5380952380952381 0.6037151702786377 0.4095238095238095 0.5987616099071208 0.3333333333333333 0.5938080495356037 0.3238095238095238 0.5851393188854489 0.3238095238095238 
12 0.5956656346749226 0.3333333333333333 0.5944272445820433 0.3345238095238095 0.5944272445820433 0.41785714285714287 0.5993808049535604 0.5488095238095239 0.6 0.5511904761904762 0.6043343653250774 0.5571428571428572 0.6099071207430341 0.5607142857142857 0.6229102167182663 0.5607142857142857 0.628482972136223 0.5511904761904762 0.628482972136223 0.3547619047619048 0.6278637770897832 0.3523809523809524 0.6080495356037152 0.3333333333333333 0.5956656346749226 0.3333333333333333 
13 0.6291021671826625 0.3619047619047619 0.6241486068111455 0.46904761904761905 0.6241486068111455 0.530952380952381 0.6291021671826625 0.5416666666666666 0.6340557275541796 0.5511904761904762 0.6520123839009287 0.5511904761904762 0.653250773993808 0.5488095238095239 0.6582043343653251 0.530952380952381 0.6582043343653251 0.5047619047619047 0.648297213622291 0.37142857142857144 0.643343653250774 0.3619047619047619 0.6291021671826625 0.3619047619047619 
14 0.6594427244582043 0.34285714285714286 0.6588235294117647 0.34404761904761905 0.6489164086687307 0.4976190476190476 0.6489164086687307 0.513095238095238 0.6538699690402476 0.5321428571428571 0.6594427244582043 0.5416666666666666 0.6928792569659443 0.5416666666666666 0.6978328173374613 0.5190476190476191 0.6978328173374613 0.39285714285714285 0.6972136222910217 0.3904761904761905 0.6780185758513931 0.34285714285714286 0.6594427244582043 0.34285714285714286 
15 0.708359133126935 0.3142857142857143 0.7040247678018576 0.3238095238095238 0.7034055727554179 0.3261904761904762 0.698452012383901 0.3547619047619048 0.6934984520123839 0.430952380952381 0.6934984520123839 0.5226190476190476 0.7219814241486068 0.5226190476190476 0.7374613003095976 0.513095238095238 0.7374613003095976 0.4583333333333333 0.7325077399380805 0.3738095238095238 0.7275541795665634 0.3333333333333333 0.7226006191950465 0.31547619047619047 0.7219814241486068 0.3142857142857143 0.708359133126935 0.3142857142857143 
16 0.7337461300309598 0.3523809523809524 0.7331269349845201 0.3535714285714286 0.7331269349845201 0.513095238095238 0.7436532507739938 0.5321428571428571 0.7523219814241486 0.5321428571428571 0.7721362229102167 0.5035714285714286 0.7770897832817337 0.4928571428571429 0.7770897832817337 0.4666666666666667 0.7721362229102167 0.4392857142857143 0.7523219814241486 0.3523809523809524 0.7337461300309598 0.3523809523809524 
18 0.7034055727554179 0.5333333333333333 0.6792569659442724 0.5523809523809524 0.6786377708978328 0.5547619047619048 0.6786377708978328 0.5988095238095238 0.7034055727554179 0.6833333333333333 0.718266253869969 0.7321428571428571 0.7312693498452012 0.7321428571428571 0.7517027863777089 0.7130952380952381 0.7523219814241486 0.7119047619047619 0.7523219814241486 0.6773809523809524 0.7374613003095976 0.580952380952381 0.7325077399380805 0.5535714285714286 0.7275541795665634 0.5428571428571428 0.7219814241486068 0.5333333333333333 0.7034055727554179 0.5333333333333333 
19 0.6396284829721363 0.5523809523809524 0.6340557275541796 0.5619047619047619 0.6340557275541796 0.5988095238095238 0.6439628482972136 0.675 0.6538699690402476 0.7404761904761905 0.6643962848297214 0.7607142857142857 0.6730650154798762 0.7607142857142857 0.7021671826625387 0.7511904761904762 0.7027863777089783 0.75 0.7027863777089783 0.7047619047619048 0.6879256965944273 0.5916666666666667 0.6829721362229102 0.5630952380952381 0.6730650154798762 0.5523809523809524 0.6396284829721363 0.5523809523809524 
20 0.6142414860681115 0.5714285714285714 0.6092879256965944 0.580952380952381 0.604953560371517 0.5916666666666667 0.6043343653250774 0.5964285714285714 0.6043343653250774 0.6035714285714285 0.6241486068111455 0.7416666666666667 0.6291021671826625 0.7607142857142857 0.6340557275541796 0.7702380952380953 0.6427244582043343 0.7702380952380953 0.643343653250774 0.7690476190476191 0.643343653250774 0.669047619047619 0.638390092879257 0.580952380952381 0.6334365325077399 0.5714285714285714 0.6142414860681115 0.5714285714285714 
21 0.590092879256966 0.580952380952381 0.5795665634674922 0.6 0.5795665634674922 0.6238095238095238 0.5845201238390093 0.7214285714285714 0.5894736842105263 0.7511904761904762 0.595046439628483 0.7607142857142857 0.6030959752321982 0.7607142857142857 0.6037151702786377 0.7583333333333333 0.6080495356037152 0.7321428571428571 0.6136222910216719 0.6547619047619048 0.6136222910216719 0.6 0.6037151702786377 0.580952380952381 0.590092879256966 0.580952380952381 
22 0.5603715170278638 0.5714285714285714 0.5547987616099072 0.580952380952381 0.5498452012383901 0.5904761904761905 0.5498452012383901 0.6273809523809524 0.5547987616099072 0.7321428571428571 0.5597523219814241 0.7690476190476191 0.5647058823529412 0.7892857142857143 0.5702786377708978 0.7988095238095239 0.5770897832817338 0.7988095238095239 0.5789473684210527 0.7976190476190477 0.5839009287925696 0.7690476190476191 0.5839009287925696 0.5916666666666667 0.5739938080495356 0.5714285714285714 0.5603715170278638 0.5714285714285714 
23 0.5455108359133127 0.5714285714285714 0.5312693498452012 0.580952380952381 0.530030959752322 0.5821428571428572 0.530030959752322 0.6833333333333333 0.5399380804953561 0.7690476190476191 0.544891640866873 0.7797619047619048 0.5535603715170279 0.7797619047619048 0.5541795665634675 0.7773809523809524 0.5591331269349845 0.5952380952380952 0.5591331269349845 0.5833333333333334 0.5585139318885449 0.580952380952381 0.5535603715170279 0.5738095238095238 0.551702786377709 0.5714285714285714 0.5455108359133127 0.5714285714285714 
24 0.5108359133126935 0.580952380952381 0.5058823529411764 0.5904761904761905 0.5052631578947369 0.5928571428571429 0.5052631578947369 0.625 0.5151702786377709 0.7416666666666667 0.5201238390092879 0.7607142857142857 0.525077399380805 0.7702380952380953 0.5331269349845201 0.7702380952380953 0.5343653250773994 0.7690476190476191 0.5343653250773994 0.5904761904761905 0.5287925696594428 0.580952380952381 0.5108359133126935 0.580952380952381 
25 0.4854489164086687 0.580952380952381 0.4854489164086687 0.6369047619047619 0.4904024767801858 0.7035714285714286 0.4953560371517028 0.7571428571428571 0.49597523219814244 0.7607142857142857 0.508359133126935 0.7607142857142857 0.5095975232198142 0.7595238095238095 0.5145510835913313 0.6833333333333333 0.5145510835913313 0.580952380952381 0.4854489164086687 0.580952380952381 
26 0.47058823529411764 0.580952380952381 0.4662538699690402 0.5904761904761905 0.46563467492260063 0.5928571428571429 0.46563467492260063 0.6535714285714286 0.47554179566563465 0.7511904761904762 0.4804953560371517 0.7880952380952381 0.48111455108359136 0.7892857142857143 0.4891640866873065 0.7892857142857143 0.49473684210526314 0.7785714285714286 0.49473684210526314 0.6285714285714286 0.48978328173374613 0.580952380952381 0.47058823529411764 0.580952380952381 
27 0.443343653250774 0.5714285714285714 0.44148606811145513 0.5726190476190476 0.4359133126934985 0.5904761904761905 0.4359133126934985 0.6845238095238095 0.4408668730650155 0.7892857142857143 0.4458204334365325 0.8238095238095238 0.4470588235294118 0.8273809523809523 0.45139318885448915 0.8369047619047619 0.45944272445820433 0.8369047619047619 0.46439628482972134 0.8273809523809523 0.465015479876161 0.8238095238095238 0.469969040247678 0.7702380952380953 0.47492260061919506 0.694047619047619 0.47492260061919506 0.6488095238095238 0.469969040247678 0.5821428571428572 0.465015479876161 0.5726190476190476 0.4631578947368421 0.5714285714285714 0.443343653250774 0.5714285714285714 
28 0.41671826625387 0.5714285714285714 0.4068111455108359 0.580952380952381 0.40123839009287926 0.5916666666666667 0.40123839009287926 0.6464285714285715 0.41609907120743034 0.7880952380952381 0.41671826625387 0.7892857142857143 0.4297213622291022 0.7892857142857143 0.43034055727554177 0.7880952380952381 0.4346749226006192 0.7702380952380953 0.44024767801857584 0.7297619047619047 0.44024767801857584 0.5952380952380952 0.43962848297213625 0.5928571428571429 0.43529411764705883 0.580952380952381 0.43034055727554177 0.5726190476190476 0.42910216718266253 0.5714285714285714 0.41671826625387 0.5714285714285714 
29 0.3764705882352941 0.5714285714285714 0.3715170278637771 0.580952380952381 0.36656346749226004 0.7452380952380953 0.36656346749226004 0.7797619047619048 0.37770897832817335 0.7797619047619048 0.3801857585139319 0.7785714285714286 0.38575851393188854 0.7702380952380953 0.3956656346749226 0.7321428571428571 0.4105263157894737 0.6523809523809524 0.4105263157894737 0.580952380952381 0.4055727554179567 0.5714285714285714 0.3764705882352941 0.5714285714285714 
30 0.3430340557275542 0.5523809523809524 0.31826625386996904 0.5714285714285714 0.3170278637770898 0.5726190476190476 0.29721362229102166 0.7261904761904762 0.29721362229102166 0.75 0.3021671826625387 0.7607142857142857 0.3331269349845201 0.7702380952380953 0.3461300309597523 0.7702380952380953 0.3504643962848297 0.7607142857142857 0.3609907120743034 0.7226190476190476 0.36594427244582045 0.7023809523809523 0.3752321981424149 0.6488095238095238 0.38080495356037153 0.5857142857142857 0.38080495356037153 0.5619047619047619 0.3603715170278638 0.5523809523809524 0.3430340557275542 0.5523809523809524 
31 0.2724458204334365 0.5333333333333333 0.2631578947368421 0.5523809523809524 0.2476780185758514 0.6297619047619047 0.24272445820433436 0.6583333333333333 0.24272445820433436 0.7119047619047619 0.243343653250774 0.7130952380952381 0.2674922600619195 0.7321428571428571 0.28173374613003094 0.7321428571428571 0.3015479876160991 0.694047619047619 0.3108359133126935 0.6654761904761904 0.31640866873065016 0.6464285714285715 0.33126934984520123 0.5702380952380952 0.33126934984520123 0.5619047619047619 0.32136222910216716 0.5428571428571428 0.30092879256965943 0.5333333333333333 0.2724458204334365 0.5333333333333333 