1 0.2674922600619195 0.3047619047619048 0.2625386996904025 0.41904761904761906 0.2625386996904025 0.4654761904761905 0.2674922600619195 0.475 0.2773993808049536 0.4845238095238095 0.2959752321981424 0.4845238095238095 0.3015479876160991 0.475 0.3015479876160991 0.4107142857142857 0.29659442724458207 0.3619047619047619 0.291640866873065 0.3345238095238095 0.286687306501548 0.31547619047619047 0.28173374613003094 0.3047619047619048 0.2674922600619195 0.3047619047619048 
2 0.30712074303405573 0.3047619047619048 0.3021671826625387 0.3142857142857143 0.29721362229102166 0.4142857142857143 0.29721362229102166 0.48095238095238096 0.2978328173374613 0.4845238095238095 0.3021671826625387 0.49404761904761907 0.3077399380804954 0.5035714285714286 0.33436532507739936 0.5035714285714286 0.33622291021671824 0.5023809523809524 0.33622291021671824 0.42023809523809524 0.33126934984520123 0.38095238095238093 0.3263157894736842 0.34285714285714286 0.3157894736842105 0.3047619047619048 0.30712074303405573 0.3047619047619048 
3 0.34241486068111454 0.3142857142857143 0.34179566563467495 0.31547619047619047 0.33746130030959753 0.3333333333333333 0.3368421052631579 0.33690476190476193 0.3318885448916409 0.45 0.3318885448916409 0.4738095238095238 0.3368421052631579 0.5119047619047619 0.34241486068111454 0.5226190476190476 0.3702786377708978 0.5226190476190476 0.38080495356037153 0.5035714285714286 0.38080495356037153 0.46785714285714286 0.37585139318885447 0.42857142857142855 0.36594427244582045 0.3523809523809524 0.3603715170278638 0.3333333333333333 0.3504643962848297 0.3142857142857143 0.34241486068111454 0.3142857142857143 
4 0.37275541795665634 0.3238095238095238 0.3715170278637771 0.325 0.3715170278637771 0.4726190476190476 0.3764705882352941 0.513095238095238 0.3826625386996904 0.5226190476190476 0.3956656346749226 0.5226190476190476 0.4105263157894737 0.49404761904761907 0.4105263157894737 0.4857142857142857 0.4055727554179567 0.4107142857142857 0.3907120743034056 0.34285714285714286 0.38080495356037153 0.325 0.37956656346749224 0.3238095238095238 0.37275541795665634 0.3238095238095238 
5 0.40123839009287926 0.3142857142857143 0.39628482972136225 0.49523809523809526 0.39628482972136225 0.513095238095238 0.40619195046439627 0.5321428571428571 0.40804953560371515 0.5321428571428571 0.4105263157894737 0.530952380952381 0.43529411764705883 0.513095238095238 0.43529411764705883 0.45714285714285713 0.43034055727554177 0.41309523809523807 0.42538699690402476 0.37142857142857144 0.42043343653250775 0.34404761904761905 0.4154798761609907 0.325 0.40990712074303404 0.3142857142857143 0.40123839009287926 0.3142857142857143 
6 0.42105263157894735 0.29523809523809524 0.41609907120743034 0.31785714285714284 0.41609907120743034 0.37857142857142856 0.4260061919504644 0.5226190476190476 0.4284829721362229 0.5321428571428571 0.4501547987616099 0.5321428571428571 0.4551083591331269 0.5119047619047619 0.4551083591331269 0.4869047619047619 0.4501547987616099 0.4011904761904762 0.44024767801857584 0.3047619047619048 0.43529411764705883 0.29523809523809524 0.42105263157894735 0.29523809523809524 
7 0.45077399380804956 0.3523809523809524 0.4458204334365325 0.37142857142857144 0.4458204334365325 0.5226190476190476 0.46068111455108357 0.5321428571428571 0.4743034055727554 0.5321428571428571 0.47492260061919506 0.5297619047619048 0.47492260061919506 0.46904761904761905 0.469969040247678 0.4107142857142857 0.465015479876161 0.3630952380952381 0.45944272445820433 0.3523809523809524 0.45077399380804956 0.3523809523809524 
8 0.4780185758513932 0.3238095238095238 0.47554179566563465 0.325 0.47058823529411764 0.37142857142857144 0.47058823529411764 0.5226190476190476 0.47554179566563465 0.5321428571428571 0.5046439628482973 0.5321428571428571 0.5046439628482973 0.4595238095238095 0.4996904024767802 0.4 0.49473684210526314 0.36428571428571427 0.48978328173374613 0.3345238095238095 0.4842105263157895 0.3238095238095238 0.4780185758513932 0.3238095238095238 
9 0.5151702786377709 0.3238095238095238 0.5102167182662539 0.3345238095238095 0.5052631578947369 0.3619047619047619 0.5003095975232198 0.42857142857142855 0.5003095975232198 0.530952380952381 0.5009287925696595 0.5321428571428571 0.5294117647058824 0.5321428571428571 0.5294117647058824 0.3333333333333333 0.5244582043343653 0.3238095238095238 0.5151702786377709 0.3238095238095238 
10 0.5399380804953561 0.3619047619047619 0.534984520123839 0.38095238095238093 0.530030959752322 0.42142857142857143 0.525077399380805 0.4869047619047619 0.525077399380805 0.5297619047619048 0.5256965944272446 0.5321428571428571 0.5306501547987617 0.5416666666666666 0.5399380804953561 0.5464285714285714 0.5486068111455108 0.5476190476190477 0.5492260061919505 0.5476190476190477 0.5541795665634675 0.5416666666666666 0.5541795665634675 0.3619047619047619 0.5399380804953561 0.3619047619047619 
11 0.5795665634674922 0.3047619047619048 0.5696594427244582 0.3238095238095238 0.5647058823529412 0.34404761904761905 0.5498452012383901 0.42857142857142855 0.5498452012383901 0.530952380952381 0.5547987616099072 0.5416666666666666 0.5597523219814241 0.5511904761904762 0.5640866873065016 0.5511904761904762 0.5690402476780185 0.55 0.5739938080495356 0.5416666666666666 0.5789473684210527 0.5321428571428571 0.5839009287925696 0.40476190476190477 0.5839009287925696 0.3047619047619048 0.5795665634674922 0.3047619047619048 
12 0.590092879256966 0.3333333333333333 0.5845201238390093 0.34404761904761905 0.5795665634674922 0.3619047619047619 0.5752321981424149 0.4095238095238095 0.5746130030959752 0.42023809523809524 0.5746130030959752 0.530952380952381 0.5801857585139318 0.5416666666666666 0.6030959752321982 0.5416666666666666 0.6037151702786377 0.5392857142857143 0.6037151702786377 0.3333333333333333 0.590092879256966 0.3333333333333333 
13 0.6142414860681115 0.3333333333333333 0.6043343653250774 0.3523809523809524 0.5993808049535604 0.3821428571428571 0.5944272445820433 0.42857142857142855 0.5944272445820433 0.49404761904761907 0.5993808049535604 0.5321428571428571 0.628482972136223 0.5321428571428571 0.6334365325077399 0.40476190476190477 0.6334365325077399 0.3345238095238095 0.6328173374613003 0.3333333333333333 0.6142414860681115 0.3333333333333333 
14 0.6538699690402476 0.3333333333333333 0.6439628482972136 0.3523809523809524 0.6390092879256966 0.3630952380952381 0.6241486068111455 0.42857142857142855 0.6241486068111455 0.5214285714285715 0.6297213622291021 0.5321428571428571 0.6582043343653251 0.5321428571428571 0.6681114551083591 0.5119047619047619 0.6829721362229102 0.39880952380952384 0.6829721362229102 0.3535714285714286 0.6823529411764706 0.3523809523809524 0.6631578947368421 0.3333333333333333 0.6538699690402476 0.3333333333333333 
15 0.6792569659442724 0.3523809523809524 0.6786377708978328 0.3547619047619048 0.6588235294117647 0.45714285714285713 0.6588235294117647 0.5035714285714286 0.6693498452012384 0.5226190476190476 0.6978328173374613 0.5226190476190476 0.7027863777089783 0.5119047619047619 0.7027863777089783 0.42857142857142855 0.6978328173374613 0.35595238095238096 0.6972136222910217 0.3523809523809524 0.6792569659442724 0.3523809523809524 
16 0.713312693498452 0.3333333333333333 0.708359133126935 0.3726190476190476 0.698452012383901 0.4595238095238095 0.698452012383901 0.48333333333333334 0.708359133126935 0.5035714285714286 0.7275541795665634 0.5035714285714286 0.7368421052631579 0.49404761904761907 0.7424148606811145 0.48333333333333334 0.7424148606811145 0.4380952380952381 0.7325077399380805 0.3345238095238095 0.7312693498452012 0.3333333333333333 0.713312693498452 0.3333333333333333 
17 0.7139318885448916 0.5238095238095238 0.6990712074303406 0.5333333333333333 0.6934984520123839 0.5428571428571428 0.6934984520123839 0.5880952380952381 0.713312693498452 0.6547619047619048 0.7281733746130031 0.6833333333333333 0.7386996904024767 0.694047619047619 0.7455108359133127 0.694047619047619 0.7473684210526316 0.6928571428571428 0.756656346749226 0.675 0.7572755417956656 0.6726190476190477 0.7572755417956656 0.6595238095238095 0.7424148606811145 0.5333333333333333 0.7374613003095976 0.5238095238095238 0.7139318885448916 0.5238095238095238 
18 0.6687306501547987 0.5523809523809524 0.6495356037151703 0.5619047619047619 0.6489164086687307 0.5630952380952381 0.6489164086687307 0.6083333333333333 0.6687306501547987 0.675 0.6786377708978328 0.7035714285714286 0.6934984520123839 0.7321428571428571 0.7126934984520124 0.7321428571428571 0.7126934984520124 0.6666666666666666 0.7027863777089783 0.5904761904761905 0.6978328173374613 0.5619047619047619 0.6928792569659443 0.5523809523809524 0.6687306501547987 0.5523809523809524 
19 0.604953560371517 0.5619047619047619 0.6043343653250774 0.5630952380952381 0.6043343653250774 0.6166666666666667 0.6142414860681115 0.675 0.6191950464396285 0.7023809523809523 0.6241486068111455 0.7214285714285714 0.6291021671826625 0.7321428571428571 0.6427244582043343 0.7321428571428571 0.6625386996904025 0.7226190476190476 0.6631578947368421 0.7214285714285714 0.6631578947368421 0.6761904761904762 0.653250773993808 0.5654761904761905 0.6526315789473685 0.5619047619047619 0.604953560371517 0.5619047619047619 
20 0.5808049535603715 0.5714285714285714 0.5795665634674922 0.5726190476190476 0.5795665634674922 0.6261904761904762 0.5845201238390093 0.6726190476190477 0.5894736842105263 0.7035714285714286 0.5944272445820433 0.7321428571428571 0.5993808049535604 0.75 0.6006191950464397 0.7511904761904762 0.6179566563467492 0.7511904761904762 0.6185758513931888 0.75 0.6185758513931888 0.669047619047619 0.6136222910216719 0.6095238095238096 0.6086687306501548 0.5714285714285714 0.5808049535603715 0.5714285714285714 
21 0.5653250773993808 0.580952380952381 0.5597523219814241 0.5916666666666667 0.5597523219814241 0.6273809523809524 0.5696594427244582 0.7214285714285714 0.5746130030959752 0.75 0.5795665634674922 0.7607142857142857 0.5851393188854489 0.7702380952380953 0.5938080495356037 0.7702380952380953 0.5938080495356037 0.6678571428571428 0.5888544891640867 0.6190476190476191 0.5839009287925696 0.580952380952381 0.5653250773993808 0.580952380952381 
22 0.5405572755417957 0.580952380952381 0.5399380804953561 0.5821428571428572 0.5399380804953561 0.6738095238095239 0.544891640866873 0.7321428571428571 0.5498452012383901 0.7702380952380953 0.5547987616099072 0.7797619047619048 0.5622291021671827 0.7797619047619048 0.5640866873065016 0.7785714285714286 0.5640866873065016 0.5845238095238096 0.5634674922600619 0.580952380952381 0.5405572755417957 0.580952380952381 
23 0.5207430340557275 0.5904761904761905 0.5201238390092879 0.5928571428571429 0.5201238390092879 0.6523809523809524 0.525077399380805 0.7297619047619047 0.5256965944272446 0.7321428571428571 0.5337461300309597 0.7321428571428571 0.5393188854489164 0.7214285714285714 0.5442724458204334 0.6464285714285715 0.5442724458204334 0.5904761904761905 0.5207430340557275 0.5904761904761905 
24 0.5052631578947369 0.580952380952381 0.5052631578947369 0.6464285714285715 0.5102167182662539 0.7035714285714286 0.5157894736842106 0.7226190476190476 0.5238390092879257 0.7226190476190476 0.5244582043343653 0.7214285714285714 0.5244582043343653 0.580952380952381 0.5052631578947369 0.580952380952381 
25 0.4854489164086687 0.5714285714285714 0.4854489164086687 0.5892857142857143 0.4904024767801858 0.7023809523809523 0.4953560371517028 0.7226190476190476 0.5046439628482973 0.7226190476190476 0.5095975232198142 0.7130952380952381 0.5095975232198142 0.5833333333333334 0.5040247678018576 0.5714285714285714 0.4854489164086687 0.5714285714285714 
26 0.47058823529411764 0.5714285714285714 0.47058823529411764 0.655952380952381 0.47554179566563465 0.7095238095238096 0.4761609907120743 0.7130952380952381 0.4854489164086687 0.7309523809523809 0.48978328173374613 0.7321428571428571 0.49411764705882355 0.7321428571428571 0.49473684210526314 0.7309523809523809 0.49473684210526314 0.5928571428571429 0.48978328173374613 0.5714285714285714 0.47058823529411764 0.5714285714285714 
27 0.4613003095975232 0.5619047619047619 0.45139318885448915 0.5714285714285714 0.45077399380804956 0.5726190476190476 0.45077399380804956 0.6464285714285715 0.45572755417956656 0.7607142857142857 0.469969040247678 0.7607142857142857 0.47492260061919506 0.7214285714285714 0.47492260061919506 0.580952380952381 0.469969040247678 0.5642857142857143 0.4681114551083591 0.5619047619047619 0.4613003095975232 0.5619047619047619 
28 0.426625386996904 0.5619047619047619 0.42105263157894735 0.5726190476190476 0.42105263157894735 0.6369047619047619 0.4260061919504644 0.7511904761904762 0.4340557275541796 0.7511904761904762 0.43529411764705883 0.75 0.44024767801857584 0.7404761904761905 0.4501547987616099 0.7130952380952381 0.4551083591331269 0.6154761904761905 0.4551083591331269 0.5714285714285714 0.44953560371517026 0.5619047619047619 0.426625386996904 0.5619047619047619 
29 0.40123839009287926 0.5523809523809524 0.39690402476780184 0.5619047619047619 0.39628482972136225 0.5666666666666667 0.3863777089783282 0.7166666666666667 0.3863777089783282 0.7416666666666667 0.40990712074303404 0.7416666666666667 0.4154798761609907 0.7321428571428571 0.42043343653250775 0.7119047619047619 0.42538699690402476 0.675 0.43034055727554177 0.6357142857142857 0.43034055727554177 0.5630952380952381 0.42043343653250775 0.5523809523809524 0.40123839009287926 0.5523809523809524 
30 0.3572755417956656 0.5428571428571428 0.35170278637770896 0.5619047619047619 0.34179566563467495 0.638095238095238 0.34179566563467495 0.6821428571428572 0.34241486068111454 0.6845238095238095 0.3622291021671827 0.7226190476190476 0.37585139318885447 0.7226190476190476 0.38575851393188854 0.6928571428571428 0.3907120743034056 0.6738095238095239 0.4055727554179567 0.569047619047619 0.4055727554179567 0.5535714285714286 0.4037151702786378 0.5523809523809524 0.37956656346749224 0.5428571428571428 0.3572755417956656 0.5428571428571428 
31 0.3176470588235294 0.5333333333333333 0.3126934984520124 0.5428571428571428 0.30712074303405573 0.5619047619047619 0.2978328173374613 0.6476190476190476 0.29721362229102166 0.655952380952381 0.29721362229102166 0.6845238095238095 0.3077399380804954 0.7035714285714286 0.3195046439628483 0.7035714285714286 0.32074303405572757 0.7023809523809523 0.3263157894736842 0.694047619047619 0.33622291021671824 0.675 0.3510835913312694 0.6273809523809524 0.3609907120743034 0.5702380952380952 0.3609907120743034 0.5523809523809524 0.3461300309597523 0.5345238095238095 0.33560371517027865 0.5333333333333333 0.3176470588235294 0.5333333333333333 
32 0.27306501547987616 0.5047619047619047 0.2674922600619195 0.5142857142857142 0.25263157894736843 0.6095238095238096 0.25263157894736843 0.6440476190476191 0.25386996904024767 0.6464285714285715 0.2625386996904025 0.655952380952381 0.2854489164086687 0.655952380952381 0.286687306501548 0.6547619047619048 0.29659442724458207 0.6369047619047619 0.31145510835913315 0.5880952380952381 0.3157894736842105 0.5702380952380952 0.31640866873065016 0.5666666666666667 0.31640866873065016 0.5345238095238095 0.3065015479876161 0.5142857142857142 0.291640866873065 0.5047619047619047 0.27306501547987616 0.5047619047619047 