1 0.2773993808049536 0.26785714285714285 0.2724458204334365 0.2761904761904762 0.2724458204334365 0.4630952380952381 0.27306501547987616 0.4654761904761905 0.27801857585139317 0.475 0.2934984520123839 0.4845238095238095 0.3065015479876161 0.4845238095238095 0.31640866873065016 0.475 0.31640866873065016 0.4 0.3065015479876161 0.31547619047619047 0.3015479876160991 0.29642857142857143 0.29659442724458207 0.2857142857142857 0.286687306501548 0.26785714285714285 0.2773993808049536 0.26785714285714285 
2 0.31207430340557274 0.2857142857142857 0.31207430340557274 0.4654761904761905 0.3170278637770898 0.48333333333333334 0.3176470588235294 0.4845238095238095 0.3510835913312694 0.4845238095238095 0.3560371517027864 0.475 0.3560371517027864 0.4297619047619048 0.3411764705882353 0.31547619047619047 0.33622291021671824 0.29642857142857143 0.3306501547987616 0.2857142857142857 0.31207430340557274 0.2857142857142857 
3 0.36160990712074303 0.26666666666666666 0.356656346749226 0.2761904761904762 0.35170278637770896 0.3047619047619048 0.34674922600619196 0.430952380952381 0.34674922600619196 0.4357142857142857 0.35170278637770896 0.4654761904761905 0.356656346749226 0.48333333333333334 0.3572755417956656 0.4845238095238095 0.3907120743034056 0.4845238095238095 0.39504643962848296 0.475 0.3956656346749226 0.4726190476190476 0.3956656346749226 0.4011904761904762 0.38575851393188854 0.305952380952381 0.38080495356037153 0.2785714285714286 0.3801857585139319 0.2761904761904762 0.37585139318885447 0.26666666666666666 0.36160990712074303 0.26666666666666666 
4 0.39195046439628484 0.26666666666666666 0.3863777089783282 0.2761904761904762 0.3863777089783282 0.40714285714285714 0.3913312693498452 0.475 0.4198142414860681 0.475 0.42043343653250775 0.4738095238095238 0.42043343653250775 0.3821428571428571 0.4154798761609907 0.31666666666666665 0.4105263157894737 0.2785714285714286 0.40990712074303404 0.2761904761904762 0.4055727554179567 0.26666666666666666 0.39195046439628484 0.26666666666666666 
5 0.4173374613003096 0.2571428571428571 0.41609907120743034 0.25833333333333336 0.4117647058823529 0.2857142857142857 0.41114551083591333 0.2904761904761905 0.41114551083591333 0.3892857142857143 0.41609907120743034 0.48095238095238096 0.41671826625387 0.4845238095238095 0.4340557275541796 0.4845238095238095 0.4452012383900929 0.4738095238095238 0.44953560371517026 0.4654761904761905 0.4501547987616099 0.4630952380952381 0.4501547987616099 0.42023809523809524 0.44024767801857584 0.28809523809523807 0.4346749226006192 0.26666666666666666 0.43034055727554177 0.25833333333333336 0.42910216718266253 0.2571428571428571 0.4173374613003096 0.2571428571428571 
6 0.4458204334365325 0.24761904761904763 0.4408668730650155 0.2571428571428571 0.4359133126934985 0.3523809523809524 0.4359133126934985 0.37976190476190474 0.4408668730650155 0.4845238095238095 0.45325077399380803 0.4845238095238095 0.4544891640866873 0.48333333333333334 0.460061919504644 0.4738095238095238 0.46439628482972134 0.4654761904761905 0.465015479876161 0.4630952380952381 0.465015479876161 0.2976190476190476 0.460061919504644 0.25 0.45944272445820433 0.24761904761904763 0.4458204334365325 0.24761904761904763 
7 0.4662538699690402 0.29523809523809524 0.46068111455108357 0.3047619047619048 0.45572755417956656 0.4583333333333333 0.45572755417956656 0.46904761904761905 0.4563467492260062 0.475 0.4613003095975232 0.4845238095238095 0.47987616099071206 0.4845238095238095 0.47987616099071206 0.3904761904761905 0.47492260061919506 0.29642857142857143 0.4743034055727554 0.29523809523809524 0.4662538699690402 0.29523809523809524 
8 0.48606811145510836 0.3047619047619048 0.4804953560371517 0.31547619047619047 0.47554179566563465 0.3535714285714286 0.47554179566563465 0.48333333333333334 0.4804953560371517 0.49404761904761907 0.5046439628482973 0.49404761904761907 0.5046439628482973 0.33690476190476193 0.4996904024767802 0.305952380952381 0.49907120743034056 0.3047619047619048 0.48606811145510836 0.3047619047619048 
9 0.5201238390092879 0.3047619047619048 0.5151702786377709 0.3142857142857143 0.5102167182662539 0.3523809523809524 0.5052631578947369 0.39166666666666666 0.5003095975232198 0.4583333333333333 0.5003095975232198 0.4797619047619048 0.5009287925696595 0.48214285714285715 0.5052631578947369 0.4928571428571429 0.5058823529411764 0.49404761904761907 0.5331269349845201 0.49404761904761907 0.5343653250773994 0.4928571428571429 0.5343653250773994 0.4642857142857143 0.5294117647058824 0.31547619047619047 0.5244582043343653 0.3047619047619048 0.5201238390092879 0.3047619047619048 
10 0.534984520123839 0.3142857142857143 0.530030959752322 0.3345238095238095 0.525077399380805 0.4238095238095238 0.525077399380805 0.4369047619047619 0.530030959752322 0.48214285714285715 0.5306501547987617 0.4845238095238095 0.5492260061919505 0.4845238095238095 0.5541795665634675 0.4654761904761905 0.5541795665634675 0.3345238095238095 0.5492260061919505 0.31666666666666665 0.5479876160990712 0.3142857142857143 0.534984520123839 0.3142857142857143 
11 0.5597523219814241 0.2857142857142857 0.5547987616099072 0.29642857142857143 0.5498452012383901 0.325 0.5498452012383901 0.48333333333333334 0.5510835913312694 0.4845238095238095 0.5634674922600619 0.4845238095238095 0.5690402476780185 0.4738095238095238 0.5739938080495356 0.37976190476190474 0.5739938080495356 0.2869047619047619 0.573374613003096 0.2857142857142857 0.5597523219814241 0.2857142857142857 
12 0.5801857585139318 0.29523809523809524 0.5746130030959752 0.305952380952381 0.5696594427244582 0.3238095238095238 0.5647058823529412 0.3773809523809524 0.5647058823529412 0.475 0.5696594427244582 0.48333333333333334 0.5708978328173374 0.4845238095238095 0.5882352941176471 0.4845238095238095 0.5888544891640867 0.48333333333333334 0.5938080495356037 0.39880952380952384 0.5938080495356037 0.3047619047619048 0.5888544891640867 0.29523809523809524 0.5801857585139318 0.29523809523809524 
13 0.6 0.3047619047619048 0.5993808049535604 0.305952380952381 0.5894736842105263 0.3333333333333333 0.5845201238390093 0.39166666666666666 0.5845201238390093 0.475 0.5894736842105263 0.48333333333333334 0.5913312693498453 0.4845238095238095 0.6080495356037152 0.4845238095238095 0.6136222910216719 0.4738095238095238 0.6179566563467492 0.45476190476190476 0.6185758513931888 0.4511904761904762 0.6185758513931888 0.31547619047619047 0.6136222910216719 0.3047619047619048 0.6 0.3047619047619048 
14 0.6241486068111455 0.3047619047619048 0.6142414860681115 0.3333333333333333 0.6092879256965944 0.4488095238095238 0.6092879256965944 0.4654761904761905 0.6142414860681115 0.48333333333333334 0.6154798761609908 0.4845238095238095 0.6526315789473685 0.4845238095238095 0.653250773993808 0.48333333333333334 0.6582043343653251 0.3892857142857143 0.6582043343653251 0.31547619047619047 0.653250773993808 0.3047619047619048 0.6241486068111455 0.3047619047619048 
15 0.6743034055727554 0.2857142857142857 0.6643962848297214 0.3047619047619048 0.660061919504644 0.3142857142857143 0.6594427244582043 0.31666666666666665 0.6489164086687307 0.39166666666666666 0.6489164086687307 0.475 0.6538699690402476 0.49166666666666664 0.6544891640866873 0.4928571428571429 0.6557275541795665 0.49404761904761907 0.6674922600619195 0.49404761904761907 0.6922600619195046 0.475 0.6978328173374613 0.45476190476190476 0.6978328173374613 0.3261904761904762 0.6928792569659443 0.29523809523809524 0.6879256965944273 0.2857142857142857 0.6743034055727554 0.2857142857142857 
16 0.7201238390092879 0.3047619047619048 0.718266253869969 0.305952380952381 0.7089783281733746 0.3142857142857143 0.708359133126935 0.31547619047619047 0.6990712074303406 0.34285714285714286 0.6934984520123839 0.3630952380952381 0.6885448916408669 0.39285714285714285 0.6835913312693499 0.46904761904761905 0.6835913312693499 0.5 0.6842105263157895 0.5035714285714286 0.6885448916408669 0.513095238095238 0.7009287925696595 0.513095238095238 0.7269349845201238 0.5035714285714286 0.7325077399380805 0.4928571428571429 0.7424148606811145 0.35119047619047616 0.7424148606811145 0.3142857142857143 0.7374613003095976 0.3047619047619048 0.7201238390092879 0.3047619047619048 
18 0.6390092879256966 0.5047619047619047 0.6340557275541796 0.5154761904761904 0.6340557275541796 0.5452380952380952 0.6346749226006192 0.5511904761904762 0.6445820433436532 0.5988095238095238 0.6538699690402476 0.6369047619047619 0.6687306501547987 0.694047619047619 0.6736842105263158 0.7035714285714286 0.6928792569659443 0.7035714285714286 0.6978328173374613 0.694047619047619 0.6978328173374613 0.6571428571428571 0.6928792569659443 0.5714285714285714 0.6879256965944273 0.5142857142857142 0.6829721362229102 0.5047619047619047 0.6390092879256966 0.5047619047619047 
19 0.5944272445820433 0.5047619047619047 0.5894736842105263 0.5154761904761904 0.5894736842105263 0.55 0.6043343653250774 0.6642857142857143 0.6092879256965944 0.6845238095238095 0.6191950464396285 0.7226190476190476 0.6334365325077399 0.7226190476190476 0.653250773993808 0.7130952380952381 0.653250773993808 0.65 0.643343653250774 0.5142857142857142 0.6377708978328174 0.5047619047619047 0.5944272445820433 0.5047619047619047 
20 0.5715170278637771 0.5047619047619047 0.5696594427244582 0.5059523809523809 0.5696594427244582 0.5595238095238095 0.5894736842105263 0.7119047619047619 0.5944272445820433 0.7226190476190476 0.6074303405572755 0.7226190476190476 0.6080495356037152 0.7214285714285714 0.6086687306501548 0.7166666666666667 0.6086687306501548 0.6607142857142857 0.6037151702786377 0.5714285714285714 0.5987616099071208 0.5166666666666667 0.5981424148606811 0.5142857142857142 0.5931888544891641 0.5047619047619047 0.5715170278637771 0.5047619047619047 
21 0.5547987616099072 0.49523809523809526 0.5498452012383901 0.5047619047619047 0.5498452012383901 0.569047619047619 0.5547987616099072 0.6845238095238095 0.5597523219814241 0.7130952380952381 0.5684210526315789 0.7130952380952381 0.5739938080495356 0.7023809523809523 0.5789473684210527 0.5797619047619048 0.5789473684210527 0.5547619047619048 0.5739938080495356 0.49523809523809526 0.5547987616099072 0.49523809523809526 
22 0.5405572755417957 0.49523809523809526 0.534984520123839 0.5059523809523809 0.534984520123839 0.6904761904761905 0.5356037151702786 0.694047619047619 0.5399380804953561 0.7107142857142857 0.5405572755417957 0.7119047619047619 0.541795665634675 0.7130952380952381 0.5479876160990712 0.7130952380952381 0.5492260061919505 0.7119047619047619 0.5541795665634675 0.6928571428571428 0.5591331269349845 0.6047619047619047 0.5591331269349845 0.5619047619047619 0.5541795665634675 0.49523809523809526 0.5405572755417957 0.49523809523809526 
23 0.5151702786377709 0.5047619047619047 0.5151702786377709 0.655952380952381 0.5201238390092879 0.6642857142857143 0.5213622291021672 0.6654761904761904 0.5294117647058824 0.6654761904761904 0.5343653250773994 0.6452380952380953 0.5393188854489164 0.5892857142857143 0.5393188854489164 0.5059523809523809 0.5386996904024768 0.5047619047619047 0.5151702786377709 0.5047619047619047 
24 0.5021671826625387 0.5047619047619047 0.5009287925696595 0.5059523809523809 0.5003095975232198 0.513095238095238 0.5003095975232198 0.5583333333333333 0.5052631578947369 0.6619047619047619 0.5065015479876162 0.6642857142857143 0.5077399380804953 0.6654761904761904 0.5145510835913313 0.6654761904761904 0.5195046439628483 0.655952380952381 0.5195046439628483 0.5059523809523809 0.5188854489164086 0.5047619047619047 0.5021671826625387 0.5047619047619047 
25 0.49226006191950467 0.5047619047619047 0.4904024767801858 0.5059523809523809 0.4904024767801858 0.6440476190476191 0.4953560371517028 0.6642857142857143 0.49597523219814244 0.6654761904761904 0.5040247678018576 0.6654761904761904 0.5046439628482973 0.6642857142857143 0.5095975232198142 0.5654761904761905 0.5095975232198142 0.5523809523809524 0.5046439628482973 0.5047619047619047 0.49226006191950467 0.5047619047619047 
26 0.48111455108359136 0.5047619047619047 0.47554179566563465 0.5154761904761904 0.47554179566563465 0.5988095238095238 0.4804953560371517 0.6654761904761904 0.49411764705882355 0.6654761904761904 0.49473684210526314 0.6619047619047619 0.49473684210526314 0.5047619047619047 0.48111455108359136 0.5047619047619047 
27 0.46068111455108357 0.5047619047619047 0.45572755417956656 0.5154761904761904 0.45572755417956656 0.6273809523809524 0.46068111455108357 0.6845238095238095 0.46563467492260063 0.7226190476190476 0.47058823529411764 0.7321428571428571 0.47492260061919506 0.7309523809523809 0.47987616099071206 0.7226190476190476 0.47987616099071206 0.6095238095238096 0.47492260061919506 0.5154761904761904 0.4693498452012384 0.5047619047619047 0.46068111455108357 0.5047619047619047 
28 0.448297213622291 0.49523809523809526 0.44643962848297214 0.49642857142857144 0.4408668730650155 0.5047619047619047 0.4359133126934985 0.5142857142857142 0.4359133126934985 0.6178571428571429 0.4408668730650155 0.6726190476190477 0.4458204334365325 0.7023809523809523 0.45139318885448915 0.7130952380952381 0.45944272445820433 0.7130952380952381 0.460061919504644 0.7107142857142857 0.460061919504644 0.5047619047619047 0.4551083591331269 0.49523809523809526 0.448297213622291 0.49523809523809526 
29 0.4173374613003096 0.5047619047619047 0.41609907120743034 0.5059523809523809 0.41114551083591333 0.5238095238095238 0.41114551083591333 0.7202380952380952 0.4136222910216718 0.7226190476190476 0.4247678018575851 0.7226190476190476 0.42538699690402476 0.7214285714285714 0.43034055727554177 0.7035714285714286 0.43529411764705883 0.675 0.44024767801857584 0.6357142857142857 0.4452012383900929 0.5226190476190476 0.4452012383900929 0.5095238095238095 0.44458204334365325 0.5059523809523809 0.4439628482972136 0.5047619047619047 0.4173374613003096 0.5047619047619047 
30 0.37708978328173376 0.49523809523809526 0.3764705882352941 0.49642857142857144 0.3715170278637771 0.5654761904761905 0.36656346749226004 0.6488095238095238 0.36656346749226004 0.7035714285714286 0.3826625386996904 0.7130952380952381 0.3956656346749226 0.7130952380952381 0.4055727554179567 0.694047619047619 0.4105263157894737 0.6738095238095239 0.4154798761609907 0.6452380952380953 0.42043343653250775 0.5988095238095238 0.42043343653250775 0.5083333333333333 0.4198142414860681 0.5047619047619047 0.4006191950464396 0.49523809523809526 0.37708978328173376 0.49523809523809526 
31 0.3318885448916409 0.49523809523809526 0.3269349845201238 0.5047619047619047 0.3269349845201238 0.7023809523809523 0.32755417956656346 0.7035714285714286 0.3318885448916409 0.7107142857142857 0.33436532507739936 0.7130952380952381 0.3411764705882353 0.7130952380952381 0.3510835913312694 0.694047619047619 0.3560371517027864 0.6833333333333333 0.3609907120743034 0.6642857142857143 0.37089783281733746 0.6178571428571429 0.37585139318885447 0.5785714285714286 0.37585139318885447 0.49523809523809526 0.3318885448916409 0.49523809523809526 
32 0.2873065015479876 0.4857142857142857 0.2823529411764706 0.4976190476190476 0.2773993808049536 0.5738095238095238 0.2773993808049536 0.6547619047619048 0.27801857585139317 0.655952380952381 0.29659442724458207 0.655952380952381 0.3065015479876161 0.6464285714285715 0.31145510835913315 0.6369047619047619 0.31640866873065016 0.6261904761904762 0.32136222910216716 0.6083333333333333 0.33126934984520123 0.5702380952380952 0.33126934984520123 0.49642857142857144 0.3306501547987616 0.49523809523809526 0.3058823529411765 0.4857142857142857 0.2873065015479876 0.4857142857142857 