1 0.26811145510835915 0.29523809523809524 0.23343653250773994 0.34285714285714286 0.22291021671826625 0.3619047619047619 0.21795665634674924 0.37142857142857144 0.21795665634674924 0.4083333333333333 0.23281733746130032 0.4369047619047619 0.23839009287925697 0.44642857142857145 0.26191950464396285 0.44642857142857145 0.2718266253869969 0.42738095238095236 0.27678018575851393 0.4166666666666667 0.291640866873065 0.35119047619047616 0.291640866873065 0.3142857142857143 0.286687306501548 0.305952380952381 0.2718266253869969 0.29523809523809524 0.26811145510835915 0.29523809523809524 
2 0.29845201238390096 0.29523809523809524 0.29226006191950465 0.305952380952381 0.2873065015479876 0.3238095238095238 0.2625386996904025 0.42857142857142855 0.25758513931888544 0.4607142857142857 0.25758513931888544 0.4630952380952381 0.25882352941176473 0.475 0.2625386996904025 0.4845238095238095 0.2724458204334365 0.5035714285714286 0.27801857585139317 0.513095238095238 0.3065015479876161 0.513095238095238 0.31640866873065016 0.4928571428571429 0.31640866873065016 0.3333333333333333 0.31145510835913315 0.31547619047619047 0.30092879256965943 0.29523809523809524 0.29845201238390096 0.29523809523809524 
3 0.31207430340557274 0.3142857142857143 0.30712074303405573 0.44761904761904764 0.30712074303405573 0.5119047619047619 0.3126934984520124 0.5226190476190476 0.3170278637770898 0.5285714285714286 0.32321981424148605 0.5321428571428571 0.33126934984520123 0.5321428571428571 0.3603715170278638 0.5226190476190476 0.3609907120743034 0.5214285714285715 0.3609907120743034 0.45714285714285713 0.3560371517027864 0.325 0.3541795665634675 0.3238095238095238 0.32136222910216716 0.3142857142857143 0.31207430340557274 0.3142857142857143 
4 0.36656346749226004 0.3333333333333333 0.356656346749226 0.44761904761904764 0.356656346749226 0.5297619047619048 0.35789473684210527 0.5321428571428571 0.3671826625386997 0.5404761904761904 0.3690402476780186 0.5416666666666666 0.38080495356037153 0.5416666666666666 0.3907120743034056 0.530952380952381 0.3956656346749226 0.5107142857142857 0.3956656346749226 0.47619047619047616 0.3907120743034056 0.3904761904761905 0.38575851393188854 0.3619047619047619 0.38080495356037153 0.34285714285714286 0.3752321981424149 0.3333333333333333 0.36656346749226004 0.3333333333333333 
5 0.40743034055727556 0.3523809523809524 0.4018575851393189 0.3619047619047619 0.40123839009287926 0.3630952380952381 0.39628482972136225 0.38095238095238093 0.3913312693498452 0.41904761904761906 0.3863777089783282 0.46785714285714286 0.3863777089783282 0.5321428571428571 0.39195046439628484 0.5416666666666666 0.40990712074303404 0.5416666666666666 0.4247678018575851 0.5226190476190476 0.42538699690402476 0.5190476190476191 0.42538699690402476 0.47023809523809523 0.4154798761609907 0.3535714285714286 0.4148606811145511 0.3523809523809524 0.40743034055727556 0.3523809523809524 
6 0.426625386996904 0.3142857142857143 0.4260061919504644 0.31547619047619047 0.42105263157894735 0.34404761904761905 0.41609907120743034 0.38095238095238093 0.41609907120743034 0.530952380952381 0.42105263157894735 0.5416666666666666 0.43962848297213625 0.5416666666666666 0.4538699690402477 0.5321428571428571 0.4544891640866873 0.5297619047619048 0.4551083591331269 0.5261904761904762 0.4551083591331269 0.4869047619047619 0.4501547987616099 0.3630952380952381 0.4452012383900929 0.34285714285714286 0.43529411764705883 0.3142857142857143 0.426625386996904 0.3142857142857143 
7 0.4563467492260062 0.34285714285714286 0.45077399380804956 0.3619047619047619 0.44643962848297214 0.5238095238095238 0.44643962848297214 0.5321428571428571 0.45077399380804956 0.5416666666666666 0.4848297213622291 0.5416666666666666 0.48978328173374613 0.444047619047619 0.48978328173374613 0.37976190476190474 0.4891640866873065 0.3726190476190476 0.4848297213622291 0.3619047619047619 0.47492260061919506 0.34285714285714286 0.4563467492260062 0.34285714285714286 
8 0.4953560371517028 0.3619047619047619 0.4904024767801858 0.37142857142857144 0.4854489164086687 0.4023809523809524 0.4804953560371517 0.44761904761904764 0.4804953560371517 0.5392857142857143 0.48111455108359136 0.5416666666666666 0.5102167182662539 0.5511904761904762 0.5145510835913313 0.5511904761904762 0.5145510835913313 0.3619047619047619 0.4953560371517028 0.3619047619047619 
9 0.5356037151702786 0.34285714285714286 0.525077399380805 0.3619047619047619 0.5201238390092879 0.37142857142857144 0.5151702786377709 0.45 0.5151702786377709 0.5511904761904762 0.5486068111455108 0.5511904761904762 0.5492260061919505 0.55 0.5541795665634675 0.3678571428571429 0.5541795665634675 0.34404761904761905 0.5529411764705883 0.34285714285714286 0.5356037151702786 0.34285714285714286 
10 0.5554179566563467 0.34285714285714286 0.5547987616099072 0.34404761904761905 0.5498452012383901 0.3630952380952381 0.5498452012383901 0.5369047619047619 0.5504643962848297 0.5416666666666666 0.573374613003096 0.5416666666666666 0.5739938080495356 0.5392857142857143 0.5789473684210527 0.37023809523809526 0.5789473684210527 0.34285714285714286 0.5554179566563467 0.34285714285714286 
11 0.5894736842105263 0.3333333333333333 0.5795665634674922 0.3630952380952381 0.5746130030959752 0.38095238095238093 0.5746130030959752 0.5404761904761904 0.5758513931888545 0.5416666666666666 0.5987616099071208 0.5416666666666666 0.6086687306501548 0.530952380952381 0.6086687306501548 0.33690476190476193 0.6080495356037152 0.3333333333333333 0.5894736842105263 0.3333333333333333 
12 0.6043343653250774 0.38095238095238093 0.5993808049535604 0.45476190476190476 0.5993808049535604 0.5392857142857143 0.6 0.5416666666666666 0.6043343653250774 0.5511904761904762 0.6278637770897832 0.5511904761904762 0.6334365325077399 0.5416666666666666 0.6334365325077399 0.47619047619047616 0.628482972136223 0.41904761904761906 0.6235294117647059 0.3904761904761905 0.6179566563467492 0.38095238095238093 0.6043343653250774 0.38095238095238093 
13 0.6346749226006192 0.37142857142857144 0.6291021671826625 0.38095238095238093 0.6247678018575852 0.3904761904761905 0.6241486068111455 0.39404761904761904 0.6241486068111455 0.4869047619047619 0.6291021671826625 0.5416666666666666 0.6582043343653251 0.5416666666666666 0.6674922600619195 0.5321428571428571 0.6681114551083591 0.5273809523809524 0.6681114551083591 0.5047619047619047 0.6582043343653251 0.4380952380952381 0.653250773993808 0.4095238095238095 0.643343653250774 0.37142857142857144 0.6346749226006192 0.37142857142857144 
14 0.6835913312693499 0.3523809523809524 0.6594427244582043 0.3619047619047619 0.6538699690402476 0.3821428571428571 0.6538699690402476 0.444047619047619 0.6588235294117647 0.5119047619047619 0.6637770897832818 0.5321428571428571 0.6879256965944273 0.5321428571428571 0.701547987616099 0.5226190476190476 0.7077399380804954 0.513095238095238 0.7077399380804954 0.44761904761904764 0.6978328173374613 0.38333333333333336 0.6928792569659443 0.3523809523809524 0.6835913312693499 0.3523809523809524 
15 0.7089783281733746 0.3238095238095238 0.7034055727554179 0.3333333333333333 0.698452012383901 0.34285714285714286 0.6934984520123839 0.3535714285714286 0.6934984520123839 0.4261904761904762 0.7034055727554179 0.5119047619047619 0.708359133126935 0.5226190476190476 0.7318885448916409 0.5226190476190476 0.7473684210526316 0.513095238095238 0.7572755417956656 0.5035714285714286 0.7572755417956656 0.44761904761904764 0.7325077399380805 0.3261904761904762 0.7312693498452012 0.3238095238095238 0.7089783281733746 0.3238095238095238 
16 0.7473684210526316 0.3047619047619048 0.7343653250773994 0.305952380952381 0.7331269349845201 0.30714285714285716 0.7281733746130031 0.3142857142857143 0.7281733746130031 0.37857142857142856 0.7331269349845201 0.4166666666666667 0.7380804953560371 0.4369047619047619 0.7486068111455109 0.44642857142857145 0.7801857585139319 0.44642857142857145 0.7820433436532508 0.4452380952380952 0.7869969040247679 0.4369047619047619 0.7919504643962848 0.4261904761904762 0.8018575851393189 0.39880952380952384 0.8018575851393189 0.3619047619047619 0.7919504643962848 0.34404761904761905 0.7473684210526316 0.3047619047619048 
18 0.725077399380805 0.5238095238095238 0.7046439628482972 0.5333333333333333 0.6990712074303406 0.5428571428571428 0.698452012383901 0.5452380952380952 0.698452012383901 0.5892857142857143 0.713312693498452 0.6654761904761904 0.7380804953560371 0.7130952380952381 0.7585139318885449 0.7321428571428571 0.7715170278637771 0.7321428571428571 0.7770897832817337 0.7285714285714285 0.7770897832817337 0.6666666666666666 0.7523219814241486 0.5345238095238095 0.746749226006192 0.5238095238095238 0.725077399380805 0.5238095238095238 
19 0.6687306501547987 0.5428571428571428 0.6458204334365325 0.5523809523809524 0.6439628482972136 0.5535714285714286 0.6439628482972136 0.6273809523809524 0.6489164086687307 0.6547619047619048 0.6588235294117647 0.7023809523809523 0.6643962848297214 0.7226190476190476 0.6786377708978328 0.7595238095238095 0.6835913312693499 0.7702380952380953 0.701547987616099 0.7702380952380953 0.7126934984520124 0.7511904761904762 0.7170278637770898 0.7416666666666667 0.7176470588235294 0.7392857142857143 0.7176470588235294 0.7142857142857143 0.7126934984520124 0.6678571428571428 0.6978328173374613 0.544047619047619 0.6972136222910217 0.5428571428571428 0.6687306501547987 0.5428571428571428 
20 0.6198142414860681 0.5619047619047619 0.6142414860681115 0.5726190476190476 0.6142414860681115 0.6261904761904762 0.6198142414860681 0.655952380952381 0.6291021671826625 0.7035714285714286 0.6390092879256966 0.7416666666666667 0.6445820433436532 0.7607142857142857 0.6625386996904025 0.7607142857142857 0.6631578947368421 0.7595238095238095 0.6631578947368421 0.7142857142857143 0.6625386996904025 0.7047619047619048 0.648297213622291 0.5726190476190476 0.6470588235294118 0.5714285714285714 0.628482972136223 0.5619047619047619 0.6198142414860681 0.5619047619047619 
21 0.5944272445820433 0.580952380952381 0.5845201238390093 0.5904761904761905 0.5845201238390093 0.6154761904761905 0.5944272445820433 0.7511904761904762 0.5993808049535604 0.7595238095238095 0.6099071207430341 0.7702380952380953 0.6235294117647059 0.7702380952380953 0.6235294117647059 0.6202380952380953 0.6179566563467492 0.580952380952381 0.5944272445820433 0.580952380952381 
22 0.5647058823529412 0.5619047619047619 0.5597523219814241 0.5714285714285714 0.5597523219814241 0.7404761904761905 0.5647058823529412 0.7785714285714286 0.5696594427244582 0.7892857142857143 0.5839009287925696 0.7892857142857143 0.5938080495356037 0.6273809523809524 0.5938080495356037 0.6107142857142858 0.5888544891640867 0.5738095238095238 0.5876160990712074 0.5714285714285714 0.578328173374613 0.5619047619047619 0.5647058823529412 0.5619047619047619 
23 0.5306501547987617 0.5714285714285714 0.530030959752322 0.575 0.530030959752322 0.6071428571428571 0.534984520123839 0.6738095238095239 0.5399380804953561 0.694047619047619 0.5523219814241486 0.694047619047619 0.5535603715170279 0.6928571428571428 0.5591331269349845 0.675 0.5591331269349845 0.5714285714285714 0.5306501547987617 0.5714285714285714 
24 0.5108359133126935 0.5523809523809524 0.5102167182662539 0.5535714285714286 0.5102167182662539 0.6071428571428571 0.5151702786377709 0.694047619047619 0.5201238390092879 0.7035714285714286 0.5337461300309597 0.7035714285714286 0.5343653250773994 0.7011904761904761 0.5393188854489164 0.5773809523809523 0.5393188854489164 0.5619047619047619 0.5195046439628483 0.5523809523809524 0.5108359133126935 0.5523809523809524 
25 0.4854489164086687 0.5714285714285714 0.4854489164086687 0.6523809523809524 0.4904024767801858 0.6833333333333333 0.5009287925696595 0.7130952380952381 0.5095975232198142 0.7130952380952381 0.513312693498452 0.694047619047619 0.5145510835913313 0.6869047619047619 0.5145510835913313 0.5714285714285714 0.4854489164086687 0.5714285714285714 
26 0.46377708978328175 0.5619047619047619 0.46068111455108357 0.5630952380952381 0.46068111455108357 0.6071428571428571 0.46563467492260063 0.694047619047619 0.47058823529411764 0.7035714285714286 0.4885448916408669 0.7035714285714286 0.48978328173374613 0.7023809523809523 0.48978328173374613 0.5619047619047619 0.46377708978328175 0.5619047619047619 
27 0.4408668730650155 0.5714285714285714 0.43653250773993807 0.580952380952381 0.4359133126934985 0.5833333333333334 0.4260061919504644 0.6476190476190476 0.4260061919504644 0.7392857142857143 0.426625386996904 0.7416666666666667 0.44891640866873067 0.7416666666666667 0.4501547987616099 0.7392857142857143 0.465015479876161 0.655952380952381 0.465015479876161 0.5714285714285714 0.4408668730650155 0.5714285714285714 
28 0.4117647058823529 0.5619047619047619 0.40619195046439627 0.5726190476190476 0.40123839009287926 0.6 0.39628482972136225 0.6761904761904762 0.39628482972136225 0.7654761904761904 0.39690402476780184 0.7690476190476191 0.3975232198142415 0.7702380952380953 0.4105263157894737 0.7702380952380953 0.4154798761609907 0.75 0.42538699690402476 0.694047619047619 0.44024767801857584 0.6083333333333333 0.44024767801857584 0.5916666666666667 0.43529411764705883 0.580952380952381 0.43034055727554177 0.5714285714285714 0.4198142414860681 0.5619047619047619 0.4117647058823529 0.5619047619047619 
29 0.37894736842105264 0.5523809523809524 0.3764705882352941 0.5535714285714286 0.36656346749226004 0.5726190476190476 0.36160990712074303 0.6285714285714286 0.36160990712074303 0.7785714285714286 0.3634674922600619 0.7797619047619048 0.3696594427244582 0.7797619047619048 0.3752321981424149 0.7702380952380953 0.37585139318885447 0.7690476190476191 0.38080495356037153 0.7511904761904762 0.38575851393188854 0.7309523809523809 0.4105263157894737 0.6071428571428571 0.4105263157894737 0.580952380952381 0.4006191950464396 0.5619047619047619 0.39504643962848296 0.5523809523809524 0.37894736842105264 0.5523809523809524 
30 0.3170278637770898 0.5428571428571428 0.30712074303405573 0.6595238095238095 0.3021671826625387 0.7345238095238096 0.3021671826625387 0.7702380952380953 0.30712074303405573 0.7797619047619048 0.31145510835913315 0.7797619047619048 0.3411764705882353 0.7607142857142857 0.3560371517027864 0.7321428571428571 0.3609907120743034 0.694047619047619 0.37089783281733746 0.5976190476190476 0.37089783281733746 0.5428571428571428 0.3170278637770898 0.5428571428571428 
31 0.27306501547987616 0.5142857142857142 0.2674922600619195 0.5238095238095238 0.23777089783281732 0.6666666666666666 0.23777089783281732 0.6904761904761905 0.24272445820433436 0.7226190476190476 0.2476780185758514 0.7416666666666667 0.26191950464396285 0.7416666666666667 0.291640866873065 0.6845238095238095 0.3015479876160991 0.6642857142857143 0.3058823529411765 0.6464285714285715 0.32136222910216716 0.5797619047619048 0.32136222910216716 0.5333333333333333 0.29102167182662536 0.5142857142857142 0.27306501547987616 0.5142857142857142 