1 0.2823529411764706 0.41904761904761906 0.2724458204334365 0.4380952380952381 0.2674922600619195 0.544047619047619 0.2674922600619195 0.5785714285714286 0.28792569659442724 0.5988095238095238 0.3108359133126935 0.5988095238095238 0.31145510835913315 0.5976190476190476 0.31145510835913315 0.49523809523809526 0.3065015479876161 0.4297619047619048 0.30092879256965943 0.41904761904761906 0.2823529411764706 0.41904761904761906 
2 0.31207430340557274 0.4297619047619048 0.30712074303405573 0.4380952380952381 0.30712074303405573 0.6071428571428571 0.31207430340557274 0.6166666666666667 0.3170278637770898 0.625 0.3188854489164087 0.6273809523809524 0.3411764705882353 0.6273809523809524 0.3461300309597523 0.6166666666666667 0.3510835913312694 0.5976190476190476 0.3510835913312694 0.5059523809523809 0.3461300309597523 0.45714285714285713 0.3411764705882353 0.44761904761904764 0.33560371517027865 0.4380952380952381 0.3176470588235294 0.4297619047619048 0.31207430340557274 0.4297619047619048 
3 0.33250773993808047 0.4380952380952381 0.3318885448916409 0.4392857142857143 0.3318885448916409 0.45595238095238094 0.34179566563467495 0.6059523809523809 0.34674922600619196 0.6178571428571429 0.373374613003096 0.6178571428571429 0.37585139318885447 0.6166666666666667 0.38575851393188854 0.6071428571428571 0.3907120743034056 0.5988095238095238 0.3907120743034056 0.5726190476190476 0.38575851393188854 0.4880952380952381 0.38080495356037153 0.45714285714285713 0.37585139318885447 0.44761904761904764 0.3702786377708978 0.4380952380952381 0.33250773993808047 0.4380952380952381 
5 0.3925696594427245 0.41904761904761906 0.3913312693498452 0.42023809523809524 0.3863777089783282 0.42857142857142855 0.3814241486068111 0.45 0.3764705882352941 0.6023809523809524 0.3764705882352941 0.6154761904761905 0.37770897832817335 0.6178571428571429 0.3863777089783282 0.6261904761904762 0.3888544891640867 0.6273809523809524 0.4055727554179567 0.6273809523809524 0.4154798761609907 0.6166666666666667 0.4154798761609907 0.4714285714285714 0.4148606811145511 0.4666666666666667 0.4105263157894737 0.4380952380952381 0.4055727554179567 0.42857142857142855 0.3993808049535604 0.41904761904761906 0.3925696594427245 0.41904761904761906 
6 0.4117647058823529 0.3904761904761905 0.40619195046439627 0.4 0.40619195046439627 0.6166666666666667 0.41114551083591333 0.6261904761904762 0.41238390092879257 0.6273809523809524 0.43529411764705883 0.6273809523809524 0.4452012383900929 0.6083333333333333 0.4452012383900929 0.580952380952381 0.44024767801857584 0.5238095238095238 0.43529411764705883 0.46904761904761905 0.43034055727554177 0.4297619047619048 0.42538699690402476 0.39404761904761904 0.4247678018575851 0.39166666666666666 0.42291021671826623 0.3904761904761905 0.4117647058823529 0.3904761904761905 
7 0.4520123839009288 0.4380952380952381 0.45139318885448915 0.4392857142857143 0.44643962848297214 0.45714285714285713 0.4458204334365325 0.4595238095238095 0.4408668730650155 0.4869047619047619 0.4359133126934985 0.5428571428571428 0.4359133126934985 0.6142857142857143 0.43653250773993807 0.6166666666666667 0.4408668730650155 0.6273809523809524 0.46439628482972134 0.6273809523809524 0.465015479876161 0.6261904761904762 0.465015479876161 0.4380952380952381 0.4520123839009288 0.4380952380952381 
8 0.47554179566563465 0.4380952380952381 0.4712074303405573 0.44761904761904764 0.47058823529411764 0.45 0.46563467492260063 0.4773809523809524 0.46068111455108357 0.580952380952381 0.46068111455108357 0.6369047619047619 0.49287925696594426 0.6369047619047619 0.49411764705882355 0.6357142857142857 0.49473684210526314 0.6345238095238095 0.49473684210526314 0.4380952380952381 0.47554179566563465 0.4380952380952381 
9 0.5114551083591331 0.42857142857142855 0.5102167182662539 0.4297619047619048 0.5058823529411764 0.4392857142857143 0.5003095975232198 0.4583333333333333 0.4904024767801858 0.5904761904761905 0.4904024767801858 0.6369047619047619 0.5294117647058824 0.6369047619047619 0.5294117647058824 0.45714285714285713 0.5244582043343653 0.42857142857142855 0.5114551083591331 0.42857142857142855 
10 0.544891640866873 0.45714285714285713 0.5399380804953561 0.4666666666666667 0.525077399380805 0.5535714285714286 0.525077399380805 0.6345238095238095 0.5263157894736842 0.6369047619047619 0.5362229102167183 0.6464285714285715 0.5535603715170279 0.6464285714285715 0.5541795665634675 0.6440476190476191 0.5591331269349845 0.5702380952380952 0.5591331269349845 0.4595238095238095 0.5585139318885449 0.45714285714285713 0.544891640866873 0.45714285714285713 
11 0.5746130030959752 0.41904761904761906 0.5696594427244582 0.42857142857142855 0.5597523219814241 0.4857142857142857 0.5547987616099072 0.525 0.5498452012383901 0.5726190476190476 0.5498452012383901 0.6464285714285715 0.5653250773993808 0.655952380952381 0.5789473684210527 0.655952380952381 0.5839009287925696 0.6452380952380953 0.5888544891640867 0.5535714285714286 0.5888544891640867 0.42857142857142855 0.5839009287925696 0.42023809523809524 0.5820433436532507 0.41904761904761906 0.5746130030959752 0.41904761904761906 
12 0.5944272445820433 0.4380952380952381 0.5894736842105263 0.4488095238095238 0.5845201238390093 0.47619047619047616 0.5795665634674922 0.5547619047619048 0.5795665634674922 0.6369047619047619 0.5944272445820433 0.6464285714285715 0.6074303405572755 0.6464285714285715 0.6086687306501548 0.6452380952380953 0.6136222910216719 0.6369047619047619 0.6136222910216719 0.44047619047619047 0.6130030959752322 0.4380952380952381 0.5944272445820433 0.4380952380952381 
14 0.6390092879256966 0.44761904761904764 0.6291021671826625 0.4583333333333333 0.6241486068111455 0.4666666666666667 0.6191950464396285 0.4857142857142857 0.6043343653250774 0.5523809523809524 0.6043343653250774 0.6178571428571429 0.6092879256965944 0.6452380952380953 0.6099071207430341 0.6464285714285715 0.6377708978328174 0.6464285714285715 0.653250773993808 0.6369047619047619 0.6631578947368421 0.5226190476190476 0.6631578947368421 0.4726190476190476 0.6625386996904025 0.4666666666666667 0.6470588235294118 0.44761904761904764 0.6390092879256966 0.44761904761904764 
15 0.6594427244582043 0.4380952380952381 0.6588235294117647 0.4392857142857143 0.6489164086687307 0.5523809523809524 0.6489164086687307 0.6357142857142857 0.6501547987616099 0.6369047619047619 0.6879256965944273 0.6369047619047619 0.6928792569659443 0.625 0.6978328173374613 0.5214285714285715 0.6978328173374613 0.4583333333333333 0.6922600619195046 0.44761904761904764 0.6829721362229102 0.4380952380952381 0.6594427244582043 0.4380952380952381 
16 0.6959752321981424 0.47619047619047616 0.6934984520123839 0.4797619047619048 0.6885448916408669 0.5142857142857142 0.6885448916408669 0.5702380952380952 0.7102167182662539 0.5702380952380952 0.7120743034055728 0.569047619047619 0.7213622291021672 0.5607142857142857 0.7226006191950465 0.5595238095238095 0.7226006191950465 0.49523809523809526 0.7176470588235294 0.4773809523809524 0.7170278637770898 0.47619047619047616 0.6959752321981424 0.47619047619047616 
17 0.713312693498452 0.6095238095238096 0.708359133126935 0.611904761904762 0.698452012383901 0.6190476190476191 0.6934984520123839 0.6297619047619047 0.6934984520123839 0.6654761904761904 0.708359133126935 0.7035714285714286 0.7281733746130031 0.7404761904761905 0.7486068111455109 0.7702380952380953 0.76656346749226 0.7702380952380953 0.7671826625386997 0.7690476190476191 0.7671826625386997 0.7333333333333333 0.7572755417956656 0.6678571428571428 0.7473684210526316 0.6095238095238096 0.713312693498452 0.6095238095238096 
18 0.6786377708978328 0.638095238095238 0.6736842105263158 0.6392857142857142 0.6439628482972136 0.6476190476190476 0.6390092879256966 0.6571428571428571 0.6390092879256966 0.675 0.6445820433436532 0.694047619047619 0.6538699690402476 0.7214285714285714 0.6835913312693499 0.7988095238095239 0.6934984520123839 0.8178571428571428 0.7176470588235294 0.8178571428571428 0.7176470588235294 0.7261904761904762 0.6978328173374613 0.638095238095238 0.6786377708978328 0.638095238095238 
19 0.590092879256966 0.6476190476190476 0.5845201238390093 0.6583333333333333 0.5845201238390093 0.6821428571428572 0.5894736842105263 0.7023809523809523 0.6191950464396285 0.8083333333333333 0.6241486068111455 0.8178571428571428 0.6346749226006192 0.8369047619047619 0.648297213622291 0.8369047619047619 0.6681114551083591 0.8273809523809523 0.6681114551083591 0.7547619047619047 0.6631578947368421 0.7154761904761905 0.6582043343653251 0.6952380952380952 0.643343653250774 0.6571428571428571 0.638390092879257 0.6476190476190476 0.590092879256966 0.6476190476190476 
20 0.5603715170278638 0.6666666666666666 0.5597523219814241 0.6678571428571428 0.5597523219814241 0.7011904761904761 0.5696594427244582 0.7511904761904762 0.5746130030959752 0.7690476190476191 0.5944272445820433 0.8261904761904761 0.604953560371517 0.8559523809523809 0.6185758513931888 0.8559523809523809 0.6185758513931888 0.8202380952380952 0.6086687306501548 0.719047619047619 0.6080495356037152 0.7166666666666667 0.5938080495356037 0.6773809523809524 0.5888544891640867 0.6666666666666666 0.5603715170278638 0.6666666666666666 
21 0.5356037151702786 0.6571428571428571 0.530030959752322 0.6678571428571428 0.530030959752322 0.7035714285714286 0.534984520123839 0.7321428571428571 0.544891640866873 0.7773809523809524 0.5455108359133127 0.7797619047619048 0.5647058823529412 0.8452380952380952 0.5696594427244582 0.8547619047619047 0.5708978328173374 0.8559523809523809 0.5826625386996904 0.8559523809523809 0.5839009287925696 0.8547619047619047 0.5839009287925696 0.8202380952380952 0.5690402476780185 0.6952380952380952 0.5640866873065016 0.6666666666666666 0.5591331269349845 0.6571428571428571 0.5356037151702786 0.6571428571428571 
23 0.5164086687306502 0.6571428571428571 0.5151702786377709 0.6583333333333333 0.5102167182662539 0.6666666666666666 0.5052631578947369 0.7047619047619048 0.5003095975232198 0.7619047619047619 0.5003095975232198 0.8333333333333334 0.5009287925696595 0.8369047619047619 0.5095975232198142 0.8369047619047619 0.5139318885448917 0.8273809523809523 0.5195046439628483 0.8071428571428572 0.5244582043343653 0.7869047619047619 0.5343653250773994 0.7416666666666667 0.5393188854489164 0.7119047619047619 0.5442724458204334 0.6642857142857143 0.5442724458204334 0.6571428571428571 0.5164086687306502 0.6571428571428571 
24 0.48606811145510836 0.6666666666666666 0.4804953560371517 0.6761904761904762 0.4804953560371517 0.7964285714285714 0.4854489164086687 0.8273809523809523 0.49411764705882355 0.8273809523809523 0.4996904024767802 0.8178571428571428 0.5046439628482973 0.7964285714285714 0.5095975232198142 0.7666666666666667 0.5145510835913313 0.7130952380952381 0.5145510835913313 0.6666666666666666 0.48606811145510836 0.6666666666666666 
25 0.46191950464396286 0.6571428571428571 0.46068111455108357 0.6583333333333333 0.45572755417956656 0.763095238095238 0.45572755417956656 0.8166666666666667 0.46068111455108357 0.8273809523809523 0.4693498452012384 0.8273809523809523 0.47492260061919506 0.8178571428571428 0.47987616099071206 0.7976190476190477 0.4848297213622291 0.7678571428571429 0.49473684210526314 0.675 0.49473684210526314 0.6571428571428571 0.46191950464396286 0.6571428571428571 
26 0.44148606811145513 0.6571428571428571 0.4359133126934985 0.6678571428571428 0.4359133126934985 0.8369047619047619 0.44458204334365325 0.8369047619047619 0.4501547987616099 0.8273809523809523 0.4551083591331269 0.8083333333333333 0.465015479876161 0.7511904761904762 0.465015479876161 0.6583333333333333 0.46439628482972134 0.6571428571428571 0.44148606811145513 0.6571428571428571 
27 0.4117647058823529 0.6476190476190476 0.40619195046439627 0.6571428571428571 0.3913312693498452 0.8 0.3913312693498452 0.8464285714285714 0.4055727554179567 0.8464285714285714 0.4105263157894737 0.8369047619047619 0.4154798761609907 0.825 0.42043343653250775 0.8083333333333333 0.43034055727554177 0.7702380952380953 0.43529411764705883 0.75 0.44024767801857584 0.7202380952380952 0.4452012383900929 0.6726190476190477 0.4452012383900929 0.6488095238095238 0.443343653250774 0.6476190476190476 0.4117647058823529 0.6476190476190476 
28 0.38204334365325077 0.638095238095238 0.3764705882352941 0.6666666666666666 0.36656346749226004 0.794047619047619 0.36656346749226004 0.8345238095238096 0.3671826625386997 0.8369047619047619 0.37894736842105264 0.8369047619047619 0.38080495356037153 0.8357142857142857 0.38575851393188854 0.8261904761904761 0.3956656346749226 0.7988095238095239 0.4006191950464396 0.7797619047619048 0.4055727554179567 0.7511904761904762 0.4105263157894737 0.7214285714285714 0.4154798761609907 0.6654761904761904 0.4154798761609907 0.6476190476190476 0.40495356037151703 0.638095238095238 0.38204334365325077 0.638095238095238 
30 0.3380804953560371 0.6285714285714286 0.3318885448916409 0.6392857142857142 0.3170278637770898 0.7333333333333333 0.3170278637770898 0.7797619047619048 0.3219814241486068 0.7988095238095239 0.32755417956656346 0.8178571428571428 0.3430340557275542 0.8178571428571428 0.3455108359133127 0.8166666666666667 0.3560371517027864 0.8083333333333333 0.37089783281733746 0.7785714285714286 0.37585139318885447 0.7511904761904762 0.38080495356037153 0.7214285714285714 0.38575851393188854 0.6738095238095239 0.38575851393188854 0.638095238095238 0.37089783281733746 0.6285714285714286 0.3380804953560371 0.6285714285714286 
31 0.29226006191950465 0.6476190476190476 0.2873065015479876 0.6583333333333333 0.2823529411764706 0.6773809523809524 0.2773993808049536 0.7047619047619048 0.2773993808049536 0.7892857142857143 0.29659442724458207 0.7892857142857143 0.32136222910216716 0.7416666666666667 0.3256965944272446 0.7321428571428571 0.33126934984520123 0.7119047619047619 0.33622291021671824 0.6916666666666667 0.33622291021671824 0.6702380952380952 0.33560371517027865 0.6666666666666666 0.33126934984520123 0.6583333333333333 0.3151702786377709 0.6476190476190476 0.29226006191950465 0.6476190476190476 
32 0.25758513931888544 0.5714285714285714 0.25263157894736843 0.5821428571428572 0.2476780185758514 0.6023809523809524 0.23777089783281732 0.6476190476190476 0.22786377708978328 0.6952380952380952 0.22786377708978328 0.7511904761904762 0.24643962848297213 0.7511904761904762 0.27678018575851393 0.7130952380952381 0.30092879256965943 0.655952380952381 0.3015479876160991 0.6535714285714286 0.3015479876160991 0.6095238095238096 0.28606811145510835 0.5904761904761905 0.26687306501547986 0.5726190476190476 0.2643962848297214 0.5714285714285714 0.25758513931888544 0.5714285714285714 