3 0.27925696594427246 0.45714285714285713 0.2773993808049536 0.4583333333333333 0.27306501547987616 0.46785714285714286 0.2724458204334365 0.4738095238095238 0.2724458204334365 0.6178571428571429 0.2773993808049536 0.6261904761904762 0.27925696594427246 0.6273809523809524 0.2959752321981424 0.6273809523809524 0.32136222910216716 0.6178571428571429 0.32136222910216716 0.5619047619047619 0.31640866873065016 0.5238095238095238 0.3065015479876161 0.46785714285714286 0.30526315789473685 0.4666666666666667 0.286687306501548 0.4583333333333333 0.2835913312693498 0.45714285714285713 0.27925696594427246 0.45714285714285713 
4 0.31207430340557274 0.4380952380952381 0.30712074303405573 0.4488095238095238 0.30712074303405573 0.49404761904761907 0.3170278637770898 0.6178571428571429 0.3219814241486068 0.6261904761904762 0.32321981424148605 0.6273809523809524 0.3510835913312694 0.6273809523809524 0.3510835913312694 0.580952380952381 0.3411764705882353 0.5261904761904762 0.3263157894736842 0.44761904761904764 0.32136222910216716 0.4380952380952381 0.31207430340557274 0.4380952380952381 
5 0.34179566563467495 0.4380952380952381 0.34179566563467495 0.4642857142857143 0.34674922600619196 0.6059523809523809 0.3479876160990712 0.6083333333333333 0.3845201238390093 0.6083333333333333 0.38575851393188854 0.6059523809523809 0.38575851393188854 0.580952380952381 0.37089783281733746 0.4857142857142857 0.36594427244582045 0.4583333333333333 0.3603715170278638 0.4380952380952381 0.34179566563467495 0.4380952380952381 
6 0.36656346749226004 0.4095238095238095 0.36656346749226004 0.5035714285714286 0.3764705882352941 0.6083333333333333 0.4148606811145511 0.6083333333333333 0.42043343653250775 0.5988095238095238 0.42043343653250775 0.5571428571428572 0.4105263157894737 0.49642857142857144 0.4055727554179567 0.47619047619047616 0.4006191950464396 0.45714285714285713 0.37585139318885447 0.4095238095238095 0.36656346749226004 0.4095238095238095 
7 0.42105263157894735 0.41904761904761906 0.41609907120743034 0.42857142857142855 0.41609907120743034 0.594047619047619 0.41671826625387 0.5976190476190476 0.42105263157894735 0.6083333333333333 0.4501547987616099 0.6083333333333333 0.4501547987616099 0.5547619047619048 0.4452012383900929 0.45714285714285713 0.43529411764705883 0.42023809523809524 0.4346749226006192 0.41904761904761906 0.42105263157894735 0.41904761904761906 
8 0.46068111455108357 0.4095238095238095 0.45572755417956656 0.44761904761904764 0.4458204334365325 0.5535714285714286 0.4458204334365325 0.5880952380952381 0.45077399380804956 0.5988095238095238 0.45572755417956656 0.6083333333333333 0.4972136222910217 0.6083333333333333 0.4984520123839009 0.6071428571428571 0.4996904024767802 0.6047619047619047 0.4996904024767802 0.5630952380952381 0.48978328173374613 0.47619047619047616 0.4848297213622291 0.44047619047619047 0.47987616099071206 0.42023809523809524 0.47492260061919506 0.4095238095238095 0.46068111455108357 0.4095238095238095 
9 0.530030959752322 0.3904761904761905 0.5151702786377709 0.41904761904761906 0.4953560371517028 0.5333333333333333 0.4953560371517028 0.6083333333333333 0.5492260061919505 0.6083333333333333 0.5492260061919505 0.44761904761904764 0.5436532507739938 0.4095238095238095 0.5393188854489164 0.3904761904761905 0.530030959752322 0.3904761904761905 
10 0.5795665634674922 0.4095238095238095 0.5696594427244582 0.41904761904761906 0.5647058823529412 0.4297619047619048 0.5597523219814241 0.44761904761904764 0.5554179566563467 0.47619047619047616 0.5498452012383901 0.5154761904761904 0.544891640866873 0.5523809523809524 0.544891640866873 0.6071428571428571 0.5504643962848297 0.6178571428571429 0.5839009287925696 0.6178571428571429 0.5888544891640867 0.5 0.5888544891640867 0.43333333333333335 0.5882352941176471 0.42857142857142855 0.5839009287925696 0.4107142857142857 0.58328173374613 0.4095238095238095 0.5795665634674922 0.4095238095238095 
11 0.6142414860681115 0.4 0.5993808049535604 0.4595238095238095 0.5795665634674922 0.5654761904761905 0.5795665634674922 0.6178571428571429 0.5993808049535604 0.6369047619047619 0.6130030959752322 0.6369047619047619 0.6185758513931888 0.6261904761904762 0.6235294117647059 0.6071428571428571 0.628482972136223 0.49523809523809526 0.628482972136223 0.4107142857142857 0.6235294117647059 0.4011904761904762 0.6222910216718266 0.4 0.6142414860681115 0.4 
12 0.6390092879256966 0.4666666666666667 0.6291021671826625 0.4976190476190476 0.6191950464396285 0.5452380952380952 0.6142414860681115 0.6023809523809524 0.6142414860681115 0.6166666666666667 0.6191950464396285 0.6273809523809524 0.653250773993808 0.6273809523809524 0.6582043343653251 0.6178571428571429 0.6582043343653251 0.4666666666666667 0.6390092879256966 0.4666666666666667 
14 0.7188854489164087 0.45714285714285713 0.7003095975232199 0.4666666666666667 0.6990712074303406 0.46785714285714286 0.698452012383901 0.46904761904761905 0.6934984520123839 0.49523809523809526 0.6885448916408669 0.5238095238095238 0.6786377708978328 0.5928571428571429 0.6786377708978328 0.625 0.679876160990712 0.6273809523809524 0.7325077399380805 0.6273809523809524 0.7374613003095976 0.6166666666666667 0.7374613003095976 0.4869047619047619 0.7275541795665634 0.45714285714285713 0.7188854489164087 0.45714285714285713 
17 0.8055727554179567 0.6571428571428571 0.8024767801857585 0.6583333333333333 0.7832817337461301 0.6666666666666666 0.7826625386996904 0.6678571428571428 0.7777089783281734 0.7142857142857143 0.7777089783281734 0.7226190476190476 0.7826625386996904 0.7607142857142857 0.826625386996904 0.7607142857142857 0.8656346749226006 0.7226190476190476 0.8662538699690403 0.7214285714285714 0.8662538699690403 0.6666666666666666 0.8613003095975232 0.6571428571428571 0.8055727554179567 0.6571428571428571 
18 0.7479876160990712 0.5904761904761905 0.7331269349845201 0.6 0.7188854489164087 0.6190476190476191 0.718266253869969 0.6202380952380953 0.718266253869969 0.6642857142857143 0.7232198142414861 0.694047619047619 0.7281733746130031 0.7226190476190476 0.7331269349845201 0.7416666666666667 0.7479876160990712 0.7702380952380953 0.7622291021671826 0.7702380952380953 0.7869969040247679 0.7607142857142857 0.7869969040247679 0.725 0.7721362229102167 0.6035714285714285 0.7715170278637771 0.6 0.76656346749226 0.5904761904761905 0.7479876160990712 0.5904761904761905 
19 0.6637770897832818 0.6190476190476191 0.6637770897832818 0.6654761904761904 0.6736842105263158 0.7416666666666667 0.6835913312693499 0.7702380952380953 0.6947368421052632 0.7892857142857143 0.7027863777089783 0.7892857142857143 0.7325077399380805 0.7797619047619048 0.7325077399380805 0.7345238095238096 0.7226006191950465 0.6285714285714286 0.7176470588235294 0.6202380952380953 0.7164086687306501 0.6190476190476191 0.6637770897832818 0.6190476190476191 
20 0.6495356037151703 0.6095238095238096 0.6340557275541796 0.6190476190476191 0.6340557275541796 0.6702380952380952 0.6439628482972136 0.7488095238095238 0.6489164086687307 0.7773809523809524 0.6495356037151703 0.7797619047619048 0.6538699690402476 0.7892857142857143 0.6674922600619195 0.7892857142857143 0.6681114551083591 0.7869047619047619 0.6681114551083591 0.6107142857142858 0.6674922600619195 0.6095238095238096 0.6495356037151703 0.6095238095238096 
21 0.6142414860681115 0.6095238095238096 0.5993808049535604 0.6190476190476191 0.5993808049535604 0.6845238095238095 0.6043343653250774 0.7595238095238095 0.6092879256965944 0.7880952380952381 0.6142414860681115 0.7976190476190477 0.6179566563467492 0.7988095238095239 0.6229102167182663 0.7988095238095239 0.628482972136223 0.7880952380952381 0.6334365325077399 0.7595238095238095 0.638390092879257 0.6654761904761904 0.638390092879257 0.6226190476190476 0.6377708978328174 0.6202380952380953 0.6371517027863777 0.6190476190476191 0.6235294117647059 0.6095238095238096 0.6142414860681115 0.6095238095238096 
22 0.5653250773993808 0.6095238095238096 0.5647058823529412 0.6107142857142858 0.5647058823529412 0.7797619047619048 0.5696594427244582 0.7976190476190477 0.5702786377708978 0.7988095238095239 0.5839009287925696 0.7988095238095239 0.5931888544891641 0.7797619047619048 0.5987616099071208 0.7607142857142857 0.6037151702786377 0.675 0.6037151702786377 0.6226190476190476 0.6030959752321982 0.6202380952380953 0.5888544891640867 0.6095238095238096 0.5653250773993808 0.6095238095238096 
23 0.544891640866873 0.580952380952381 0.525077399380805 0.6 0.525077399380805 0.7416666666666667 0.530030959752322 0.7702380952380953 0.5436532507739938 0.7702380952380953 0.5492260061919505 0.7595238095238095 0.5541795665634675 0.7416666666666667 0.5591331269349845 0.7130952380952381 0.5640866873065016 0.675 0.5640866873065016 0.6107142857142858 0.5486068111455108 0.580952380952381 0.544891640866873 0.580952380952381 
24 0.4953560371517028 0.5904761904761905 0.4904024767801858 0.6 0.4904024767801858 0.6178571428571429 0.4953560371517028 0.6714285714285714 0.5003095975232198 0.7202380952380952 0.5052631578947369 0.7416666666666667 0.5176470588235295 0.7416666666666667 0.5195046439628483 0.7404761904761905 0.5244582043343653 0.7130952380952381 0.5244582043343653 0.6 0.4984520123839009 0.5904761904761905 0.4953560371517028 0.5904761904761905 
25 0.46068111455108357 0.6 0.46068111455108357 0.7226190476190476 0.46563467492260063 0.7488095238095238 0.4662538699690402 0.7511904761904762 0.47987616099071206 0.7511904761904762 0.4848297213622291 0.7226190476190476 0.48978328173374613 0.6916666666666667 0.49411764705882355 0.655952380952381 0.49473684210526314 0.65 0.49473684210526314 0.6023809523809524 0.4934984520123839 0.6 0.46068111455108357 0.6 
26 0.4458204334365325 0.580952380952381 0.4260061919504644 0.6 0.4260061919504644 0.6642857142857143 0.4309597523219814 0.7309523809523809 0.4359133126934985 0.7583333333333333 0.43653250773993807 0.7607142857142857 0.4408668730650155 0.7702380952380953 0.443343653250774 0.7702380952380953 0.44458204334365325 0.7690476190476191 0.4501547987616099 0.7607142857142857 0.4551083591331269 0.7404761904761905 0.460061919504644 0.655952380952381 0.460061919504644 0.5916666666666667 0.4551083591331269 0.580952380952381 0.4458204334365325 0.580952380952381 
27 0.3876160990712074 0.6 0.3863777089783282 0.6023809523809524 0.3863777089783282 0.6369047619047619 0.3913312693498452 0.7119047619047619 0.39628482972136225 0.7595238095238095 0.40123839009287926 0.7892857142857143 0.4068111455108359 0.7988095238095239 0.41424148606811145 0.7988095238095239 0.4154798761609907 0.7976190476190477 0.42043343653250775 0.7797619047619048 0.42538699690402476 0.7392857142857143 0.42538699690402476 0.6130952380952381 0.4247678018575851 0.6107142857142858 0.4198142414860681 0.6 0.3876160990712074 0.6 
28 0.3572755417956656 0.6 0.35170278637770896 0.6202380952380953 0.35170278637770896 0.6464285714285715 0.36160990712074303 0.7892857142857143 0.37089783281733746 0.7892857142857143 0.37585139318885447 0.7797619047619048 0.38080495356037153 0.7690476190476191 0.38575851393188854 0.7404761904761905 0.3907120743034056 0.694047619047619 0.3907120743034056 0.6011904761904762 0.3894736842105263 0.6 0.3572755417956656 0.6 
29 0.34674922600619196 0.6095238095238096 0.3269349845201238 0.6190476190476191 0.3219814241486068 0.6571428571428571 0.3219814241486068 0.6654761904761904 0.3269349845201238 0.7321428571428571 0.3318885448916409 0.7690476190476191 0.33250773993808047 0.7702380952380953 0.3455108359133127 0.7702380952380953 0.3510835913312694 0.7595238095238095 0.3560371517027864 0.7404761904761905 0.3609907120743034 0.655952380952381 0.3609907120743034 0.6107142857142858 0.3603715170278638 0.6095238095238096 0.34674922600619196 0.6095238095238096 
30 0.29226006191950465 0.6095238095238096 0.2823529411764706 0.6190476190476191 0.27801857585139317 0.6285714285714286 0.2773993808049536 0.6321428571428571 0.2625386996904025 0.7452380952380953 0.2625386996904025 0.7702380952380953 0.2674922600619195 0.7785714285714286 0.26873065015479874 0.7797619047619048 0.3151702786377709 0.7797619047619048 0.31640866873065016 0.7785714285714286 0.32136222910216716 0.7583333333333333 0.3263157894736842 0.7297619047619047 0.33126934984520123 0.6821428571428572 0.33126934984520123 0.6190476190476191 0.32074303405572757 0.6095238095238096 0.29226006191950465 0.6095238095238096 