2 0.2582043343653251 0.4666666666666667 0.2476780185758514 0.4869047619047619 0.24272445820433436 0.5761904761904761 0.24272445820433436 0.6166666666666667 0.243343653250774 0.6178571428571429 0.2773993808049536 0.6357142857142857 0.28111455108359135 0.6369047619047619 0.291640866873065 0.6369047619047619 0.291640866873065 0.5904761904761905 0.286687306501548 0.5333333333333333 0.28173374613003094 0.49523809523809526 0.2718266253869969 0.4666666666666667 0.2582043343653251 0.4666666666666667 
4 0.32755417956656346 0.4666666666666667 0.3269349845201238 0.46785714285714286 0.3269349845201238 0.5880952380952381 0.3318885448916409 0.6273809523809524 0.3380804953560371 0.6369047619047619 0.3702786377708978 0.6369047619047619 0.37089783281733746 0.6357142857142857 0.37089783281733746 0.5821428571428572 0.3510835913312694 0.4869047619047619 0.3411764705882353 0.4666666666666667 0.32755417956656346 0.4666666666666667 
5 0.36160990712074303 0.4380952380952381 0.3572755417956656 0.45714285714285713 0.356656346749226 0.4630952380952381 0.356656346749226 0.569047619047619 0.36656346749226004 0.6273809523809524 0.3907120743034056 0.6273809523809524 0.4006191950464396 0.6166666666666667 0.4006191950464396 0.580952380952381 0.3956656346749226 0.544047619047619 0.38575851393188854 0.47619047619047616 0.38080495356037153 0.4488095238095238 0.3752321981424149 0.4380952380952381 0.36160990712074303 0.4380952380952381 
6 0.3913312693498452 0.4095238095238095 0.3863777089783282 0.4297619047619048 0.3863777089783282 0.5464285714285714 0.3913312693498452 0.5880952380952381 0.39628482972136225 0.6261904761904762 0.39690402476780184 0.6273809523809524 0.4055727554179567 0.6273809523809524 0.42043343653250775 0.6178571428571429 0.42538699690402476 0.6071428571428571 0.42538699690402476 0.5821428571428572 0.42043343653250775 0.47619047619047616 0.4154798761609907 0.4392857142857143 0.4105263157894737 0.4107142857142857 0.40804953560371515 0.4095238095238095 0.3913312693498452 0.4095238095238095 
7 0.43653250773993807 0.42857142857142855 0.4260061919504644 0.44761904761904764 0.41609907120743034 0.5523809523809524 0.41609907120743034 0.5797619047619048 0.42105263157894735 0.6166666666666667 0.42229102167182664 0.6178571428571429 0.4544891640866873 0.6178571428571429 0.460061919504644 0.5964285714285714 0.460061919504644 0.5059523809523809 0.4551083591331269 0.44761904761904764 0.4501547987616099 0.4297619047619048 0.44953560371517026 0.42857142857142855 0.43653250773993807 0.42857142857142855 
8 0.46563467492260063 0.42857142857142855 0.46068111455108357 0.4380952380952381 0.45572755417956656 0.49523809523809526 0.45077399380804956 0.594047619047619 0.45077399380804956 0.6261904761904762 0.4563467492260062 0.6369047619047619 0.48978328173374613 0.6369047619047619 0.49473684210526314 0.625 0.49473684210526314 0.5714285714285714 0.48978328173374613 0.4880952380952381 0.4848297213622291 0.45714285714285713 0.47987616099071206 0.4380952380952381 0.469969040247678 0.42857142857142855 0.46563467492260063 0.42857142857142855 
9 0.4953560371517028 0.42857142857142855 0.4904024767801858 0.525 0.4904024767801858 0.6166666666666667 0.49597523219814244 0.6273809523809524 0.5244582043343653 0.6273809523809524 0.5337461300309597 0.6178571428571429 0.5343653250773994 0.6142857142857143 0.5343653250773994 0.5821428571428572 0.5244582043343653 0.49166666666666664 0.5188854489164086 0.4666666666666667 0.5145510835913313 0.4488095238095238 0.5095975232198142 0.42857142857142855 0.4953560371517028 0.42857142857142855 
10 0.5362229102167183 0.41904761904761906 0.534984520123839 0.42023809523809524 0.530030959752322 0.42857142857142855 0.525077399380805 0.5345238095238095 0.525077399380805 0.5880952380952381 0.530030959752322 0.6166666666666667 0.5312693498452012 0.6178571428571429 0.5591331269349845 0.6178571428571429 0.5591331269349845 0.49523809523809526 0.5492260061919505 0.42857142857142855 0.5442724458204334 0.41904761904761906 0.5362229102167183 0.41904761904761906 
11 0.5746130030959752 0.3904761904761905 0.5696594427244582 0.4 0.5647058823529412 0.42023809523809524 0.5547987616099072 0.49523809523809526 0.5547987616099072 0.6071428571428571 0.5554179566563467 0.6083333333333333 0.5938080495356037 0.6083333333333333 0.5938080495356037 0.4023809523809524 0.5882352941176471 0.3904761904761905 0.5746130030959752 0.3904761904761905 
12 0.6061919504643963 0.4095238095238095 0.6043343653250774 0.4107142857142857 0.5993808049535604 0.42857142857142855 0.5894736842105263 0.4857142857142857 0.5845201238390093 0.6 0.5845201238390093 0.6154761904761905 0.5857585139318885 0.6178571428571429 0.5956656346749226 0.6273809523809524 0.6037151702786377 0.6273809523809524 0.6185758513931888 0.6178571428571429 0.6235294117647059 0.6071428571428571 0.628482972136223 0.5869047619047619 0.628482972136223 0.4523809523809524 0.6235294117647059 0.4107142857142857 0.6229102167182663 0.4095238095238095 0.6061919504643963 0.4095238095238095 
13 0.6439628482972136 0.4380952380952381 0.6390092879256966 0.44047619047619047 0.6291021671826625 0.4666666666666667 0.6241486068111455 0.4857142857142857 0.6142414860681115 0.6023809523809524 0.6142414860681115 0.6273809523809524 0.653250773993808 0.6273809523809524 0.6582043343653251 0.6166666666666667 0.6582043343653251 0.4785714285714286 0.653250773993808 0.44761904761904764 0.648297213622291 0.4392857142857143 0.6464396284829721 0.4380952380952381 0.6439628482972136 0.4380952380952381 
15 0.708359133126935 0.44761904761904764 0.698452012383901 0.4857142857142857 0.6835913312693499 0.5714285714285714 0.6835913312693499 0.6166666666666667 0.6854489164086688 0.6178571428571429 0.7306501547987616 0.6178571428571429 0.7318885448916409 0.6166666666666667 0.7325077399380805 0.6130952380952381 0.7325077399380805 0.44761904761904764 0.708359133126935 0.44761904761904764 
19 0.6538699690402476 0.6 0.6390092879256966 0.6202380952380953 0.6390092879256966 0.655952380952381 0.6538699690402476 0.7607142857142857 0.6594427244582043 0.7785714285714286 0.6637770897832818 0.7880952380952381 0.6687306501547987 0.7988095238095239 0.6879256965944273 0.7988095238095239 0.7126934984520124 0.7892857142857143 0.7126934984520124 0.7154761904761905 0.7027863777089783 0.6095238095238096 0.6873065015479877 0.6 0.6538699690402476 0.6 
22 0.5554179566563467 0.6 0.544891640866873 0.6095238095238096 0.544891640866873 0.694047619047619 0.5498452012383901 0.7392857142857143 0.5547987616099072 0.7702380952380953 0.5653250773993808 0.7892857142857143 0.578328173374613 0.7892857142857143 0.5789473684210527 0.7880952380952381 0.5839009287925696 0.7321428571428571 0.5839009287925696 0.6011904761904762 0.58328173374613 0.6 0.5554179566563467 0.6 
23 0.5201238390092879 0.6095238095238096 0.5151702786377709 0.6190476190476191 0.5151702786377709 0.675 0.5157894736842106 0.6845238095238095 0.5201238390092879 0.7226190476190476 0.525077399380805 0.7511904761904762 0.5386996904024768 0.7511904761904762 0.5393188854489164 0.75 0.5492260061919505 0.6440476190476191 0.5492260061919505 0.6130952380952381 0.5486068111455108 0.6095238095238096 0.5201238390092879 0.6095238095238096 
24 0.491640866873065 0.6 0.4904024767801858 0.6011904761904762 0.4854489164086687 0.6202380952380953 0.4854489164086687 0.6642857142857143 0.49597523219814244 0.6845238095238095 0.5145510835913313 0.6845238095238095 0.5195046439628483 0.6738095238095239 0.5195046439628483 0.6190476190476191 0.4934984520123839 0.6 0.491640866873065 0.6 
25 0.45758513931888545 0.6285714285714286 0.45572755417956656 0.6297619047619047 0.45572755417956656 0.6547619047619048 0.46563467492260063 0.7023809523809523 0.47058823529411764 0.7214285714285714 0.47554179566563465 0.7309523809523809 0.4780185758513932 0.7321428571428571 0.48978328173374613 0.7321428571428571 0.48978328173374613 0.6309523809523809 0.4885448916408669 0.6285714285714286 0.45758513931888545 0.6285714285714286 
26 0.42105263157894735 0.6095238095238096 0.42105263157894735 0.655952380952381 0.4260061919504644 0.694047619047619 0.4359133126934985 0.7321428571428571 0.44148606811145513 0.7511904761904762 0.46439628482972134 0.7511904761904762 0.465015479876161 0.75 0.465015479876161 0.669047619047619 0.46439628482972134 0.6547619047619048 0.460061919504644 0.6202380952380953 0.4544891640866873 0.6095238095238096 0.42105263157894735 0.6095238095238096 
27 0.42105263157894735 0.5904761904761905 0.39628482972136225 0.6190476190476191 0.39628482972136225 0.6369047619047619 0.40619195046439627 0.7892857142857143 0.42538699690402476 0.7892857142857143 0.43034055727554177 0.7785714285714286 0.43034055727554177 0.6488095238095238 0.42538699690402476 0.5916666666666667 0.4241486068111455 0.5904761904761905 0.42105263157894735 0.5904761904761905 
28 0.3863777089783282 0.6095238095238096 0.36656346749226004 0.6190476190476191 0.36656346749226004 0.6452380952380953 0.3814241486068111 0.7702380952380953 0.3993808049535604 0.7702380952380953 0.4006191950464396 0.7678571428571429 0.4006191950464396 0.6095238095238096 0.3863777089783282 0.6095238095238096 
29 0.334984520123839 0.6190476190476191 0.3318885448916409 0.6202380952380953 0.3318885448916409 0.6333333333333333 0.34674922600619196 0.7702380952380953 0.35170278637770896 0.7892857142857143 0.36594427244582045 0.7892857142857143 0.37089783281733746 0.7607142857142857 0.37089783281733746 0.6297619047619047 0.3702786377708978 0.6285714285714286 0.3411764705882353 0.6190476190476191 0.334984520123839 0.6190476190476191 
30 0.28792569659442724 0.6095238095238096 0.2773993808049536 0.6285714285714286 0.2773993808049536 0.7976190476190477 0.2786377708978328 0.7988095238095239 0.31331269349845203 0.8178571428571428 0.3151702786377709 0.8178571428571428 0.32136222910216716 0.8083333333333333 0.3263157894736842 0.7976190476190477 0.3306501547987616 0.7797619047619048 0.33126934984520123 0.7761904761904762 0.33622291021671824 0.7416666666666667 0.3411764705882353 0.6845238095238095 0.3411764705882353 0.6285714285714286 0.33622291021671824 0.6190476190476191 0.3263157894736842 0.6095238095238096 0.28792569659442724 0.6095238095238096 
31 0.22910216718266255 0.6095238095238096 0.22291021671826625 0.6190476190476191 0.21795665634674924 0.7142857142857143 0.21795665634674924 0.7761904761904762 0.21857585139318886 0.7797619047619048 0.2235294117647059 0.7892857142857143 0.23777089783281732 0.7988095238095239 0.2563467492260062 0.7988095238095239 0.26191950464396285 0.7892857142857143 0.26625386996904027 0.7797619047619048 0.2718266253869969 0.7595238095238095 0.28606811145510835 0.694047619047619 0.286687306501548 0.6904761904761905 0.286687306501548 0.6488095238095238 0.28173374613003094 0.6190476190476191 0.26625386996904027 0.6095238095238096 0.22910216718266255 0.6095238095238096 