3 0.34241486068111454 0.44761904761904764 0.32755417956656346 0.45714285714285713 0.3269349845201238 0.4583333333333333 0.3269349845201238 0.48214285714285715 0.3318885448916409 0.5880952380952381 0.34179566563467495 0.6083333333333333 0.3752321981424149 0.6083333333333333 0.3851393188854489 0.5892857142857143 0.38575851393188854 0.5857142857142857 0.38575851393188854 0.5714285714285714 0.38080495356037153 0.5452380952380952 0.37089783281733746 0.49523809523809526 0.3609907120743034 0.45714285714285713 0.35541795665634673 0.44761904761904764 0.34241486068111454 0.44761904761904764 
4 0.38823529411764707 0.42857142857142855 0.38699690402476783 0.4297619047619048 0.3863777089783282 0.430952380952381 0.3814241486068111 0.4607142857142857 0.3764705882352941 0.544047619047619 0.3764705882352941 0.5761904761904761 0.3814241486068111 0.5892857142857143 0.3863777089783282 0.5976190476190476 0.3876160990712074 0.5988095238095238 0.4105263157894737 0.5988095238095238 0.4105263157894737 0.5333333333333333 0.4055727554179567 0.4392857142857143 0.4006191950464396 0.4297619047619048 0.3993808049535604 0.42857142857142855 0.38823529411764707 0.42857142857142855 
5 0.41114551083591333 0.4095238095238095 0.40619195046439627 0.41904761904761906 0.40619195046439627 0.5892857142857143 0.41609907120743034 0.5988095238095238 0.43529411764705883 0.5988095238095238 0.44024767801857584 0.5892857142857143 0.44024767801857584 0.4869047619047619 0.43529411764705883 0.44761904761904764 0.4247678018575851 0.4095238095238095 0.41114551083591333 0.4095238095238095 
6 0.421671826625387 0.38095238095238093 0.42105263157894735 0.3821428571428571 0.42105263157894735 0.42738095238095236 0.4359133126934985 0.5785714285714286 0.4408668730650155 0.5892857142857143 0.4551083591331269 0.5892857142857143 0.46439628482972134 0.5702380952380952 0.465015479876161 0.5678571428571428 0.465015479876161 0.5333333333333333 0.4551083591331269 0.4666666666666667 0.4452012383900929 0.4095238095238095 0.44024767801857584 0.4 0.43034055727554177 0.3821428571428571 0.4278637770897833 0.38095238095238093 0.421671826625387 0.38095238095238093 
7 0.4681114551083591 0.41904761904761906 0.4662538699690402 0.42023809523809524 0.46563467492260063 0.42142857142857143 0.46068111455108357 0.44047619047619047 0.45572755417956656 0.525 0.45572755417956656 0.5416666666666666 0.46068111455108357 0.5797619047619048 0.4848297213622291 0.5797619047619048 0.4848297213622291 0.430952380952381 0.47987616099071206 0.42023809523809524 0.4792569659442725 0.41904761904761906 0.4681114551083591 0.41904761904761906 
8 0.48606811145510836 0.41904761904761906 0.4854489164086687 0.42023809523809524 0.4804953560371517 0.5178571428571429 0.4804953560371517 0.5773809523809523 0.48111455108359136 0.5797619047619048 0.5040247678018576 0.5797619047619048 0.5095975232198142 0.5678571428571428 0.5095975232198142 0.4857142857142857 0.5046439628482973 0.42142857142857143 0.5040247678018576 0.41904761904761906 0.48606811145510836 0.41904761904761906 
9 0.5157894736842106 0.41904761904761906 0.5151702786377709 0.42023809523809524 0.5102167182662539 0.4380952380952381 0.5052631578947369 0.5071428571428571 0.5052631578947369 0.569047619047619 0.5108359133126935 0.5797619047619048 0.5294117647058824 0.5797619047619048 0.5343653250773994 0.5607142857142857 0.5343653250773994 0.42023809523809524 0.5337461300309597 0.41904761904761906 0.5157894736842106 0.41904761904761906 
10 0.5399380804953561 0.42857142857142855 0.534984520123839 0.4666666666666667 0.530030959752322 0.5142857142857142 0.530030959752322 0.5773809523809523 0.5312693498452012 0.5797619047619048 0.5541795665634675 0.5797619047619048 0.5541795665634675 0.42857142857142855 0.5399380804953561 0.42857142857142855 
11 0.5752321981424149 0.37142857142857144 0.5746130030959752 0.3726190476190476 0.5702786377708978 0.38333333333333336 0.5653250773993808 0.4 0.5647058823529412 0.40476190476190477 0.5498452012383901 0.5345238095238095 0.5498452012383901 0.5583333333333333 0.5547987616099072 0.5773809523809523 0.5603715170278638 0.5892857142857143 0.5727554179566563 0.5892857142857143 0.5739938080495356 0.5880952380952381 0.5789473684210527 0.5702380952380952 0.5888544891640867 0.4369047619047619 0.5888544891640867 0.3726190476190476 0.5882352941176471 0.37142857142857144 0.5752321981424149 0.37142857142857144 
12 0.5894736842105263 0.41904761904761906 0.5845201238390093 0.42857142857142855 0.5746130030959752 0.5238095238095238 0.5746130030959752 0.5892857142857143 0.5801857585139318 0.5988095238095238 0.5987616099071208 0.5988095238095238 0.6037151702786377 0.5892857142857143 0.6086687306501548 0.5702380952380952 0.6086687306501548 0.4297619047619048 0.6037151702786377 0.41904761904761906 0.5894736842105263 0.41904761904761906 
13 0.6191950464396285 0.4380952380952381 0.5993808049535604 0.5619047619047619 0.5993808049535604 0.5869047619047619 0.6 0.5892857142857143 0.604953560371517 0.5988095238095238 0.6278637770897832 0.5988095238095238 0.628482972136223 0.5976190476190476 0.6321981424148607 0.5892857142857143 0.6334365325077399 0.5845238095238096 0.6334365325077399 0.4392857142857143 0.6328173374613003 0.4380952380952381 0.6191950464396285 0.4380952380952381 
14 0.6557275541795665 0.42857142857142855 0.6544891640866873 0.4297619047619048 0.6489164086687307 0.4380952380952381 0.6439628482972136 0.4488095238095238 0.6340557275541796 0.5238095238095238 0.6340557275541796 0.5988095238095238 0.660061919504644 0.6083333333333333 0.6681114551083591 0.6083333333333333 0.6730650154798762 0.5988095238095238 0.6780185758513931 0.5880952380952381 0.6780185758513931 0.4488095238095238 0.6730650154798762 0.4297619047619048 0.6718266253869969 0.42857142857142855 0.6557275541795665 0.42857142857142855 
15 0.698452012383901 0.4380952380952381 0.6885448916408669 0.45714285714285713 0.6736842105263158 0.5333333333333333 0.6736842105263158 0.5976190476190476 0.6792569659442724 0.6083333333333333 0.6928792569659443 0.6083333333333333 0.7126934984520124 0.5988095238095238 0.7176470588235294 0.5678571428571428 0.7176470588235294 0.4583333333333333 0.7126934984520124 0.44761904761904764 0.7077399380804954 0.4380952380952381 0.698452012383901 0.4380952380952381 
17 0.7244582043343654 0.580952380952381 0.7089783281733746 0.5904761904761905 0.698452012383901 0.6107142857142858 0.6972136222910217 0.6285714285714286 0.6972136222910217 0.6369047619047619 0.698452012383901 0.6654761904761904 0.718266253869969 0.7130952380952381 0.7331269349845201 0.7416666666666667 0.739938080495356 0.7416666666666667 0.7622291021671826 0.7321428571428571 0.7622291021671826 0.7071428571428572 0.7523219814241486 0.6107142857142858 0.7473684210526316 0.5904761904761905 0.7424148606811145 0.580952380952381 0.7244582043343654 0.580952380952381 
18 0.6594427244582043 0.6 0.6538699690402476 0.6095238095238096 0.6538699690402476 0.655952380952381 0.6687306501547987 0.7309523809523809 0.6786377708978328 0.7595238095238095 0.6835913312693499 0.7690476190476191 0.6848297213622291 0.7702380952380953 0.6972136222910217 0.7702380952380953 0.7077399380804954 0.7607142857142857 0.7077399380804954 0.6952380952380952 0.7027863777089783 0.6107142857142858 0.6972136222910217 0.6 0.6594427244582043 0.6 
19 0.614860681114551 0.6 0.6142414860681115 0.6011904761904762 0.6092879256965944 0.6214285714285714 0.6092879256965944 0.6464285714285715 0.6291021671826625 0.7607142857142857 0.6340557275541796 0.7702380952380953 0.643343653250774 0.7702380952380953 0.6681114551083591 0.7607142857142857 0.6681114551083591 0.7333333333333333 0.6582043343653251 0.6 0.614860681114551 0.6 
20 0.5894736842105263 0.6 0.5845201238390093 0.6107142857142858 0.5845201238390093 0.6547619047619048 0.5944272445820433 0.7607142857142857 0.5993808049535604 0.7797619047619048 0.6136222910216719 0.7797619047619048 0.6185758513931888 0.655952380952381 0.6185758513931888 0.6130952380952381 0.6086687306501548 0.6 0.5894736842105263 0.6 
21 0.5696594427244582 0.5904761904761905 0.5597523219814241 0.6095238095238096 0.5597523219814241 0.655952380952381 0.5647058823529412 0.7404761904761905 0.5696594427244582 0.7702380952380953 0.5752321981424149 0.7797619047619048 0.58328173374613 0.7797619047619048 0.5839009287925696 0.7785714285714286 0.5888544891640867 0.6619047619047619 0.5888544891640867 0.6 0.5789473684210527 0.5904761904761905 0.5696594427244582 0.5904761904761905 
22 0.5405572755417957 0.5904761904761905 0.5399380804953561 0.5916666666666667 0.5399380804953561 0.7309523809523809 0.544891640866873 0.7869047619047619 0.5455108359133127 0.7892857142857143 0.5585139318885449 0.7892857142857143 0.5591331269349845 0.7869047619047619 0.5640866873065016 0.6452380952380953 0.5640866873065016 0.6 0.5585139318885449 0.5904761904761905 0.5405572755417957 0.5904761904761905 
23 0.5207430340557275 0.5904761904761905 0.5201238390092879 0.5916666666666667 0.5201238390092879 0.7214285714285714 0.525077399380805 0.7416666666666667 0.5393188854489164 0.7416666666666667 0.5442724458204334 0.6273809523809524 0.5442724458204334 0.6 0.5337461300309597 0.5904761904761905 0.5207430340557275 0.5904761904761905 
24 0.5003095975232198 0.5904761904761905 0.5003095975232198 0.6654761904761904 0.5052631578947369 0.7321428571428571 0.5102167182662539 0.7416666666666667 0.518266253869969 0.7416666666666667 0.5195046439628483 0.7404761904761905 0.5244582043343653 0.6523809523809524 0.5244582043343653 0.6023809523809524 0.5238390092879257 0.6 0.5188854489164086 0.5904761904761905 0.5003095975232198 0.5904761904761905 
25 0.4854489164086687 0.5904761904761905 0.4854489164086687 0.6833333333333333 0.4904024767801858 0.7404761904761905 0.49102167182662537 0.7416666666666667 0.4996904024767802 0.7416666666666667 0.5040247678018576 0.7321428571428571 0.5046439628482973 0.7285714285714285 0.5046439628482973 0.5916666666666667 0.5040247678018576 0.5904761904761905 0.4854489164086687 0.5904761904761905 
26 0.4662538699690402 0.5904761904761905 0.46563467492260063 0.5916666666666667 0.46563467492260063 0.6261904761904762 0.47058823529411764 0.694047619047619 0.47554179566563465 0.7416666666666667 0.48978328173374613 0.7416666666666667 0.49473684210526314 0.7226190476190476 0.49473684210526314 0.680952380952381 0.48978328173374613 0.5916666666666667 0.4891640866873065 0.5904761904761905 0.4662538699690402 0.5904761904761905 
27 0.45572755417956656 0.580952380952381 0.45077399380804956 0.5904761904761905 0.4458204334365325 0.6571428571428571 0.4458204334365325 0.6797619047619048 0.45077399380804956 0.7988095238095239 0.465015479876161 0.7988095238095239 0.469969040247678 0.7690476190476191 0.47492260061919506 0.655952380952381 0.47492260061919506 0.6190476190476191 0.469969040247678 0.594047619047619 0.4693498452012384 0.5916666666666667 0.460061919504644 0.580952380952381 0.45572755417956656 0.580952380952381 
28 0.426625386996904 0.6 0.42105263157894735 0.6095238095238096 0.42105263157894735 0.655952380952381 0.4309597523219814 0.7690476190476191 0.4359133126934985 0.7797619047619048 0.4501547987616099 0.7797619047619048 0.4501547987616099 0.6095238095238096 0.4452012383900929 0.6 0.426625386996904 0.6 
29 0.40123839009287926 0.6 0.39195046439628484 0.6107142857142858 0.3913312693498452 0.611904761904762 0.3913312693498452 0.7892857142857143 0.4055727554179567 0.7892857142857143 0.4105263157894737 0.7797619047619048 0.42538699690402476 0.6654761904761904 0.42538699690402476 0.6107142857142858 0.4247678018575851 0.6095238095238096 0.41424148606811145 0.6 0.40123839009287926 0.6 
30 0.35170278637770896 0.6095238095238096 0.34674922600619196 0.6190476190476191 0.34179566563467495 0.7273809523809524 0.34179566563467495 0.7702380952380953 0.3715170278637771 0.7797619047619048 0.38080495356037153 0.7797619047619048 0.38575851393188854 0.7702380952380953 0.4006191950464396 0.6654761904761904 0.4006191950464396 0.6095238095238096 0.35170278637770896 0.6095238095238096 
31 0.30712074303405573 0.6 0.3021671826625387 0.6190476190476191 0.29226006191950465 0.7440476190476191 0.29226006191950465 0.7607142857142857 0.3126934984520124 0.7702380952380953 0.3263157894736842 0.7702380952380953 0.33126934984520123 0.7511904761904762 0.3510835913312694 0.6654761904761904 0.3560371517027864 0.6273809523809524 0.3560371517027864 0.6190476190476191 0.3504643962848297 0.6095238095238096 0.33622291021671824 0.6 0.30712074303405573 0.6 