1 0.2786377708978328 0.2761904761904762 0.2773993808049536 0.2773809523809524 0.25758513931888544 0.3523809523809524 0.25758513931888544 0.3869047619047619 0.2582043343653251 0.3892857142857143 0.2625386996904025 0.39880952380952384 0.2773993808049536 0.4083333333333333 0.29659442724458207 0.4083333333333333 0.30092879256965943 0.39880952380952384 0.3015479876160991 0.3964285714285714 0.3015479876160991 0.3047619047619048 0.29659442724458207 0.2857142857142857 0.291640866873065 0.2761904761904762 0.2786377708978328 0.2761904761904762 
2 0.3027863777089783 0.3333333333333333 0.29226006191950465 0.4095238095238095 0.29226006191950465 0.5035714285714286 0.31207430340557274 0.5226190476190476 0.33126934984520123 0.5226190476190476 0.33622291021671824 0.5119047619047619 0.33622291021671824 0.4380952380952381 0.33126934984520123 0.3738095238095238 0.3263157894736842 0.34404761904761905 0.3256965944272446 0.34285714285714286 0.32074303405572757 0.3345238095238095 0.3195046439628483 0.3333333333333333 0.3027863777089783 0.3333333333333333 
3 0.3368421052631579 0.3333333333333333 0.32260061919504646 0.34285714285714286 0.3219814241486068 0.34404761904761905 0.3219814241486068 0.37976190476190474 0.3318885448916409 0.4880952380952381 0.33250773993808047 0.49404761904761907 0.33746130030959753 0.513095238095238 0.3702786377708978 0.513095238095238 0.38080495356037153 0.5035714285714286 0.38080495356037153 0.45 0.37089783281733746 0.3523809523809524 0.3653250773993808 0.3333333333333333 0.3368421052631579 0.3333333333333333 
4 0.38699690402476783 0.3142857142857143 0.3814241486068111 0.3345238095238095 0.3764705882352941 0.3630952380952381 0.3715170278637771 0.41904761904761906 0.3715170278637771 0.45595238095238094 0.3764705882352941 0.5035714285714286 0.3814241486068111 0.513095238095238 0.3956656346749226 0.513095238095238 0.40495356037151703 0.5035714285714286 0.4055727554179567 0.5 0.4055727554179567 0.3619047619047619 0.4006191950464396 0.3142857142857143 0.38699690402476783 0.3142857142857143 
5 0.4068111455108359 0.3142857142857143 0.40619195046439627 0.31666666666666665 0.40123839009287926 0.39166666666666666 0.40123839009287926 0.5023809523809524 0.4024767801857585 0.5035714285714286 0.43034055727554177 0.5035714285714286 0.43034055727554177 0.3630952380952381 0.42538699690402476 0.3238095238095238 0.4198142414860681 0.3142857142857143 0.4068111455108359 0.3142857142857143 
6 0.42229102167182664 0.3047619047619048 0.42105263157894735 0.305952380952381 0.42105263157894735 0.3678571428571429 0.4260061919504644 0.5011904761904762 0.426625386996904 0.5035714285714286 0.4309597523219814 0.513095238095238 0.44953560371517026 0.513095238095238 0.4501547987616099 0.5095238095238095 0.4501547987616099 0.430952380952381 0.4452012383900929 0.37142857142857144 0.44024767801857584 0.3345238095238095 0.43529411764705883 0.305952380952381 0.4346749226006192 0.3047619047619048 0.42229102167182664 0.3047619047619048 
7 0.4563467492260062 0.3523809523809524 0.45572755417956656 0.3547619047619048 0.4458204334365325 0.4785714285714286 0.4458204334365325 0.48214285714285715 0.45077399380804956 0.5011904761904762 0.45572755417956656 0.513095238095238 0.47492260061919506 0.513095238095238 0.47492260061919506 0.3904761904761905 0.469969040247678 0.3523809523809524 0.4563467492260062 0.3523809523809524 
8 0.4761609907120743 0.3523809523809524 0.47554179566563465 0.3535714285714286 0.47058823529411764 0.4 0.47058823529411764 0.5214285714285715 0.4718266253869969 0.5226190476190476 0.49907120743034056 0.5226190476190476 0.4996904024767802 0.5214285714285715 0.4996904024767802 0.4095238095238095 0.49473684210526314 0.3726190476190476 0.48978328173374613 0.3523809523809524 0.4761609907120743 0.3523809523809524 
9 0.5102167182662539 0.34285714285714286 0.5052631578947369 0.3523809523809524 0.5003095975232198 0.38095238095238093 0.4953560371517028 0.42857142857142855 0.4953560371517028 0.4630952380952381 0.5003095975232198 0.513095238095238 0.5052631578947369 0.5226190476190476 0.5287925696594428 0.5226190476190476 0.5294117647058824 0.5214285714285715 0.5294117647058824 0.45 0.5244582043343653 0.3726190476190476 0.5195046439628483 0.34404761904761905 0.5188854489164086 0.34285714285714286 0.5102167182662539 0.34285714285714286 
10 0.5455108359133127 0.3619047619047619 0.544891640866873 0.3630952380952381 0.5399380804953561 0.3821428571428571 0.534984520123839 0.4035714285714286 0.530030959752322 0.42857142857142855 0.5263157894736842 0.44761904761904764 0.525077399380805 0.45476190476190476 0.525077399380805 0.513095238095238 0.5467492260061919 0.513095238095238 0.5492260061919505 0.5119047619047619 0.5535603715170279 0.5035714285714286 0.5591331269349845 0.4845238095238095 0.5591331269349845 0.3619047619047619 0.5455108359133127 0.3619047619047619 
11 0.5696594427244582 0.3238095238095238 0.5647058823529412 0.3333333333333333 0.5597523219814241 0.3523809523809524 0.5547987616099072 0.39166666666666666 0.5498452012383901 0.4845238095238095 0.5498452012383901 0.49404761904761907 0.5547987616099072 0.5119047619047619 0.5597523219814241 0.5226190476190476 0.5684210526315789 0.5226190476190476 0.5789473684210527 0.5035714285714286 0.5839009287925696 0.45476190476190476 0.5839009287925696 0.34285714285714286 0.5820433436532507 0.3333333333333333 0.5789473684210527 0.325 0.578328173374613 0.3238095238095238 0.5696594427244582 0.3238095238095238 
12 0.5956656346749226 0.3142857142857143 0.5944272445820433 0.31547619047619047 0.590092879256966 0.3238095238095238 0.5845201238390093 0.3357142857142857 0.5795665634674922 0.37142857142857144 0.5746130030959752 0.44761904761904764 0.5746130030959752 0.513095238095238 0.5795665634674922 0.5226190476190476 0.5876160990712074 0.5226190476190476 0.6030959752321982 0.5035714285714286 0.6037151702786377 0.5011904761904762 0.6037151702786377 0.3142857142857143 0.5956656346749226 0.3142857142857143 
13 0.6142414860681115 0.3333333333333333 0.6092879256965944 0.34285714285714286 0.6043343653250774 0.3726190476190476 0.5993808049535604 0.42023809523809524 0.5993808049535604 0.5035714285714286 0.6043343653250774 0.5119047619047619 0.6055727554179566 0.513095238095238 0.628482972136223 0.513095238095238 0.628482972136223 0.3345238095238095 0.6272445820433437 0.3333333333333333 0.6142414860681115 0.3333333333333333 
14 0.6489164086687307 0.3333333333333333 0.6439628482972136 0.34404761904761905 0.6390092879256966 0.3619047619047619 0.6241486068111455 0.44761904761904764 0.6241486068111455 0.5035714285714286 0.6340557275541796 0.5226190476190476 0.6681114551083591 0.5226190476190476 0.6730650154798762 0.5119047619047619 0.6730650154798762 0.3535714285714286 0.6575851393188854 0.3333333333333333 0.6489164086687307 0.3333333333333333 
15 0.6891640866873066 0.3333333333333333 0.6835913312693499 0.34285714285714286 0.6786377708978328 0.3619047619047619 0.6687306501547987 0.45714285714285713 0.6687306501547987 0.5119047619047619 0.6786377708978328 0.5321428571428571 0.691640866873065 0.5321428571428571 0.7126934984520124 0.5226190476190476 0.7126934984520124 0.42857142857142855 0.7077399380804954 0.3821428571428571 0.7027863777089783 0.34285714285714286 0.6965944272445821 0.3333333333333333 0.6891640866873066 0.3333333333333333 
16 0.7232198142414861 0.3047619047619048 0.713312693498452 0.30714285714285716 0.7040247678018576 0.3142857142857143 0.7034055727554179 0.31547619047619047 0.698452012383901 0.3630952380952381 0.698452012383901 0.3892857142857143 0.7034055727554179 0.43452380952380953 0.7040247678018576 0.4369047619047619 0.708359133126935 0.44642857142857145 0.7226006191950465 0.44642857142857145 0.7473684210526316 0.42738095238095236 0.7473684210526316 0.3619047619047619 0.7424148606811145 0.3261904761904762 0.7374613003095976 0.3047619047619048 0.7232198142414861 0.3047619047619048 
17 0.718266253869969 0.5238095238095238 0.708359133126935 0.5333333333333333 0.7009287925696595 0.5523809523809524 0.6934984520123839 0.5726190476190476 0.6934984520123839 0.6071428571428571 0.698452012383901 0.6273809523809524 0.7232198142414861 0.675 0.739938080495356 0.675 0.7424148606811145 0.6738095238095239 0.7473684210526316 0.6654761904761904 0.7616099071207431 0.6273809523809524 0.7622291021671826 0.625 0.7622291021671826 0.580952380952381 0.7374613003095976 0.5333333333333333 0.7318885448916409 0.5238095238095238 0.718266253869969 0.5238095238095238 
18 0.6538699690402476 0.5333333333333333 0.6489164086687307 0.5428571428571428 0.6489164086687307 0.5976190476190476 0.6538699690402476 0.6369047619047619 0.6637770897832818 0.6773809523809524 0.6736842105263158 0.7130952380952381 0.6786377708978328 0.7226190476190476 0.6873065015479877 0.7226190476190476 0.7027863777089783 0.6964285714285714 0.7027863777089783 0.5571428571428572 0.7021671826625387 0.5535714285714286 0.6972136222910217 0.5428571428571428 0.6650154798761609 0.5333333333333333 0.6538699690402476 0.5333333333333333 
19 0.5944272445820433 0.5523809523809524 0.5944272445820433 0.5773809523809523 0.6092879256965944 0.7107142857142857 0.6191950464396285 0.7309523809523809 0.6198142414860681 0.7321428571428571 0.6229102167182663 0.7321428571428571 0.648297213622291 0.7130952380952381 0.653250773993808 0.7035714285714286 0.653250773993808 0.5547619047619048 0.6526315789473685 0.5523809523809524 0.5944272445820433 0.5523809523809524 
20 0.5746130030959752 0.5523809523809524 0.5746130030959752 0.5964285714285714 0.5795665634674922 0.6630952380952381 0.5845201238390093 0.7035714285714286 0.5894736842105263 0.7202380952380952 0.590092879256966 0.7214285714285714 0.5913312693498453 0.7226190476190476 0.6030959752321982 0.7226190476190476 0.6037151702786377 0.7202380952380952 0.6086687306501548 0.6166666666666667 0.6086687306501548 0.611904761904762 0.6037151702786377 0.5714285714285714 0.5987616099071208 0.5523809523809524 0.5746130030959752 0.5523809523809524 
21 0.5647058823529412 0.5428571428571428 0.5547987616099072 0.5619047619047619 0.5498452012383901 0.5726190476190476 0.5498452012383901 0.7107142857142857 0.5504643962848297 0.7130952380952381 0.5547987616099072 0.7226190476190476 0.5690402476780185 0.7226190476190476 0.5739938080495356 0.6845238095238095 0.5839009287925696 0.6071428571428571 0.5839009287925696 0.5904761904761905 0.5789473684210527 0.5523809523809524 0.5739938080495356 0.544047619047619 0.5727554179566563 0.5428571428571428 0.5647058823529412 0.5428571428571428 
22 0.534984520123839 0.5428571428571428 0.530030959752322 0.5523809523809524 0.530030959752322 0.7214285714285714 0.534984520123839 0.7321428571428571 0.5486068111455108 0.7321428571428571 0.5492260061919505 0.7309523809523809 0.5541795665634675 0.6630952380952381 0.5591331269349845 0.5797619047619048 0.5591331269349845 0.5630952380952381 0.5541795665634675 0.544047619047619 0.5535603715170279 0.5428571428571428 0.534984520123839 0.5428571428571428 
23 0.5102167182662539 0.5333333333333333 0.5102167182662539 0.6261904761904762 0.5151702786377709 0.694047619047619 0.5244582043343653 0.694047619047619 0.5294117647058824 0.6845238095238095 0.5343653250773994 0.6452380952380953 0.5343653250773994 0.544047619047619 0.5287925696594428 0.5333333333333333 0.5102167182662539 0.5333333333333333 
24 0.4953560371517028 0.5333333333333333 0.4953560371517028 0.5976190476190476 0.5003095975232198 0.694047619047619 0.513312693498452 0.694047619047619 0.5145510835913313 0.6916666666666667 0.5145510835913313 0.5416666666666666 0.5139318885448917 0.5345238095238095 0.49597523219814244 0.5333333333333333 0.4953560371517028 0.5333333333333333 
25 0.4804953560371517 0.5238095238095238 0.4804953560371517 0.6238095238095238 0.4854489164086687 0.6714285714285714 0.48606811145510836 0.675 0.49102167182662537 0.694047619047619 0.4996904024767802 0.694047619047619 0.5046439628482973 0.6845238095238095 0.5046439628482973 0.5345238095238095 0.5040247678018576 0.5333333333333333 0.49473684210526314 0.5238095238095238 0.4804953560371517 0.5238095238095238 
26 0.46563467492260063 0.5333333333333333 0.46068111455108357 0.5464285714285714 0.46068111455108357 0.6047619047619047 0.46563467492260063 0.675 0.47058823529411764 0.6928571428571428 0.4712074303405573 0.694047619047619 0.4842105263157895 0.694047619047619 0.4848297213622291 0.6928571428571428 0.4848297213622291 0.5392857142857143 0.4842105263157895 0.5333333333333333 0.46563467492260063 0.5333333333333333 
27 0.4470588235294118 0.5333333333333333 0.4458204334365325 0.5357142857142857 0.4408668730650155 0.5523809523809524 0.4408668730650155 0.6238095238095238 0.4458204334365325 0.7011904761904761 0.45077399380804956 0.7226190476190476 0.45944272445820433 0.7226190476190476 0.460061919504644 0.7214285714285714 0.465015479876161 0.7035714285714286 0.465015479876161 0.5333333333333333 0.4470588235294118 0.5333333333333333 
28 0.4235294117647059 0.5428571428571428 0.42105263157894735 0.5523809523809524 0.42105263157894735 0.6178571428571429 0.4309597523219814 0.7119047619047619 0.43653250773993807 0.7321428571428571 0.44953560371517026 0.7321428571428571 0.4501547987616099 0.7273809523809524 0.4501547987616099 0.6761904761904762 0.4452012383900929 0.5535714285714286 0.44024767801857584 0.5428571428571428 0.4235294117647059 0.5428571428571428 
29 0.39628482972136225 0.5428571428571428 0.3913312693498452 0.5619047619047619 0.3913312693498452 0.6047619047619047 0.39628482972136225 0.6904761904761905 0.40123839009287926 0.7119047619047619 0.40619195046439627 0.7321428571428571 0.4148606811145511 0.7321428571428571 0.4154798761609907 0.7309523809523809 0.42043343653250775 0.7130952380952381 0.42538699690402476 0.6166666666666667 0.42538699690402476 0.5535714285714286 0.4198142414860681 0.5428571428571428 0.39628482972136225 0.5428571428571428 
30 0.35170278637770896 0.5428571428571428 0.34674922600619196 0.6297619047619047 0.34674922600619196 0.7119047619047619 0.3473684210526316 0.7130952380952381 0.3671826625386997 0.7321428571428571 0.38080495356037153 0.7321428571428571 0.38575851393188854 0.7214285714285714 0.3907120743034056 0.7023809523809523 0.3956656346749226 0.6738095238095239 0.4006191950464396 0.6273809523809524 0.4006191950464396 0.5428571428571428 0.35170278637770896 0.5428571428571428 
31 0.30835913312693497 0.5333333333333333 0.30712074303405573 0.5345238095238095 0.3021671826625387 0.544047619047619 0.3021671826625387 0.6928571428571428 0.31207430340557274 0.7214285714285714 0.31331269349845203 0.7226190476190476 0.32507739938080493 0.7226190476190476 0.3263157894736842 0.7214285714285714 0.3306501547987616 0.7130952380952381 0.3411764705882353 0.6833333333333333 0.3461300309597523 0.6654761904761904 0.3560371517027864 0.5952380952380952 0.3560371517027864 0.55 0.35479876160990714 0.5464285714285714 0.35170278637770896 0.5428571428571428 0.3306501547987616 0.5333333333333333 0.30835913312693497 0.5333333333333333 
32 0.2582043343653251 0.5238095238095238 0.25263157894736843 0.5333333333333333 0.24272445820433436 0.5714285714285714 0.24272445820433436 0.6369047619047619 0.25758513931888544 0.6654761904761904 0.27678018575851393 0.6654761904761904 0.29102167182662536 0.6464285714285715 0.29659442724458207 0.6369047619047619 0.3015479876160991 0.6261904761904762 0.3065015479876161 0.5988095238095238 0.3065015479876161 0.5619047619047619 0.286687306501548 0.525 0.2854489164086687 0.5238095238095238 0.2582043343653251 0.5238095238095238 