3 0.3523219814241486 0.4 0.34674922600619196 0.4095238095238095 0.34674922600619196 0.5666666666666667 0.3473684210526316 0.569047619047619 0.3523219814241486 0.5797619047619048 0.3956656346749226 0.5797619047619048 0.4 0.569047619047619 0.4006191950464396 0.5666666666666667 0.4006191950464396 0.5059523809523809 0.38080495356037153 0.42857142857142855 0.37585139318885447 0.4095238095238095 0.3702786377708978 0.4 0.3523219814241486 0.4 
4 0.40123839009287926 0.4095238095238095 0.39628482972136225 0.41904761904761906 0.3913312693498452 0.4773809523809524 0.3913312693498452 0.513095238095238 0.39628482972136225 0.5702380952380952 0.4198142414860681 0.5702380952380952 0.42538699690402476 0.5607142857142857 0.42538699690402476 0.5059523809523809 0.42043343653250775 0.4523809523809524 0.4154798761609907 0.4107142857142857 0.41424148606811145 0.4095238095238095 0.40123839009287926 0.4095238095238095 
5 0.41671826625387 0.37142857142857144 0.41114551083591333 0.38095238095238093 0.41114551083591333 0.4369047619047619 0.41609907120743034 0.513095238095238 0.42105263157894735 0.5607142857142857 0.4501547987616099 0.5607142857142857 0.4501547987616099 0.5059523809523809 0.43529411764705883 0.37142857142857144 0.41671826625387 0.37142857142857144 
6 0.44643962848297214 0.37142857142857144 0.44148606811145513 0.38095238095238093 0.4408668730650155 0.38452380952380955 0.4359133126934985 0.4583333333333333 0.4359133126934985 0.4845238095238095 0.4408668730650155 0.569047619047619 0.44148606811145513 0.5702380952380952 0.44891640866873067 0.5702380952380952 0.460061919504644 0.5607142857142857 0.465015479876161 0.5511904761904762 0.469969040247678 0.5404761904761904 0.469969040247678 0.4869047619047619 0.460061919504644 0.3726190476190476 0.45944272445820433 0.37142857142857144 0.44643962848297214 0.37142857142857144 
7 0.47554179566563465 0.38095238095238093 0.46563467492260063 0.4011904761904762 0.46068111455108357 0.42857142857142855 0.46068111455108357 0.5464285714285714 0.4613003095975232 0.55 0.46253869969040246 0.5511904761904762 0.4842105263157895 0.5511904761904762 0.4848297213622291 0.5488095238095239 0.48978328173374613 0.513095238095238 0.48978328173374613 0.45714285714285713 0.4848297213622291 0.3869047619047619 0.4842105263157895 0.38095238095238093 0.47554179566563465 0.38095238095238093 
8 0.5009287925696595 0.37142857142857144 0.4854489164086687 0.4095238095238095 0.4804953560371517 0.4595238095238095 0.4804953560371517 0.5666666666666667 0.48111455108359136 0.5702380952380952 0.4854489164086687 0.5797619047619048 0.5095975232198142 0.5797619047619048 0.5145510835913313 0.5702380952380952 0.5145510835913313 0.375 0.5139318885448917 0.37142857142857144 0.5009287925696595 0.37142857142857144 
9 0.5312693498452012 0.4 0.5256965944272446 0.4095238095238095 0.525077399380805 0.4107142857142857 0.5201238390092879 0.430952380952381 0.5151702786377709 0.4583333333333333 0.5102167182662539 0.4880952380952381 0.5052631578947369 0.5619047619047619 0.5052631578947369 0.5797619047619048 0.5393188854489164 0.5797619047619048 0.5442724458204334 0.5202380952380953 0.5442724458204334 0.4 0.5312693498452012 0.4 
10 0.5504643962848297 0.4095238095238095 0.544891640866873 0.42857142857142855 0.5399380804953561 0.4488095238095238 0.534984520123839 0.5142857142857142 0.534984520123839 0.555952380952381 0.5356037151702786 0.5607142857142857 0.5399380804953561 0.5773809523809523 0.5411764705882353 0.5797619047619048 0.5523219814241486 0.5797619047619048 0.5541795665634675 0.5785714285714286 0.5640866873065016 0.5702380952380952 0.5640866873065016 0.41904761904761906 0.5591331269349845 0.4095238095238095 0.5504643962848297 0.4095238095238095 
11 0.5758513931888545 0.3904761904761905 0.5746130030959752 0.39166666666666666 0.5696594427244582 0.4011904761904762 0.5653250773993808 0.41904761904761906 0.5597523219814241 0.45 0.5597523219814241 0.5892857142857143 0.5739938080495356 0.5892857142857143 0.58328173374613 0.5797619047619048 0.5839009287925696 0.5761904761904761 0.5839009287925696 0.47619047619047616 0.5789473684210527 0.39166666666666666 0.578328173374613 0.3904761904761905 0.5758513931888545 0.3904761904761905 
12 0.590092879256966 0.42857142857142855 0.5894736842105263 0.4297619047619048 0.5845201238390093 0.4488095238095238 0.5795665634674922 0.4857142857142857 0.5795665634674922 0.5773809523809523 0.5808049535603715 0.5797619047619048 0.6037151702786377 0.5797619047619048 0.6086687306501548 0.5214285714285715 0.6086687306501548 0.4380952380952381 0.6037151702786377 0.42857142857142855 0.590092879256966 0.42857142857142855 
13 0.6198142414860681 0.41904761904761906 0.6142414860681115 0.4297619047619048 0.6043343653250774 0.4666666666666667 0.5993808049535604 0.5142857142857142 0.5944272445820433 0.5714285714285714 0.5944272445820433 0.5773809523809523 0.595046439628483 0.5797619047619048 0.5993808049535604 0.5892857142857143 0.6185758513931888 0.5892857142857143 0.6235294117647059 0.5785714285714286 0.6334365325077399 0.49047619047619045 0.6334365325077399 0.4226190476190476 0.6328173374613003 0.41904761904761906 0.6198142414860681 0.41904761904761906 
14 0.6495356037151703 0.4095238095238095 0.6439628482972136 0.41904761904761906 0.6390092879256966 0.44047619047619047 0.6198142414860681 0.5238095238095238 0.6191950464396285 0.5345238095238095 0.6191950464396285 0.5880952380952381 0.6247678018575852 0.5988095238095238 0.6390092879256966 0.6083333333333333 0.6582043343653251 0.6083333333333333 0.6631578947368421 0.5988095238095238 0.6730650154798762 0.5607142857142857 0.6730650154798762 0.5083333333333333 0.6681114551083591 0.42857142857142855 0.6674922600619195 0.41904761904761906 0.6625386996904025 0.4095238095238095 0.6495356037151703 0.4095238095238095 
20 0.5795665634674922 0.6190476190476191 0.5746130030959752 0.6285714285714286 0.5746130030959752 0.7416666666666667 0.5894736842105263 0.8083333333333333 0.5944272445820433 0.8178571428571428 0.6130030959752322 0.8178571428571428 0.6185758513931888 0.8071428571428572 0.6185758513931888 0.6392857142857142 0.6130030959752322 0.6285714285714286 0.5987616099071208 0.6190476190476191 0.5795665634674922 0.6190476190476191 
21 0.5504643962848297 0.6285714285714286 0.5498452012383901 0.6321428571428571 0.544891640866873 0.7428571428571429 0.544891640866873 0.7785714285714286 0.5498452012383901 0.7892857142857143 0.5547987616099072 0.7988095238095239 0.5591331269349845 0.7988095238095239 0.5640866873065016 0.7964285714285714 0.5690402476780185 0.7892857142857143 0.5888544891640867 0.6833333333333333 0.5888544891640867 0.6297619047619047 0.5882352941176471 0.6285714285714286 0.5504643962848297 0.6285714285714286 
22 0.5312693498452012 0.6095238095238096 0.530030959752322 0.6107142857142858 0.525077399380805 0.6285714285714286 0.525077399380805 0.694047619047619 0.530030959752322 0.7892857142857143 0.534984520123839 0.7988095238095239 0.5436532507739938 0.7988095238095239 0.5442724458204334 0.7976190476190477 0.5492260061919505 0.7785714285714286 0.5541795665634675 0.75 0.5541795665634675 0.6202380952380953 0.5486068111455108 0.6095238095238096 0.5312693498452012 0.6095238095238096 
23 0.5157894736842106 0.5904761904761905 0.5102167182662539 0.6 0.5102167182662539 0.675 0.5151702786377709 0.7702380952380953 0.5238390092879257 0.7702380952380953 0.5244582043343653 0.7666666666666667 0.5294117647058824 0.7214285714285714 0.5343653250773994 0.6369047619047619 0.5343653250773994 0.5916666666666667 0.5325077399380805 0.5904761904761905 0.5157894736842106 0.5904761904761905 
24 0.4953560371517028 0.6 0.4953560371517028 0.6845238095238095 0.5003095975232198 0.75 0.5009287925696595 0.7511904761904762 0.508359133126935 0.7511904761904762 0.5095975232198142 0.75 0.5139318885448917 0.7321428571428571 0.5145510835913313 0.7285714285714285 0.5145510835913313 0.6 0.4953560371517028 0.6 
25 0.4804953560371517 0.6 0.4804953560371517 0.7416666666666667 0.49473684210526314 0.7416666666666667 0.49907120743034056 0.7226190476190476 0.4996904024767802 0.7178571428571429 0.4996904024767802 0.6 0.4804953560371517 0.6 
26 0.46687306501547987 0.6 0.46563467492260063 0.6011904761904762 0.46563467492260063 0.7511904761904762 0.47987616099071206 0.7511904761904762 0.4848297213622291 0.7404761904761905 0.4848297213622291 0.6011904761904762 0.4842105263157895 0.6 0.46687306501547987 0.6 
27 0.45572755417956656 0.5904761904761905 0.45077399380804956 0.5916666666666667 0.4458204334365325 0.6 0.4408668730650155 0.638095238095238 0.4408668730650155 0.7416666666666667 0.4458204334365325 0.7690476190476191 0.44643962848297214 0.7702380952380953 0.4544891640866873 0.7702380952380953 0.4551083591331269 0.7690476190476191 0.460061919504644 0.7583333333333333 0.465015479876161 0.6821428571428572 0.465015479876161 0.6023809523809524 0.460061919504644 0.5904761904761905 0.45572755417956656 0.5904761904761905 
28 0.42724458204334365 0.5904761904761905 0.4260061919504644 0.5916666666666667 0.4260061919504644 0.7226190476190476 0.4309597523219814 0.7416666666666667 0.44458204334365325 0.7416666666666667 0.4452012383900929 0.7392857142857143 0.4501547987616099 0.6452380952380953 0.4501547987616099 0.6 0.4452012383900929 0.5904761904761905 0.42724458204334365 0.5904761904761905 
29 0.3913312693498452 0.6 0.3863777089783282 0.638095238095238 0.3863777089783282 0.6726190476190477 0.3913312693498452 0.7595238095238095 0.39628482972136225 0.7702380952380953 0.4055727554179567 0.7702380952380953 0.4105263157894737 0.7607142857142857 0.43034055727554177 0.6654761904761904 0.43034055727554177 0.6095238095238096 0.42538699690402476 0.6 0.3913312693498452 0.6 
30 0.3368421052631579 0.580952380952381 0.3318885448916409 0.6 0.3318885448916409 0.6273809523809524 0.34179566563467495 0.7511904761904762 0.34674922600619196 0.7595238095238095 0.3479876160990712 0.7607142857142857 0.37089783281733746 0.7607142857142857 0.37585139318885447 0.75 0.39009287925696595 0.675 0.3956656346749226 0.6452380952380953 0.3956656346749226 0.5916666666666667 0.39442724458204337 0.5904761904761905 0.3653250773993808 0.580952380952381 0.3368421052631579 0.580952380952381 