1 0.25263157894736843 0.4380952380952381 0.24272445820433436 0.44761904761904764 0.23777089783281732 0.5523809523809524 0.23777089783281732 0.5892857142857143 0.243343653250774 0.5988095238095238 0.2674922600619195 0.6083333333333333 0.2891640866873065 0.6083333333333333 0.29040247678018577 0.6071428571428571 0.2959752321981424 0.5988095238095238 0.29659442724458207 0.5976190476190476 0.29659442724458207 0.5523809523809524 0.286687306501548 0.4857142857142857 0.28173374613003094 0.45714285714285713 0.26625386996904027 0.4380952380952381 0.25263157894736843 0.4380952380952381 
3 0.3170278637770898 0.44761904761904764 0.30712074303405573 0.580952380952381 0.30712074303405573 0.6154761904761905 0.3077399380804954 0.6178571428571429 0.34241486068111454 0.6369047619047619 0.3653250773993808 0.6369047619047619 0.37089783281733746 0.6273809523809524 0.37089783281733746 0.5916666666666667 0.3609907120743034 0.4869047619047619 0.3560371517027864 0.45714285714285713 0.3510835913312694 0.4488095238095238 0.3498452012383901 0.44761904761904764 0.3170278637770898 0.44761904761904764 
4 0.3622291021671827 0.42857142857142855 0.36160990712074303 0.4297619047619048 0.3572755417956656 0.4392857142857143 0.356656346749226 0.444047619047619 0.356656346749226 0.5666666666666667 0.36160990712074303 0.6321428571428571 0.3622291021671827 0.6369047619047619 0.38390092879256965 0.6369047619047619 0.4006191950464396 0.6261904761904762 0.40495356037151703 0.6178571428571429 0.4055727554179567 0.611904761904762 0.4055727554179567 0.580952380952381 0.38575851393188854 0.46785714285714286 0.38080495356037153 0.44761904761904764 0.37585139318885447 0.42857142857142855 0.3622291021671827 0.42857142857142855 
5 0.3913312693498452 0.42857142857142855 0.3863777089783282 0.5345238095238095 0.3863777089783282 0.6273809523809524 0.39195046439628484 0.6369047619047619 0.42910216718266253 0.6369047619047619 0.4346749226006192 0.6273809523809524 0.43529411764705883 0.6261904761904762 0.43529411764705883 0.580952380952381 0.42538699690402476 0.4988095238095238 0.42043343653250775 0.4595238095238095 0.4198142414860681 0.45714285714285713 0.4154798761609907 0.44761904761904764 0.4055727554179567 0.42857142857142855 0.3913312693498452 0.42857142857142855 
6 0.43343653250773995 0.41904761904761906 0.4321981424148607 0.42023809523809524 0.4309597523219814 0.4226190476190476 0.4260061919504644 0.4392857142857143 0.42105263157894735 0.45714285714285713 0.42105263157894735 0.6357142857142857 0.421671826625387 0.6369047619047619 0.4452012383900929 0.6369047619047619 0.4501547987616099 0.6273809523809524 0.4551083591331269 0.6071428571428571 0.4551083591331269 0.5714285714285714 0.4501547987616099 0.47619047619047616 0.4452012383900929 0.42857142857142855 0.43962848297213625 0.41904761904761906 0.43343653250773995 0.41904761904761906 
7 0.46253869969040246 0.44761904761904764 0.46068111455108357 0.4488095238095238 0.45572755417956656 0.46785714285714286 0.45077399380804956 0.49523809523809526 0.4458204334365325 0.5428571428571428 0.4458204334365325 0.6273809523809524 0.4563467492260062 0.6464285714285715 0.47368421052631576 0.6464285714285715 0.47492260061919506 0.6452380952380953 0.47987616099071206 0.6369047619047619 0.47987616099071206 0.5738095238095238 0.47492260061919506 0.45714285714285713 0.469969040247678 0.44761904761904764 0.46253869969040246 0.44761904761904764 
8 0.4854489164086687 0.41904761904761906 0.47554179566563465 0.4392857142857143 0.47058823529411764 0.47023809523809523 0.47058823529411764 0.5797619047619048 0.47554179566563465 0.6357142857142857 0.4761609907120743 0.6369047619047619 0.4934984520123839 0.6369047619047619 0.5046439628482973 0.6273809523809524 0.5046439628482973 0.4857142857142857 0.4996904024767802 0.4297619047619048 0.49473684210526314 0.41904761904761906 0.4854489164086687 0.41904761904761906 
9 0.5151702786377709 0.42857142857142855 0.5102167182662539 0.44761904761904764 0.5003095975232198 0.5523809523809524 0.5003095975232198 0.5964285714285714 0.5052631578947369 0.6369047619047619 0.5343653250773994 0.6369047619047619 0.5343653250773994 0.4880952380952381 0.5294117647058824 0.4297619047619048 0.5287925696594428 0.42857142857142855 0.5151702786377709 0.42857142857142855 
10 0.534984520123839 0.44761904761904764 0.530030959752322 0.5047619047619047 0.530030959752322 0.6369047619047619 0.5640866873065016 0.6369047619047619 0.5640866873065016 0.5630952380952381 0.5591331269349845 0.47619047619047616 0.5541795665634675 0.45714285714285713 0.5479876160990712 0.44761904761904764 0.534984520123839 0.44761904761904764 
11 0.5801857585139318 0.4095238095238095 0.5746130030959752 0.41904761904761906 0.5696594427244582 0.42857142857142855 0.5647058823529412 0.4595238095238095 0.5597523219814241 0.5142857142857142 0.5597523219814241 0.6452380952380953 0.5603715170278638 0.6464285714285715 0.5696594427244582 0.655952380952381 0.5789473684210527 0.655952380952381 0.5839009287925696 0.6464285714285715 0.5888544891640867 0.6357142857142857 0.5938080495356037 0.5976190476190476 0.5938080495356037 0.44166666666666665 0.5888544891640867 0.4107142857142857 0.5876160990712074 0.4095238095238095 0.5801857585139318 0.4095238095238095 
12 0.604953560371517 0.45714285714285713 0.5993808049535604 0.46785714285714286 0.5944272445820433 0.4857142857142857 0.5894736842105263 0.5047619047619047 0.5894736842105263 0.5976190476190476 0.5907120743034056 0.5988095238095238 0.6123839009287926 0.5988095238095238 0.6136222910216719 0.5976190476190476 0.6136222910216719 0.46785714285714286 0.6080495356037152 0.45714285714285713 0.604953560371517 0.45714285714285713 
13 0.6340557275541796 0.4666666666666667 0.6291021671826625 0.4773809523809524 0.6191950464396285 0.5142857142857142 0.6092879256965944 0.575 0.6092879256965944 0.6357142857142857 0.6142414860681115 0.6464285714285715 0.6241486068111455 0.655952380952381 0.643343653250774 0.655952380952381 0.648297213622291 0.6464285714285715 0.653250773993808 0.6083333333333333 0.653250773993808 0.5154761904761904 0.648297213622291 0.47023809523809523 0.643343653250774 0.4666666666666667 0.6340557275541796 0.4666666666666667 
14 0.6749226006191951 0.44761904761904764 0.6637770897832818 0.45714285714285713 0.6544891640866873 0.47619047619047616 0.6489164086687307 0.49523809523809526 0.6439628482972136 0.6095238095238096 0.6439628482972136 0.6369047619047619 0.6495356037151703 0.6464285714285715 0.6922600619195046 0.6464285714285715 0.6928792569659443 0.6452380952380953 0.6978328173374613 0.5511904761904762 0.6978328173374613 0.46190476190476193 0.6972136222910217 0.45714285714285713 0.6922600619195046 0.44761904761904764 0.6749226006191951 0.44761904761904764 
16 0.7337461300309598 0.44761904761904764 0.7232198142414861 0.45714285714285713 0.718266253869969 0.46785714285714286 0.713312693498452 0.544047619047619 0.713312693498452 0.5869047619047619 0.7139318885448916 0.5892857142857143 0.7188854489164087 0.5988095238095238 0.7523219814241486 0.5988095238095238 0.7572755417956656 0.5976190476190476 0.76656346749226 0.5892857142857143 0.7671826625386997 0.5869047619047619 0.7671826625386997 0.5357142857142857 0.7622291021671826 0.4488095238095238 0.7616099071207431 0.44761904761904764 0.7337461300309598 0.44761904761904764 
17 0.7678018575851393 0.5619047619047619 0.7380804953560371 0.580952380952381 0.7281733746130031 0.5904761904761905 0.7281733746130031 0.6261904761904762 0.7331269349845201 0.655952380952381 0.7430340557275542 0.6916666666666667 0.7436532507739938 0.6928571428571428 0.7628482972136222 0.7226190476190476 0.7857585139318886 0.7226190476190476 0.7969040247678019 0.7130952380952381 0.7969040247678019 0.5726190476190476 0.7919504643962848 0.5619047619047619 0.7678018575851393 0.5619047619047619 
18 0.6439628482972136 0.6285714285714286 0.6297213622291021 0.6476190476190476 0.6291021671826625 0.6488095238095238 0.6291021671826625 0.7095238095238096 0.6297213622291021 0.7130952380952381 0.6340557275541796 0.7309523809523809 0.6390092879256966 0.75 0.6439628482972136 0.7607142857142857 0.6489164086687307 0.7690476190476191 0.6501547987616099 0.7702380952380953 0.6823529411764706 0.7702380952380953 0.6928792569659443 0.7607142857142857 0.6928792569659443 0.6297619047619047 0.6922600619195046 0.6285714285714286 0.6439628482972136 0.6285714285714286 
20 0.5944272445820433 0.6285714285714286 0.5944272445820433 0.6833333333333333 0.5993808049535604 0.7119047619047619 0.6099071207430341 0.7607142857142857 0.614860681114551 0.7797619047619048 0.6241486068111455 0.7988095238095239 0.638390092879257 0.7988095238095239 0.638390092879257 0.7333333333333333 0.6334365325077399 0.6488095238095238 0.6328173374613003 0.6476190476190476 0.6278637770897832 0.6392857142857142 0.6185758513931888 0.6297619047619047 0.6173374613003096 0.6285714285714286 0.5944272445820433 0.6285714285714286 
21 0.5845201238390093 0.6 0.5653250773993808 0.6476190476190476 0.5647058823529412 0.65 0.5647058823529412 0.6714285714285714 0.5696594427244582 0.7416666666666667 0.5746130030959752 0.7797619047619048 0.5845201238390093 0.7988095238095239 0.5925696594427244 0.7988095238095239 0.5938080495356037 0.7964285714285714 0.6037151702786377 0.694047619047619 0.6037151702786377 0.6107142857142858 0.5987616099071208 0.6 0.5845201238390093 0.6 
22 0.5492260061919505 0.6285714285714286 0.5455108359133127 0.6297619047619047 0.5399380804953561 0.638095238095238 0.5399380804953561 0.694047619047619 0.544891640866873 0.7440476190476191 0.5498452012383901 0.7797619047619048 0.5547987616099072 0.7976190476190477 0.5572755417956656 0.7988095238095239 0.5739938080495356 0.7988095238095239 0.5739938080495356 0.6857142857142857 0.5690402476780185 0.638095238095238 0.5634674922600619 0.6285714285714286 0.5492260061919505 0.6285714285714286 
23 0.5256965944272446 0.6285714285714286 0.5201238390092879 0.6476190476190476 0.5201238390092879 0.7404761904761905 0.5207430340557275 0.7416666666666667 0.5256965944272446 0.75 0.5269349845201239 0.7511904761904762 0.5331269349845201 0.7511904761904762 0.5343653250773994 0.75 0.5393188854489164 0.7226190476190476 0.5492260061919505 0.6464285714285715 0.5492260061919505 0.6297619047619047 0.5479876160990712 0.6285714285714286 0.5256965944272446 0.6285714285714286 
24 0.5052631578947369 0.6190476190476191 0.5003095975232198 0.6476190476190476 0.5003095975232198 0.7404761904761905 0.5089783281733746 0.7488095238095238 0.5095975232198142 0.7488095238095238 0.5139318885448917 0.7416666666666667 0.5145510835913313 0.7404761904761905 0.5188854489164086 0.7226190476190476 0.5195046439628483 0.719047619047619 0.5294117647058824 0.6416666666666667 0.5294117647058824 0.6297619047619047 0.5275541795665635 0.6285714285714286 0.5095975232198142 0.6190476190476191 0.5052631578947369 0.6190476190476191 
25 0.5003095975232198 0.6095238095238096 0.49102167182662537 0.6190476190476191 0.4854489164086687 0.6285714285714286 0.4854489164086687 0.7130952380952381 0.4904024767801858 0.7309523809523809 0.491640866873065 0.7321428571428571 0.49907120743034056 0.7321428571428571 0.5046439628482973 0.7226190476190476 0.5046439628482973 0.6107142857142858 0.503405572755418 0.6095238095238096 0.5003095975232198 0.6095238095238096 
26 0.4761609907120743 0.6190476190476191 0.46563467492260063 0.638095238095238 0.46563467492260063 0.6928571428571428 0.47058823529411764 0.7214285714285714 0.47554179566563465 0.7464285714285714 0.47678018575851394 0.7511904761904762 0.48359133126934983 0.7511904761904762 0.48978328173374613 0.7321428571428571 0.48978328173374613 0.6309523809523809 0.4885448916408669 0.6285714285714286 0.4786377708978328 0.6190476190476191 0.4761609907120743 0.6190476190476191 
27 0.4470588235294118 0.6095238095238096 0.44148606811145513 0.6190476190476191 0.4359133126934985 0.6297619047619047 0.4309597523219814 0.6833333333333333 0.4309597523219814 0.7607142857142857 0.43653250773993807 0.7797619047619048 0.4538699690402477 0.7797619047619048 0.4551083591331269 0.7785714285714286 0.469969040247678 0.7023809523809523 0.469969040247678 0.6392857142857142 0.44953560371517026 0.6095238095238096 0.4470588235294118 0.6095238095238096 
28 0.40123839009287926 0.6285714285714286 0.40123839009287926 0.6821428571428572 0.41114551083591333 0.7988095238095239 0.4297213622291022 0.7988095238095239 0.43034055727554177 0.7964285714285714 0.43529411764705883 0.7511904761904762 0.44024767801857584 0.675 0.44024767801857584 0.6285714285714286 0.40123839009287926 0.6285714285714286 
29 0.3814241486068111 0.6190476190476191 0.3715170278637771 0.6297619047619047 0.3715170278637771 0.6630952380952381 0.3764705882352941 0.7988095238095239 0.3851393188854489 0.7988095238095239 0.3907120743034056 0.7880952380952381 0.4 0.7607142857142857 0.4006191950464396 0.7583333333333333 0.4105263157894737 0.6928571428571428 0.4105263157894737 0.6797619047619048 0.4055727554179567 0.6285714285714286 0.39442724458204337 0.6190476190476191 0.3814241486068111 0.6190476190476191 
30 0.2873065015479876 0.5904761904761905 0.2823529411764706 0.6 0.25263157894736843 0.7357142857142858 0.25263157894736843 0.7488095238095238 0.2532507739938081 0.7511904761904762 0.27801857585139317 0.7988095238095239 0.29040247678018577 0.7988095238095239 0.30092879256965943 0.7892857142857143 0.3058823529411765 0.7797619047619048 0.3306501547987616 0.7130952380952381 0.33622291021671824 0.6928571428571428 0.3411764705882353 0.6738095238095239 0.34241486068111454 0.655952380952381 0.34241486068111454 0.638095238095238 0.3411764705882353 0.6214285714285714 0.34055727554179566 0.6190476190476191 0.33126934984520123 0.6095238095238096 0.31145510835913315 0.5904761904761905 0.2873065015479876 0.5904761904761905 
32 0.2241486068111455 0.5619047619047619 0.22291021671826625 0.5630952380952381 0.21857585139318886 0.5714285714285714 0.2130030959752322 0.6 0.20804953560371517 0.6964285714285714 0.20804953560371517 0.7214285714285714 0.2130030959752322 0.7321428571428571 0.23157894736842105 0.7321428571428571 0.2513931888544892 0.7130952380952381 0.26687306501547986 0.6928571428571428 0.2712074303405573 0.6845238095238095 0.28173374613003094 0.6464285714285715 0.28173374613003094 0.6 0.2718266253869969 0.5904761904761905 0.23219814241486067 0.5619047619047619 0.2241486068111455 0.5619047619047619 