3 0.3473684210526316 0.38095238095238093 0.31207430340557274 0.4095238095238095 0.31207430340557274 0.45595238095238094 0.3219814241486068 0.5797619047619048 0.3318885448916409 0.5976190476190476 0.3331269349845201 0.5988095238095238 0.35975232198142415 0.5988095238095238 0.38575851393188854 0.5892857142857143 0.3907120743034056 0.5785714285714286 0.3907120743034056 0.5273809523809524 0.36594427244582045 0.3904761904761905 0.3609907120743034 0.38095238095238093 0.3473684210526316 0.38095238095238093 
4 0.36160990712074303 0.38095238095238093 0.36160990712074303 0.41309523809523807 0.36656346749226004 0.475 0.3863777089783282 0.5785714285714286 0.38699690402476783 0.5797619047619048 0.4154798761609907 0.5797619047619048 0.42043343653250775 0.5702380952380952 0.4247678018575851 0.5607142857142857 0.4247678018575851 0.5238095238095238 0.42043343653250775 0.49523809523809526 0.3956656346749226 0.3904761904761905 0.39009287925696595 0.38095238095238093 0.36160990712074303 0.38095238095238093 
5 0.40123839009287926 0.37142857142857144 0.3913312693498452 0.38095238095238093 0.3913312693498452 0.4154761904761905 0.41114551083591333 0.5785714285714286 0.41238390092879257 0.5797619047619048 0.43034055727554177 0.5797619047619048 0.44272445820433437 0.5678571428571428 0.44953560371517026 0.5607142857142857 0.4501547987616099 0.5595238095238095 0.4501547987616099 0.5083333333333333 0.44953560371517026 0.5047619047619047 0.4452012383900929 0.4857142857142857 0.42538699690402476 0.4011904761904762 0.4198142414860681 0.38095238095238093 0.4154798761609907 0.37142857142857144 0.40123839009287926 0.37142857142857144 
6 0.4458204334365325 0.37142857142857144 0.44148606811145513 0.38095238095238093 0.4359133126934985 0.4011904761904762 0.4359133126934985 0.49404761904761907 0.4408668730650155 0.5726190476190476 0.4421052631578947 0.5761904761904761 0.4452012383900929 0.5797619047619048 0.4588235294117647 0.5797619047619048 0.460061919504644 0.5785714285714286 0.469969040247678 0.5607142857142857 0.47492260061919506 0.5511904761904762 0.47987616099071206 0.5404761904761904 0.47987616099071206 0.4773809523809524 0.47492260061919506 0.4380952380952381 0.469969040247678 0.4035714285714286 0.465015479876161 0.3726190476190476 0.46439628482972134 0.37142857142857144 0.4458204334365325 0.37142857142857144 
7 0.48111455108359136 0.3619047619047619 0.47678018575851394 0.37142857142857144 0.47554179566563465 0.3761904761904762 0.47058823529411764 0.4107142857142857 0.47058823529411764 0.5773809523809523 0.4712074303405573 0.5797619047619048 0.4792569659442725 0.5797619047619048 0.49473684210526314 0.5773809523809523 0.49907120743034056 0.5702380952380952 0.4996904024767802 0.5678571428571428 0.4996904024767802 0.3726190476190476 0.49473684210526314 0.3619047619047619 0.48111455108359136 0.3619047619047619 
8 0.5052631578947369 0.37142857142857144 0.5003095975232198 0.39166666666666666 0.4953560371517028 0.4488095238095238 0.4904024767801858 0.5619047619047619 0.4904024767801858 0.5773809523809523 0.49102167182662537 0.5797619047619048 0.5238390092879257 0.5797619047619048 0.5294117647058824 0.5702380952380952 0.5294117647058824 0.4023809523809524 0.5244582043343653 0.38095238095238093 0.5195046439628483 0.37142857142857144 0.5052631578947369 0.37142857142857144 
9 0.5504643962848297 0.3619047619047619 0.5405572755417957 0.37142857142857144 0.5399380804953561 0.3726190476190476 0.530030959752322 0.42023809523809524 0.525077399380805 0.46904761904761905 0.525077399380805 0.569047619047619 0.5256965944272446 0.5702380952380952 0.5591331269349845 0.5702380952380952 0.5640866873065016 0.5023809523809524 0.5640866873065016 0.44047619047619047 0.5591331269349845 0.3619047619047619 0.5504643962848297 0.3619047619047619 
10 0.5702786377708978 0.3904761904761905 0.5647058823529412 0.42023809523809524 0.5547987616099072 0.4988095238095238 0.5547987616099072 0.5702380952380952 0.5640866873065016 0.5797619047619048 0.58328173374613 0.5797619047619048 0.5888544891640867 0.5607142857142857 0.5888544891640867 0.4595238095238095 0.5839009287925696 0.39166666666666666 0.5826625386996904 0.3904761904761905 0.5702786377708978 0.3904761904761905 
11 0.6 0.37142857142857144 0.5993808049535604 0.3738095238095238 0.5944272445820433 0.4023809523809524 0.5894736842105263 0.4380952380952381 0.5851393188854489 0.47619047619047616 0.5845201238390093 0.48214285714285715 0.5845201238390093 0.5702380952380952 0.590092879256966 0.5797619047619048 0.6136222910216719 0.5797619047619048 0.6185758513931888 0.5607142857142857 0.6235294117647059 0.4488095238095238 0.6235294117647059 0.37142857142857144 0.6 0.37142857142857144 
12 0.6303405572755418 0.4095238095238095 0.6291021671826625 0.4107142857142857 0.6198142414860681 0.42857142857142855 0.6142414860681115 0.44761904761904764 0.6092879256965944 0.5523809523809524 0.6092879256965944 0.5976190476190476 0.6142414860681115 0.6083333333333333 0.6328173374613003 0.6083333333333333 0.6334365325077399 0.6071428571428571 0.638390092879257 0.5785714285714286 0.643343653250774 0.5035714285714286 0.643343653250774 0.4226190476190476 0.6427244582043343 0.41904761904761906 0.638390092879257 0.4095238095238095 0.6303405572755418 0.4095238095238095 
13 0.6594427244582043 0.4 0.6538699690402476 0.4095238095238095 0.6439628482972136 0.42857142857142855 0.6390092879256966 0.4488095238095238 0.6340557275541796 0.5047619047619047 0.6291021671826625 0.5714285714285714 0.6291021671826625 0.6071428571428571 0.6297213622291021 0.6083333333333333 0.6563467492260062 0.6083333333333333 0.6582043343653251 0.6059523809523809 0.6631578947368421 0.5988095238095238 0.6631578947368421 0.4011904761904762 0.6625386996904025 0.4 0.6594427244582043 0.4 
14 0.6835913312693499 0.4380952380952381 0.6743034055727554 0.4488095238095238 0.6736842105263158 0.45 0.6637770897832818 0.47619047619047616 0.6538699690402476 0.5928571428571429 0.6538699690402476 0.6166666666666667 0.6588235294117647 0.6369047619047619 0.6972136222910217 0.6369047619047619 0.7021671826625387 0.6273809523809524 0.7027863777089783 0.6226190476190476 0.7027863777089783 0.5916666666666667 0.6978328173374613 0.4488095238095238 0.6928792569659443 0.4380952380952381 0.6835913312693499 0.4380952380952381 
15 0.713312693498452 0.44761904761904764 0.7089783281733746 0.45714285714285713 0.708359133126935 0.4595238095238095 0.7034055727554179 0.4857142857142857 0.698452012383901 0.5238095238095238 0.6934984520123839 0.580952380952381 0.6934984520123839 0.6369047619047619 0.7040247678018576 0.6464285714285715 0.7325077399380805 0.6464285714285715 0.7424148606811145 0.6357142857142857 0.7424148606811145 0.48095238095238096 0.7417956656346749 0.47619047619047616 0.7368421052631579 0.45714285714285713 0.7275541795665634 0.44761904761904764 0.713312693498452 0.44761904761904764 
22 0.5696594427244582 0.580952380952381 0.5696594427244582 0.7857142857142857 0.5702786377708978 0.7892857142857143 0.5752321981424149 0.7988095238095239 0.5882352941176471 0.7988095238095239 0.5888544891640867 0.7976190476190477 0.5938080495356037 0.763095238095238 0.5987616099071208 0.6654761904761904 0.5987616099071208 0.5880952380952381 0.5975232198142415 0.5845238095238096 0.5944272445820433 0.580952380952381 0.5696594427244582 0.580952380952381 
23 0.5455108359133127 0.580952380952381 0.544891640866873 0.5833333333333334 0.544891640866873 0.694047619047619 0.5498452012383901 0.7607142857142857 0.5591331269349845 0.7607142857142857 0.5634674922600619 0.7511904761904762 0.5640866873065016 0.7476190476190476 0.5739938080495356 0.6547619047619048 0.5739938080495356 0.5821428571428572 0.5721362229102167 0.580952380952381 0.5455108359133127 0.580952380952381 
24 0.530030959752322 0.580952380952381 0.525077399380805 0.5904761904761905 0.525077399380805 0.6273809523809524 0.530030959752322 0.7095238095238096 0.534984520123839 0.7392857142857143 0.5356037151702786 0.7416666666666667 0.5492260061919505 0.7416666666666667 0.5492260061919505 0.580952380952381 0.530030959752322 0.580952380952381 
25 0.5071207430340557 0.5904761904761905 0.5052631578947369 0.5916666666666667 0.5052631578947369 0.6452380952380953 0.5151702786377709 0.7321428571428571 0.5201238390092879 0.7511904761904762 0.5287925696594428 0.7511904761904762 0.5343653250773994 0.7404761904761905 0.5343653250773994 0.6226190476190476 0.5294117647058824 0.5904761904761905 0.5071207430340557 0.5904761904761905 
26 0.4854489164086687 0.580952380952381 0.4854489164086687 0.675 0.4904024767801858 0.7119047619047619 0.5003095975232198 0.75 0.5052631578947369 0.7607142857142857 0.5188854489164086 0.7607142857142857 0.5195046439628483 0.7595238095238095 0.5195046439628483 0.6666666666666666 0.5095975232198142 0.580952380952381 0.4854489164086687 0.580952380952381 
27 0.47058823529411764 0.5904761904761905 0.46068111455108357 0.6190476190476191 0.46068111455108357 0.6845238095238095 0.46563467492260063 0.7119047619047619 0.4761609907120743 0.7607142857142857 0.4854489164086687 0.7797619047619048 0.49102167182662537 0.7892857142857143 0.4996904024767802 0.7892857142857143 0.4996904024767802 0.7428571428571429 0.48978328173374613 0.6 0.4848297213622291 0.5904761904761905 0.47058823529411764 0.5904761904761905 
28 0.4458204334365325 0.5904761904761905 0.43653250773993807 0.6 0.4359133126934985 0.6011904761904762 0.4359133126934985 0.7226190476190476 0.4408668730650155 0.7797619047619048 0.4458204334365325 0.7892857142857143 0.45944272445820433 0.7892857142857143 0.465015479876161 0.7785714285714286 0.469969040247678 0.7511904761904762 0.47492260061919506 0.6166666666666667 0.47492260061919506 0.5904761904761905 0.4458204334365325 0.5904761904761905 
29 0.41671826625387 0.6 0.39690402476780184 0.6095238095238096 0.39628482972136225 0.6130952380952381 0.39628482972136225 0.6333333333333333 0.40123839009287926 0.6833333333333333 0.40619195046439627 0.7321428571428571 0.41609907120743034 0.7892857142857143 0.43034055727554177 0.7892857142857143 0.4346749226006192 0.7797619047619048 0.44024767801857584 0.7511904761904762 0.4452012383900929 0.6845238095238095 0.4452012383900929 0.6666666666666666 0.44024767801857584 0.6023809523809524 0.4390092879256966 0.6 0.41671826625387 0.6 
31 0.31826625386996904 0.6095238095238096 0.3170278637770898 0.6107142857142858 0.3021671826625387 0.638095238095238 0.2674922600619195 0.705952380952381 0.2674922600619195 0.7309523809523809 0.2724458204334365 0.7416666666666667 0.29226006191950465 0.7702380952380953 0.3015479876160991 0.7702380952380953 0.31640866873065016 0.7607142857142857 0.3609907120743034 0.7035714285714286 0.37585139318885447 0.675 0.37585139318885447 0.6404761904761904 0.37089783281733746 0.6285714285714286 0.36594427244582045 0.6190476190476191 0.3541795665634675 0.6095238095238096 0.31826625386996904 0.6095238095238096 