2 0.2873065015479876 0.4095238095238095 0.2823529411764706 0.41904761904761906 0.2625386996904025 0.5523809523809524 0.2625386996904025 0.569047619047619 0.2674922600619195 0.5797619047619048 0.29287925696594425 0.5892857142857143 0.3195046439628483 0.5892857142857143 0.32074303405572757 0.5880952380952381 0.32136222910216716 0.5869047619047619 0.32136222910216716 0.525 0.31640866873065016 0.4511904761904762 0.3157894736842105 0.44761904761904764 0.31145510835913315 0.4380952380952381 0.3015479876160991 0.41904761904761906 0.29659442724458207 0.4107142857142857 0.2953560371517028 0.4095238095238095 0.2873065015479876 0.4095238095238095 
3 0.33374613003095976 0.41904761904761906 0.3170278637770898 0.42857142857142855 0.3170278637770898 0.5892857142857143 0.3492260061919505 0.5892857142857143 0.3702786377708978 0.5797619047619048 0.37089783281733746 0.5773809523809523 0.37089783281733746 0.5535714285714286 0.3609907120743034 0.44761904761904764 0.3455108359133127 0.41904761904761906 0.33374613003095976 0.41904761904761906 
4 0.356656346749226 0.4 0.356656346749226 0.5226190476190476 0.36160990712074303 0.5595238095238095 0.3671826625386997 0.5797619047619048 0.3845201238390093 0.5797619047619048 0.38575851393188854 0.5785714285714286 0.3907120743034056 0.5511904761904762 0.3907120743034056 0.5238095238095238 0.38080495356037153 0.430952380952381 0.37585139318885447 0.4107142857142857 0.37089783281733746 0.4 0.356656346749226 0.4 
6 0.4068111455108359 0.34285714285714286 0.40619195046439627 0.3464285714285714 0.40619195046439627 0.5666666666666667 0.4068111455108359 0.5702380952380952 0.41114551083591333 0.5797619047619048 0.43839009287925695 0.5797619047619048 0.44024767801857584 0.5773809523809523 0.44024767801857584 0.5047619047619047 0.43529411764705883 0.4380952380952381 0.42538699690402476 0.3595238095238095 0.42043343653250775 0.34285714285714286 0.4068111455108359 0.34285714285714286 
7 0.44148606811145513 0.37142857142857144 0.4408668730650155 0.3726190476190476 0.4359133126934985 0.5166666666666667 0.4359133126934985 0.5416666666666666 0.43653250773993807 0.5607142857142857 0.4408668730650155 0.569047619047619 0.45572755417956656 0.5702380952380952 0.4569659442724458 0.5702380952380952 0.469969040247678 0.5607142857142857 0.469969040247678 0.49523809523809526 0.465015479876161 0.39285714285714285 0.45944272445820433 0.37142857142857144 0.44148606811145513 0.37142857142857144 
8 0.48111455108359136 0.37142857142857144 0.46563467492260063 0.39166666666666666 0.46068111455108357 0.4107142857142857 0.46068111455108357 0.5678571428571428 0.4613003095975232 0.5702380952380952 0.4996904024767802 0.5702380952380952 0.4996904024767802 0.5178571428571429 0.49473684210526314 0.4392857142857143 0.48978328173374613 0.37142857142857144 0.48111455108359136 0.37142857142857144 
9 0.5052631578947369 0.38095238095238093 0.5003095975232198 0.39166666666666666 0.4953560371517028 0.5142857142857142 0.4953560371517028 0.5583333333333333 0.49597523219814244 0.5607142857142857 0.5343653250773994 0.5607142857142857 0.5343653250773994 0.5238095238095238 0.5294117647058824 0.4 0.5244582043343653 0.38095238095238093 0.5052631578947369 0.38095238095238093 
10 0.5498452012383901 0.34285714285714286 0.5405572755417957 0.3619047619047619 0.5362229102167183 0.38095238095238093 0.530030959752322 0.45 0.530030959752322 0.5583333333333333 0.5306501547987617 0.5607142857142857 0.534984520123839 0.5702380952380952 0.5510835913312694 0.5702380952380952 0.5541795665634675 0.5666666666666667 0.5591331269349845 0.5607142857142857 0.5640866873065016 0.49404761904761907 0.5640866873065016 0.34404761904761905 0.5634674922600619 0.34285714285714286 0.5498452012383901 0.34285714285714286 
11 0.590092879256966 0.3333333333333333 0.5845201238390093 0.34285714285714286 0.5795665634674922 0.3630952380952381 0.5597523219814241 0.44761904761904764 0.5547987616099072 0.4880952380952381 0.5547987616099072 0.5571428571428572 0.5554179566563467 0.5607142857142857 0.5597523219814241 0.5702380952380952 0.5653250773993808 0.5797619047619048 0.5727554179566563 0.5797619047619048 0.5882352941176471 0.5702380952380952 0.5888544891640867 0.569047619047619 0.5938080495356037 0.5023809523809524 0.5938080495356037 0.3333333333333333 0.590092879256966 0.3333333333333333 
12 0.595046439628483 0.49523809523809526 0.5845201238390093 0.5047619047619047 0.5845201238390093 0.5607142857142857 0.595046439628483 0.5702380952380952 0.6080495356037152 0.5702380952380952 0.6173374613003096 0.5607142857142857 0.6185758513931888 0.5583333333333333 0.6185758513931888 0.5083333333333333 0.6179566563467492 0.5047619047619047 0.6130030959752322 0.49523809523809526 0.595046439628483 0.49523809523809526 
13 0.6198142414860681 0.3904761904761905 0.6142414860681115 0.4011904761904762 0.6043343653250774 0.4595238095238095 0.6043343653250774 0.48095238095238096 0.6142414860681115 0.5595238095238095 0.6291021671826625 0.5797619047619048 0.638390092879257 0.5797619047619048 0.638390092879257 0.4357142857142857 0.6334365325077399 0.39166666666666666 0.6328173374613003 0.3904761904761905 0.6198142414860681 0.3904761904761905 
14 0.6489164086687307 0.4 0.6439628482972136 0.4095238095238095 0.6340557275541796 0.5142857142857142 0.6340557275541796 0.5785714285714286 0.6352941176470588 0.5797619047619048 0.6718266253869969 0.5797619047619048 0.6823529411764706 0.5702380952380952 0.6829721362229102 0.5678571428571428 0.6829721362229102 0.5369047619047619 0.6780185758513931 0.41904761904761906 0.6730650154798762 0.4095238095238095 0.6668730650154798 0.4 0.6489164086687307 0.4 
17 0.7380804953560371 0.5523809523809524 0.708359133126935 0.5619047619047619 0.6990712074303406 0.5714285714285714 0.698452012383901 0.5738095238095238 0.698452012383901 0.5857142857142857 0.6990712074303406 0.5892857142857143 0.7040247678018576 0.6083333333333333 0.718266253869969 0.6547619047619048 0.7331269349845201 0.6845238095238095 0.7547987616099071 0.6845238095238095 0.7572755417956656 0.6833333333333333 0.7702786377708978 0.675 0.7721362229102167 0.6726190476190477 0.7721362229102167 0.65 0.7671826625386997 0.6285714285714286 0.7622291021671826 0.6095238095238096 0.7473684210526316 0.5535714285714286 0.746749226006192 0.5523809523809524 0.7380804953560371 0.5523809523809524 
18 0.6947368421052632 0.5619047619047619 0.679876160990712 0.5714285714285714 0.6693498452012384 0.580952380952381 0.6588235294117647 0.6011904761904762 0.6588235294117647 0.6273809523809524 0.6786377708978328 0.6845238095238095 0.6934984520123839 0.7035714285714286 0.7089783281733746 0.7214285714285714 0.7102167182662539 0.7226190476190476 0.7275541795665634 0.7226190476190476 0.7374613003095976 0.7119047619047619 0.7374613003095976 0.6666666666666666 0.7077399380804954 0.5630952380952381 0.7071207430340557 0.5619047619047619 0.6947368421052632 0.5619047619047619 
20 0.6 0.5904761904761905 0.5944272445820433 0.6 0.5944272445820433 0.6273809523809524 0.5993808049535604 0.675 0.6092879256965944 0.7309523809523809 0.6191950464396285 0.7607142857142857 0.6278637770897832 0.7607142857142857 0.628482972136223 0.7583333333333333 0.628482972136223 0.6964285714285714 0.6235294117647059 0.5916666666666667 0.6229102167182663 0.5904761904761905 0.6 0.5904761904761905 
21 0.5708978328173374 0.580952380952381 0.5696594427244582 0.5821428571428572 0.5653250773993808 0.5904761904761905 0.5647058823529412 0.5928571428571429 0.5647058823529412 0.6273809523809524 0.5845201238390093 0.7416666666666667 0.590092879256966 0.7607142857142857 0.5944272445820433 0.7702380952380953 0.6080495356037152 0.7702380952380953 0.6136222910216719 0.7595238095238095 0.6136222910216719 0.6964285714285714 0.5987616099071208 0.5821428571428572 0.5975232198142415 0.580952380952381 0.5708978328173374 0.580952380952381 
22 0.5411764705882353 0.580952380952381 0.5399380804953561 0.5821428571428572 0.5399380804953561 0.5988095238095238 0.544891640866873 0.6547619047619048 0.5504643962848297 0.694047619047619 0.5547987616099072 0.7214285714285714 0.5696594427244582 0.7976190476190477 0.5702786377708978 0.7988095238095239 0.5739938080495356 0.7988095238095239 0.5826625386996904 0.7892857142857143 0.5839009287925696 0.7869047619047619 0.5839009287925696 0.6678571428571428 0.5789473684210527 0.6321428571428571 0.578328173374613 0.6285714285714286 0.5690402476780185 0.594047619047619 0.5678018575851393 0.5904761904761905 0.5578947368421052 0.580952380952381 0.5411764705882353 0.580952380952381 
23 0.5157894736842106 0.5714285714285714 0.5151702786377709 0.5738095238095238 0.5151702786377709 0.5976190476190476 0.525077399380805 0.7392857142857143 0.530030959752322 0.7607142857142857 0.5442724458204334 0.7607142857142857 0.5442724458204334 0.5714285714285714 0.5157894736842106 0.5714285714285714 
24 0.5058823529411764 0.5714285714285714 0.5052631578947369 0.5726190476190476 0.5052631578947369 0.7035714285714286 0.5102167182662539 0.7404761904761905 0.5108359133126935 0.7416666666666667 0.5244582043343653 0.7416666666666667 0.5294117647058824 0.7309523809523809 0.5294117647058824 0.6857142857142857 0.5244582043343653 0.5714285714285714 0.5058823529411764 0.5714285714285714 
25 0.48111455108359136 0.5619047619047619 0.4804953560371517 0.5642857142857143 0.4804953560371517 0.6071428571428571 0.4854489164086687 0.7011904761904761 0.4904024767801858 0.7321428571428571 0.4953560371517028 0.7511904761904762 0.503405572755418 0.7511904761904762 0.5046439628482973 0.75 0.5095975232198142 0.6166666666666667 0.5095975232198142 0.5714285714285714 0.4996904024767802 0.5619047619047619 0.48111455108359136 0.5619047619047619 
26 0.46068111455108357 0.5714285714285714 0.46068111455108357 0.5880952380952381 0.47554179566563465 0.7595238095238095 0.4804953560371517 0.7702380952380953 0.4848297213622291 0.7702380952380953 0.48978328173374613 0.7607142857142857 0.48978328173374613 0.6011904761904762 0.4848297213622291 0.5714285714285714 0.46068111455108357 0.5714285714285714 
27 0.4470588235294118 0.5904761904761905 0.4458204334365325 0.5916666666666667 0.44148606811145513 0.6 0.4408668730650155 0.6035714285714285 0.4359133126934985 0.6583333333333333 0.4359133126934985 0.694047619047619 0.4408668730650155 0.7321428571428571 0.4458204334365325 0.75 0.46068111455108357 0.7880952380952381 0.46191950464396286 0.7892857142857143 0.4693498452012384 0.7892857142857143 0.469969040247678 0.7880952380952381 0.469969040247678 0.6297619047619047 0.465015479876161 0.5904761904761905 0.4470588235294118 0.5904761904761905 
28 0.4260061919504644 0.580952380952381 0.41671826625387 0.5904761904761905 0.41609907120743034 0.5916666666666667 0.41114551083591333 0.6023809523809524 0.41114551083591333 0.7511904761904762 0.41609907120743034 0.7702380952380953 0.421671826625387 0.7797619047619048 0.43034055727554177 0.7797619047619048 0.43529411764705883 0.7702380952380953 0.44024767801857584 0.7119047619047619 0.4452012383900929 0.6452380952380953 0.4452012383900929 0.5904761904761905 0.44024767801857584 0.5821428571428572 0.4390092879256966 0.580952380952381 0.4260061919504644 0.580952380952381 
29 0.4018575851393189 0.6476190476190476 0.3863777089783282 0.6571428571428571 0.3863777089783282 0.7488095238095238 0.3876160990712074 0.7511904761904762 0.4037151702786378 0.7511904761904762 0.40495356037151703 0.75 0.4055727554179567 0.7488095238095238 0.4154798761609907 0.7023809523809523 0.4154798761609907 0.6476190476190476 0.4018575851393189 0.6476190476190476 
31 0.32136222910216716 0.6571428571428571 0.31207430340557274 0.6583333333333333 0.2773993808049536 0.6666666666666666 0.2724458204334365 0.7142857142857143 0.2724458204334365 0.7488095238095238 0.2743034055727554 0.7511904761904762 0.3065015479876161 0.7511904761904762 0.31640866873065016 0.7321428571428571 0.33126934984520123 0.6845238095238095 0.33126934984520123 0.6738095238095239 0.330030959752322 0.6666666666666666 0.32136222910216716 0.6571428571428571 