3 0.3318885448916409 0.22857142857142856 0.3318885448916409 0.37857142857142856 0.34674922600619196 0.4083333333333333 0.35170278637770896 0.4166666666666667 0.356656346749226 0.4238095238095238 0.36160990712074303 0.42738095238095236 0.36594427244582045 0.42738095238095236 0.3752321981424149 0.4166666666666667 0.37585139318885447 0.4154761904761905 0.37585139318885447 0.26666666666666666 0.36594427244582045 0.24761904761904763 0.35541795665634673 0.23809523809523808 0.3461300309597523 0.22976190476190475 0.3411764705882353 0.22857142857142856 0.3318885448916409 0.22857142857142856 
6 0.4260061919504644 0.22857142857142856 0.42105263157894735 0.2571428571428571 0.42105263157894735 0.37976190476190474 0.4260061919504644 0.39880952380952384 0.44891640866873067 0.39880952380952384 0.4501547987616099 0.3976190476190476 0.4501547987616099 0.2571428571428571 0.4452012383900929 0.23809523809523808 0.43034055727554177 0.22857142857142856 0.4260061919504644 0.22857142857142856 
7 0.44272445820433437 0.2571428571428571 0.4408668730650155 0.25833333333333336 0.4359133126934985 0.39285714285714285 0.4359133126934985 0.44166666666666665 0.43653250773993807 0.44642857142857145 0.4408668730650155 0.45595238095238094 0.4551083591331269 0.45595238095238094 0.465015479876161 0.4369047619047619 0.465015479876161 0.3726190476190476 0.460061919504644 0.26666666666666666 0.4551083591331269 0.25833333333333336 0.45263157894736844 0.2571428571428571 0.44272445820433437 0.2571428571428571 
8 0.4662538699690402 0.2571428571428571 0.46068111455108357 0.26785714285714285 0.45572755417956656 0.3333333333333333 0.45572755417956656 0.4452380952380952 0.46068111455108357 0.45595238095238094 0.48359133126934983 0.45595238095238094 0.4848297213622291 0.45476190476190476 0.48978328173374613 0.3595238095238095 0.48978328173374613 0.2761904761904762 0.4842105263157895 0.2571428571428571 0.4662538699690402 0.2571428571428571 
9 0.49102167182662537 0.2571428571428571 0.48606811145510836 0.26666666666666666 0.4854489164086687 0.26904761904761904 0.4804953560371517 0.3523809523809524 0.4804953560371517 0.45476190476190476 0.48111455108359136 0.45595238095238094 0.5040247678018576 0.45595238095238094 0.5046439628482973 0.45476190476190476 0.5046439628482973 0.26666666666666666 0.49907120743034056 0.2571428571428571 0.49102167182662537 0.2571428571428571 
12 0.525077399380805 0.2571428571428571 0.525077399380805 0.3404761904761905 0.530030959752322 0.3678571428571429 0.534984520123839 0.3880952380952381 0.5405572755417957 0.4083333333333333 0.5498452012383901 0.42738095238095236 0.5572755417956656 0.42738095238095236 0.5591331269349845 0.4261904761904762 0.5640866873065016 0.39880952380952384 0.5640866873065016 0.3261904761904762 0.5535603715170279 0.2761904761904762 0.5492260061919505 0.26666666666666666 0.5436532507739938 0.2571428571428571 0.525077399380805 0.2571428571428571 
14 0.5752321981424149 0.21904761904761905 0.5696594427244582 0.22976190476190475 0.5696594427244582 0.3976190476190476 0.5702786377708978 0.39880952380952384 0.5795665634674922 0.4083333333333333 0.6136222910216719 0.4083333333333333 0.6235294117647059 0.2654761904761905 0.6235294117647059 0.24761904761904763 0.5839009287925696 0.21904761904761905 0.5752321981424149 0.21904761904761905 
15 0.6297213622291021 0.2 0.6142414860681115 0.2261904761904762 0.6092879256965944 0.23809523809523808 0.6043343653250774 0.29523809523809524 0.6043343653250774 0.32142857142857145 0.6092879256965944 0.3892857142857143 0.614860681114551 0.39880952380952384 0.6582043343653251 0.39880952380952384 0.6631578947368421 0.3892857142857143 0.6681114551083591 0.24285714285714285 0.6681114551083591 0.20952380952380953 0.6625386996904025 0.2 0.6297213622291021 0.2 
18 0.6643962848297214 0.41904761904761906 0.6588235294117647 0.42857142857142855 0.6439628482972136 0.45714285714285713 0.6439628482972136 0.4845238095238095 0.6489164086687307 0.513095238095238 0.6637770897832818 0.5595238095238095 0.6687306501547987 0.5702380952380952 0.6786377708978328 0.5892857142857143 0.6910216718266254 0.5892857142857143 0.7226006191950465 0.5607142857142857 0.7275541795665634 0.5511904761904762 0.7275541795665634 0.5142857142857142 0.7176470588235294 0.4773809523809524 0.6928792569659443 0.41904761904761906 0.6643962848297214 0.41904761904761906 
20 0.5758513931888545 0.44761904761904764 0.5746130030959752 0.4488095238095238 0.5696594427244582 0.4583333333333333 0.5696594427244582 0.55 0.5795665634674922 0.6059523809523809 0.5845201238390093 0.6261904761904762 0.5944272445820433 0.6464285714285715 0.6086687306501548 0.6464285714285715 0.6086687306501548 0.5714285714285714 0.5987616099071208 0.45 0.5981424148606811 0.44761904761904764 0.5758513931888545 0.44761904761904764 
21 0.5461300309597523 0.41904761904761906 0.534984520123839 0.4380952380952381 0.534984520123839 0.4714285714285714 0.5547987616099072 0.6071428571428571 0.5597523219814241 0.6166666666666667 0.5634674922600619 0.6178571428571429 0.5690402476780185 0.6178571428571429 0.5739938080495356 0.6071428571428571 0.5739938080495356 0.44642857142857145 0.573374613003096 0.4380952380952381 0.5690402476780185 0.42857142857142855 0.5585139318885449 0.41904761904761906 0.5461300309597523 0.41904761904761906 
22 0.5201238390092879 0.4380952380952381 0.5151702786377709 0.44761904761904764 0.5151702786377709 0.5107142857142857 0.5201238390092879 0.5607142857142857 0.525077399380805 0.6059523809523809 0.530030959752322 0.6273809523809524 0.534984520123839 0.6452380952380953 0.5399380804953561 0.6547619047619048 0.5411764705882353 0.655952380952381 0.5492260061919505 0.655952380952381 0.5541795665634675 0.6452380952380953 0.5541795665634675 0.580952380952381 0.5492260061919505 0.4857142857142857 0.5393188854489164 0.4380952380952381 0.5201238390092879 0.4380952380952381 
24 0.5003095975232198 0.44761904761904764 0.4953560371517028 0.5333333333333333 0.4953560371517028 0.6059523809523809 0.5003095975232198 0.6178571428571429 0.5095975232198142 0.6178571428571429 0.5139318885448917 0.5988095238095238 0.5145510835913313 0.5952380952380952 0.5244582043343653 0.48214285714285715 0.5244582043343653 0.46785714285714286 0.5188854489164086 0.44761904761904764 0.5003095975232198 0.44761904761904764 
25 0.4873065015479876 0.44761904761904764 0.4854489164086687 0.4488095238095238 0.4804953560371517 0.5238095238095238 0.4804953560371517 0.6273809523809524 0.49473684210526314 0.6273809523809524 0.4996904024767802 0.5785714285714286 0.5046439628482973 0.5214285714285715 0.5046439628482973 0.44761904761904764 0.4873065015479876 0.44761904761904764 
26 0.4662538699690402 0.44761904761904764 0.46563467492260063 0.4511904761904762 0.46563467492260063 0.6369047619047619 0.4780185758513932 0.6369047619047619 0.4792569659442725 0.6357142857142857 0.4848297213622291 0.6273809523809524 0.48978328173374613 0.4928571428571429 0.48978328173374613 0.4511904761904762 0.4891640866873065 0.44761904761904764 0.4662538699690402 0.44761904761904764 
27 0.45572755417956656 0.44761904761904764 0.4458204334365325 0.45714285714285713 0.4408668730650155 0.46785714285714286 0.4408668730650155 0.5214285714285715 0.4458204334365325 0.6654761904761904 0.460061919504644 0.6654761904761904 0.465015479876161 0.655952380952381 0.469969040247678 0.5321428571428571 0.469969040247678 0.44761904761904764 0.45572755417956656 0.44761904761904764 
28 0.42105263157894735 0.44761904761904764 0.41609907120743034 0.45714285714285713 0.41609907120743034 0.5119047619047619 0.42105263157894735 0.6369047619047619 0.4452012383900929 0.6369047619047619 0.4501547987616099 0.4654761904761905 0.4501547987616099 0.4583333333333333 0.44458204334365325 0.44761904761904764 0.42105263157894735 0.44761904761904764 
29 0.39195046439628484 0.47619047619047616 0.3913312693498452 0.4773809523809524 0.3863777089783282 0.5535714285714286 0.3863777089783282 0.6083333333333333 0.39628482972136225 0.6273809523809524 0.4105263157894737 0.6273809523809524 0.4148606811145511 0.6178571428571429 0.4154798761609907 0.6154761904761905 0.42043343653250775 0.5416666666666666 0.42043343653250775 0.4773809523809524 0.41857585139318887 0.47619047619047616 0.39195046439628484 0.47619047619047616 
30 0.3523219814241486 0.42857142857142855 0.34674922600619196 0.4380952380952381 0.3269349845201238 0.5428571428571428 0.3269349845201238 0.6083333333333333 0.3318885448916409 0.6178571428571429 0.3479876160990712 0.6369047619047619 0.37585139318885447 0.6369047619047619 0.38575851393188854 0.5988095238095238 0.39009287925696595 0.5702380952380952 0.3907120743034056 0.5654761904761905 0.3956656346749226 0.4928571428571429 0.3956656346749226 0.4380952380952381 0.38080495356037153 0.42857142857142855 0.3523219814241486 0.42857142857142855 
31 0.3170278637770898 0.3904761904761905 0.29721362229102166 0.4107142857142857 0.2724458204334365 0.5142857142857142 0.2724458204334365 0.5416666666666666 0.2873065015479876 0.6273809523809524 0.29287925696594425 0.6369047619047619 0.3108359133126935 0.6369047619047619 0.32136222910216716 0.6166666666666667 0.33622291021671824 0.5511904761904762 0.3510835913312694 0.4845238095238095 0.3609907120743034 0.4357142857142857 0.3609907120743034 0.42142857142857143 0.3603715170278638 0.41904761904761906 0.3263157894736842 0.3904761904761905 0.3170278637770898 0.3904761904761905 