1 0.30092879256965943 0.37142857142857144 0.29721362229102166 0.3726190476190476 0.29226006191950465 0.3821428571428571 0.2873065015479876 0.4011904761904762 0.2873065015479876 0.42738095238095236 0.29226006191950465 0.5321428571428571 0.29721362229102166 0.5404761904761904 0.29845201238390096 0.5416666666666666 0.3219814241486068 0.5511904761904762 0.33622291021671824 0.5511904761904762 0.3411764705882353 0.5416666666666666 0.3461300309597523 0.5226190476190476 0.3510835913312694 0.4083333333333333 0.3510835913312694 0.3821428571428571 0.3455108359133127 0.37142857142857144 0.30092879256965943 0.37142857142857144 
3 0.36160990712074303 0.3904761904761905 0.34241486068111454 0.4 0.3368421052631579 0.4095238095238095 0.3368421052631579 0.444047619047619 0.34674922600619196 0.5595238095238095 0.3523219814241486 0.5702380952380952 0.38575851393188854 0.5702380952380952 0.39442724458204337 0.5511904761904762 0.39504643962848296 0.5488095238095239 0.3956656346749226 0.5392857142857143 0.3956656346749226 0.47619047619047616 0.3907120743034056 0.4392857142857143 0.38575851393188854 0.41904761904761906 0.37585139318885447 0.4 0.37089783281733746 0.39166666666666666 0.3696594427244582 0.3904761904761905 0.36160990712074303 0.3904761904761905 
4 0.4018575851393189 0.38095238095238093 0.40123839009287926 0.3821428571428571 0.39628482972136225 0.39285714285714285 0.3863777089783282 0.41904761904761906 0.3863777089783282 0.5678571428571428 0.38699690402476783 0.569047619047619 0.38823529411764707 0.5702380952380952 0.40123839009287926 0.5785714285714286 0.4055727554179567 0.5797619047619048 0.4148606811145511 0.5702380952380952 0.42043343653250775 0.5607142857142857 0.42043343653250775 0.4 0.4154798761609907 0.3904761904761905 0.40990712074303404 0.3821428571428571 0.4086687306501548 0.38095238095238093 0.4018575851393189 0.38095238095238093 
5 0.42724458204334365 0.38095238095238093 0.4260061919504644 0.3821428571428571 0.42105263157894735 0.3904761904761905 0.41609907120743034 0.4095238095238095 0.41609907120743034 0.569047619047619 0.41671826625387 0.5702380952380952 0.4346749226006192 0.5702380952380952 0.44953560371517026 0.5607142857142857 0.4544891640866873 0.5511904761904762 0.4551083591331269 0.5476190476190477 0.4551083591331269 0.4773809523809524 0.4501547987616099 0.4380952380952381 0.4452012383900929 0.4119047619047619 0.44024767801857584 0.3904761904761905 0.4346749226006192 0.38095238095238093 0.42724458204334365 0.38095238095238093 
6 0.44148606811145513 0.37142857142857144 0.4359133126934985 0.4119047619047619 0.4359133126934985 0.41309523809523807 0.4408668730650155 0.5607142857142857 0.4458204334365325 0.5678571428571428 0.4501547987616099 0.5678571428571428 0.46439628482972134 0.5607142857142857 0.465015479876161 0.5595238095238095 0.469969040247678 0.5416666666666666 0.469969040247678 0.49523809523809526 0.465015479876161 0.4095238095238095 0.460061919504644 0.38095238095238093 0.4551083591331269 0.37142857142857144 0.44148606811145513 0.37142857142857144 
7 0.4563467492260062 0.37142857142857144 0.45572755417956656 0.3738095238095238 0.45572755417956656 0.4166666666666667 0.46068111455108357 0.5595238095238095 0.47554179566563465 0.5702380952380952 0.4842105263157895 0.5702380952380952 0.4848297213622291 0.569047619047619 0.48978328173374613 0.43333333333333335 0.48978328173374613 0.38095238095238093 0.4848297213622291 0.37142857142857144 0.4563467492260062 0.37142857142857144 
8 0.4854489164086687 0.3904761904761905 0.4804953560371517 0.42857142857142855 0.4804953560371517 0.5678571428571428 0.48111455108359136 0.5702380952380952 0.4904024767801858 0.5797619047619048 0.5089783281733746 0.5797619047619048 0.5095975232198142 0.5773809523809523 0.5095975232198142 0.41904761904761906 0.5046439628482973 0.39285714285714285 0.503405572755418 0.3904761904761905 0.4854489164086687 0.3904761904761905 
9 0.5151702786377709 0.3904761904761905 0.5102167182662539 0.4107142857142857 0.5052631578947369 0.5047619047619047 0.5052631578947369 0.5785714285714286 0.5071207430340557 0.5797619047619048 0.5343653250773994 0.5797619047619048 0.5393188854489164 0.569047619047619 0.5393188854489164 0.4095238095238095 0.5343653250773994 0.39166666666666666 0.5337461300309597 0.3904761904761905 0.5151702786377709 0.3904761904761905 
10 0.544891640866873 0.38095238095238093 0.5399380804953561 0.3904761904761905 0.534984520123839 0.46904761904761905 0.534984520123839 0.5773809523809523 0.5356037151702786 0.5797619047619048 0.5541795665634675 0.5797619047619048 0.5640866873065016 0.5607142857142857 0.5640866873065016 0.5583333333333333 0.5591331269349845 0.3904761904761905 0.5541795665634675 0.3821428571428571 0.5529411764705883 0.38095238095238093 0.544891640866873 0.38095238095238093 
11 0.5758513931888545 0.3523809523809524 0.5746130030959752 0.3535714285714286 0.5696594427244582 0.3726190476190476 0.5554179566563467 0.4857142857142857 0.5547987616099072 0.49404761904761907 0.5547987616099072 0.5392857142857143 0.5554179566563467 0.5511904761904762 0.5597523219814241 0.5702380952380952 0.5653250773993808 0.5797619047619048 0.5789473684210527 0.5797619047619048 0.58328173374613 0.5702380952380952 0.5888544891640867 0.5416666666666666 0.5938080495356037 0.4869047619047619 0.5938080495356037 0.44761904761904764 0.5888544891640867 0.36547619047619045 0.5882352941176471 0.3619047619047619 0.58328173374613 0.3523809523809524 0.5758513931888545 0.3523809523809524 
12 0.604953560371517 0.3904761904761905 0.5993808049535604 0.4 0.5894736842105263 0.4392857142857143 0.5795665634674922 0.5345238095238095 0.5795665634674922 0.5785714285714286 0.5814241486068111 0.5797619047619048 0.6037151702786377 0.5797619047619048 0.6086687306501548 0.5702380952380952 0.6136222910216719 0.5416666666666666 0.6185758513931888 0.475 0.6185758513931888 0.4011904761904762 0.6136222910216719 0.3904761904761905 0.604953560371517 0.3904761904761905 
13 0.6154798761609908 0.4 0.6142414860681115 0.4011904761904762 0.5993808049535604 0.5642857142857143 0.5993808049535604 0.5797619047619048 0.6092879256965944 0.5892857142857143 0.6272445820433437 0.5892857142857143 0.628482972136223 0.5880952380952381 0.628482972136223 0.4107142857142857 0.6229102167182663 0.4 0.6154798761609908 0.4 
14 0.6390092879256966 0.4 0.6241486068111455 0.45714285714285713 0.6241486068111455 0.5785714285714286 0.6247678018575852 0.5797619047619048 0.6625386996904025 0.5797619047619048 0.6681114551083591 0.569047619047619 0.6780185758513931 0.4369047619047619 0.6780185758513931 0.4011904761904762 0.6773993808049535 0.4 0.6390092879256966 0.4 
18 0.6891640866873066 0.5714285714285714 0.669969040247678 0.580952380952381 0.6637770897832818 0.5904761904761905 0.6588235294117647 0.6190476190476191 0.6588235294117647 0.6369047619047619 0.6786377708978328 0.7202380952380952 0.6792569659442724 0.7226190476190476 0.6885448916408669 0.7488095238095238 0.6891640866873066 0.75 0.6910216718266254 0.7511904761904762 0.7027863777089783 0.7511904761904762 0.7275541795665634 0.7321428571428571 0.7275541795665634 0.6928571428571428 0.7120743034055728 0.6095238095238096 0.7065015479876161 0.580952380952381 0.701547987616099 0.5714285714285714 0.6891640866873066 0.5714285714285714 
19 0.6253869969040248 0.5904761904761905 0.6241486068111455 0.5916666666666667 0.6191950464396285 0.6 0.6142414860681115 0.6095238095238096 0.6142414860681115 0.6464285714285715 0.6241486068111455 0.7488095238095238 0.6291021671826625 0.7761904761904762 0.6297213622291021 0.7785714285714286 0.6340557275541796 0.7880952380952381 0.6390092879256966 0.7988095238095239 0.6439628482972136 0.8071428571428572 0.6476780185758514 0.8083333333333333 0.648297213622291 0.8083333333333333 0.6873065015479877 0.7797619047619048 0.6879256965944273 0.7785714285714286 0.6879256965944273 0.7333333333333333 0.6674922600619195 0.6 0.6625386996904025 0.5904761904761905 0.6253869969040248 0.5904761904761905 
20 0.595046439628483 0.6 0.5944272445820433 0.6023809523809524 0.5944272445820433 0.675 0.5993808049535604 0.7214285714285714 0.6043343653250774 0.7595238095238095 0.6092879256965944 0.7869047619047619 0.6099071207430341 0.7892857142857143 0.6235294117647059 0.7892857142857143 0.628482972136223 0.7797619047619048 0.628482972136223 0.6666666666666666 0.6185758513931888 0.6 0.595046439628483 0.6 
21 0.5746130030959752 0.5904761904761905 0.5647058823529412 0.6095238095238096 0.5647058823529412 0.6357142857142857 0.5696594427244582 0.7321428571428571 0.5746130030959752 0.7988095238095239 0.5795665634674922 0.8083333333333333 0.5882352941176471 0.8083333333333333 0.5938080495356037 0.7988095238095239 0.5987616099071208 0.7702380952380953 0.5987616099071208 0.6023809523809524 0.5981424148606811 0.6 0.5882352941176471 0.5904761904761905 0.5746130030959752 0.5904761904761905 
22 0.5498452012383901 0.5904761904761905 0.544891640866873 0.6011904761904762 0.544891640866873 0.6428571428571429 0.5498452012383901 0.7702380952380953 0.5554179566563467 0.7797619047619048 0.5684210526315789 0.7797619047619048 0.5690402476780185 0.7785714285714286 0.5739938080495356 0.7595238095238095 0.5739938080495356 0.6011904761904762 0.5690402476780185 0.5916666666666667 0.5678018575851393 0.5904761904761905 0.5498452012383901 0.5904761904761905 
23 0.5256965944272446 0.5904761904761905 0.525077399380805 0.5916666666666667 0.525077399380805 0.7785714285714286 0.5256965944272446 0.7797619047619048 0.5386996904024768 0.7797619047619048 0.5442724458204334 0.7595238095238095 0.5492260061919505 0.6833333333333333 0.5492260061919505 0.6 0.5386996904024768 0.5904761904761905 0.5256965944272446 0.5904761904761905 
24 0.5102167182662539 0.5904761904761905 0.5052631578947369 0.6 0.5052631578947369 0.6845238095238095 0.5102167182662539 0.7702380952380953 0.5244582043343653 0.7702380952380953 0.5294117647058824 0.7035714285714286 0.5294117647058824 0.5904761904761905 0.5102167182662539 0.5904761904761905 
25 0.4904024767801858 0.5904761904761905 0.4904024767801858 0.7607142857142857 0.5046439628482973 0.7607142857142857 0.5095975232198142 0.75 0.5145510835913313 0.7321428571428571 0.5145510835913313 0.5976190476190476 0.5095975232198142 0.5904761904761905 0.4904024767801858 0.5904761904761905 
26 0.47678018575851394 0.5714285714285714 0.47554179566563465 0.5726190476190476 0.47058823529411764 0.5785714285714286 0.47058823529411764 0.6297619047619047 0.47554179566563465 0.7392857142857143 0.4804953560371517 0.7607142857142857 0.49473684210526314 0.7607142857142857 0.49473684210526314 0.580952380952381 0.4848297213622291 0.5714285714285714 0.47678018575851394 0.5714285714285714 
27 0.4569659442724458 0.580952380952381 0.4563467492260062 0.5821428571428572 0.45077399380804956 0.6 0.4408668730650155 0.6476190476190476 0.4408668730650155 0.7416666666666667 0.4458204334365325 0.7690476190476191 0.45077399380804956 0.7797619047619048 0.46377708978328175 0.7797619047619048 0.4693498452012384 0.7702380952380953 0.469969040247678 0.7678571428571429 0.47987616099071206 0.7011904761904761 0.47987616099071206 0.6 0.47492260061919506 0.5821428571428572 0.4743034055727554 0.580952380952381 0.4569659442724458 0.580952380952381 
28 0.4421052631578947 0.5714285714285714 0.426625386996904 0.580952380952381 0.4260061919504644 0.5821428571428572 0.42229102167182664 0.5904761904761905 0.42105263157894735 0.594047619047619 0.42105263157894735 0.7797619047619048 0.4328173374613003 0.7797619047619048 0.43529411764705883 0.7785714285714286 0.4452012383900929 0.75 0.460061919504644 0.6083333333333333 0.460061919504644 0.5904761904761905 0.44953560371517026 0.5714285714285714 0.4421052631578947 0.5714285714285714 
29 0.4068111455108359 0.580952380952381 0.40123839009287926 0.5904761904761905 0.39628482972136225 0.6 0.39628482972136225 0.7535714285714286 0.39690402476780184 0.7595238095238095 0.40123839009287926 0.7702380952380953 0.4130030959752322 0.7702380952380953 0.41424148606811145 0.7690476190476191 0.4154798761609907 0.7666666666666667 0.42538699690402476 0.7214285714285714 0.43034055727554177 0.5976190476190476 0.43034055727554177 0.5833333333333334 0.4297213622291022 0.580952380952381 0.4068111455108359 0.580952380952381 
30 0.356656346749226 0.580952380952381 0.35170278637770896 0.5904761904761905 0.3318885448916409 0.6869047619047619 0.3269349845201238 0.7273809523809524 0.3269349845201238 0.7607142857142857 0.3318885448916409 0.7702380952380953 0.36656346749226004 0.7797619047619048 0.3752321981424149 0.7797619047619048 0.38575851393188854 0.7607142857142857 0.3907120743034056 0.75 0.4006191950464396 0.7214285714285714 0.4055727554179567 0.6035714285714285 0.4055727554179567 0.594047619047619 0.40495356037151703 0.5904761904761905 0.4 0.580952380952381 0.356656346749226 0.580952380952381 
31 0.3219814241486068 0.5523809523809524 0.31207430340557274 0.5547619047619048 0.3077399380804954 0.5619047619047619 0.3021671826625387 0.5714285714285714 0.2773993808049536 0.6964285714285714 0.2773993808049536 0.7321428571428571 0.30712074303405573 0.7511904761904762 0.3263157894736842 0.7511904761904762 0.3306501547987616 0.7416666666666667 0.3504643962848297 0.675 0.36594427244582045 0.5880952380952381 0.36594427244582045 0.5726190476190476 0.36470588235294116 0.5714285714285714 0.3238390092879257 0.5523809523809524 0.3219814241486068 0.5523809523809524 
32 0.2643962848297214 0.5333333333333333 0.2631578947368421 0.5345238095238095 0.2582043343653251 0.5428571428571428 0.25758513931888544 0.544047619047619 0.25263157894736843 0.5630952380952381 0.23777089783281732 0.638095238095238 0.23777089783281732 0.6833333333333333 0.23839009287925697 0.6845238095238095 0.2631578947368421 0.7035714285714286 0.27678018575851393 0.7035714285714286 0.28606811145510835 0.694047619047619 0.291640866873065 0.6845238095238095 0.29659442724458207 0.6654761904761904 0.3015479876160991 0.6452380952380953 0.3065015479876161 0.6166666666666667 0.31145510835913315 0.5797619047619048 0.31145510835913315 0.5535714285714286 0.2718266253869969 0.5333333333333333 0.2643962848297214 0.5333333333333333 