1 0.2532507739938081 0.45714285714285713 0.25263157894736843 0.4583333333333333 0.2476780185758514 0.4785714285714286 0.2476780185758514 0.5845238095238096 0.25263157894736843 0.625 0.2532507739938081 0.6273809523809524 0.291640866873065 0.6273809523809524 0.29659442724458207 0.6083333333333333 0.29659442724458207 0.5821428571428572 0.286687306501548 0.5095238095238095 0.28173374613003094 0.4857142857142857 0.2718266253869969 0.4595238095238095 0.2712074303405573 0.4583333333333333 0.26873065015479874 0.45714285714285713 0.2532507739938081 0.45714285714285713 
2 0.2835913312693498 0.4380952380952381 0.2823529411764706 0.4392857142857143 0.2773993808049536 0.44761904761904764 0.2773993808049536 0.4726190476190476 0.2873065015479876 0.6083333333333333 0.3021671826625387 0.6357142857142857 0.30340557275541796 0.6369047619047619 0.3256965944272446 0.6369047619047619 0.33622291021671824 0.6166666666666667 0.33622291021671824 0.575 0.32136222910216716 0.4976190476190476 0.31640866873065016 0.47619047619047616 0.3065015479876161 0.4488095238095238 0.2959752321981424 0.4380952380952381 0.2835913312693498 0.4380952380952381 
6 0.3913312693498452 0.3904761904761905 0.3863777089783282 0.4 0.3863777089783282 0.5297619047619048 0.39628482972136225 0.5988095238095238 0.40123839009287926 0.6071428571428571 0.4024767801857585 0.6083333333333333 0.4154798761609907 0.6083333333333333 0.4247678018575851 0.5988095238095238 0.42538699690402476 0.5976190476190476 0.43034055727554177 0.5785714285714286 0.43034055727554177 0.5452380952380952 0.42538699690402476 0.5071428571428571 0.4154798761609907 0.44761904761904764 0.4105263157894737 0.42142857142857143 0.4055727554179567 0.4 0.3993808049535604 0.3904761904761905 0.3913312693498452 0.3904761904761905 
7 0.426625386996904 0.4 0.4260061919504644 0.4011904761904762 0.42105263157894735 0.5357142857142857 0.42105263157894735 0.5511904761904762 0.4260061919504644 0.5988095238095238 0.460061919504644 0.5988095238095238 0.460061919504644 0.5714285714285714 0.4551083591331269 0.45714285714285713 0.44024767801857584 0.4011904761904762 0.43962848297213625 0.4 0.426625386996904 0.4 
8 0.46068111455108357 0.4095238095238095 0.45572755417956656 0.42857142857142855 0.45077399380804956 0.5261904761904762 0.45077399380804956 0.5797619047619048 0.45572755417956656 0.6083333333333333 0.4891640866873065 0.6083333333333333 0.48978328173374613 0.6071428571428571 0.48978328173374613 0.45 0.4848297213622291 0.42857142857142855 0.4792569659442725 0.4095238095238095 0.46068111455108357 0.4095238095238095 
9 0.4953560371517028 0.3904761904761905 0.4904024767801858 0.42023809523809524 0.4854489164086687 0.4773809523809524 0.4854489164086687 0.6083333333333333 0.5195046439628483 0.6083333333333333 0.5238390092879257 0.5976190476190476 0.5244582043343653 0.5952380952380952 0.5244582043343653 0.4297619047619048 0.5195046439628483 0.4035714285714286 0.5145510835913313 0.39285714285714285 0.513312693498452 0.3904761904761905 0.4953560371517028 0.3904761904761905 
10 0.5399380804953561 0.41904761904761906 0.534984520123839 0.4297619047619048 0.530030959752322 0.4488095238095238 0.525077399380805 0.4773809523809524 0.5201238390092879 0.5369047619047619 0.5201238390092879 0.5892857142857143 0.525077399380805 0.5988095238095238 0.5535603715170279 0.5988095238095238 0.5541795665634675 0.5952380952380952 0.5591331269349845 0.5023809523809524 0.5591331269349845 0.42023809523809524 0.5585139318885449 0.41904761904761906 0.5399380804953561 0.41904761904761906 
11 0.5696594427244582 0.3904761904761905 0.5647058823529412 0.4 0.5597523219814241 0.42857142857142855 0.5547987616099072 0.4583333333333333 0.5498452012383901 0.5345238095238095 0.5498452012383901 0.6071428571428571 0.5504643962848297 0.6083333333333333 0.578328173374613 0.6083333333333333 0.58328173374613 0.5976190476190476 0.5839009287925696 0.5952380952380952 0.5839009287925696 0.40476190476190477 0.58328173374613 0.4 0.5789473684210527 0.3904761904761905 0.5696594427244582 0.3904761904761905 
13 0.6291021671826625 0.4095238095238095 0.6241486068111455 0.42023809523809524 0.6191950464396285 0.4380952380952381 0.5993808049535604 0.5535714285714286 0.5993808049535604 0.5988095238095238 0.6105263157894737 0.6083333333333333 0.6278637770897832 0.6083333333333333 0.6377708978328174 0.5892857142857143 0.638390092879257 0.5857142857142857 0.643343653250774 0.49404761904761907 0.643343653250774 0.4095238095238095 0.6291021671826625 0.4095238095238095 
14 0.6848297213622291 0.42857142857142855 0.6736842105263158 0.44761904761904764 0.6687306501547987 0.4666666666666667 0.6637770897832818 0.4869047619047619 0.6489164086687307 0.5547619047619048 0.6489164086687307 0.5976190476190476 0.6538699690402476 0.6083333333333333 0.6972136222910217 0.6083333333333333 0.7027863777089783 0.5988095238095238 0.7027863777089783 0.4595238095238095 0.6978328173374613 0.4380952380952381 0.6928792569659443 0.4297619047619048 0.691640866873065 0.42857142857142855 0.6848297213622291 0.42857142857142855 
15 0.7281733746130031 0.4380952380952381 0.7232198142414861 0.4488095238095238 0.708359133126935 0.49642857142857144 0.698452012383901 0.5333333333333333 0.698452012383901 0.5988095238095238 0.7034055727554179 0.6083333333333333 0.7368421052631579 0.6083333333333333 0.7417956656346749 0.5988095238095238 0.7424148606811145 0.5964285714285714 0.7424148606811145 0.4392857142857143 0.7411764705882353 0.4380952380952381 0.7281733746130031 0.4380952380952381 
18 0.6885448916408669 0.6261904761904762 0.6643962848297214 0.6285714285714286 0.6588235294117647 0.638095238095238 0.6489164086687307 0.6571428571428571 0.6489164086687307 0.6928571428571428 0.6538699690402476 0.7130952380952381 0.6687306501547987 0.75 0.6786377708978328 0.7690476190476191 0.6885448916408669 0.7797619047619048 0.7126934984520124 0.7797619047619048 0.7275541795665634 0.7416666666666667 0.7275541795665634 0.7047619047619048 0.7027863777089783 0.6297619047619047 0.7021671826625387 0.6285714285714286 0.6928792569659443 0.6261904761904762 0.6885448916408669 0.6261904761904762 
20 0.6291021671826625 0.6285714285714286 0.6142414860681115 0.638095238095238 0.6142414860681115 0.6928571428571428 0.6291021671826625 0.8083333333333333 0.6340557275541796 0.8178571428571428 0.648297213622291 0.8178571428571428 0.653250773993808 0.8083333333333333 0.6582043343653251 0.7440476190476191 0.6582043343653251 0.6392857142857142 0.643343653250774 0.6285714285714286 0.6291021671826625 0.6285714285714286 
21 0.5845201238390093 0.6285714285714286 0.5801857585139318 0.638095238095238 0.5795665634674922 0.6404761904761904 0.5746130030959752 0.6666666666666666 0.5696594427244582 0.719047619047619 0.5696594427244582 0.7702380952380953 0.5746130030959752 0.8142857142857143 0.5752321981424149 0.8178571428571428 0.5938080495356037 0.8178571428571428 0.5987616099071208 0.7976190476190477 0.6136222910216719 0.6821428571428572 0.6136222910216719 0.65 0.6123839009287926 0.6476190476190476 0.5938080495356037 0.6285714285714286 0.5845201238390093 0.6285714285714286 
22 0.5498452012383901 0.6190476190476191 0.544891640866873 0.6285714285714286 0.5399380804953561 0.6880952380952381 0.5399380804953561 0.7321428571428571 0.544891640866873 0.7892857142857143 0.5547987616099072 0.8083333333333333 0.5634674922600619 0.8083333333333333 0.5640866873065016 0.805952380952381 0.5789473684210527 0.6833333333333333 0.5789473684210527 0.6416666666666667 0.578328173374613 0.638095238095238 0.5739938080495356 0.6285714285714286 0.5690402476780185 0.6190476190476191 0.5498452012383901 0.6190476190476191 
23 0.5207430340557275 0.6095238095238096 0.5201238390092879 0.6130952380952381 0.5201238390092879 0.7785714285714286 0.5207430340557275 0.7797619047619048 0.5294117647058824 0.7797619047619048 0.5343653250773994 0.7607142857142857 0.5393188854489164 0.7309523809523809 0.5442724458204334 0.6642857142857143 0.5442724458204334 0.6285714285714286 0.5393188854489164 0.6190476190476191 0.5281733746130031 0.6095238095238096 0.5207430340557275 0.6095238095238096 
24 0.49226006191950467 0.6095238095238096 0.4904024767801858 0.6107142857142858 0.4904024767801858 0.6333333333333333 0.4953560371517028 0.719047619047619 0.5003095975232198 0.7488095238095238 0.5058823529411764 0.7607142857142857 0.5145510835913313 0.7607142857142857 0.5145510835913313 0.6214285714285714 0.5139318885448917 0.6190476190476191 0.5095975232198142 0.6095238095238096 0.49226006191950467 0.6095238095238096 
25 0.47058823529411764 0.6190476190476191 0.47058823529411764 0.6738095238095239 0.47554179566563465 0.7511904761904762 0.4804953560371517 0.7607142857142857 0.48978328173374613 0.7607142857142857 0.49473684210526314 0.75 0.49473684210526314 0.6773809523809524 0.48978328173374613 0.6190476190476191 0.47058823529411764 0.6190476190476191 
26 0.46068111455108357 0.6190476190476191 0.4458204334365325 0.6297619047619047 0.4458204334365325 0.6654761904761904 0.45572755417956656 0.7321428571428571 0.46068111455108357 0.7607142857142857 0.46563467492260063 0.7797619047619048 0.47492260061919506 0.7797619047619048 0.47987616099071206 0.7702380952380953 0.47987616099071206 0.7154761904761905 0.47492260061919506 0.6607142857142857 0.469969040247678 0.6214285714285714 0.46873065015479876 0.6202380952380953 0.46687306501547987 0.6190476190476191 0.46068111455108357 0.6190476190476191 
27 0.4359133126934985 0.6190476190476191 0.4260061919504644 0.6285714285714286 0.42105263157894735 0.638095238095238 0.42105263157894735 0.675 0.4309597523219814 0.7702380952380953 0.4408668730650155 0.7988095238095239 0.4501547987616099 0.7988095238095239 0.4551083591331269 0.7785714285714286 0.4551083591331269 0.6773809523809524 0.4501547987616099 0.6285714285714286 0.4452012383900929 0.6190476190476191 0.4359133126934985 0.6190476190476191 
28 0.4018575851393189 0.6285714285714286 0.3913312693498452 0.638095238095238 0.3913312693498452 0.6833333333333333 0.39628482972136225 0.7964285714285714 0.40123839009287926 0.8178571428571428 0.4086687306501548 0.8178571428571428 0.40990712074303404 0.8166666666666667 0.4154798761609907 0.8083333333333333 0.42538699690402476 0.7595238095238095 0.42538699690402476 0.6392857142857142 0.42043343653250775 0.6285714285714286 0.4018575851393189 0.6285714285714286 
29 0.36160990712074303 0.6285714285714286 0.3473684210526316 0.638095238095238 0.34179566563467495 0.6488095238095238 0.34179566563467495 0.7511904761904762 0.34674922600619196 0.8071428571428572 0.35170278637770896 0.8178571428571428 0.36470588235294116 0.8178571428571428 0.36594427244582045 0.8166666666666667 0.37089783281733746 0.8083333333333333 0.38080495356037153 0.680952380952381 0.38080495356037153 0.6571428571428571 0.3752321981424149 0.638095238095238 0.37089783281733746 0.6297619047619047 0.3696594427244582 0.6285714285714286 0.36160990712074303 0.6285714285714286 
31 0.2873065015479876 0.638095238095238 0.2823529411764706 0.6488095238095238 0.25758513931888544 0.7154761904761905 0.25263157894736843 0.7333333333333333 0.2476780185758514 0.7523809523809524 0.2476780185758514 0.7690476190476191 0.27801857585139317 0.7988095238095239 0.2934984520123839 0.7988095238095239 0.29659442724458207 0.7976190476190477 0.3065015479876161 0.7892857142857143 0.3108359133126935 0.7797619047619048 0.32136222910216716 0.7511904761904762 0.33126934984520123 0.7119047619047619 0.33126934984520123 0.6571428571428571 0.3256965944272446 0.6476190476190476 0.3151702786377709 0.638095238095238 0.2873065015479876 0.638095238095238 