6 0.4359133126934985 0.3333333333333333 0.4359133126934985 0.5297619047619048 0.4408668730650155 0.55 0.4458204334365325 0.5607142857142857 0.4693498452012384 0.5607142857142857 0.47492260061919506 0.55 0.47492260061919506 0.4857142857142857 0.469969040247678 0.430952380952381 0.465015479876161 0.37857142857142856 0.460061919504644 0.34285714285714286 0.4544891640866873 0.3333333333333333 0.4359133126934985 0.3333333333333333 
7 0.4804953560371517 0.3523809523809524 0.47678018575851394 0.3619047619047619 0.47058823529411764 0.38095238095238093 0.46563467492260063 0.4380952380952381 0.46563467492260063 0.4928571428571429 0.47058823529411764 0.5511904761904762 0.49907120743034056 0.5511904761904762 0.4996904024767802 0.5452380952380952 0.4996904024767802 0.5142857142857142 0.49473684210526314 0.3619047619047619 0.48978328173374613 0.3523809523809524 0.4804953560371517 0.3523809523809524 
8 0.5052631578947369 0.3523809523809524 0.5003095975232198 0.3619047619047619 0.4953560371517028 0.3821428571428571 0.4904024767801858 0.45714285714285713 0.4904024767801858 0.5226190476190476 0.4953560371517028 0.5595238095238095 0.496594427244582 0.5607142857142857 0.5108359133126935 0.5702380952380952 0.5219814241486068 0.5702380952380952 0.5244582043343653 0.569047619047619 0.5244582043343653 0.4857142857142857 0.5195046439628483 0.36547619047619045 0.5188854489164086 0.3619047619047619 0.5145510835913313 0.3523809523809524 0.5052631578947369 0.3523809523809524 
9 0.5306501547987617 0.37142857142857144 0.5256965944272446 0.3821428571428571 0.525077399380805 0.38571428571428573 0.5201238390092879 0.41904761904761906 0.5201238390092879 0.5476190476190477 0.5207430340557275 0.5511904761904762 0.530030959752322 0.5702380952380952 0.551702786377709 0.5702380952380952 0.5541795665634675 0.569047619047619 0.5541795665634675 0.5059523809523809 0.5492260061919505 0.38452380952380955 0.5486068111455108 0.38095238095238093 0.5436532507739938 0.37142857142857144 0.5306501547987617 0.37142857142857144 
11 0.590092879256966 0.3523809523809524 0.5851393188854489 0.3619047619047619 0.5845201238390093 0.36428571428571427 0.5795665634674922 0.4 0.5702786377708978 0.4857142857142857 0.5696594427244582 0.4928571428571429 0.5696594427244582 0.5583333333333333 0.5702786377708978 0.5607142857142857 0.5746130030959752 0.569047619047619 0.5764705882352941 0.5702380952380952 0.5987616099071208 0.5702380952380952 0.6030959752321982 0.5511904761904762 0.6037151702786377 0.5476190476190477 0.6086687306501548 0.4845238095238095 0.6086687306501548 0.36428571428571427 0.6080495356037152 0.3619047619047619 0.6030959752321982 0.3523809523809524 0.590092879256966 0.3523809523809524 
22 0.5547987616099072 0.5904761904761905 0.5547987616099072 0.6607142857142857 0.5647058823529412 0.7416666666666667 0.5746130030959752 0.7797619047619048 0.5801857585139318 0.7892857142857143 0.5938080495356037 0.7892857142857143 0.5938080495356037 0.7154761904761905 0.5888544891640867 0.6011904761904762 0.5839009287925696 0.5904761904761905 0.5547987616099072 0.5904761904761905 
23 0.5399380804953561 0.580952380952381 0.5399380804953561 0.7226190476190476 0.5455108359133127 0.7416666666666667 0.5535603715170279 0.7416666666666667 0.5591331269349845 0.7309523809523809 0.5640866873065016 0.6738095238095239 0.5640866873065016 0.6297619047619047 0.5591331269349845 0.5821428571428572 0.5585139318885449 0.580952380952381 0.5399380804953561 0.580952380952381 
24 0.525077399380805 0.580952380952381 0.525077399380805 0.6845238095238095 0.530030959752322 0.7214285714285714 0.534984520123839 0.7321428571428571 0.5436532507739938 0.7321428571428571 0.5442724458204334 0.7297619047619047 0.5442724458204334 0.580952380952381 0.525077399380805 0.580952380952381 
25 0.5052631578947369 0.580952380952381 0.5052631578947369 0.6642857142857143 0.5102167182662539 0.7023809523809523 0.5151702786377709 0.7321428571428571 0.5207430340557275 0.7416666666666667 0.5294117647058824 0.7416666666666667 0.5294117647058824 0.5880952380952381 0.5281733746130031 0.5845238095238096 0.525077399380805 0.580952380952381 0.5052631578947369 0.580952380952381 
26 0.4854489164086687 0.5714285714285714 0.4854489164086687 0.6654761904761904 0.4904024767801858 0.7095238095238096 0.49102167182662537 0.7130952380952381 0.4953560371517028 0.7285714285714285 0.5003095975232198 0.7321428571428571 0.5095975232198142 0.7321428571428571 0.5095975232198142 0.5976190476190476 0.5046439628482973 0.580952380952381 0.4996904024767802 0.5726190476190476 0.4984520123839009 0.5714285714285714 0.4854489164086687 0.5714285714285714 
27 0.46068111455108357 0.5714285714285714 0.45572755417956656 0.5904761904761905 0.45572755417956656 0.6642857142857143 0.46563467492260063 0.7309523809523809 0.47058823529411764 0.7595238095238095 0.4761609907120743 0.7797619047619048 0.4848297213622291 0.7797619047619048 0.49473684210526314 0.7595238095238095 0.49473684210526314 0.6011904761904762 0.48978328173374613 0.5738095238095238 0.4891640866873065 0.5714285714285714 0.46068111455108357 0.5714285714285714 