2 0.2978328173374613 0.4380952380952381 0.2773993808049536 0.4488095238095238 0.2773993808049536 0.5404761904761904 0.2823529411764706 0.6273809523809524 0.29226006191950465 0.6369047619047619 0.3157894736842105 0.6369047619047619 0.330030959752322 0.6273809523809524 0.33126934984520123 0.6166666666666667 0.33126934984520123 0.580952380952381 0.32136222910216716 0.4880952380952381 0.31640866873065016 0.4488095238095238 0.3108359133126935 0.4380952380952381 0.2978328173374613 0.4380952380952381 
3 0.32755417956656346 0.4666666666666667 0.31207430340557274 0.47619047619047616 0.31207430340557274 0.49404761904761907 0.3219814241486068 0.6369047619047619 0.33250773993808047 0.6464285714285715 0.3609907120743034 0.6464285714285715 0.3702786377708978 0.6369047619047619 0.37585139318885447 0.6273809523809524 0.37585139318885447 0.580952380952381 0.3560371517027864 0.4880952380952381 0.35541795665634673 0.4857142857142857 0.3510835913312694 0.47619047619047616 0.3455108359133127 0.4666666666666667 0.32755417956656346 0.4666666666666667 
4 0.35294117647058826 0.42857142857142855 0.35170278637770896 0.4297619047619048 0.35170278637770896 0.5023809523809524 0.36656346749226004 0.5869047619047619 0.3715170278637771 0.6083333333333333 0.3894736842105263 0.6083333333333333 0.4 0.5988095238095238 0.4006191950464396 0.5976190476190476 0.4006191950464396 0.5523809523809524 0.38080495356037153 0.4666666666666667 0.36594427244582045 0.42857142857142855 0.35294117647058826 0.42857142857142855 
5 0.3975232198142415 0.42857142857142855 0.39628482972136225 0.4297619047619048 0.3913312693498452 0.44761904761904764 0.3913312693498452 0.5607142857142857 0.39628482972136225 0.5964285714285714 0.39690402476780184 0.5988095238095238 0.42538699690402476 0.5988095238095238 0.42538699690402476 0.5333333333333333 0.42043343653250775 0.49642857142857144 0.4105263157894737 0.4380952380952381 0.4055727554179567 0.42857142857142855 0.3975232198142415 0.42857142857142855 
6 0.41114551083591333 0.4095238095238095 0.40619195046439627 0.41904761904761906 0.40619195046439627 0.44642857142857145 0.42105263157894735 0.5892857142857143 0.4328173374613003 0.5988095238095238 0.44953560371517026 0.5988095238095238 0.4501547987616099 0.5976190476190476 0.4551083591331269 0.5797619047619048 0.4551083591331269 0.5047619047619047 0.4452012383900929 0.44761904761904764 0.44024767801857584 0.42023809523809524 0.43529411764705883 0.4107142857142857 0.4340557275541796 0.4095238095238095 0.41114551083591333 0.4095238095238095 
7 0.4563467492260062 0.41904761904761906 0.45572755417956656 0.42023809523809524 0.45077399380804956 0.44047619047619047 0.45077399380804956 0.5785714285714286 0.45572755417956656 0.5880952380952381 0.4569659442724458 0.5892857142857143 0.4743034055727554 0.5892857142857143 0.47987616099071206 0.5797619047619048 0.4842105263157895 0.5607142857142857 0.4848297213622291 0.475 0.4848297213622291 0.42857142857142855 0.47987616099071206 0.41904761904761906 0.4563467492260062 0.41904761904761906 
8 0.48606811145510836 0.42857142857142855 0.4804953560371517 0.4380952380952381 0.4804953560371517 0.5797619047619048 0.49102167182662537 0.5892857142857143 0.4996904024767802 0.5892857142857143 0.5095975232198142 0.5797619047619048 0.5145510835913313 0.4714285714285714 0.5145510835913313 0.430952380952381 0.513312693498452 0.42857142857142855 0.48606811145510836 0.42857142857142855 
9 0.5362229102167183 0.41904761904761906 0.534984520123839 0.42023809523809524 0.530030959752322 0.42857142857142855 0.525077399380805 0.44761904761904764 0.5201238390092879 0.47619047619047616 0.5151702786377709 0.525 0.5151702786377709 0.5773809523809523 0.5157894736842106 0.5797619047619048 0.5393188854489164 0.5797619047619048 0.5442724458204334 0.5702380952380952 0.5541795665634675 0.49404761904761907 0.5541795665634675 0.44166666666666665 0.5535603715170279 0.4380952380952381 0.5492260061919505 0.4226190476190476 0.5479876160990712 0.42023809523809524 0.5467492260061919 0.41904761904761906 0.5362229102167183 0.41904761904761906 
10 0.5702786377708978 0.41904761904761906 0.5647058823529412 0.42857142857142855 0.5547987616099072 0.44761904761904764 0.5498452012383901 0.4666666666666667 0.544891640866873 0.5238095238095238 0.544891640866873 0.5797619047619048 0.5498452012383901 0.5892857142857143 0.5634674922600619 0.5892857142857143 0.5690402476780185 0.5797619047619048 0.5839009287925696 0.48095238095238096 0.5839009287925696 0.42023809523809524 0.5826625386996904 0.41904761904761906 0.5702786377708978 0.41904761904761906 
11 0.590092879256966 0.41904761904761906 0.5845201238390093 0.42857142857142855 0.5795665634674922 0.4380952380952381 0.5746130030959752 0.4797619047619048 0.5696594427244582 0.5428571428571428 0.5696594427244582 0.5988095238095238 0.5919504643962848 0.5988095238095238 0.5931888544891641 0.5976190476190476 0.5987616099071208 0.5892857142857143 0.6037151702786377 0.4738095238095238 0.6037151702786377 0.41904761904761906 0.590092879256966 0.41904761904761906 
12 0.6105263157894737 0.42857142857142855 0.6092879256965944 0.4297619047619048 0.6043343653250774 0.4488095238095238 0.5993808049535604 0.4773809523809524 0.5894736842105263 0.5845238095238096 0.5894736842105263 0.5892857142857143 0.5944272445820433 0.5976190476190476 0.5956656346749226 0.5988095238095238 0.628482972136223 0.5988095238095238 0.628482972136223 0.46785714285714286 0.6235294117647059 0.4297619047619048 0.6229102167182663 0.42857142857142855 0.6105263157894737 0.42857142857142855 
15 0.698452012383901 0.44761904761904764 0.6885448916408669 0.4583333333333333 0.6637770897832818 0.5714285714285714 0.6637770897832818 0.6071428571428571 0.6835913312693499 0.6273809523809524 0.6978328173374613 0.6273809523809524 0.7275541795665634 0.5226190476190476 0.7275541795665634 0.4488095238095238 0.7263157894736842 0.44761904761904764 0.698452012383901 0.44761904761904764 
17 0.7232198142414861 0.5904761904761905 0.7034055727554179 0.6 0.698452012383901 0.6095238095238096 0.698452012383901 0.6464285714285715 0.7034055727554179 0.6821428571428572 0.708359133126935 0.7035714285714286 0.7188854489164087 0.7321428571428571 0.7232198142414861 0.7416666666666667 0.7287925696594427 0.7511904761904762 0.7510835913312693 0.7511904761904762 0.7523219814241486 0.75 0.7671826625386997 0.7309523809523809 0.7671826625386997 0.6952380952380952 0.7424148606811145 0.5928571428571429 0.7417956656346749 0.5904761904761905 0.7232198142414861 0.5904761904761905 
20 0.6092879256965944 0.6095238095238096 0.6092879256965944 0.6714285714285714 0.6142414860681115 0.736904761904762 0.6191950464396285 0.7797619047619048 0.6241486068111455 0.7892857142857143 0.6328173374613003 0.7892857142857143 0.638390092879257 0.7785714285714286 0.638390092879257 0.6785714285714286 0.6334365325077399 0.6285714285714286 0.628482972136223 0.6095238095238096 0.6092879256965944 0.6095238095238096 
21 0.5851393188854489 0.6 0.5795665634674922 0.6107142857142858 0.5795665634674922 0.6273809523809524 0.5845201238390093 0.6964285714285714 0.5894736842105263 0.75 0.5907120743034056 0.7607142857142857 0.5944272445820433 0.7797619047619048 0.6080495356037152 0.7797619047619048 0.6086687306501548 0.7785714285714286 0.6136222910216719 0.6440476190476191 0.6136222910216719 0.6202380952380953 0.6080495356037152 0.6 0.5851393188854489 0.6 
22 0.5498452012383901 0.5904761904761905 0.5498452012383901 0.6047619047619047 0.5547987616099072 0.7392857142857143 0.5696594427244582 0.7976190476190477 0.5702786377708978 0.7988095238095239 0.5839009287925696 0.7988095238095239 0.5839009287925696 0.6952380952380952 0.5789473684210527 0.6 0.5690402476780185 0.5904761904761905 0.5498452012383901 0.5904761904761905 
23 0.5356037151702786 0.6 0.534984520123839 0.6011904761904762 0.534984520123839 0.6642857142857143 0.5399380804953561 0.7226190476190476 0.544891640866873 0.7404761904761905 0.5455108359133127 0.7416666666666667 0.5535603715170279 0.7416666666666667 0.5591331269349845 0.7309523809523809 0.5591331269349845 0.7154761904761905 0.5541795665634675 0.6023809523809524 0.5535603715170279 0.6 0.5356037151702786 0.6 
24 0.5164086687306502 0.6095238095238096 0.5151702786377709 0.6107142857142858 0.5151702786377709 0.6464285714285715 0.525077399380805 0.7476190476190476 0.5256965944272446 0.7511904761904762 0.5343653250773994 0.7511904761904762 0.5393188854489164 0.7416666666666667 0.5393188854489164 0.7047619047619048 0.5343653250773994 0.611904761904762 0.5331269349845201 0.6095238095238096 0.5164086687306502 0.6095238095238096 
25 0.4953560371517028 0.6 0.4953560371517028 0.7607142857142857 0.5003095975232198 0.7797619047619048 0.508359133126935 0.7797619047619048 0.5139318885448917 0.7702380952380953 0.5145510835913313 0.7666666666666667 0.5195046439628483 0.6488095238095238 0.5195046439628483 0.6095238095238096 0.4996904024767802 0.6 0.4953560371517028 0.6 
26 0.4804953560371517 0.6095238095238096 0.4804953560371517 0.7416666666666667 0.4854489164086687 0.7797619047619048 0.4934984520123839 0.7797619047619048 0.4996904024767802 0.7702380952380953 0.4996904024767802 0.6107142857142858 0.49907120743034056 0.6095238095238096 0.4804953560371517 0.6095238095238096 
27 0.4563467492260062 0.5904761904761905 0.45572755417956656 0.5916666666666667 0.45077399380804956 0.6678571428571428 0.45077399380804956 0.7416666666666667 0.45572755417956656 0.7785714285714286 0.46068111455108357 0.7976190476190477 0.4613003095975232 0.7988095238095239 0.47492260061919506 0.7988095238095239 0.47987616099071206 0.7666666666666667 0.47987616099071206 0.6107142857142858 0.47492260061919506 0.5904761904761905 0.4563467492260062 0.5904761904761905 
28 0.4309597523219814 0.6 0.426625386996904 0.6095238095238096 0.4260061919504644 0.611904761904762 0.4260061919504644 0.7273809523809524 0.426625386996904 0.7321428571428571 0.4309597523219814 0.7607142857142857 0.4359133126934985 0.7869047619047619 0.43653250773993807 0.7892857142857143 0.44891640866873067 0.7892857142857143 0.4501547987616099 0.7869047619047619 0.4501547987616099 0.6095238095238096 0.4452012383900929 0.6 0.4309597523219814 0.6 
29 0.40123839009287926 0.6095238095238096 0.39195046439628484 0.6190476190476191 0.3913312693498452 0.6202380952380953 0.3913312693498452 0.7607142857142857 0.39628482972136225 0.7964285714285714 0.39690402476780184 0.7988095238095239 0.40495356037151703 0.7988095238095239 0.4148606811145511 0.7892857142857143 0.4154798761609907 0.7880952380952381 0.43034055727554177 0.6345238095238095 0.43034055727554177 0.6202380952380953 0.42538699690402476 0.6107142857142858 0.4241486068111455 0.6095238095238096 0.40123839009287926 0.6095238095238096 
32 0.27306501547987616 0.6095238095238096 0.23281733746130032 0.7142857142857143 0.23281733746130032 0.7511904761904762 0.25263157894736843 0.7797619047619048 0.2761609907120743 0.7797619047619048 0.286687306501548 0.7607142857142857 0.3015479876160991 0.7321428571428571 0.31145510835913315 0.694047619047619 0.31640866873065016 0.6714285714285714 0.31640866873065016 0.6476190476190476 0.3065015479876161 0.6297619047619047 0.286687306501548 0.6095238095238096 0.27306501547987616 0.6095238095238096 