2 0.2674922600619195 0.4 0.25263157894736843 0.41904761904761906 0.25263157894736843 0.42738095238095236 0.2674922600619195 0.5773809523809523 0.26811145510835915 0.5797619047619048 0.27306501547987616 0.5892857142857143 0.3157894736842105 0.5892857142857143 0.32136222910216716 0.5797619047619048 0.32136222910216716 0.5476190476190477 0.32074303405572757 0.544047619047619 0.31640866873065016 0.525 0.291640866873065 0.4297619047619048 0.28606811145510835 0.4095238095238095 0.2804953560371517 0.4 0.2674922600619195 0.4 
3 0.3027863777089783 0.4 0.3021671826625387 0.4011904761904762 0.3021671826625387 0.45595238095238094 0.31207430340557274 0.55 0.3170278637770898 0.5892857142857143 0.3219814241486068 0.5988095238095238 0.36470588235294116 0.5988095238095238 0.36594427244582045 0.5976190476190476 0.37089783281733746 0.5869047619047619 0.37089783281733746 0.5333333333333333 0.36594427244582045 0.5059523809523809 0.3560371517027864 0.4666666666666667 0.3510835913312694 0.4488095238095238 0.3461300309597523 0.4380952380952381 0.3263157894736842 0.4 0.3027863777089783 0.4 
4 0.3715170278637771 0.4 0.36656346749226004 0.4095238095238095 0.36160990712074303 0.4583333333333333 0.36160990712074303 0.5976190476190476 0.36656346749226004 0.6071428571428571 0.3690402476780186 0.6083333333333333 0.39009287925696595 0.6083333333333333 0.4006191950464396 0.5988095238095238 0.4006191950464396 0.5476190476190477 0.3907120743034056 0.4226190476190476 0.39009287925696595 0.41904761904761906 0.3851393188854489 0.4 0.3715170278637771 0.4 
5 0.40123839009287926 0.4 0.39628482972136225 0.4107142857142857 0.3913312693498452 0.5202380952380953 0.3913312693498452 0.5488095238095239 0.39628482972136225 0.5988095238095238 0.42043343653250775 0.5988095238095238 0.43529411764705883 0.5892857142857143 0.44024767801857584 0.5797619047619048 0.44024767801857584 0.544047619047619 0.43034055727554177 0.4797619047619048 0.42538699690402476 0.45 0.4198142414860681 0.41904761904761906 0.4154798761609907 0.4011904761904762 0.41424148606811145 0.4 0.40123839009287926 0.4 
6 0.4458204334365325 0.37142857142857144 0.4408668730650155 0.38095238095238093 0.4359133126934985 0.4011904761904762 0.4309597523219814 0.4297619047619048 0.4260061919504644 0.4666666666666667 0.4260061919504644 0.5988095238095238 0.4359133126934985 0.6071428571428571 0.43777089783281736 0.6083333333333333 0.44024767801857584 0.6083333333333333 0.4501547987616099 0.5892857142857143 0.4544891640866873 0.5797619047619048 0.460061919504644 0.5607142857142857 0.460061919504644 0.37142857142857144 0.4458204334365325 0.37142857142857144 
7 0.4712074303405573 0.3619047619047619 0.47058823529411764 0.3630952380952381 0.4662538699690402 0.3726190476190476 0.4613003095975232 0.3904761904761905 0.46068111455108357 0.39285714285714285 0.45572755417956656 0.41904761904761906 0.45077399380804956 0.5535714285714286 0.45077399380804956 0.5880952380952381 0.45139318885448915 0.5988095238095238 0.4693498452012384 0.5988095238095238 0.4792569659442725 0.5892857142857143 0.47987616099071206 0.5880952380952381 0.4848297213622291 0.48214285714285715 0.4848297213622291 0.36904761904761907 0.48359133126934983 0.36547619047619045 0.4804953560371517 0.3619047619047619 0.4712074303405573 0.3619047619047619 
8 0.49102167182662537 0.38095238095238093 0.4854489164086687 0.3904761904761905 0.4804953560371517 0.44761904761904764 0.47554179566563465 0.5190476190476191 0.47554179566563465 0.5976190476190476 0.4804953560371517 0.6083333333333333 0.4934984520123839 0.6083333333333333 0.5095975232198142 0.5988095238095238 0.5095975232198142 0.49523809523809526 0.5046439628482973 0.39166666666666666 0.4996904024767802 0.38095238095238093 0.49102167182662537 0.38095238095238093 
9 0.5256965944272446 0.3904761904761905 0.5201238390092879 0.4 0.5151702786377709 0.41904761904761906 0.5052631578947369 0.5142857142857142 0.5052631578947369 0.6071428571428571 0.5058823529411764 0.6083333333333333 0.5343653250773994 0.6083333333333333 0.5393188854489164 0.5988095238095238 0.5393188854489164 0.4011904761904762 0.5343653250773994 0.3904761904761905 0.5256965944272446 0.3904761904761905 
10 0.5504643962848297 0.41904761904761906 0.5498452012383901 0.42023809523809524 0.544891640866873 0.45 0.534984520123839 0.5261904761904762 0.534984520123839 0.5976190476190476 0.5356037151702786 0.5988095238095238 0.5634674922600619 0.5988095238095238 0.5640866873065016 0.5976190476190476 0.5640866873065016 0.41904761904761906 0.5504643962848297 0.41904761904761906 
11 0.5801857585139318 0.3904761904761905 0.5746130030959752 0.4119047619047619 0.5597523219814241 0.5345238095238095 0.5597523219814241 0.5892857142857143 0.5696594427244582 0.6083333333333333 0.5839009287925696 0.6083333333333333 0.5938080495356037 0.5988095238095238 0.5938080495356037 0.3904761904761905 0.5801857585139318 0.3904761904761905 
12 0.5944272445820433 0.5047619047619047 0.5894736842105263 0.5142857142857142 0.5894736842105263 0.5880952380952381 0.6 0.6083333333333333 0.6136222910216719 0.6083333333333333 0.6179566563467492 0.5988095238095238 0.6185758513931888 0.5964285714285714 0.6185758513931888 0.5142857142857142 0.6136222910216719 0.5047619047619047 0.5944272445820433 0.5047619047619047 
13 0.6291021671826625 0.42857142857142855 0.6247678018575852 0.4380952380952381 0.6191950464396285 0.4666666666666667 0.6142414860681115 0.49642857142857144 0.6142414860681115 0.5976190476190476 0.6191950464396285 0.6083333333333333 0.6377708978328174 0.6083333333333333 0.643343653250774 0.5797619047619048 0.648297213622291 0.5035714285714286 0.648297213622291 0.42857142857142855 0.6291021671826625 0.42857142857142855 
14 0.6588235294117647 0.41904761904761906 0.6489164086687307 0.4595238095238095 0.6390092879256966 0.525 0.6340557275541796 0.5714285714285714 0.6340557275541796 0.6083333333333333 0.6390092879256966 0.6166666666666667 0.6402476780185758 0.6178571428571429 0.669969040247678 0.6178571428571429 0.6730650154798762 0.6166666666666667 0.6773993808049535 0.5797619047619048 0.6780185758513931 0.5702380952380952 0.6780185758513931 0.5333333333333333 0.6730650154798762 0.42023809523809524 0.6718266253869969 0.41904761904761906 0.6588235294117647 0.41904761904761906 
19 0.6241486068111455 0.6285714285714286 0.6191950464396285 0.6952380952380952 0.6191950464396285 0.7130952380952381 0.6340557275541796 0.8142857142857143 0.6346749226006192 0.8178571428571428 0.6526315789473685 0.8178571428571428 0.653250773993808 0.8154761904761905 0.6582043343653251 0.7880952380952381 0.6631578947368421 0.7416666666666667 0.6681114551083591 0.6845238095238095 0.6681114551083591 0.638095238095238 0.6631578947368421 0.6285714285714286 0.6241486068111455 0.6285714285714286 
20 0.590092879256966 0.6190476190476191 0.5894736842105263 0.6202380952380953 0.5894736842105263 0.6821428571428572 0.5944272445820433 0.7869047619047619 0.595046439628483 0.7892857142857143 0.604953560371517 0.8083333333333333 0.6136222910216719 0.8083333333333333 0.6185758513931888 0.7976190476190477 0.628482972136223 0.7023809523809523 0.628482972136223 0.6190476190476191 0.590092879256966 0.6190476190476191 
21 0.5653250773993808 0.6190476190476191 0.5647058823529412 0.6202380952380953 0.5647058823529412 0.6714285714285714 0.5696594427244582 0.7321428571428571 0.5746130030959752 0.7678571428571429 0.5795665634674922 0.7797619047619048 0.5845201238390093 0.7892857142857143 0.5981424148606811 0.7892857142857143 0.5987616099071208 0.7869047619047619 0.5987616099071208 0.6869047619047619 0.5938080495356037 0.6190476190476191 0.5653250773993808 0.6190476190476191 
22 0.544891640866873 0.6190476190476191 0.5405572755417957 0.6285714285714286 0.5399380804953561 0.6321428571428571 0.5399380804953561 0.655952380952381 0.544891640866873 0.7119047619047619 0.5498452012383901 0.7464285714285714 0.5547987616099072 0.7702380952380953 0.5597523219814241 0.7892857142857143 0.578328173374613 0.7892857142857143 0.5789473684210527 0.7857142857142857 0.5789473684210527 0.7642857142857142 0.5739938080495356 0.6714285714285714 0.5690402476780185 0.6190476190476191 0.544891640866873 0.6190476190476191 
23 0.530030959752322 0.6095238095238096 0.525077399380805 0.6190476190476191 0.5201238390092879 0.6666666666666666 0.5201238390092879 0.6916666666666667 0.530030959752322 0.7785714285714286 0.534984520123839 0.7880952380952381 0.5362229102167183 0.7892857142857143 0.5492260061919505 0.7892857142857143 0.5492260061919505 0.6785714285714286 0.5442724458204334 0.6107142857142858 0.5436532507739938 0.6095238095238096 0.530030959752322 0.6095238095238096 
24 0.5009287925696595 0.5904761904761905 0.5003095975232198 0.5916666666666667 0.5003095975232198 0.6273809523809524 0.5052631578947369 0.7035714285714286 0.5102167182662539 0.7511904761904762 0.5151702786377709 0.7690476190476191 0.5201238390092879 0.7797619047619048 0.5244582043343653 0.7797619047619048 0.5294117647058824 0.7702380952380953 0.5294117647058824 0.6976190476190476 0.5244582043343653 0.6 0.5095975232198142 0.5904761904761905 0.5009287925696595 0.5904761904761905 
25 0.4904024767801858 0.5904761904761905 0.4854489164086687 0.6011904761904762 0.4854489164086687 0.675 0.4953560371517028 0.7511904761904762 0.5003095975232198 0.7607142857142857 0.5095975232198142 0.7607142857142857 0.5145510835913313 0.7511904761904762 0.5145510835913313 0.7345238095238096 0.5095975232198142 0.6285714285714286 0.5046439628482973 0.5928571428571429 0.5040247678018576 0.5904761904761905 0.4904024767801858 0.5904761904761905 
26 0.46191950464396286 0.6095238095238096 0.4613003095975232 0.6107142857142858 0.46068111455108357 0.6130952380952381 0.46068111455108357 0.6654761904761904 0.47058823529411764 0.7226190476190476 0.4804953560371517 0.7607142857142857 0.4854489164086687 0.7785714285714286 0.49102167182662537 0.7892857142857143 0.49473684210526314 0.7892857142857143 0.49473684210526314 0.6952380952380952 0.4848297213622291 0.611904761904762 0.48359133126934983 0.6095238095238096 0.46191950464396286 0.6095238095238096 
27 0.44643962848297214 0.6190476190476191 0.4408668730650155 0.6285714285714286 0.4359133126934985 0.6476190476190476 0.4359133126934985 0.7309523809523809 0.45077399380804956 0.8083333333333333 0.45572755417956656 0.8166666666666667 0.46253869969040246 0.8273809523809523 0.46439628482972134 0.8273809523809523 0.4674922600619195 0.8261904761904761 0.469969040247678 0.8226190476190476 0.4743034055727554 0.8083333333333333 0.47492260061919506 0.805952380952381 0.47492260061919506 0.7238095238095238 0.465015479876161 0.6297619047619047 0.46439628482972134 0.6285714285714286 0.4588235294117647 0.6190476190476191 0.44643962848297214 0.6190476190476191 
28 0.4179566563467492 0.6190476190476191 0.41671826625387 0.6202380952380953 0.41114551083591333 0.6285714285714286 0.40619195046439627 0.6773809523809524 0.40619195046439627 0.8178571428571428 0.42538699690402476 0.8178571428571428 0.43529411764705883 0.7797619047619048 0.44024767801857584 0.75 0.4452012383900929 0.6464285714285715 0.4452012383900929 0.6190476190476191 0.4179566563467492 0.6190476190476191 
29 0.3913312693498452 0.6190476190476191 0.3863777089783282 0.6488095238095238 0.3814241486068111 0.6869047619047619 0.3715170278637771 0.7714285714285715 0.3715170278637771 0.7880952380952381 0.37275541795665634 0.7892857142857143 0.3907120743034056 0.7892857142857143 0.4105263157894737 0.75 0.4154798761609907 0.7130952380952381 0.42538699690402476 0.625 0.42538699690402476 0.6190476190476191 0.3913312693498452 0.6190476190476191 
30 0.3368421052631579 0.6095238095238096 0.3021671826625387 0.7642857142857142 0.3021671826625387 0.7702380952380953 0.3027863777089783 0.7797619047619048 0.30712074303405573 0.7892857142857143 0.34241486068111454 0.7988095238095239 0.3510835913312694 0.7988095238095239 0.36594427244582045 0.7702380952380953 0.3752321981424149 0.7511904761904762 0.38575851393188854 0.7130952380952381 0.3907120743034056 0.694047619047619 0.4006191950464396 0.6261904761904762 0.4006191950464396 0.6107142857142858 0.4 0.6095238095238096 0.3368421052631579 0.6095238095238096 
31 0.28792569659442724 0.6 0.2873065015479876 0.6011904761904762 0.24272445820433436 0.6952380952380952 0.23777089783281732 0.705952380952381 0.23777089783281732 0.719047619047619 0.23839009287925697 0.7226190476190476 0.24272445820433436 0.7416666666666667 0.2532507739938081 0.7607142857142857 0.2643962848297214 0.7607142857142857 0.26687306501547986 0.7595238095238095 0.28173374613003094 0.75 0.3065015479876161 0.7226190476190476 0.3201238390092879 0.7035714285714286 0.3263157894736842 0.694047619047619 0.3306501547987616 0.6845238095238095 0.3411764705882353 0.6547619047619048 0.3411764705882353 0.6202380952380953 0.33622291021671824 0.6095238095238096 0.3263157894736842 0.6 0.28792569659442724 0.6 