1 0.24272445820433436 0.37142857142857144 0.23343653250773994 0.38095238095238093 0.22786377708978328 0.39166666666666666 0.19876160990712075 0.5047619047619047 0.19814241486068113 0.5083333333333333 0.19814241486068113 0.5392857142857143 0.19876160990712075 0.5416666666666666 0.20804953560371517 0.5607142857142857 0.2284829721362229 0.5702380952380952 0.2520123839009288 0.5702380952380952 0.25696594427244585 0.5607142857142857 0.26191950464396285 0.44642857142857145 0.26191950464396285 0.39285714285714285 0.2613003095975232 0.3904761904761905 0.2520123839009288 0.37142857142857144 0.24272445820433436 0.37142857142857144 
2 0.2674922600619195 0.38095238095238093 0.2625386996904025 0.39166666666666666 0.25263157894736843 0.49523809523809526 0.25263157894736843 0.5702380952380952 0.25758513931888544 0.5797619047619048 0.2773993808049536 0.5892857142857143 0.2897832817337461 0.5892857142857143 0.3015479876160991 0.5797619047619048 0.3065015479876161 0.5702380952380952 0.3065015479876161 0.5047619047619047 0.29659442724458207 0.4 0.286687306501548 0.38095238095238093 0.2674922600619195 0.38095238095238093 
3 0.3126934984520124 0.3619047619047619 0.31207430340557274 0.3630952380952381 0.3077399380804954 0.3821428571428571 0.30712074303405573 0.38571428571428573 0.3021671826625387 0.49642857142857144 0.3021671826625387 0.5785714285714286 0.3027863777089783 0.5797619047619048 0.3504643962848297 0.5797619047619048 0.3560371517027864 0.569047619047619 0.3560371517027864 0.5047619047619047 0.3461300309597523 0.4297619047619048 0.3411764705882353 0.4095238095238095 0.33126934984520123 0.37142857142857144 0.3256965944272446 0.3619047619047619 0.3126934984520124 0.3619047619047619 
4 0.3473684210526316 0.38095238095238093 0.34674922600619196 0.3821428571428571 0.34179566563467495 0.4023809523809524 0.34179566563467495 0.44285714285714284 0.34674922600619196 0.513095238095238 0.35170278637770896 0.5702380952380952 0.3702786377708978 0.5702380952380952 0.38575851393188854 0.5595238095238095 0.3907120743034056 0.55 0.3956656346749226 0.5321428571428571 0.3956656346749226 0.48928571428571427 0.39504643962848296 0.4857142857142857 0.37089783281733746 0.3904761904761905 0.36594427244582045 0.38095238095238093 0.3473684210526316 0.38095238095238093 
5 0.38328173374613 0.3523809523809524 0.3814241486068111 0.3535714285714286 0.3764705882352941 0.3619047619047619 0.3715170278637771 0.38095238095238093 0.3715170278637771 0.5595238095238095 0.3764705882352941 0.5702380952380952 0.38204334365325077 0.5797619047619048 0.4006191950464396 0.5797619047619048 0.4148606811145511 0.5702380952380952 0.42043343653250775 0.5511904761904762 0.42043343653250775 0.4773809523809524 0.4105263157894737 0.430952380952381 0.3956656346749226 0.3619047619047619 0.3907120743034056 0.3523809523809524 0.38328173374613 0.3523809523809524 
6 0.40619195046439627 0.3333333333333333 0.39628482972136225 0.34285714285714286 0.3913312693498452 0.3523809523809524 0.3913312693498452 0.3892857142857143 0.41114551083591333 0.5607142857142857 0.41609907120743034 0.5702380952380952 0.42910216718266253 0.5702380952380952 0.43034055727554177 0.569047619047619 0.44024767801857584 0.55 0.44024767801857584 0.4011904761904762 0.4346749226006192 0.38095238095238093 0.42043343653250775 0.34285714285714286 0.4148606811145511 0.3333333333333333 0.40619195046439627 0.3333333333333333 
7 0.4408668730650155 0.3904761904761905 0.4359133126934985 0.4 0.4359133126934985 0.5511904761904762 0.4458204334365325 0.5607142857142857 0.460061919504644 0.5607142857142857 0.465015479876161 0.5511904761904762 0.465015479876161 0.4095238095238095 0.460061919504644 0.3904761904761905 0.4408668730650155 0.3904761904761905 
8 0.48606811145510836 0.4 0.4804953560371517 0.4095238095238095 0.46563467492260063 0.4583333333333333 0.46563467492260063 0.55 0.46687306501547987 0.5511904761904762 0.4996904024767802 0.5511904761904762 0.5046439628482973 0.43214285714285716 0.5046439628482973 0.4 0.48606811145510836 0.4 
9 0.525077399380805 0.38095238095238093 0.5157894736842106 0.4 0.5052631578947369 0.42857142857142855 0.5003095975232198 0.4785714285714286 0.5003095975232198 0.5511904761904762 0.5027863777089784 0.5547619047619048 0.5052631578947369 0.5571428571428572 0.5164086687306502 0.5607142857142857 0.5294117647058824 0.5607142857142857 0.5343653250773994 0.55 0.5442724458204334 0.42738095238095236 0.5442724458204334 0.3821428571428571 0.5436532507739938 0.38095238095238093 0.525077399380805 0.38095238095238093 
10 0.544891640866873 0.38095238095238093 0.530030959752322 0.5047619047619047 0.530030959752322 0.5511904761904762 0.534984520123839 0.5607142857142857 0.5498452012383901 0.569047619047619 0.5523219814241486 0.5702380952380952 0.5628482972136223 0.5702380952380952 0.5640866873065016 0.569047619047619 0.5739938080495356 0.4166666666666667 0.5739938080495356 0.38095238095238093 0.544891640866873 0.38095238095238093 
11 0.5851393188854489 0.3523809523809524 0.5752321981424149 0.37142857142857144 0.5746130030959752 0.3738095238095238 0.5696594427244582 0.4 0.5647058823529412 0.44761904761904764 0.5597523219814241 0.5238095238095238 0.5597523219814241 0.5797619047619048 0.5647058823529412 0.5892857142857143 0.5888544891640867 0.5892857142857143 0.5938080495356037 0.5797619047619048 0.5987616099071208 0.5119047619047619 0.5987616099071208 0.3523809523809524 0.5851393188854489 0.3523809523809524 
16 0.7442724458204334 0.38095238095238093 0.7337461300309598 0.3904761904761905 0.7232198142414861 0.4095238095238095 0.713312693498452 0.42857142857142855 0.7034055727554179 0.5238095238095238 0.7034055727554179 0.5535714285714286 0.7040247678018576 0.5607142857142857 0.708359133126935 0.5702380952380952 0.7510835913312693 0.5702380952380952 0.7523219814241486 0.569047619047619 0.7671826625386997 0.42738095238095236 0.7671826625386997 0.4011904761904762 0.7616099071207431 0.3904761904761905 0.7523219814241486 0.38333333333333336 0.7455108359133127 0.38095238095238093 0.7442724458204334 0.38095238095238093 
17 0.7287925696594427 0.5523809523809524 0.718266253869969 0.5630952380952381 0.713312693498452 0.5726190476190476 0.708359133126935 0.6571428571428571 0.708359133126935 0.6928571428571428 0.7232198142414861 0.7321428571428571 0.7430340557275542 0.7595238095238095 0.7442724458204334 0.7607142857142857 0.7523219814241486 0.7607142857142857 0.76656346749226 0.7511904761904762 0.7671826625386997 0.75 0.7671826625386997 0.6773809523809524 0.7523219814241486 0.5714285714285714 0.7473684210526316 0.5619047619047619 0.7417956656346749 0.5523809523809524 0.7287925696594427 0.5523809523809524 
18 0.6606811145510836 0.580952380952381 0.6594427244582043 0.5821428571428572 0.6588235294117647 0.5833333333333334 0.6538699690402476 0.6011904761904762 0.6538699690402476 0.6154761904761905 0.6637770897832818 0.75 0.6687306501547987 0.7988095238095239 0.6743034055727554 0.8083333333333333 0.6922600619195046 0.8083333333333333 0.7077399380804954 0.7797619047619048 0.7126934984520124 0.7690476190476191 0.7176470588235294 0.6369047619047619 0.7176470588235294 0.6011904761904762 0.7126934984520124 0.5904761904761905 0.701547987616099 0.580952380952381 0.6606811145510836 0.580952380952381 
19 0.6099071207430341 0.580952380952381 0.6092879256965944 0.5821428571428572 0.6092879256965944 0.6464285714285715 0.6142414860681115 0.7702380952380953 0.6191950464396285 0.7892857142857143 0.6241486068111455 0.805952380952381 0.6253869969040248 0.8083333333333333 0.648297213622291 0.8083333333333333 0.6730650154798762 0.7988095238095239 0.6730650154798762 0.7452380952380953 0.6631578947368421 0.6107142857142858 0.6582043343653251 0.5916666666666667 0.648297213622291 0.580952380952381 0.6099071207430341 0.580952380952381 
20 0.5857585139318885 0.5904761904761905 0.5845201238390093 0.5916666666666667 0.5795665634674922 0.6 0.5795665634674922 0.6654761904761904 0.5845201238390093 0.7797619047619048 0.5944272445820433 0.8178571428571428 0.6018575851393189 0.8261904761904761 0.6055727554179566 0.8273809523809523 0.6130030959752322 0.8273809523809523 0.6185758513931888 0.8166666666666667 0.6235294117647059 0.7988095238095239 0.6235294117647059 0.763095238095238 0.6185758513931888 0.638095238095238 0.6136222910216719 0.6011904761904762 0.6130030959752322 0.6 0.6037151702786377 0.5904761904761905 0.5857585139318885 0.5904761904761905 
21 0.5659442724458205 0.6 0.5647058823529412 0.6011904761904762 0.5597523219814241 0.6095238095238096 0.5554179566563467 0.6190476190476191 0.5547987616099072 0.6214285714285714 0.5547987616099072 0.675 0.5597523219814241 0.7690476190476191 0.5647058823529412 0.7976190476190477 0.5696594427244582 0.8083333333333333 0.5746130030959752 0.8178571428571428 0.5839009287925696 0.8178571428571428 0.5888544891640867 0.8083333333333333 0.5938080495356037 0.7976190476190477 0.5938080495356037 0.7738095238095238 0.5888544891640867 0.6571428571428571 0.5839009287925696 0.6095238095238096 0.578328173374613 0.6 0.5659442724458205 0.6 
22 0.5312693498452012 0.5714285714285714 0.530030959752322 0.5738095238095238 0.525077399380805 0.5928571428571429 0.525077399380805 0.6630952380952381 0.530030959752322 0.8178571428571428 0.5362229102167183 0.8273809523809523 0.5492260061919505 0.8273809523809523 0.5535603715170279 0.8083333333333333 0.5541795665634675 0.8047619047619048 0.5591331269349845 0.719047619047619 0.5591331269349845 0.5845238095238096 0.5578947368421052 0.5821428571428572 0.556656346749226 0.580952380952381 0.5331269349845201 0.5714285714285714 0.5312693498452012 0.5714285714285714 
23 0.5058823529411764 0.5714285714285714 0.5052631578947369 0.5785714285714286 0.5052631578947369 0.6178571428571429 0.5102167182662539 0.7023809523809523 0.5151702786377709 0.7678571428571429 0.5157894736842106 0.7702380952380953 0.5287925696594428 0.7702380952380953 0.5294117647058824 0.7690476190476191 0.5294117647058824 0.5714285714285714 0.5058823529411764 0.5714285714285714 
24 0.49102167182662537 0.5714285714285714 0.4904024767801858 0.5726190476190476 0.4904024767801858 0.7571428571428571 0.49102167182662537 0.7607142857142857 0.5089783281733746 0.7607142857142857 0.5095975232198142 0.7547619047619047 0.5095975232198142 0.5738095238095238 0.5089783281733746 0.5714285714285714 0.49102167182662537 0.5714285714285714 
25 0.4712074303405573 0.5619047619047619 0.47058823529411764 0.5654761904761905 0.47058823529411764 0.6642857142857143 0.47554179566563465 0.7309523809523809 0.4804953560371517 0.7607142857142857 0.48978328173374613 0.7607142857142857 0.48978328173374613 0.5738095238095238 0.4891640866873065 0.5714285714285714 0.4848297213622291 0.5630952380952381 0.48359133126934983 0.5619047619047619 0.4712074303405573 0.5619047619047619 
26 0.4470588235294118 0.5619047619047619 0.4458204334365325 0.5630952380952381 0.4458204334365325 0.5976190476190476 0.45572755417956656 0.694047619047619 0.46068111455108357 0.7309523809523809 0.46563467492260063 0.7595238095238095 0.4662538699690402 0.7607142857142857 0.4786377708978328 0.7607142857142857 0.47987616099071206 0.7595238095238095 0.47987616099071206 0.705952380952381 0.47492260061919506 0.5904761904761905 0.469969040247678 0.5619047619047619 0.4470588235294118 0.5619047619047619 
27 0.4321981424148607 0.5714285714285714 0.4309597523219814 0.5726190476190476 0.4260061919504644 0.580952380952381 0.42105263157894735 0.6011904761904762 0.41609907120743034 0.65 0.41609907120743034 0.7702380952380953 0.42105263157894735 0.8452380952380952 0.421671826625387 0.8464285714285714 0.4439628482972136 0.8464285714285714 0.4501547987616099 0.8369047619047619 0.4551083591331269 0.8154761904761905 0.460061919504644 0.7785714285714286 0.460061919504644 0.7142857142857143 0.4551083591331269 0.6226190476190476 0.4501547987616099 0.5916666666666667 0.4452012383900929 0.5726190476190476 0.44458204334365325 0.5714285714285714 0.4321981424148607 0.5714285714285714 
28 0.40123839009287926 0.5714285714285714 0.39628482972136225 0.580952380952381 0.3863777089783282 0.7047619047619048 0.3863777089783282 0.7880952380952381 0.38699690402476783 0.7892857142857143 0.4055727554179567 0.7892857142857143 0.4154798761609907 0.7702380952380953 0.43034055727554177 0.6071428571428571 0.43034055727554177 0.5928571428571429 0.4247678018575851 0.5714285714285714 0.40123839009287926 0.5714285714285714 
29 0.37275541795665634 0.5714285714285714 0.3715170278637771 0.5726190476190476 0.36160990712074303 0.7345238095238096 0.36160990712074303 0.7785714285714286 0.3671826625386997 0.7988095238095239 0.38575851393188854 0.7988095238095239 0.3907120743034056 0.7880952380952381 0.4006191950464396 0.6845238095238095 0.4055727554179567 0.5892857142857143 0.4055727554179567 0.5714285714285714 0.37275541795665634 0.5714285714285714 
31 0.31207430340557274 0.638095238095238 0.3027863777089783 0.6476190476190476 0.2773993808049536 0.6952380952380952 0.27306501547987616 0.7047619047619048 0.26811145510835915 0.7238095238095238 0.2674922600619195 0.7273809523809524 0.2674922600619195 0.7511904761904762 0.2854489164086687 0.7511904761904762 0.2959752321981424 0.7416666666666667 0.31640866873065016 0.7119047619047619 0.32074303405572757 0.7035714285714286 0.33126934984520123 0.6654761904761904 0.33126934984520123 0.6392857142857142 0.3287925696594427 0.638095238095238 0.31207430340557274 0.638095238095238 
32 0.21795665634674924 0.5523809523809524 0.18328173374613002 0.7071428571428572 0.18328173374613002 0.7107142857142857 0.18390092879256967 0.7130952380952381 0.18823529411764706 0.7226190476190476 0.2086687306501548 0.7321428571428571 0.23157894736842105 0.7321428571428571 0.2520123839009288 0.7226190476190476 0.26191950464396285 0.7130952380952381 0.26687306501547986 0.694047619047619 0.26687306501547986 0.5916666666666667 0.2563467492260062 0.5714285714285714 0.24705882352941178 0.5619047619047619 0.23219814241486067 0.5535714285714286 0.22972136222910217 0.5523809523809524 0.21795665634674924 0.5523809523809524 