1 0.2773993808049536 0.3238095238095238 0.2724458204334365 0.3333333333333333 0.2674922600619195 0.34404761904761905 0.2625386996904025 0.3630952380952381 0.2625386996904025 0.3976190476190476 0.27801857585139317 0.42738095238095236 0.30092879256965943 0.42738095238095236 0.3065015479876161 0.41785714285714287 0.31145510835913315 0.40714285714285714 0.31640866873065016 0.37976190476190474 0.31640866873065016 0.3357142857142857 0.3157894736842105 0.3333333333333333 0.2959752321981424 0.3238095238095238 0.2773993808049536 0.3238095238095238 
2 0.31207430340557274 0.37142857142857144 0.3077399380804954 0.3821428571428571 0.3021671826625387 0.4 0.2823529411764706 0.4869047619047619 0.2823529411764706 0.5214285714285715 0.3021671826625387 0.5511904761904762 0.33126934984520123 0.5511904761904762 0.33622291021671824 0.4928571428571429 0.33622291021671824 0.4023809523809524 0.33126934984520123 0.3904761904761905 0.32074303405572757 0.37142857142857144 0.31207430340557274 0.37142857142857144 
3 0.3523219814241486 0.38095238095238093 0.33746130030959753 0.4011904761904762 0.3368421052631579 0.4023809523809524 0.3318885448916409 0.42023809523809524 0.3269349845201238 0.4988095238095238 0.3269349845201238 0.55 0.3368421052631579 0.569047619047619 0.3473684210526316 0.5797619047619048 0.3702786377708978 0.5797619047619048 0.38080495356037153 0.5607142857142857 0.38080495356037153 0.4857142857142857 0.36594427244582045 0.3904761904761905 0.3609907120743034 0.38095238095238093 0.3523219814241486 0.38095238095238093 
4 0.38699690402476783 0.38095238095238093 0.3814241486068111 0.4 0.3764705882352941 0.430952380952381 0.3715170278637771 0.5642857142857143 0.3715170278637771 0.5797619047619048 0.37708978328173376 0.5892857142857143 0.3956656346749226 0.5892857142857143 0.40928792569659445 0.5797619047619048 0.4105263157894737 0.5785714285714286 0.4105263157894737 0.5059523809523809 0.4055727554179567 0.42857142857142855 0.4006191950464396 0.3821428571428571 0.4 0.38095238095238093 0.38699690402476783 0.38095238095238093 
5 0.41609907120743034 0.38095238095238093 0.41114551083591333 0.39166666666666666 0.40619195046439627 0.47023809523809523 0.40123839009287926 0.5726190476190476 0.40123839009287926 0.5797619047619048 0.41114551083591333 0.5988095238095238 0.42043343653250775 0.5988095238095238 0.43839009287925695 0.5892857142857143 0.43962848297213625 0.5880952380952381 0.44024767801857584 0.5869047619047619 0.44024767801857584 0.4857142857142857 0.43529411764705883 0.4297619047619048 0.43034055727554177 0.3904761904761905 0.42538699690402476 0.38095238095238093 0.41609907120743034 0.38095238095238093 
6 0.4359133126934985 0.3523809523809524 0.4309597523219814 0.4797619047619048 0.4309597523219814 0.4845238095238095 0.4359133126934985 0.5666666666666667 0.43653250773993807 0.5702380952380952 0.4408668730650155 0.5880952380952381 0.4458204334365325 0.5988095238095238 0.4538699690402477 0.5988095238095238 0.465015479876161 0.5797619047619048 0.4693498452012384 0.5702380952380952 0.469969040247678 0.5654761904761905 0.469969040247678 0.5345238095238095 0.460061919504644 0.41904761904761906 0.4551083591331269 0.38333333333333336 0.4501547987616099 0.3523809523809524 0.4359133126934985 0.3523809523809524 
7 0.4712074303405573 0.38095238095238093 0.47058823529411764 0.3821428571428571 0.46068111455108357 0.5369047619047619 0.46068111455108357 0.5404761904761904 0.46563467492260063 0.5785714285714286 0.4662538699690402 0.5797619047619048 0.4761609907120743 0.5892857142857143 0.4996904024767802 0.5892857142857143 0.4996904024767802 0.5333333333333333 0.49473684210526314 0.3904761904761905 0.48978328173374613 0.38095238095238093 0.4712074303405573 0.38095238095238093 
8 0.5065015479876162 0.3619047619047619 0.5052631578947369 0.3630952380952381 0.5003095975232198 0.37142857142857144 0.4953560371517028 0.4107142857142857 0.4904024767801858 0.4595238095238095 0.4904024767801858 0.5380952380952381 0.4953560371517028 0.5892857142857143 0.5065015479876162 0.5988095238095238 0.5219814241486068 0.5988095238095238 0.5244582043343653 0.5976190476190476 0.5244582043343653 0.42023809523809524 0.5195046439628483 0.3726190476190476 0.5139318885448917 0.3619047619047619 0.5065015479876162 0.3619047619047619 
9 0.5405572755417957 0.38095238095238093 0.5356037151702786 0.4 0.525077399380805 0.45714285714285713 0.5201238390092879 0.5142857142857142 0.5201238390092879 0.5869047619047619 0.5207430340557275 0.5892857142857143 0.530030959752322 0.6071428571428571 0.5318885448916408 0.6083333333333333 0.5442724458204334 0.6083333333333333 0.5541795665634675 0.5880952380952381 0.5541795665634675 0.3821428571428571 0.5535603715170279 0.38095238095238093 0.5405572755417957 0.38095238095238093 
10 0.5653250773993808 0.3904761904761905 0.5647058823529412 0.39166666666666666 0.5597523219814241 0.4095238095238095 0.5547987616099072 0.42857142857142855 0.5498452012383901 0.4666666666666667 0.5498452012383901 0.5976190476190476 0.5504643962848297 0.5988095238095238 0.573374613003096 0.5988095238095238 0.578328173374613 0.5892857142857143 0.5789473684210527 0.5869047619047619 0.5789473684210527 0.5273809523809524 0.5739938080495356 0.39166666666666666 0.573374613003096 0.3904761904761905 0.5653250773993808 0.3904761904761905 
11 0.595046439628483 0.37142857142857144 0.5894736842105263 0.4 0.5845201238390093 0.42857142857142855 0.5795665634674922 0.47619047619047616 0.5746130030959752 0.5392857142857143 0.5746130030959752 0.5892857142857143 0.5845201238390093 0.6083333333333333 0.5987616099071208 0.6083333333333333 0.6037151702786377 0.5869047619047619 0.6086687306501548 0.5488095238095239 0.6086687306501548 0.3726190476190476 0.6080495356037152 0.37142857142857144 0.595046439628483 0.37142857142857144 
12 0.6142414860681115 0.4095238095238095 0.6092879256965944 0.42857142857142855 0.6043343653250774 0.4607142857142857 0.5993808049535604 0.5464285714285714 0.5993808049535604 0.5857142857142857 0.6 0.5892857142857143 0.6043343653250774 0.5988095238095238 0.6092879256965944 0.6083333333333333 0.6328173374613003 0.6083333333333333 0.6334365325077399 0.6059523809523809 0.6334365325077399 0.544047619047619 0.628482972136223 0.4095238095238095 0.6142414860681115 0.4095238095238095 
13 0.6340557275541796 0.4095238095238095 0.6291021671826625 0.5047619047619047 0.6291021671826625 0.5845238095238096 0.6297213622291021 0.5880952380952381 0.6340557275541796 0.5976190476190476 0.6489164086687307 0.6083333333333333 0.6625386996904025 0.6083333333333333 0.6631578947368421 0.6059523809523809 0.6631578947368421 0.49523809523809526 0.6582043343653251 0.4488095238095238 0.648297213622291 0.4095238095238095 0.6340557275541796 0.4095238095238095 
14 0.6743034055727554 0.3904761904761905 0.6736842105263158 0.39166666666666666 0.6687306501547987 0.4119047619047619 0.6588235294117647 0.5166666666666667 0.6588235294117647 0.5892857142857143 0.6687306501547987 0.5988095238095238 0.7027863777089783 0.5988095238095238 0.7077399380804954 0.5892857142857143 0.7077399380804954 0.5357142857142857 0.7027863777089783 0.42857142857142855 0.6879256965944273 0.3904761904761905 0.6743034055727554 0.3904761904761905 
15 0.708359133126935 0.4 0.698452012383901 0.41904761904761906 0.698452012383901 0.475 0.7034055727554179 0.5595238095238095 0.708359133126935 0.5702380952380952 0.7318885448916409 0.5702380952380952 0.7523219814241486 0.5321428571428571 0.7523219814241486 0.5047619047619047 0.7219814241486068 0.4 0.708359133126935 0.4 
16 0.7442724458204334 0.3238095238095238 0.7188854489164087 0.3523809523809524 0.713312693498452 0.3619047619047619 0.713312693498452 0.3892857142857143 0.718266253869969 0.42023809523809524 0.7232198142414861 0.4357142857142857 0.7238390092879257 0.4369047619047619 0.7331269349845201 0.44642857142857145 0.7473684210526316 0.44642857142857145 0.7523219814241486 0.4369047619047619 0.76656346749226 0.4083333333333333 0.7671826625386997 0.40595238095238095 0.7671826625386997 0.3726190476190476 0.7622291021671826 0.34285714285714286 0.7523219814241486 0.3238095238095238 0.7442724458204334 0.3238095238095238 
17 0.7777089783281734 0.5904761904761905 0.7585139318885449 0.6095238095238096 0.7479876160990712 0.638095238095238 0.7479876160990712 0.6916666666666667 0.7486068111455109 0.694047619047619 0.7547987616099071 0.7035714285714286 0.7628482972136222 0.7130952380952381 0.773374613003096 0.7226190476190476 0.7863777089783281 0.7226190476190476 0.8012383900928792 0.694047619047619 0.8061919504643963 0.675 0.8068111455108359 0.6714285714285714 0.8068111455108359 0.6297619047619047 0.8018575851393189 0.6107142857142858 0.7919504643962848 0.5916666666666667 0.7907120743034056 0.5904761904761905 0.7777089783281734 0.5904761904761905 
18 0.7040247678018576 0.580952380952381 0.698452012383901 0.5904761904761905 0.698452012383901 0.6464285714285715 0.7232198142414861 0.7416666666666667 0.7287925696594427 0.7511904761904762 0.7368421052631579 0.7511904761904762 0.7510835913312693 0.7416666666666667 0.756656346749226 0.7321428571428571 0.7572755417956656 0.7297619047619047 0.7572755417956656 0.6023809523809524 0.7523219814241486 0.580952380952381 0.7040247678018576 0.580952380952381 
19 0.6736842105263158 0.6 0.6452012383900929 0.6095238095238096 0.6390092879256966 0.6190476190476191 0.6390092879256966 0.6452380952380953 0.6588235294117647 0.7404761904761905 0.6637770897832818 0.7595238095238095 0.6687306501547987 0.7702380952380953 0.6786377708978328 0.7892857142857143 0.7071207430340557 0.7892857142857143 0.7126934984520124 0.7785714285714286 0.7126934984520124 0.7428571428571429 0.7027863777089783 0.6190476190476191 0.6978328173374613 0.6011904761904762 0.6965944272445821 0.6 0.6736842105263158 0.6 
20 0.6142414860681115 0.6095238095238096 0.6092879256965944 0.6202380952380953 0.6092879256965944 0.6654761904761904 0.6191950464396285 0.7416666666666667 0.6241486068111455 0.7702380952380953 0.6291021671826625 0.7892857142857143 0.6390092879256966 0.8083333333333333 0.648297213622291 0.8083333333333333 0.648297213622291 0.638095238095238 0.643343653250774 0.6095238095238096 0.6142414860681115 0.6095238095238096 
21 0.5801857585139318 0.6190476190476191 0.5795665634674922 0.6214285714285714 0.5795665634674922 0.6845238095238095 0.5845201238390093 0.7285714285714285 0.5894736842105263 0.7702380952380953 0.5944272445820433 0.7880952380952381 0.6043343653250774 0.8083333333333333 0.6185758513931888 0.8083333333333333 0.6185758513931888 0.7333333333333333 0.6136222910216719 0.6226190476190476 0.6130030959752322 0.6190476190476191 0.5801857585139318 0.6190476190476191 
22 0.5597523219814241 0.6190476190476191 0.5547987616099072 0.638095238095238 0.5547987616099072 0.6821428571428572 0.5647058823529412 0.7964285714285714 0.5696594427244582 0.8178571428571428 0.5752321981424149 0.8273809523809523 0.58328173374613 0.8273809523809523 0.5839009287925696 0.8261904761904761 0.5888544891640867 0.7297619047619047 0.5888544891640867 0.6880952380952381 0.5839009287925696 0.6202380952380953 0.5820433436532507 0.6190476190476191 0.5597523219814241 0.6190476190476191 
23 0.5368421052631579 0.6095238095238096 0.5356037151702786 0.6107142857142858 0.534984520123839 0.611904761904762 0.534984520123839 0.7321428571428571 0.5399380804953561 0.7892857142857143 0.544891640866873 0.7988095238095239 0.5541795665634675 0.7988095238095239 0.5591331269349845 0.7785714285714286 0.5591331269349845 0.6190476190476191 0.5535603715170279 0.6095238095238096 0.5368421052631579 0.6095238095238096 
24 0.5151702786377709 0.6095238095238096 0.5151702786377709 0.7 0.5201238390092879 0.7583333333333333 0.5256965944272446 0.7797619047619048 0.5331269349845201 0.7797619047619048 0.5343653250773994 0.7785714285714286 0.5393188854489164 0.7702380952380953 0.5393188854489164 0.6095238095238096 0.5151702786377709 0.6095238095238096 
25 0.49102167182662537 0.6095238095238096 0.4904024767801858 0.611904761904762 0.4904024767801858 0.6261904761904762 0.4953560371517028 0.7309523809523809 0.5003095975232198 0.7880952380952381 0.5009287925696595 0.7892857142857143 0.5126934984520124 0.7892857142857143 0.5145510835913313 0.7880952380952381 0.5195046439628483 0.7416666666666667 0.5195046439628483 0.6202380952380953 0.5145510835913313 0.6107142857142858 0.513312693498452 0.6095238095238096 0.49102167182662537 0.6095238095238096 
26 0.47554179566563465 0.6095238095238096 0.47058823529411764 0.6190476190476191 0.47058823529411764 0.6833333333333333 0.4712074303405573 0.694047619047619 0.47554179566563465 0.7476190476190476 0.4804953560371517 0.7892857142857143 0.49411764705882355 0.7892857142857143 0.49473684210526314 0.7869047619047619 0.4996904024767802 0.6654761904761904 0.4996904024767802 0.6190476190476191 0.49411764705882355 0.6107142857142858 0.491640866873065 0.6095238095238096 0.47554179566563465 0.6095238095238096 
27 0.45077399380804956 0.6 0.4458204334365325 0.6190476190476191 0.4458204334365325 0.7797619047619048 0.45077399380804956 0.8154761904761905 0.4520123839009288 0.8178571428571428 0.45944272445820433 0.8178571428571428 0.465015479876161 0.8083333333333333 0.469969040247678 0.7595238095238095 0.47492260061919506 0.7 0.47492260061919506 0.6190476190476191 0.469969040247678 0.6095238095238096 0.465015479876161 0.6011904761904762 0.4631578947368421 0.6 0.45077399380804956 0.6 
28 0.4260061919504644 0.5904761904761905 0.42105263157894735 0.6 0.41609907120743034 0.6190476190476191 0.41609907120743034 0.7738095238095238 0.41671826625387 0.7797619047619048 0.42105263157894735 0.7892857142857143 0.43529411764705883 0.7892857142857143 0.44024767801857584 0.7785714285714286 0.4501547987616099 0.675 0.4501547987616099 0.6107142857142858 0.4452012383900929 0.6 0.44024767801857584 0.5916666666666667 0.43777089783281736 0.5904761904761905 0.4260061919504644 0.5904761904761905 
29 0.38699690402476783 0.6 0.3814241486068111 0.6095238095238096 0.3764705882352941 0.6773809523809524 0.3764705882352941 0.7797619047619048 0.3814241486068111 0.7880952380952381 0.3826625386996904 0.7892857142857143 0.3956656346749226 0.7892857142857143 0.4006191950464396 0.7797619047619048 0.4055727554179567 0.7607142857142857 0.4105263157894737 0.7309523809523809 0.42043343653250775 0.6654761904761904 0.42538699690402476 0.625 0.42538699690402476 0.6023809523809524 0.4247678018575851 0.6 0.38699690402476783 0.6 
30 0.334984520123839 0.580952380952381 0.3318885448916409 0.5821428571428572 0.3269349845201238 0.5916666666666667 0.31207430340557274 0.7333333333333333 0.31207430340557274 0.7511904761904762 0.3176470588235294 0.7607142857142857 0.33746130030959753 0.7797619047619048 0.35541795665634673 0.7797619047619048 0.3609907120743034 0.7702380952380953 0.37585139318885447 0.7130952380952381 0.38575851393188854 0.6654761904761904 0.3907120743034056 0.6178571428571429 0.3907120743034056 0.6 0.38575851393188854 0.5916666666666667 0.36594427244582045 0.580952380952381 0.334984520123839 0.580952380952381 
31 0.27801857585139317 0.5523809523809524 0.2724458204334365 0.5630952380952381 0.2625386996904025 0.6833333333333333 0.2625386996904025 0.7130952380952381 0.26811145510835915 0.7226190476190476 0.30092879256965943 0.7226190476190476 0.3015479876160991 0.7214285714285714 0.32136222910216716 0.6642857142857143 0.33126934984520123 0.6345238095238095 0.33126934984520123 0.5726190476190476 0.3263157894736842 0.5619047619047619 0.3015479876160991 0.5523809523809524 0.27801857585139317 0.5523809523809524 
32 0.2284829721362229 0.5714285714285714 0.22291021671826625 0.580952380952381 0.21857585139318886 0.6023809523809524 0.21795665634674924 0.6059523809523809 0.21795665634674924 0.6416666666666667 0.21857585139318886 0.6464285714285715 0.22291021671826625 0.6654761904761904 0.23281733746130032 0.6845238095238095 0.2643962848297214 0.6845238095238095 0.26687306501547986 0.6833333333333333 0.2718266253869969 0.675 0.27678018575851393 0.6642857142857143 0.27678018575851393 0.6285714285714286 0.26687306501547986 0.5833333333333334 0.26625386996904027 0.580952380952381 0.2563467492260062 0.5714285714285714 0.2284829721362229 0.5714285714285714 