1 0.32755417956656346 0.44761904761904764 0.3269349845201238 0.4488095238095238 0.32260061919504646 0.4666666666666667 0.3219814241486068 0.47023809523809523 0.3219814241486068 0.5416666666666666 0.3269349845201238 0.5511904761904762 0.3479876160990712 0.5702380952380952 0.3609907120743034 0.5702380952380952 0.3609907120743034 0.5523809523809524 0.3510835913312694 0.4785714285714286 0.3461300309597523 0.45714285714285713 0.34055727554179566 0.44761904761904764 0.32755417956656346 0.44761904761904764 
2 0.3572755417956656 0.49523809523809526 0.35170278637770896 0.5059523809523809 0.35170278637770896 0.5583333333333333 0.3523219814241486 0.5607142857142857 0.356656346749226 0.569047619047619 0.35789473684210527 0.5702380952380952 0.3702786377708978 0.5702380952380952 0.38080495356037153 0.55 0.38080495356037153 0.5154761904761904 0.3752321981424149 0.5047619047619047 0.36594427244582045 0.49642857142857144 0.36408668730650157 0.49523809523809526 0.3572755417956656 0.49523809523809526 
3 0.38204334365325077 0.41904761904761906 0.3622291021671827 0.44761904761904764 0.36160990712074303 0.45357142857142857 0.36160990712074303 0.4845238095238095 0.3715170278637771 0.5880952380952381 0.3764705882352941 0.5988095238095238 0.3975232198142415 0.5988095238095238 0.4154798761609907 0.5892857142857143 0.4198142414860681 0.5797619047619048 0.42043343653250775 0.5761904761904761 0.42043343653250775 0.5547619047619048 0.4055727554179567 0.4583333333333333 0.4 0.4380952380952381 0.3907120743034056 0.41904761904761906 0.38204334365325077 0.41904761904761906 
13 0.5653250773993808 0.41904761904761906 0.5597523219814241 0.42857142857142855 0.5547987616099072 0.4392857142857143 0.544891640866873 0.5238095238095238 0.544891640866873 0.5702380952380952 0.5498452012383901 0.5785714285714286 0.5510835913312694 0.5797619047619048 0.5727554179566563 0.5797619047619048 0.5739938080495356 0.5785714285714286 0.5789473684210527 0.569047619047619 0.5839009287925696 0.5416666666666666 0.5888544891640867 0.513095238095238 0.5888544891640867 0.4488095238095238 0.5839009287925696 0.4297619047619048 0.5789473684210527 0.41904761904761906 0.5653250773993808 0.41904761904761906 
14 0.595046439628483 0.44761904761904764 0.5894736842105263 0.45714285714285713 0.5845201238390093 0.46785714285714286 0.5795665634674922 0.5071428571428571 0.5795665634674922 0.5404761904761904 0.5801857585139318 0.5416666666666666 0.5851393188854489 0.55 0.5876160990712074 0.5511904761904762 0.6037151702786377 0.5511904761904762 0.6185758513931888 0.5416666666666666 0.6235294117647059 0.5226190476190476 0.6235294117647059 0.4797619047619048 0.6086687306501548 0.44761904761904764 0.595046439628483 0.44761904761904764 
15 0.6198142414860681 0.4666666666666667 0.6191950464396285 0.4714285714285714 0.6142414860681115 0.5285714285714286 0.6142414860681115 0.5416666666666666 0.6198142414860681 0.5511904761904762 0.6390092879256966 0.5571428571428572 0.643343653250774 0.5571428571428572 0.653250773993808 0.5511904761904762 0.653250773993808 0.5261904761904762 0.648297213622291 0.49642857142857144 0.643343653250774 0.47619047619047616 0.6328173374613003 0.4666666666666667 0.6198142414860681 0.4666666666666667 
16 0.6544891640866873 0.47619047619047616 0.6439628482972136 0.49642857142857144 0.6439628482972136 0.5488095238095239 0.6445820433436532 0.5511904761904762 0.6495356037151703 0.5607142857142857 0.6674922600619195 0.5607142857142857 0.6681114551083591 0.5583333333333333 0.6681114551083591 0.5142857142857142 0.6631578947368421 0.4785714285714286 0.6619195046439629 0.47619047619047616 0.6544891640866873 0.47619047619047616 
17 0.6489164086687307 0.6285714285714286 0.6396284829721363 0.638095238095238 0.6303405572755418 0.6511904761904762 0.6291021671826625 0.6547619047619048 0.6291021671826625 0.6928571428571428 0.6489164086687307 0.7214285714285714 0.6643962848297214 0.7416666666666667 0.6910216718266254 0.7416666666666667 0.6928792569659443 0.7404761904761905 0.6978328173374613 0.7309523809523809 0.6978328173374613 0.6976190476190476 0.6730650154798762 0.638095238095238 0.6681114551083591 0.6285714285714286 0.6489164086687307 0.6285714285714286 
19 0.5801857585139318 0.6285714285714286 0.5647058823529412 0.6392857142857142 0.5647058823529412 0.75 0.5696594427244582 0.7785714285714286 0.5746130030959752 0.7892857142857143 0.5795665634674922 0.7988095238095239 0.5938080495356037 0.7988095238095239 0.611764705882353 0.7892857142857143 0.6136222910216719 0.7880952380952381 0.6136222910216719 0.7619047619047619 0.6037151702786377 0.6488095238095238 0.5987616099071208 0.638095238095238 0.5938080495356037 0.6285714285714286 0.5801857585139318 0.6285714285714286 
21 0.5547987616099072 0.6285714285714286 0.544891640866873 0.638095238095238 0.534984520123839 0.6571428571428571 0.534984520123839 0.694047619047619 0.5399380804953561 0.7226190476190476 0.5547987616099072 0.7964285714285714 0.5554179566563467 0.7988095238095239 0.5603715170278638 0.8083333333333333 0.5739938080495356 0.8083333333333333 0.5739938080495356 0.7428571428571429 0.5690402476780185 0.6488095238095238 0.5640866873065016 0.6297619047619047 0.5622291021671827 0.6285714285714286 0.5547987616099072 0.6285714285714286 
22 0.5256965944272446 0.6285714285714286 0.525077399380805 0.6297619047619047 0.5201238390092879 0.6488095238095238 0.5201238390092879 0.7023809523809523 0.525077399380805 0.775 0.5256965944272446 0.7797619047619048 0.530030959752322 0.8083333333333333 0.5436532507739938 0.8083333333333333 0.5442724458204334 0.8071428571428572 0.5442724458204334 0.6392857142857142 0.5380804953560372 0.6285714285714286 0.5256965944272446 0.6285714285714286 
23 0.5108359133126935 0.638095238095238 0.5102167182662539 0.6392857142857142 0.5102167182662539 0.7392857142857143 0.5151702786377709 0.7785714285714286 0.5201238390092879 0.7880952380952381 0.5226006191950464 0.7892857142857143 0.5238390092879257 0.7892857142857143 0.5244582043343653 0.7869047619047619 0.5294117647058824 0.7583333333333333 0.5294117647058824 0.6392857142857142 0.5287925696594428 0.638095238095238 0.5108359133126935 0.638095238095238 
24 0.4953560371517028 0.638095238095238 0.4953560371517028 0.7464285714285714 0.5003095975232198 0.7964285714285714 0.5009287925696595 0.7988095238095239 0.5145510835913313 0.7988095238095239 0.5145510835913313 0.638095238095238 0.4953560371517028 0.638095238095238 
25 0.48111455108359136 0.638095238095238 0.4804953560371517 0.6404761904761904 0.4804953560371517 0.7404761904761905 0.4854489164086687 0.7785714285714286 0.49102167182662537 0.7892857142857143 0.49907120743034056 0.7892857142857143 0.4996904024767802 0.7880952380952381 0.4996904024767802 0.6392857142857142 0.4984520123839009 0.638095238095238 0.48111455108359136 0.638095238095238 
26 0.46191950464396286 0.638095238095238 0.46068111455108357 0.6392857142857142 0.46068111455108357 0.6619047619047619 0.46563467492260063 0.7976190476190477 0.46687306501547987 0.7988095238095239 0.47987616099071206 0.7988095238095239 0.4848297213622291 0.6928571428571428 0.4848297213622291 0.6476190476190476 0.47987616099071206 0.638095238095238 0.46191950464396286 0.638095238095238 
27 0.45077399380804956 0.6285714285714286 0.4458204334365325 0.638095238095238 0.4458204334365325 0.7511904761904762 0.45077399380804956 0.7964285714285714 0.4520123839009288 0.7988095238095239 0.460061919504644 0.7988095238095239 0.465015479876161 0.7797619047619048 0.469969040247678 0.694047619047619 0.469969040247678 0.6666666666666666 0.465015479876161 0.6297619047619047 0.46439628482972134 0.6285714285714286 0.45077399380804956 0.6285714285714286 
28 0.4260061919504644 0.638095238095238 0.421671826625387 0.6488095238095238 0.42105263157894735 0.6511904761904762 0.42105263157894735 0.7226190476190476 0.42229102167182664 0.7892857142857143 0.4260061919504644 0.8214285714285714 0.4278637770897833 0.8273809523809523 0.4297213622291022 0.8273809523809523 0.44024767801857584 0.8071428571428572 0.4452012383900929 0.7869047619047619 0.4501547987616099 0.7404761904761905 0.4501547987616099 0.638095238095238 0.4260061919504644 0.638095238095238 
29 0.4117647058823529 0.6761904761904762 0.3913312693498452 0.6857142857142857 0.3814241486068111 0.7154761904761905 0.3814241486068111 0.7297619047619047 0.38204334365325077 0.7321428571428571 0.3863777089783282 0.7416666666666667 0.4148606811145511 0.7416666666666667 0.42043343653250775 0.7321428571428571 0.42538699690402476 0.7214285714285714 0.42538699690402476 0.6869047619047619 0.4198142414860681 0.6761904761904762 0.4117647058823529 0.6761904761904762 
30 0.35789473684210527 0.6285714285714286 0.356656346749226 0.6297619047619047 0.3473684210526316 0.6571428571428571 0.34674922600619196 0.6595238095238095 0.34179566563467495 0.7476190476190476 0.34179566563467495 0.7797619047619048 0.3473684210526316 0.7892857142857143 0.36160990712074303 0.7988095238095239 0.37089783281733746 0.7988095238095239 0.37585139318885447 0.7892857142857143 0.38080495356037153 0.7785714285714286 0.3907120743034056 0.7416666666666667 0.4006191950464396 0.6928571428571428 0.4006191950464396 0.6583333333333333 0.3956656346749226 0.638095238095238 0.3801857585139319 0.6285714285714286 0.35789473684210527 0.6285714285714286 
31 0.3170278637770898 0.5904761904761905 0.29721362229102166 0.6976190476190476 0.29721362229102166 0.7178571428571429 0.3021671826625387 0.7392857142857143 0.3027863777089783 0.7416666666666667 0.31331269349845203 0.7511904761904762 0.3256965944272446 0.7511904761904762 0.33126934984520123 0.7416666666666667 0.3560371517027864 0.694047619047619 0.3609907120743034 0.6547619047619048 0.3609907120743034 0.638095238095238 0.3461300309597523 0.6 0.3411764705882353 0.5904761904761905 0.3170278637770898 0.5904761904761905 