2 0.35170278637770896 0.41904761904761906 0.34179566563467495 0.4380952380952381 0.3269349845201238 0.544047619047619 0.3269349845201238 0.5761904761904761 0.3281733746130031 0.5797619047619048 0.34179566563467495 0.5892857142857143 0.37956656346749224 0.5892857142857143 0.38080495356037153 0.5869047619047619 0.38080495356037153 0.5535714285714286 0.37585139318885447 0.4857142857142857 0.37089783281733746 0.430952380952381 0.36470588235294116 0.41904761904761906 0.35170278637770896 0.41904761904761906 
3 0.36656346749226004 0.4 0.36656346749226004 0.475 0.3715170278637771 0.5678571428571428 0.3721362229102167 0.5702380952380952 0.3764705882352941 0.5797619047619048 0.4055727554179567 0.5797619047619048 0.41424148606811145 0.5702380952380952 0.4154798761609907 0.5666666666666667 0.4154798761609907 0.5142857142857142 0.4006191950464396 0.430952380952381 0.4 0.42857142857142855 0.3907120743034056 0.4011904761904762 0.3894736842105263 0.4 0.36656346749226004 0.4 
4 0.40619195046439627 0.4666666666666667 0.40123839009287926 0.47619047619047616 0.40123839009287926 0.5035714285714286 0.40619195046439627 0.5785714285714286 0.4068111455108359 0.5797619047619048 0.4247678018575851 0.5797619047619048 0.43034055727554177 0.5702380952380952 0.43034055727554177 0.5059523809523809 0.42538699690402476 0.49523809523809526 0.40990712074303404 0.4666666666666667 0.40619195046439627 0.4666666666666667 
5 0.426625386996904 0.47619047619047616 0.42105263157894735 0.4869047619047619 0.42105263157894735 0.5107142857142857 0.4260061919504644 0.5595238095238095 0.43157894736842106 0.5797619047619048 0.4501547987616099 0.5797619047619048 0.4501547987616099 0.5059523809523809 0.4346749226006192 0.47619047619047616 0.426625386996904 0.47619047619047616 
6 0.448297213622291 0.3904761904761905 0.4458204334365325 0.39166666666666666 0.4408668730650155 0.4011904761904762 0.4408668730650155 0.5071428571428571 0.4458204334365325 0.5607142857142857 0.45077399380804956 0.5785714285714286 0.4613003095975232 0.5988095238095238 0.46439628482972134 0.5988095238095238 0.469969040247678 0.5892857142857143 0.47492260061919506 0.5797619047619048 0.47492260061919506 0.5476190476190477 0.469969040247678 0.4380952380952381 0.460061919504644 0.4 0.4551083591331269 0.3904761904761905 0.448297213622291 0.3904761904761905 
7 0.46687306501547987 0.41904761904761906 0.46563467492260063 0.42023809523809524 0.46563467492260063 0.5416666666666666 0.47058823529411764 0.5976190476190476 0.4712074303405573 0.5988095238095238 0.4891640866873065 0.5988095238095238 0.48978328173374613 0.5976190476190476 0.48978328173374613 0.5738095238095238 0.4848297213622291 0.4797619047619048 0.47987616099071206 0.4226190476190476 0.4792569659442725 0.41904761904761906 0.46687306501547987 0.41904761904761906 
8 0.4804953560371517 0.4 0.4804953560371517 0.5988095238095238 0.5095975232198142 0.5988095238095238 0.5095975232198142 0.5238095238095238 0.49473684210526314 0.4 0.4804953560371517 0.4 
9 0.5151702786377709 0.4 0.5102167182662539 0.42023809523809524 0.5052631578947369 0.49523809523809526 0.5052631578947369 0.5880952380952381 0.5102167182662539 0.5988095238095238 0.5337461300309597 0.5988095238095238 0.5343653250773994 0.5976190476190476 0.5343653250773994 0.41904761904761906 0.5294117647058824 0.4 0.5151702786377709 0.4 
10 0.5405572755417957 0.4095238095238095 0.534984520123839 0.41904761904761906 0.530030959752322 0.44761904761904764 0.530030959752322 0.5880952380952381 0.5312693498452012 0.5892857142857143 0.5486068111455108 0.5892857142857143 0.5541795665634675 0.5678571428571428 0.5541795665634675 0.41904761904761906 0.5492260061919505 0.4095238095238095 0.5405572755417957 0.4095238095238095 
11 0.5597523219814241 0.38095238095238093 0.5547987616099072 0.4095238095238095 0.5498452012383901 0.47619047619047616 0.5498452012383901 0.5773809523809523 0.5504643962848297 0.5797619047619048 0.5547987616099072 0.5892857142857143 0.5684210526315789 0.5892857142857143 0.5739938080495356 0.5797619047619048 0.5789473684210527 0.55 0.5789473684210527 0.3904761904761905 0.5739938080495356 0.38095238095238093 0.5597523219814241 0.38095238095238093 
12 0.5851393188854489 0.3904761904761905 0.5845201238390093 0.39166666666666666 0.5746130030959752 0.42857142857142855 0.5746130030959752 0.5571428571428572 0.5752321981424149 0.5607142857142857 0.5851393188854489 0.5797619047619048 0.5987616099071208 0.5797619047619048 0.6037151702786377 0.5321428571428571 0.6037151702786377 0.4119047619047619 0.5987616099071208 0.39166666666666666 0.5975232198142415 0.3904761904761905 0.5851393188854489 0.3904761904761905 
13 0.5956656346749226 0.4 0.5944272445820433 0.4011904761904762 0.5944272445820433 0.5797619047619048 0.5993808049535604 0.5880952380952381 0.6006191950464397 0.5892857142857143 0.6080495356037152 0.5892857142857143 0.6136222910216719 0.5797619047619048 0.6185758513931888 0.48333333333333334 0.6185758513931888 0.4523809523809524 0.6136222910216719 0.4011904761904762 0.6123839009287926 0.4 0.5956656346749226 0.4 
14 0.6291021671826625 0.3904761904761905 0.6191950464396285 0.4095238095238095 0.6142414860681115 0.430952380952381 0.6092879256965944 0.5345238095238095 0.6092879256965944 0.569047619047619 0.614860681114551 0.5797619047619048 0.6204334365325077 0.5892857142857143 0.6272445820433437 0.5892857142857143 0.6526315789473685 0.5702380952380952 0.653250773993808 0.5678571428571428 0.653250773993808 0.5047619047619047 0.648297213622291 0.39166666666666666 0.6470588235294118 0.3904761904761905 0.6291021671826625 0.3904761904761905 
21 0.525077399380805 0.6285714285714286 0.5201238390092879 0.638095238095238 0.5151702786377709 0.6952380952380952 0.5151702786377709 0.7035714285714286 0.5201238390092879 0.7702380952380953 0.525077399380805 0.7964285714285714 0.5256965944272446 0.7988095238095239 0.5386996904024768 0.7988095238095239 0.5393188854489164 0.7976190476190477 0.5492260061919505 0.6821428571428572 0.5492260061919505 0.6392857142857142 0.5442724458204334 0.6285714285714286 0.525077399380805 0.6285714285714286 
22 0.5052631578947369 0.6285714285714286 0.5003095975232198 0.638095238095238 0.5003095975232198 0.7130952380952381 0.5052631578947369 0.7988095238095239 0.5102167182662539 0.805952380952381 0.5126934984520124 0.8083333333333333 0.5195046439628483 0.8083333333333333 0.5244582043343653 0.7702380952380953 0.5244582043343653 0.6297619047619047 0.5238390092879257 0.6285714285714286 0.5052631578947369 0.6285714285714286 
23 0.4854489164086687 0.6190476190476191 0.4854489164086687 0.6654761904761904 0.4904024767801858 0.7488095238095238 0.4953560371517028 0.7785714285714286 0.49597523219814244 0.7797619047619048 0.5040247678018576 0.7797619047619048 0.5046439628482973 0.7773809523809524 0.5095975232198142 0.6464285714285715 0.5095975232198142 0.6214285714285714 0.5089783281733746 0.6190476190476191 0.4854489164086687 0.6190476190476191 
24 0.48111455108359136 0.6285714285714286 0.4804953560371517 0.6297619047619047 0.47554179566563465 0.65 0.47554179566563465 0.7785714285714286 0.48111455108359136 0.7892857142857143 0.4891640866873065 0.7892857142857143 0.48978328173374613 0.7880952380952381 0.49473684210526314 0.7583333333333333 0.49473684210526314 0.6571428571428571 0.48978328173374613 0.6285714285714286 0.48111455108359136 0.6285714285714286 
25 0.4662538699690402 0.6285714285714286 0.46563467492260063 0.6357142857142857 0.46563467492260063 0.7678571428571429 0.4662538699690402 0.7702380952380953 0.4743034055727554 0.7702380952380953 0.47987616099071206 0.7416666666666667 0.4848297213622291 0.655952380952381 0.4848297213622291 0.6392857142857142 0.47987616099071206 0.6285714285714286 0.4662538699690402 0.6285714285714286 
26 0.45077399380804956 0.6095238095238096 0.45077399380804956 0.7690476190476191 0.45572755417956656 0.7785714285714286 0.4569659442724458 0.7797619047619048 0.46439628482972134 0.7797619047619048 0.465015479876161 0.7785714285714286 0.469969040247678 0.7404761904761905 0.47492260061919506 0.6357142857142857 0.47492260061919506 0.6190476190476191 0.469969040247678 0.6107142857142858 0.46873065015479876 0.6095238095238096 0.45077399380804956 0.6095238095238096 
27 0.44148606811145513 0.6190476190476191 0.4359133126934985 0.6285714285714286 0.4309597523219814 0.6666666666666666 0.4309597523219814 0.7678571428571429 0.4371517027863777 0.7892857142857143 0.4439628482972136 0.7892857142857143 0.4452012383900929 0.7880952380952381 0.4501547987616099 0.7690476190476191 0.4551083591331269 0.7214285714285714 0.460061919504644 0.6726190476190477 0.460061919504644 0.6607142857142857 0.4551083591331269 0.6202380952380953 0.4544891640866873 0.6190476190476191 0.44148606811145513 0.6190476190476191 
28 0.4173374613003096 0.6190476190476191 0.41609907120743034 0.6202380952380953 0.41114551083591333 0.6476190476190476 0.40619195046439627 0.7345238095238096 0.40619195046439627 0.7857142857142857 0.4068111455108359 0.7892857142857143 0.42043343653250775 0.7892857142857143 0.42538699690402476 0.7797619047619048 0.43034055727554177 0.7666666666666667 0.43529411764705883 0.7202380952380952 0.44024767801857584 0.6726190476190477 0.44024767801857584 0.6297619047619047 0.43529411764705883 0.6190476190476191 0.4173374613003096 0.6190476190476191 
29 0.39690402476780184 0.6095238095238096 0.3913312693498452 0.6190476190476191 0.3814241486068111 0.7428571428571429 0.3814241486068111 0.7702380952380953 0.38699690402476783 0.7797619047619048 0.3993808049535604 0.7797619047619048 0.4006191950464396 0.7785714285714286 0.4105263157894737 0.7595238095238095 0.4154798761609907 0.7416666666666667 0.42043343653250775 0.655952380952381 0.42043343653250775 0.611904761904762 0.4198142414860681 0.6095238095238096 0.39690402476780184 0.6095238095238096 