2 0.32755417956656346 0.19047619047619047 0.3170278637770898 0.20952380952380953 0.2873065015479876 0.3142857142857143 0.2873065015479876 0.3416666666666667 0.3021671826625387 0.37023809523809526 0.32941176470588235 0.37023809523809526 0.33126934984520123 0.36904761904761907 0.33622291021671824 0.3607142857142857 0.3411764705882353 0.32142857142857145 0.3411764705882353 0.2 0.33560371517027865 0.19047619047619047 0.32755417956656346 0.19047619047619047 
3 0.35170278637770896 0.19047619047619047 0.34674922600619196 0.2 0.34179566563467495 0.22023809523809523 0.3368421052631579 0.24761904761904763 0.3318885448916409 0.32261904761904764 0.3318885448916409 0.37857142857142856 0.33250773993808047 0.37976190476190474 0.34860681114551084 0.3892857142857143 0.37089783281733746 0.3892857142857143 0.38575851393188854 0.37023809523809526 0.38575851393188854 0.28809523809523807 0.38080495356037153 0.23809523809523808 0.3653250773993808 0.19047619047619047 0.35170278637770896 0.19047619047619047 
4 0.3814241486068111 0.2 0.3764705882352941 0.22976190476190475 0.3715170278637771 0.3619047619047619 0.3715170278637771 0.37976190476190474 0.3814241486068111 0.3892857142857143 0.3993808049535604 0.3892857142857143 0.4006191950464396 0.3880952380952381 0.4055727554179567 0.37976190476190474 0.42043343653250775 0.35119047619047616 0.42043343653250775 0.3333333333333333 0.4154798761609907 0.2571428571428571 0.4055727554179567 0.2011904761904762 0.4043343653250774 0.2 0.3814241486068111 0.2 
5 0.41238390092879257 0.2 0.40619195046439627 0.20952380952380953 0.39628482972136225 0.3773809523809524 0.39628482972136225 0.37857142857142856 0.4018575851393189 0.39880952380952384 0.42538699690402476 0.39880952380952384 0.44024767801857584 0.37023809523809526 0.44024767801857584 0.3142857142857143 0.43529411764705883 0.24047619047619048 0.43034055727554177 0.2 0.41238390092879257 0.2 
6 0.43157894736842106 0.17142857142857143 0.4309597523219814 0.17261904761904762 0.4260061919504644 0.20952380952380953 0.42105263157894735 0.38095238095238093 0.42105263157894735 0.39880952380952384 0.4260061919504644 0.4083333333333333 0.443343653250774 0.4083333333333333 0.4452012383900929 0.40714285714285714 0.4551083591331269 0.39880952380952384 0.4551083591331269 0.2857142857142857 0.4452012383900929 0.18095238095238095 0.44024767801857584 0.17142857142857143 0.43157894736842106 0.17142857142857143 
7 0.4613003095975232 0.20952380952380953 0.46068111455108357 0.21071428571428572 0.45572755417956656 0.2226190476190476 0.45077399380804956 0.31547619047619047 0.45077399380804956 0.39166666666666666 0.4520123839009288 0.39880952380952384 0.47987616099071206 0.39880952380952384 0.47987616099071206 0.22857142857142856 0.47492260061919506 0.20952380952380953 0.4613003095975232 0.20952380952380953 
8 0.49102167182662537 0.20952380952380953 0.4804953560371517 0.22857142857142856 0.47554179566563465 0.3047619047619048 0.47554179566563465 0.39880952380952384 0.4854489164086687 0.41785714285714287 0.5040247678018576 0.41785714285714287 0.5095975232198142 0.40714285714285714 0.5095975232198142 0.3726190476190476 0.5046439628482973 0.2392857142857143 0.4996904024767802 0.21904761904761905 0.49473684210526314 0.20952380952380953 0.49102167182662537 0.20952380952380953 
9 0.5108359133126935 0.21904761904761905 0.5052631578947369 0.22976190476190475 0.5003095975232198 0.2857142857142857 0.5003095975232198 0.3726190476190476 0.5052631578947369 0.40714285714285714 0.5058823529411764 0.4083333333333333 0.5287925696594428 0.4083333333333333 0.5294117647058824 0.40714285714285714 0.5294117647058824 0.2785714285714286 0.5244582043343653 0.22023809523809523 0.5238390092879257 0.21904761904761905 0.5108359133126935 0.21904761904761905 
10 0.530030959752322 0.21904761904761905 0.525077399380805 0.22857142857142856 0.525077399380805 0.3976190476190476 0.5306501547987617 0.4083333333333333 0.5492260061919505 0.4083333333333333 0.5541795665634675 0.3976190476190476 0.5541795665634675 0.34523809523809523 0.5492260061919505 0.2773809523809524 0.5442724458204334 0.24761904761904763 0.5393188854489164 0.2261904761904762 0.5380804953560372 0.2226190476190476 0.534984520123839 0.21904761904761905 0.530030959752322 0.21904761904761905 
11 0.5554179566563467 0.19047619047619047 0.5547987616099072 0.19285714285714287 0.5504643962848297 0.21904761904761905 0.5498452012383901 0.225 0.5498452012383901 0.39880952380952384 0.5603715170278638 0.4083333333333333 0.5727554179566563 0.4083333333333333 0.5739938080495356 0.40714285714285714 0.58328173374613 0.3892857142857143 0.5839009287925696 0.38452380952380955 0.5839009287925696 0.2857142857142857 0.5789473684210527 0.23095238095238096 0.5690402476780185 0.19047619047619047 0.5554179566563467 0.19047619047619047 
12 0.5795665634674922 0.20952380952380953 0.5746130030959752 0.21904761904761905 0.5746130030959752 0.2904761904761905 0.5795665634674922 0.3892857142857143 0.5845201238390093 0.39880952380952384 0.6037151702786377 0.39880952380952384 0.6037151702786377 0.3273809523809524 0.5987616099071208 0.2488095238095238 0.5938080495356037 0.2119047619047619 0.5925696594427244 0.20952380952380953 0.5795665634674922 0.20952380952380953 
13 0.6061919504643963 0.21904761904761905 0.6043343653250774 0.22023809523809523 0.6 0.22857142857142856 0.5993808049535604 0.23095238095238096 0.5944272445820433 0.2773809523809524 0.5944272445820433 0.32857142857142857 0.5993808049535604 0.375 0.6 0.37976190476190474 0.604953560371517 0.3892857142857143 0.6142414860681115 0.39880952380952384 0.6229102167182663 0.39880952380952384 0.6235294117647059 0.3976190476190476 0.6278637770897832 0.37976190476190474 0.628482972136223 0.3761904761904762 0.628482972136223 0.3619047619047619 0.6235294117647059 0.2392857142857143 0.6185758513931888 0.22023809523809523 0.6173374613003096 0.21904761904761905 0.6061919504643963 0.21904761904761905 
14 0.6352941176470588 0.19047619047619047 0.6340557275541796 0.19166666666666668 0.6297213622291021 0.2 0.6241486068111455 0.22857142857142856 0.6191950464396285 0.2857142857142857 0.6191950464396285 0.36904761904761907 0.6291021671826625 0.3892857142857143 0.6619195046439629 0.3892857142857143 0.6631578947368421 0.3880952380952381 0.6681114551083591 0.37857142857142856 0.6681114551083591 0.34285714285714286 0.6582043343653251 0.20238095238095238 0.6575851393188854 0.2 0.653250773993808 0.19047619047619047 0.6352941176470588 0.19047619047619047 
15 0.6811145510835913 0.18095238095238095 0.660061919504644 0.19047619047619047 0.6588235294117647 0.19166666666666668 0.6588235294117647 0.35119047619047616 0.6637770897832818 0.36904761904761907 0.6643962848297214 0.37023809523809526 0.6743034055727554 0.37976190476190474 0.6823529411764706 0.37976190476190474 0.7027863777089783 0.37023809523809526 0.7077399380804954 0.3607142857142857 0.7077399380804954 0.3261904761904762 0.6879256965944273 0.18095238095238095 0.6811145510835913 0.18095238095238095 
18 0.6786377708978328 0.37142857142857144 0.6495356037151703 0.38095238095238093 0.6439628482972136 0.39166666666666666 0.6439628482972136 0.4369047619047619 0.6588235294117647 0.5035714285714286 0.6736842105263158 0.5416666666666666 0.6835913312693499 0.5607142857142857 0.6891640866873066 0.5702380952380952 0.6928792569659443 0.5702380952380952 0.7071207430340557 0.5607142857142857 0.7077399380804954 0.5595238095238095 0.7077399380804954 0.5154761904761904 0.7027863777089783 0.4023809523809524 0.6978328173374613 0.3904761904761905 0.6879256965944273 0.37142857142857144 0.6786377708978328 0.37142857142857144 
19 0.5993808049535604 0.3904761904761905 0.5993808049535604 0.45357142857142857 0.6142414860681115 0.5202380952380953 0.6191950464396285 0.5416666666666666 0.6396284829721363 0.5702380952380952 0.6526315789473685 0.5702380952380952 0.6619195046439629 0.5607142857142857 0.6631578947368421 0.5583333333333333 0.6631578947368421 0.5154761904761904 0.653250773993808 0.42857142857142855 0.648297213622291 0.39166666666666666 0.6470588235294118 0.3904761904761905 0.5993808049535604 0.3904761904761905 
20 0.5851393188854489 0.4 0.5746130030959752 0.4107142857142857 0.5746130030959752 0.45357142857142857 0.5944272445820433 0.5511904761904762 0.5993808049535604 0.5702380952380952 0.6043343653250774 0.5797619047619048 0.6130030959752322 0.5797619047619048 0.6136222910216719 0.5785714285714286 0.6136222910216719 0.45714285714285713 0.6037151702786377 0.4 0.5851393188854489 0.4 
21 0.5647058823529412 0.4095238095238095 0.5597523219814241 0.42023809523809524 0.5597523219814241 0.5392857142857143 0.5647058823529412 0.5797619047619048 0.5696594427244582 0.5892857142857143 0.578328173374613 0.5892857142857143 0.5839009287925696 0.5785714285714286 0.5882352941176471 0.513095238095238 0.5888544891640867 0.5011904761904762 0.5888544891640867 0.4595238095238095 0.5789473684210527 0.4107142857142857 0.5770897832817338 0.4095238095238095 0.5647058823529412 0.4095238095238095 
22 0.5356037151702786 0.4095238095238095 0.5306501547987617 0.42857142857142855 0.530030959752322 0.43214285714285716 0.530030959752322 0.4452380952380952 0.534984520123839 0.5511904761904762 0.5399380804953561 0.5773809523809523 0.5455108359133127 0.5976190476190476 0.5498452012383901 0.6083333333333333 0.5591331269349845 0.6083333333333333 0.5640866873065016 0.5976190476190476 0.5640866873065016 0.44166666666666665 0.5591331269349845 0.4107142857142857 0.5578947368421052 0.4095238095238095 0.5356037151702786 0.4095238095238095 
23 0.5151702786377709 0.41904761904761906 0.5151702786377709 0.42738095238095236 0.5201238390092879 0.5511904761904762 0.525077399380805 0.569047619047619 0.5256965944272446 0.5702380952380952 0.5343653250773994 0.5702380952380952 0.5393188854489164 0.5214285714285715 0.5393188854489164 0.41904761904761906 0.5151702786377709 0.41904761904761906 
24 0.5046439628482973 0.4095238095238095 0.5015479876160991 0.41309523809523807 0.5003095975232198 0.4166666666666667 0.5003095975232198 0.513095238095238 0.5052631578947369 0.5416666666666666 0.5108359133126935 0.5702380952380952 0.5195046439628483 0.5702380952380952 0.5244582043343653 0.55 0.5244582043343653 0.45714285714285713 0.5195046439628483 0.4142857142857143 0.5188854489164086 0.4119047619047619 0.5170278637770898 0.4095238095238095 0.5046439628482973 0.4095238095238095 
25 0.4854489164086687 0.41904761904761906 0.4854489164086687 0.4630952380952381 0.4904024767801858 0.5107142857142857 0.4953560371517028 0.5571428571428572 0.49597523219814244 0.5607142857142857 0.5095975232198142 0.5607142857142857 0.5095975232198142 0.5059523809523809 0.5046439628482973 0.42023809523809524 0.5040247678018576 0.41904761904761906 0.4854489164086687 0.41904761904761906 
26 0.4718266253869969 0.41904761904761906 0.47058823529411764 0.42023809523809524 0.47058823529411764 0.48928571428571427 0.47554179566563465 0.5511904761904762 0.4804953560371517 0.5773809523809523 0.48173374613003095 0.5797619047619048 0.49473684210526314 0.5797619047619048 0.49473684210526314 0.49642857142857144 0.48978328173374613 0.41904761904761906 0.4718266253869969 0.41904761904761906 
27 0.45077399380804956 0.4095238095238095 0.4458204334365325 0.41904761904761906 0.4458204334365325 0.5833333333333334 0.44643962848297214 0.5892857142857143 0.45139318885448915 0.5976190476190476 0.45263157894736844 0.5988095238095238 0.45944272445820433 0.5988095238095238 0.465015479876161 0.5892857142857143 0.469969040247678 0.5797619047619048 0.4743034055727554 0.5321428571428571 0.47492260061919506 0.525 0.47492260061919506 0.41904761904761906 0.469969040247678 0.4107142857142857 0.4681114551083591 0.4095238095238095 0.45077399380804956 0.4095238095238095 
28 0.4260061919504644 0.4095238095238095 0.42105263157894735 0.41904761904761906 0.42105263157894735 0.48214285714285715 0.4260061919504644 0.55 0.4309597523219814 0.5702380952380952 0.4359133126934985 0.5797619047619048 0.44458204334365325 0.5797619047619048 0.4452012383900929 0.5773809523809523 0.4501547987616099 0.5107142857142857 0.4501547987616099 0.42023809523809524 0.44458204334365325 0.4095238095238095 0.4260061919504644 0.4095238095238095 
29 0.4068111455108359 0.3904761904761905 0.40123839009287926 0.4 0.39690402476780184 0.41904761904761906 0.3913312693498452 0.4488095238095238 0.3913312693498452 0.5285714285714286 0.39628482972136225 0.575 0.39690402476780184 0.5797619047619048 0.40123839009287926 0.5880952380952381 0.4024767801857585 0.5892857142857143 0.4105263157894737 0.5892857142857143 0.42043343653250775 0.5702380952380952 0.43034055727554177 0.5119047619047619 0.43034055727554177 0.4107142857142857 0.4198142414860681 0.3904761904761905 0.4068111455108359 0.3904761904761905 
30 0.356656346749226 0.3904761904761905 0.35170278637770896 0.4 0.3368421052631579 0.5333333333333333 0.3368421052631579 0.5702380952380952 0.35170278637770896 0.5988095238095238 0.37585139318885447 0.5988095238095238 0.38080495356037153 0.5892857142857143 0.39009287925696595 0.5607142857142857 0.3956656346749226 0.5321428571428571 0.4105263157894737 0.4083333333333333 0.4105263157894737 0.4011904761904762 0.40928792569659445 0.4 0.39009287925696595 0.3904761904761905 0.356656346749226 0.3904761904761905 
31 0.3077399380804954 0.37142857142857144 0.3021671826625387 0.38333333333333336 0.29721362229102166 0.4011904761904762 0.29226006191950465 0.4928571428571429 0.29226006191950465 0.5595238095238095 0.2978328173374613 0.5702380952380952 0.3108359133126935 0.5702380952380952 0.34055727554179566 0.5226190476190476 0.3411764705882353 0.5214285714285715 0.3510835913312694 0.4928571428571429 0.3560371517027864 0.45476190476190476 0.3609907120743034 0.40595238095238095 0.3609907120743034 0.39166666666666666 0.3603715170278638 0.3904761904761905 0.3455108359133127 0.3821428571428571 0.3430340557275542 0.38095238095238093 0.3201238390092879 0.37142857142857144 0.3077399380804954 0.37142857142857144 