1 0.3430340557275542 0.3047619047619048 0.33746130030959753 0.3142857142857143 0.3368421052631579 0.31666666666666665 0.3368421052631579 0.40595238095238095 0.3380804953560371 0.4083333333333333 0.35975232198142415 0.4083333333333333 0.3609907120743034 0.40714285714285714 0.36594427244582045 0.39880952380952384 0.36594427244582045 0.3738095238095238 0.3510835913312694 0.305952380952381 0.3504643962848297 0.3047619047619048 0.3430340557275542 0.3047619047619048 
2 0.3764705882352941 0.3333333333333333 0.3368421052631579 0.4392857142857143 0.3368421052631579 0.4928571428571429 0.33746130030959753 0.49404761904761907 0.34674922600619196 0.5035714285714286 0.3690402476780186 0.5035714285714286 0.3702786377708978 0.5023809523809524 0.3752321981424149 0.49404761904761907 0.3907120743034056 0.4154761904761905 0.3907120743034056 0.3333333333333333 0.3764705882352941 0.3333333333333333 
3 0.4055727554179567 0.3619047619047619 0.4018575851393189 0.3630952380952381 0.39628482972136225 0.37142857142857144 0.3863777089783282 0.4 0.3764705882352941 0.4380952380952381 0.3715170278637771 0.4583333333333333 0.3715170278637771 0.5214285714285715 0.38204334365325077 0.5416666666666666 0.38328173374613 0.5416666666666666 0.4006191950464396 0.5392857142857143 0.4154798761609907 0.5321428571428571 0.42043343653250775 0.4630952380952381 0.42043343653250775 0.3904761904761905 0.4105263157894737 0.3619047619047619 0.4055727554179567 0.3619047619047619 
4 0.42105263157894735 0.3619047619047619 0.41609907120743034 0.38333333333333336 0.40619195046439627 0.5238095238095238 0.40619195046439627 0.5511904761904762 0.4247678018575851 0.5511904761904762 0.44024767801857584 0.5416666666666666 0.44024767801857584 0.4773809523809524 0.43529411764705883 0.3630952380952381 0.4346749226006192 0.3619047619047619 0.42105263157894735 0.3619047619047619 
5 0.44148606811145513 0.37142857142857144 0.4359133126934985 0.38095238095238093 0.4309597523219814 0.4023809523809524 0.4260061919504644 0.5357142857142857 0.4260061919504644 0.5511904761904762 0.43157894736842106 0.5607142857142857 0.4371517027863777 0.569047619047619 0.43839009287925695 0.5702380952380952 0.4452012383900929 0.5702380952380952 0.460061919504644 0.5416666666666666 0.460061919504644 0.4869047619047619 0.4501547987616099 0.37142857142857144 0.44148606811145513 0.37142857142857144 
6 0.46068111455108357 0.38095238095238093 0.45572755417956656 0.3904761904761905 0.45077399380804956 0.4095238095238095 0.45077399380804956 0.5797619047619048 0.469969040247678 0.5797619047619048 0.47492260061919506 0.569047619047619 0.47987616099071206 0.55 0.47987616099071206 0.5154761904761904 0.47492260061919506 0.40476190476190477 0.4743034055727554 0.4 0.469969040247678 0.38095238095238093 0.46068111455108357 0.38095238095238093 
7 0.4854489164086687 0.4095238095238095 0.47554179566563465 0.44761904761904764 0.47058823529411764 0.47619047619047616 0.46563467492260063 0.5630952380952381 0.46563467492260063 0.5773809523809523 0.4662538699690402 0.5797619047619048 0.47058823529411764 0.5892857142857143 0.48978328173374613 0.5892857142857143 0.4996904024767802 0.4654761904761905 0.4996904024767802 0.425 0.4984520123839009 0.41904761904761906 0.49473684210526314 0.4095238095238095 0.4854489164086687 0.4095238095238095 
8 0.5015479876160991 0.4 0.4953560371517028 0.4107142857142857 0.4904024767801858 0.45714285714285713 0.4854489164086687 0.5142857142857142 0.4854489164086687 0.5892857142857143 0.4904024767801858 0.5988095238095238 0.5095975232198142 0.5988095238095238 0.5145510835913313 0.5892857142857143 0.5145510835913313 0.4857142857142857 0.5095975232198142 0.4107142857142857 0.5046439628482973 0.4 0.5015479876160991 0.4 
9 0.5263157894736842 0.4095238095238095 0.525077399380805 0.4107142857142857 0.5207430340557275 0.41904761904761906 0.5151702786377709 0.4488095238095238 0.5102167182662539 0.5095238095238095 0.5102167182662539 0.5666666666666667 0.5151702786377709 0.5988095238095238 0.5238390092879257 0.5988095238095238 0.5393188854489164 0.5892857142857143 0.5393188854489164 0.5238095238095238 0.5343653250773994 0.4095238095238095 0.5263157894736842 0.4095238095238095 
10 0.5356037151702786 0.4 0.534984520123839 0.4011904761904762 0.530030959752322 0.47619047619047616 0.530030959752322 0.5321428571428571 0.534984520123839 0.5892857142857143 0.5386996904024768 0.5892857142857143 0.5591331269349845 0.5797619047619048 0.5591331269349845 0.5238095238095238 0.5541795665634675 0.42857142857142855 0.5492260061919505 0.4 0.5356037151702786 0.4 
11 0.5554179566563467 0.37142857142857144 0.5498452012383901 0.3821428571428571 0.5498452012383901 0.5297619047619048 0.5547987616099072 0.569047619047619 0.5597523219814241 0.5797619047619048 0.573374613003096 0.5797619047619048 0.5789473684210527 0.5702380952380952 0.5789473684210527 0.5083333333333333 0.5690402476780185 0.37142857142857144 0.5554179566563467 0.37142857142857144 
12 0.5770897832817338 0.37142857142857144 0.5746130030959752 0.3726190476190476 0.5696594427244582 0.38095238095238093 0.5696594427244582 0.513095238095238 0.5746130030959752 0.5595238095238095 0.5758513931888545 0.5607142857142857 0.5931888544891641 0.5607142857142857 0.5987616099071208 0.5511904761904762 0.5987616099071208 0.5083333333333333 0.5938080495356037 0.4011904761904762 0.5888544891640867 0.37142857142857144 0.5770897832817338 0.37142857142857144 
13 0.5993808049535604 0.3523809523809524 0.5944272445820433 0.3619047619047619 0.5894736842105263 0.39166666666666666 0.5894736842105263 0.513095238095238 0.5944272445820433 0.5416666666666666 0.5993808049535604 0.5511904761904762 0.6130030959752322 0.5511904761904762 0.6235294117647059 0.5321428571428571 0.6235294117647059 0.5083333333333333 0.6086687306501548 0.3535714285714286 0.6080495356037152 0.3523809523809524 0.5993808049535604 0.3523809523809524 
14 0.6198142414860681 0.3619047619047619 0.6191950464396285 0.36428571428571427 0.6043343653250774 0.4297619047619048 0.6043343653250774 0.444047619047619 0.6142414860681115 0.5416666666666666 0.6365325077399381 0.5416666666666666 0.6476780185758514 0.5321428571428571 0.653250773993808 0.5226190476190476 0.653250773993808 0.47619047619047616 0.638390092879257 0.36428571428571427 0.6377708978328174 0.3619047619047619 0.6198142414860681 0.3619047619047619 
15 0.6452012383900929 0.3523809523809524 0.6439628482972136 0.3547619047619048 0.6439628482972136 0.48333333333333334 0.6489164086687307 0.5107142857142857 0.6495356037151703 0.513095238095238 0.6538699690402476 0.5226190476190476 0.6730650154798762 0.5226190476190476 0.6829721362229102 0.5035714285714286 0.6879256965944273 0.49047619047619045 0.6879256965944273 0.46904761904761905 0.6582043343653251 0.3523809523809524 0.6452012383900929 0.3523809523809524 
16 0.6538699690402476 0.3333333333333333 0.6538699690402476 0.3880952380952381 0.6637770897832818 0.4369047619047619 0.6786377708978328 0.4654761904761905 0.6848297213622291 0.4738095238095238 0.6934984520123839 0.4845238095238095 0.7003095975232199 0.4845238095238095 0.7027863777089783 0.48333333333333334 0.7071207430340557 0.475 0.7176470588235294 0.4357142857142857 0.7176470588235294 0.3904761904761905 0.6681114551083591 0.3333333333333333 0.6538699690402476 0.3333333333333333 
17 0.679876160990712 0.5142857142857142 0.6786377708978328 0.5154761904761904 0.6736842105263158 0.5238095238095238 0.6736842105263158 0.5404761904761904 0.6835913312693499 0.6654761904761904 0.6934984520123839 0.6845238095238095 0.7126934984520124 0.6845238095238095 0.7226006191950465 0.6654761904761904 0.7275541795665634 0.5702380952380952 0.7275541795665634 0.5333333333333333 0.7219814241486068 0.525 0.7207430340557276 0.5238095238095238 0.6972136222910217 0.5142857142857142 0.679876160990712 0.5142857142857142 
18 0.6637770897832818 0.5238095238095238 0.6291021671826625 0.5428571428571428 0.6291021671826625 0.5773809523809523 0.6297213622291021 0.5797619047619048 0.6588235294117647 0.675 0.6637770897832818 0.6845238095238095 0.6687306501547987 0.6928571428571428 0.669969040247678 0.694047619047619 0.6773993808049535 0.694047619047619 0.6879256965944273 0.6845238095238095 0.6879256965944273 0.6297619047619047 0.6780185758513931 0.5345238095238095 0.6724458204334365 0.5238095238095238 0.6637770897832818 0.5238095238095238 
19 0.6191950464396285 0.5523809523809524 0.6 0.5619047619047619 0.5944272445820433 0.5714285714285714 0.5944272445820433 0.5988095238095238 0.5993808049535604 0.6273809523809524 0.6191950464396285 0.7035714285714286 0.6297213622291021 0.7226190476190476 0.638390092879257 0.7226190476190476 0.6625386996904025 0.7035714285714286 0.6631578947368421 0.7023809523809523 0.6631578947368421 0.669047619047619 0.638390092879257 0.5714285714285714 0.6334365325077399 0.5535714285714286 0.6328173374613003 0.5523809523809524 0.6191950464396285 0.5523809523809524 
20 0.5894736842105263 0.5619047619047619 0.5752321981424149 0.5714285714285714 0.5696594427244582 0.580952380952381 0.5696594427244582 0.6071428571428571 0.5944272445820433 0.7107142857142857 0.5993808049535604 0.7309523809523809 0.6 0.7321428571428571 0.6099071207430341 0.7416666666666667 0.6130030959752322 0.7416666666666667 0.6185758513931888 0.7309523809523809 0.6185758513931888 0.705952380952381 0.6136222910216719 0.6476190476190476 0.6037151702786377 0.5619047619047619 0.5894736842105263 0.5619047619047619 
21 0.5603715170278638 0.580952380952381 0.5547987616099072 0.5904761904761905 0.5547987616099072 0.655952380952381 0.5696594427244582 0.7321428571428571 0.5746130030959752 0.75 0.5801857585139318 0.7607142857142857 0.5919504643962848 0.7607142857142857 0.5938080495356037 0.7595238095238095 0.5938080495356037 0.7357142857142858 0.5888544891640867 0.6297619047619047 0.5789473684210527 0.5833333333333334 0.578328173374613 0.580952380952381 0.5603715170278638 0.580952380952381 
22 0.5405572755417957 0.5904761904761905 0.5399380804953561 0.5928571428571429 0.5399380804953561 0.6464285714285715 0.5547987616099072 0.7476190476190476 0.5597523219814241 0.7678571428571429 0.5603715170278638 0.7702380952380953 0.5647058823529412 0.7785714285714286 0.5659442724458205 0.7797619047619048 0.573374613003096 0.7797619047619048 0.5739938080495356 0.7773809523809524 0.5739938080495356 0.7452380952380953 0.5690402476780185 0.6702380952380952 0.5591331269349845 0.5904761904761905 0.5405572755417957 0.5904761904761905 
23 0.5256965944272446 0.6095238095238096 0.525077399380805 0.611904761904762 0.525077399380805 0.6464285714285715 0.530030959752322 0.7035714285714286 0.534984520123839 0.7511904761904762 0.5399380804953561 0.7702380952380953 0.5492260061919505 0.7702380952380953 0.5492260061919505 0.6678571428571428 0.5442724458204334 0.6107142857142858 0.5436532507739938 0.6095238095238096 0.5256965944272446 0.6095238095238096 
24 0.5126934984520124 0.6095238095238096 0.5102167182662539 0.6107142857142858 0.5102167182662539 0.6642857142857143 0.5151702786377709 0.7488095238095238 0.5157894736842106 0.7511904761904762 0.5207430340557275 0.7607142857142857 0.5294117647058824 0.7607142857142857 0.5343653250773994 0.7511904761904762 0.5343653250773994 0.7047619047619048 0.5294117647058824 0.6095238095238096 0.5126934984520124 0.6095238095238096 
25 0.5003095975232198 0.6 0.4953560371517028 0.6107142857142858 0.4953560371517028 0.6238095238095238 0.5003095975232198 0.7309523809523809 0.5052631578947369 0.7511904761904762 0.5195046439628483 0.7511904761904762 0.5195046439628483 0.7142857142857143 0.5145510835913313 0.6 0.5003095975232198 0.6 
26 0.4804953560371517 0.6 0.4804953560371517 0.6654761904761904 0.4854489164086687 0.7130952380952381 0.4904024767801858 0.7416666666666667 0.4953560371517028 0.7607142857142857 0.5040247678018576 0.7607142857142857 0.5046439628482973 0.7595238095238095 0.5046439628482973 0.6202380952380953 0.4996904024767802 0.6 0.4804953560371517 0.6 
27 0.46563467492260063 0.6 0.46068111455108357 0.6476190476190476 0.46068111455108357 0.7023809523809523 0.46563467492260063 0.7785714285714286 0.46687306501547987 0.7797619047619048 0.4792569659442725 0.7797619047619048 0.4848297213622291 0.7702380952380953 0.4848297213622291 0.6107142857142858 0.47987616099071206 0.6 0.46563467492260063 0.6 
28 0.45139318885448915 0.5714285714285714 0.4458204334365325 0.580952380952381 0.4458204334365325 0.7404761904761905 0.45077399380804956 0.7595238095238095 0.45139318885448915 0.7607142857142857 0.45944272445820433 0.7607142857142857 0.460061919504644 0.7595238095238095 0.465015479876161 0.7392857142857143 0.47492260061919506 0.6083333333333333 0.47492260061919506 0.6011904761904762 0.469969040247678 0.580952380952381 0.465015479876161 0.5726190476190476 0.46377708978328175 0.5714285714285714 0.45139318885448915 0.5714285714285714 
29 0.42724458204334365 0.5523809523809524 0.4260061919504644 0.5535714285714286 0.42105263157894735 0.5726190476190476 0.42105263157894735 0.675 0.4260061919504644 0.7488095238095238 0.426625386996904 0.7511904761904762 0.43529411764705883 0.7511904761904762 0.43962848297213625 0.7416666666666667 0.44458204334365325 0.7226190476190476 0.4452012383900929 0.719047619047619 0.4501547987616099 0.6464285714285715 0.4501547987616099 0.5630952380952381 0.44891640866873067 0.5619047619047619 0.43529411764705883 0.5547619047619048 0.43034055727554177 0.5523809523809524 0.42724458204334365 0.5523809523809524 
30 0.3863777089783282 0.5428571428571428 0.3814241486068111 0.5535714285714286 0.3715170278637771 0.6678571428571428 0.3715170278637771 0.7130952380952381 0.3913312693498452 0.7416666666666667 0.40495356037151703 0.7416666666666667 0.4105263157894737 0.7321428571428571 0.4154798761609907 0.7226190476190476 0.43034055727554177 0.6345238095238095 0.44024767801857584 0.5607142857142857 0.44024767801857584 0.5523809523809524 0.42043343653250775 0.5428571428571428 0.3863777089783282 0.5428571428571428 
31 0.34241486068111454 0.5142857142857142 0.34179566563467495 0.5154761904761904 0.3318885448916409 0.6202380952380953 0.3318885448916409 0.6642857142857143 0.3368421052631579 0.675 0.34674922600619196 0.6845238095238095 0.3609907120743034 0.6845238095238095 0.37089783281733746 0.6654761904761904 0.38575851393188854 0.6178571428571429 0.3956656346749226 0.55 0.3956656346749226 0.5428571428571428 0.3609907120743034 0.5142857142857142 0.34241486068111454 0.5142857142857142 
32 0.3021671826625387 0.5238095238095238 0.29226006191950465 0.5345238095238095 0.29226006191950465 0.5738095238095238 0.29287925696594425 0.5797619047619048 0.3021671826625387 0.6440476190476191 0.30712074303405573 0.675 0.31207430340557274 0.6845238095238095 0.3201238390092879 0.6845238095238095 0.33622291021671824 0.675 0.3411764705882353 0.6261904761904762 0.3461300309597523 0.5702380952380952 0.3461300309597523 0.5333333333333333 0.34055727554179566 0.5238095238095238 0.3021671826625387 0.5238095238095238 