2 0.3219814241486068 0.3333333333333333 0.30712074303405573 0.3523809523809524 0.2873065015479876 0.47619047619047616 0.2873065015479876 0.530952380952381 0.2885448916408669 0.5321428571428571 0.33622291021671824 0.5321428571428571 0.33622291021671824 0.34523809523809523 0.33126934984520123 0.3345238095238095 0.3281733746130031 0.3333333333333333 0.3219814241486068 0.3333333333333333 
3 0.3430340557275542 0.3238095238095238 0.34179566563467495 0.325 0.3368421052631579 0.3333333333333333 0.3318885448916409 0.4392857142857143 0.3318885448916409 0.5297619047619048 0.33250773993808047 0.5321428571428571 0.33746130030959753 0.5416666666666666 0.37585139318885447 0.5416666666666666 0.3907120743034056 0.5214285714285715 0.3907120743034056 0.47619047619047616 0.38080495356037153 0.4011904761904762 0.37585139318885447 0.3738095238095238 0.3752321981424149 0.37142857142857144 0.37089783281733746 0.3619047619047619 0.3510835913312694 0.3238095238095238 0.3430340557275542 0.3238095238095238 
4 0.3826625386996904 0.45714285714285713 0.3814241486068111 0.4583333333333333 0.3715170278637771 0.5238095238095238 0.3715170278637771 0.5297619047619048 0.3721362229102167 0.530952380952381 0.373374613003096 0.5321428571428571 0.4055727554179567 0.5321428571428571 0.4105263157894737 0.5226190476190476 0.4105263157894737 0.4773809523809524 0.4055727554179567 0.45714285714285713 0.3826625386996904 0.45714285714285713 
5 0.40123839009287926 0.3238095238095238 0.40123839009287926 0.5321428571428571 0.40619195046439627 0.5416666666666666 0.40990712074303404 0.5416666666666666 0.4154798761609907 0.5404761904761904 0.42043343653250775 0.5392857142857143 0.44458204334365325 0.5226190476190476 0.4501547987616099 0.513095238095238 0.4501547987616099 0.5047619047619047 0.448297213622291 0.4666666666666667 0.4452012383900929 0.4095238095238095 0.43962848297213625 0.38095238095238093 0.4346749226006192 0.3619047619047619 0.42043343653250775 0.3333333333333333 0.4154798761609907 0.325 0.40123839009287926 0.3238095238095238 
6 0.4408668730650155 0.2857142857142857 0.4359133126934985 0.3238095238095238 0.4309597523219814 0.3821428571428571 0.4309597523219814 0.3880952380952381 0.4359133126934985 0.5321428571428571 0.4582043343653251 0.5321428571428571 0.45944272445820433 0.530952380952381 0.465015479876161 0.5226190476190476 0.465015479876161 0.37142857142857144 0.460061919504644 0.325 0.4551083591331269 0.28809523809523807 0.4538699690402477 0.2857142857142857 0.4408668730650155 0.2857142857142857 
7 0.47058823529411764 0.29523809523809524 0.46563467492260063 0.3047619047619048 0.46068111455108357 0.34523809523809523 0.46068111455108357 0.530952380952381 0.4613003095975232 0.5321428571428571 0.4823529411764706 0.5321428571428571 0.4848297213622291 0.530952380952381 0.48978328173374613 0.5226190476190476 0.49411764705882355 0.513095238095238 0.49473684210526314 0.5107142857142857 0.49473684210526314 0.4869047619047619 0.48978328173374613 0.3535714285714286 0.4848297213622291 0.3047619047619048 0.47987616099071206 0.29523809523809524 0.47058823529411764 0.29523809523809524 
8 0.49597523219814244 0.29523809523809524 0.4953560371517028 0.29642857142857143 0.4904024767801858 0.31547619047619047 0.4854489164086687 0.4 0.4804953560371517 0.5142857142857142 0.4804953560371517 0.5321428571428571 0.4904024767801858 0.5416666666666666 0.5195046439628483 0.5416666666666666 0.5195046439628483 0.4119047619047619 0.5095975232198142 0.30714285714285716 0.5089783281733746 0.3047619047619048 0.5046439628482973 0.29523809523809524 0.49597523219814244 0.29523809523809524 
9 0.5207430340557275 0.2857142857142857 0.5201238390092879 0.28809523809523807 0.5151702786377709 0.38095238095238093 0.5151702786377709 0.5392857142857143 0.5157894736842106 0.5416666666666666 0.5479876160990712 0.5416666666666666 0.5492260061919505 0.5404761904761904 0.5535603715170279 0.5321428571428571 0.5541795665634675 0.5273809523809524 0.5541795665634675 0.49047619047619045 0.5492260061919505 0.4 0.5442724458204334 0.33214285714285713 0.5430340557275541 0.3238095238095238 0.5393188854489164 0.30714285714285716 0.5386996904024768 0.3047619047619048 0.5287925696594428 0.2857142857142857 0.5207430340557275 0.2857142857142857 
10 0.5498452012383901 0.29523809523809524 0.544891640866873 0.3047619047619048 0.544891640866873 0.37976190476190474 0.5498452012383901 0.5214285714285715 0.5504643962848297 0.5226190476190476 0.578328173374613 0.5226190476190476 0.5789473684210527 0.5214285714285715 0.5789473684210527 0.4511904761904762 0.5739938080495356 0.36428571428571427 0.5690402476780185 0.3261904761904762 0.5640866873065016 0.29642857142857143 0.5628482972136223 0.29523809523809524 0.5498452012383901 0.29523809523809524 
11 0.5801857585139318 0.2857142857142857 0.5795665634674922 0.28809523809523807 0.5746130030959752 0.3464285714285714 0.5746130030959752 0.5083333333333333 0.5752321981424149 0.513095238095238 0.5795665634674922 0.5226190476190476 0.5907120743034056 0.5321428571428571 0.6086687306501548 0.5321428571428571 0.6086687306501548 0.37142857142857144 0.5987616099071208 0.3142857142857143 0.5938080495356037 0.29523809523809524 0.5888544891640867 0.2857142857142857 0.5801857585139318 0.2857142857142857 
12 0.6154798761609908 0.3238095238095238 0.6099071207430341 0.3333333333333333 0.6092879256965944 0.3345238095238095 0.6043343653250774 0.34523809523809523 0.6043343653250774 0.5119047619047619 0.6092879256965944 0.5226190476190476 0.6198142414860681 0.5321428571428571 0.6328173374613003 0.5321428571428571 0.638390092879257 0.5226190476190476 0.638390092879257 0.4666666666666667 0.6334365325077399 0.3333333333333333 0.628482972136223 0.3238095238095238 0.6154798761609908 0.3238095238095238 
13 0.6402476780185758 0.3142857142857143 0.6390092879256966 0.31547619047619047 0.6291021671826625 0.3630952380952381 0.6291021671826625 0.4726190476190476 0.6340557275541796 0.5107142857142857 0.6346749226006192 0.513095238095238 0.6396284829721363 0.5214285714285715 0.6408668730650154 0.5226190476190476 0.653250773993808 0.5226190476190476 0.6582043343653251 0.475 0.6582043343653251 0.37142857142857144 0.653250773993808 0.3357142857142857 0.648297213622291 0.31547619047619047 0.6476780185758514 0.3142857142857143 0.6402476780185758 0.3142857142857143 
14 0.6792569659442724 0.3333333333333333 0.6736842105263158 0.34285714285714286 0.6687306501547987 0.3619047619047619 0.6637770897832818 0.3880952380952381 0.6495356037151703 0.4666666666666667 0.6489164086687307 0.4726190476190476 0.6489164086687307 0.5023809523809524 0.6538699690402476 0.5119047619047619 0.6551083591331269 0.513095238095238 0.6761609907120743 0.5226190476190476 0.6978328173374613 0.5226190476190476 0.6978328173374613 0.34285714285714286 0.6829721362229102 0.3333333333333333 0.6792569659442724 0.3333333333333333 
15 0.718266253869969 0.325 0.713312693498452 0.34523809523809523 0.7034055727554179 0.39285714285714285 0.6990712074303406 0.41904761904761906 0.6934984520123839 0.4666666666666667 0.6934984520123839 0.5214285714285715 0.6947368421052632 0.5226190476190476 0.7368421052631579 0.5226190476190476 0.7374613003095976 0.5214285714285715 0.7374613003095976 0.49642857142857144 0.7325077399380805 0.3488095238095238 0.7269349845201238 0.3333333333333333 0.7226006191950465 0.3273809523809524 0.7207430340557276 0.325 0.718266253869969 0.325 
19 0.6439628482972136 0.5523809523809524 0.6439628482972136 0.5797619047619048 0.6489164086687307 0.625 0.6588235294117647 0.7023809523809523 0.6637770897832818 0.7226190476190476 0.6736842105263158 0.7404761904761905 0.6749226006191951 0.7416666666666667 0.6922600619195046 0.7416666666666667 0.6972136222910217 0.7321428571428571 0.6978328173374613 0.7285714285714285 0.6978328173374613 0.6202380952380953 0.6928792569659443 0.5630952380952381 0.6922600619195046 0.5619047619047619 0.6829721362229102 0.5535714285714286 0.6811145510835913 0.5523809523809524 0.6439628482972136 0.5523809523809524 
20 0.6198142414860681 0.5619047619047619 0.6142414860681115 0.5714285714285714 0.6092879256965944 0.580952380952381 0.6092879256965944 0.6178571428571429 0.6390092879256966 0.7416666666666667 0.6489164086687307 0.7797619047619048 0.6631578947368421 0.7797619047619048 0.6631578947368421 0.7238095238095238 0.653250773993808 0.5916666666666667 0.648297213622291 0.5630952380952381 0.6476780185758514 0.5619047619047619 0.6198142414860681 0.5619047619047619 
21 0.6099071207430341 0.5523809523809524 0.5944272445820433 0.5547619047619048 0.590092879256966 0.5619047619047619 0.5894736842105263 0.5630952380952381 0.5894736842105263 0.6273809523809524 0.5944272445820433 0.6869047619047619 0.5993808049535604 0.7321428571428571 0.6099071207430341 0.7797619047619048 0.6235294117647059 0.7797619047619048 0.6235294117647059 0.638095238095238 0.6136222910216719 0.5535714285714286 0.611764705882353 0.5523809523809524 0.6099071207430341 0.5523809523809524 
22 0.5702786377708978 0.5523809523809524 0.5696594427244582 0.5535714285714286 0.5647058823529412 0.5714285714285714 0.5647058823529412 0.6547619047619048 0.5696594427244582 0.7023809523809523 0.5746130030959752 0.7404761904761905 0.5795665634674922 0.7678571428571429 0.5845201238390093 0.7797619047619048 0.5938080495356037 0.7797619047619048 0.6037151702786377 0.7416666666666667 0.6037151702786377 0.6857142857142857 0.5938080495356037 0.5523809523809524 0.5702786377708978 0.5523809523809524 
23 0.5399380804953561 0.5523809523809524 0.5399380804953561 0.5964285714285714 0.544891640866873 0.6630952380952381 0.5498452012383901 0.7226190476190476 0.5547987616099072 0.7309523809523809 0.5572755417956656 0.7321428571428571 0.5634674922600619 0.7321428571428571 0.5640866873065016 0.7309523809523809 0.5678018575851393 0.7130952380952381 0.5690402476780185 0.7047619047619048 0.5690402476780185 0.5535714285714286 0.5684210526315789 0.5523809523809524 0.5399380804953561 0.5523809523809524 
24 0.5226006191950464 0.5523809523809524 0.5201238390092879 0.5535714285714286 0.5201238390092879 0.6678571428571428 0.525077399380805 0.7130952380952381 0.5306501547987617 0.7416666666666667 0.534984520123839 0.75 0.5362229102167183 0.7511904761904762 0.5442724458204334 0.7511904761904762 0.5442724458204334 0.5523809523809524 0.5226006191950464 0.5523809523809524 
25 0.5003095975232198 0.5619047619047619 0.5003095975232198 0.6178571428571429 0.5052631578947369 0.675 0.5151702786377709 0.7226190476190476 0.5226006191950464 0.7226190476190476 0.5238390092879257 0.7214285714285714 0.5294117647058824 0.7130952380952381 0.5294117647058824 0.6785714285714286 0.5195046439628483 0.5619047619047619 0.5003095975232198 0.5619047619047619 
26 0.4842105263157895 0.5523809523809524 0.4804953560371517 0.5535714285714286 0.47554179566563465 0.5619047619047619 0.47058823529411764 0.5714285714285714 0.47058823529411764 0.5892857142857143 0.47554179566563465 0.625 0.4854489164086687 0.694047619047619 0.4904024767801858 0.7130952380952381 0.4953560371517028 0.7226190476190476 0.5089783281733746 0.7226190476190476 0.5095975232198142 0.7202380952380952 0.5095975232198142 0.6404761904761904 0.5046439628482973 0.5916666666666667 0.4996904024767802 0.5523809523809524 0.4842105263157895 0.5523809523809524 
27 0.4613003095975232 0.5619047619047619 0.4458204334365325 0.5714285714285714 0.4458204334365325 0.6154761904761905 0.45077399380804956 0.6845238095238095 0.45572755417956656 0.7119047619047619 0.46563467492260063 0.7607142857142857 0.47058823529411764 0.7702380952380953 0.4891640866873065 0.7702380952380953 0.48978328173374613 0.7690476190476191 0.48978328173374613 0.7047619047619048 0.4848297213622291 0.6226190476190476 0.47987616099071206 0.5928571428571429 0.47492260061919506 0.5726190476190476 0.4693498452012384 0.5619047619047619 0.4613003095975232 0.5619047619047619 
28 0.41609907120743034 0.580952380952381 0.41609907120743034 0.6071428571428571 0.42105263157894735 0.6607142857142857 0.43157894736842106 0.7130952380952381 0.4408668730650155 0.7511904761904762 0.4458204334365325 0.7607142857142857 0.460061919504644 0.7607142857142857 0.460061919504644 0.6785714285714286 0.4551083591331269 0.6095238095238096 0.43962848297213625 0.580952380952381 0.41609907120743034 0.580952380952381 
29 0.39628482972136225 0.5714285714285714 0.3863777089783282 0.5904761904761905 0.3814241486068111 0.6190476190476191 0.3814241486068111 0.6261904761904762 0.38699690402476783 0.6464285714285715 0.39628482972136225 0.6654761904761904 0.4154798761609907 0.6654761904761904 0.42538699690402476 0.655952380952381 0.43034055727554177 0.6464285714285715 0.43529411764705883 0.5880952380952381 0.43529411764705883 0.5726190476190476 0.4340557275541796 0.5714285714285714 0.39628482972136225 0.5714285714285714 
30 0.35789473684210527 0.5619047619047619 0.34179566563467495 0.5714285714285714 0.3368421052631579 0.6190476190476191 0.3368421052631579 0.655952380952381 0.34674922600619196 0.7297619047619047 0.356656346749226 0.7785714285714286 0.3572755417956656 0.7797619047619048 0.36594427244582045 0.7797619047619048 0.38575851393188854 0.7702380952380953 0.3907120743034056 0.7607142857142857 0.3956656346749226 0.7404761904761905 0.4105263157894737 0.675 0.4105263157894737 0.6595238095238095 0.4055727554179567 0.5714285714285714 0.3801857585139319 0.5619047619047619 0.35789473684210527 0.5619047619047619 
31 0.29287925696594425 0.5523809523809524 0.2873065015479876 0.5619047619047619 0.2823529411764706 0.6476190476190476 0.2823529411764706 0.7202380952380952 0.2873065015479876 0.7488095238095238 0.28792569659442724 0.7511904761904762 0.3058823529411765 0.7511904761904762 0.3065015479876161 0.75 0.31640866873065016 0.7214285714285714 0.3411764705882353 0.6464285714285715 0.3461300309597523 0.6261904761904762 0.3510835913312694 0.5773809523809523 0.3510835913312694 0.5547619047619048 0.3504643962848297 0.5535714285714286 0.3492260061919505 0.5523809523809524 0.29287925696594425 0.5523809523809524 