1 0.2631578947368421 0.38095238095238093 0.25758513931888544 0.3904761904761905 0.2532507739938081 0.4 0.25263157894736843 0.4023809523809524 0.2476780185758514 0.44166666666666665 0.2476780185758514 0.4654761904761905 0.25263157894736843 0.475 0.26811145510835915 0.5035714285714286 0.29102167182662536 0.5035714285714286 0.29659442724458207 0.49404761904761907 0.30092879256965943 0.475 0.3015479876160991 0.4714285714285714 0.3015479876160991 0.39166666666666666 0.30092879256965943 0.3904761904761905 0.29102167182662536 0.38095238095238093 0.2631578947368421 0.38095238095238093 
2 0.29721362229102166 0.4380952380952381 0.2724458204334365 0.5154761904761904 0.2724458204334365 0.5702380952380952 0.2773993808049536 0.5880952380952381 0.2835913312693498 0.6083333333333333 0.286687306501548 0.6083333333333333 0.3015479876160991 0.6071428571428571 0.3108359133126935 0.5988095238095238 0.31145510835913315 0.5976190476190476 0.3263157894736842 0.4726190476190476 0.3263157894736842 0.4583333333333333 0.32136222910216716 0.4488095238095238 0.3065015479876161 0.4380952380952381 0.29721362229102166 0.4380952380952381 
3 0.3219814241486068 0.44761904761904764 0.30712074303405573 0.5357142857142857 0.30712074303405573 0.5976190476190476 0.31207430340557274 0.6083333333333333 0.3219814241486068 0.6178571428571429 0.3498452012383901 0.6178571428571429 0.3510835913312694 0.6166666666666667 0.3510835913312694 0.5535714285714286 0.3461300309597523 0.4773809523809524 0.3411764705882353 0.4666666666666667 0.33126934984520123 0.44761904761904764 0.3219814241486068 0.44761904761904764 
4 0.3473684210526316 0.44761904761904764 0.34674922600619196 0.4488095238095238 0.34674922600619196 0.6178571428571429 0.35170278637770896 0.6273809523809524 0.37089783281733746 0.6273809523809524 0.37585139318885447 0.6178571428571429 0.3801857585139319 0.6083333333333333 0.38080495356037153 0.6059523809523809 0.38080495356037153 0.5619047619047619 0.37585139318885447 0.5047619047619047 0.37089783281733746 0.46785714285714286 0.3653250773993808 0.45714285714285713 0.3609907120743034 0.45 0.3585139318885449 0.44761904761904764 0.3473684210526316 0.44761904761904764 
5 0.3826625386996904 0.4380952380952381 0.3814241486068111 0.4392857142857143 0.3764705882352941 0.4488095238095238 0.3715170278637771 0.5321428571428571 0.3715170278637771 0.6071428571428571 0.37708978328173376 0.6178571428571429 0.38699690402476783 0.6273809523809524 0.40495356037151703 0.6273809523809524 0.4055727554179567 0.6238095238095238 0.4055727554179567 0.5642857142857143 0.3956656346749226 0.4595238095238095 0.38575851393188854 0.4380952380952381 0.3826625386996904 0.4380952380952381 
6 0.39628482972136225 0.4380952380952381 0.39628482972136225 0.5702380952380952 0.40123839009287926 0.6178571428571429 0.41671826625387 0.6273809523809524 0.4241486068111455 0.6273809523809524 0.4297213622291022 0.6178571428571429 0.43529411764705883 0.5976190476190476 0.43529411764705883 0.5523809523809524 0.43034055727554177 0.5238095238095238 0.4247678018575851 0.49523809523809526 0.42043343653250775 0.47619047619047616 0.4105263157894737 0.4380952380952381 0.39628482972136225 0.4380952380952381 
7 0.4117647058823529 0.4380952380952381 0.41114551083591333 0.44047619047619047 0.41114551083591333 0.4654761904761905 0.4309597523219814 0.6083333333333333 0.460061919504644 0.6083333333333333 0.460061919504644 0.5238095238095238 0.45944272445820433 0.5142857142857142 0.4551083591331269 0.4773809523809524 0.4501547987616099 0.4666666666666667 0.44458204334365325 0.45714285714285713 0.43529411764705883 0.44761904761904764 0.42538699690402476 0.4380952380952381 0.4117647058823529 0.4380952380952381 
8 0.45139318885448915 0.4380952380952381 0.4458204334365325 0.4595238095238095 0.4458204334365325 0.4845238095238095 0.45572755417956656 0.5964285714285714 0.4563467492260062 0.5988095238095238 0.46068111455108357 0.6083333333333333 0.46563467492260063 0.6178571428571429 0.4996904024767802 0.6178571428571429 0.4996904024767802 0.5952380952380952 0.49473684210526314 0.5428571428571428 0.48978328173374613 0.5071428571428571 0.4848297213622291 0.4857142857142857 0.47987616099071206 0.4666666666666667 0.469969040247678 0.4392857142857143 0.46873065015479876 0.4380952380952381 0.45139318885448915 0.4380952380952381 
9 0.4953560371517028 0.44761904761904764 0.4904024767801858 0.4583333333333333 0.4854489164086687 0.4880952380952381 0.4854489164086687 0.5511904761904762 0.4904024767801858 0.5976190476190476 0.49597523219814244 0.6083333333333333 0.5015479876160991 0.6178571428571429 0.5244582043343653 0.6178571428571429 0.5294117647058824 0.6083333333333333 0.5294117647058824 0.544047619047619 0.5195046439628483 0.4857142857142857 0.5095975232198142 0.44761904761904764 0.4953560371517028 0.44761904761904764 
10 0.534984520123839 0.4380952380952381 0.530030959752322 0.4666666666666667 0.525077399380805 0.5630952380952381 0.525077399380805 0.6083333333333333 0.5306501547987617 0.6178571428571429 0.5591331269349845 0.6178571428571429 0.5640866873065016 0.6047619047619047 0.5640866873065016 0.5523809523809524 0.5492260061919505 0.44761904761904764 0.5442724458204334 0.4380952380952381 0.534984520123839 0.4380952380952381 
11 0.5653250773993808 0.4 0.5597523219814241 0.4095238095238095 0.5547987616099072 0.6095238095238096 0.5547987616099072 0.6178571428571429 0.5746130030959752 0.6369047619047619 0.5888544891640867 0.6369047619047619 0.5938080495356037 0.6273809523809524 0.5938080495356037 0.5345238095238095 0.5888544891640867 0.4119047619047619 0.5882352941176471 0.4095238095238095 0.58328173374613 0.4 0.5653250773993808 0.4 
12 0.6352941176470588 0.4 0.6340557275541796 0.4011904761904762 0.6291021671826625 0.4095238095238095 0.6099071207430341 0.44761904761904764 0.5993808049535604 0.4773809523809524 0.5894736842105263 0.5154761904761904 0.5894736842105263 0.6154761904761905 0.590092879256966 0.6178571428571429 0.6334365325077399 0.6178571428571429 0.6582043343653251 0.4452380952380952 0.6582043343653251 0.42857142857142855 0.653250773993808 0.4119047619047619 0.6520123839009287 0.4095238095238095 0.643343653250774 0.4 0.6352941176470588 0.4 
13 0.6495356037151703 0.41904761904761906 0.6390092879256966 0.47619047619047616 0.6291021671826625 0.555952380952381 0.6291021671826625 0.6059523809523809 0.6297213622291021 0.6083333333333333 0.6346749226006192 0.6178571428571429 0.6724458204334365 0.6178571428571429 0.6780185758513931 0.6083333333333333 0.6879256965944273 0.4845238095238095 0.6879256965944273 0.42023809523809524 0.686687306501548 0.41904761904761906 0.6495356037151703 0.41904761904761906 
14 0.6885448916408669 0.4095238095238095 0.6835913312693499 0.41904761904761906 0.6736842105263158 0.5083333333333333 0.6736842105263158 0.5880952380952381 0.6786377708978328 0.6083333333333333 0.7126934984520124 0.6083333333333333 0.7226006191950465 0.5892857142857143 0.7269349845201238 0.5797619047619048 0.7275541795665634 0.5773809523809523 0.7275541795665634 0.525 0.7021671826625387 0.4095238095238095 0.6885448916408669 0.4095238095238095 
15 0.7089783281733746 0.34285714285714286 0.708359133126935 0.34404761904761905 0.7034055727554179 0.3619047619047619 0.698452012383901 0.4095238095238095 0.698452012383901 0.5035714285714286 0.7275541795665634 0.5035714285714286 0.7517027863777089 0.4845238095238095 0.7523219814241486 0.48333333333333334 0.7523219814241486 0.42023809523809524 0.7275541795665634 0.34404761904761905 0.7263157894736842 0.34285714285714286 0.7089783281733746 0.34285714285714286 
17 0.7436532507739938 0.6190476190476191 0.7380804953560371 0.6285714285714286 0.7281733746130031 0.6488095238095238 0.7281733746130031 0.7226190476190476 0.7380804953560371 0.7416666666666667 0.7479876160990712 0.7511904761904762 0.7671826625386997 0.7511904761904762 0.7721362229102167 0.7416666666666667 0.7913312693498452 0.694047619047619 0.7919504643962848 0.6916666666666667 0.7969040247678019 0.6547619047619048 0.7969040247678019 0.6416666666666667 0.7962848297213623 0.638095238095238 0.7863777089783281 0.6190476190476191 0.7436532507739938 0.6190476190476191 
18 0.7034055727554179 0.6095238095238096 0.6835913312693499 0.6190476190476191 0.6786377708978328 0.6285714285714286 0.6736842105263158 0.6392857142857142 0.6736842105263158 0.6726190476190477 0.6934984520123839 0.7416666666666667 0.708359133126935 0.7702380952380953 0.7374613003095976 0.7702380952380953 0.7424148606811145 0.7607142857142857 0.7424148606811145 0.7333333333333333 0.7325077399380805 0.6095238095238096 0.7034055727554179 0.6095238095238096 
19 0.6495356037151703 0.6190476190476191 0.6247678018575852 0.6285714285714286 0.6241486068111455 0.6309523809523809 0.6241486068111455 0.6845238095238095 0.6439628482972136 0.7988095238095239 0.6674922600619195 0.7988095238095239 0.6879256965944273 0.7892857142857143 0.6879256965944273 0.7428571428571429 0.6829721362229102 0.6666666666666666 0.6780185758513931 0.6190476190476191 0.6495356037151703 0.6190476190476191 
20 0.595046439628483 0.6285714285714286 0.5894736842105263 0.6392857142857142 0.5894736842105263 0.6738095238095239 0.595046439628483 0.7511904761904762 0.6043343653250774 0.8083333333333333 0.6222910216718266 0.8083333333333333 0.6235294117647059 0.8071428571428572 0.628482972136223 0.7023809523809523 0.628482972136223 0.638095238095238 0.6074303405572755 0.6285714285714286 0.595046439628483 0.6285714285714286 
21 0.5715170278637771 0.638095238095238 0.5696594427244582 0.6392857142857142 0.5603715170278638 0.6476190476190476 0.5597523219814241 0.6488095238095238 0.5547987616099072 0.705952380952381 0.5547987616099072 0.7404761904761905 0.5597523219814241 0.7964285714285714 0.5603715170278638 0.7988095238095239 0.5647058823529412 0.805952380952381 0.56656346749226 0.8083333333333333 0.58328173374613 0.8083333333333333 0.5839009287925696 0.8071428571428572 0.5987616099071208 0.6904761904761905 0.5987616099071208 0.6666666666666666 0.5888544891640867 0.638095238095238 0.5715170278637771 0.638095238095238 
22 0.534984520123839 0.6190476190476191 0.530030959752322 0.6404761904761904 0.530030959752322 0.8178571428571428 0.5442724458204334 0.8178571428571428 0.5640866873065016 0.7035714285714286 0.5640866873065016 0.6476190476190476 0.5591331269349845 0.6190476190476191 0.534984520123839 0.6190476190476191 
23 0.5213622291021672 0.6190476190476191 0.5201238390092879 0.6202380952380953 0.5102167182662539 0.6392857142857142 0.5052631578947369 0.6583333333333333 0.5052631578947369 0.7797619047619048 0.5188854489164086 0.7797619047619048 0.5244582043343653 0.7702380952380953 0.5294117647058824 0.7595238095238095 0.5343653250773994 0.7035714285714286 0.5343653250773994 0.6190476190476191 0.5213622291021672 0.6190476190476191 
24 0.49597523219814244 0.6190476190476191 0.4953560371517028 0.6226190476190476 0.4854489164086687 0.7154761904761905 0.4854489164086687 0.7773809523809524 0.48606811145510836 0.7797619047619048 0.4984520123839009 0.7797619047619048 0.4996904024767802 0.7785714285714286 0.5046439628482973 0.7607142857142857 0.5095975232198142 0.7226190476190476 0.5145510835913313 0.675 0.5145510835913313 0.6202380952380953 0.5139318885448917 0.6190476190476191 0.49597523219814244 0.6190476190476191 
25 0.47058823529411764 0.638095238095238 0.46563467492260063 0.7238095238095238 0.46563467492260063 0.7797619047619048 0.47987616099071206 0.7797619047619048 0.4848297213622291 0.7702380952380953 0.48978328173374613 0.7392857142857143 0.49473684210526314 0.7023809523809523 0.49473684210526314 0.638095238095238 0.47058823529411764 0.638095238095238 
26 0.45572755417956656 0.6285714285714286 0.45077399380804956 0.6571428571428571 0.4408668730650155 0.763095238095238 0.4408668730650155 0.7988095238095239 0.46439628482972134 0.7988095238095239 0.465015479876161 0.7976190476190477 0.469969040247678 0.7690476190476191 0.47987616099071206 0.6833333333333333 0.47987616099071206 0.6547619047619048 0.47492260061919506 0.6285714285714286 0.45572755417956656 0.6285714285714286 
27 0.4321981424148607 0.6285714285714286 0.4309597523219814 0.6297619047619047 0.426625386996904 0.638095238095238 0.4260061919504644 0.6428571428571429 0.4260061919504644 0.6845238095238095 0.4309597523219814 0.8023809523809524 0.43157894736842106 0.8083333333333333 0.43962848297213625 0.8083333333333333 0.4452012383900929 0.7892857142857143 0.4501547987616099 0.7607142857142857 0.4501547987616099 0.6297619047619047 0.44891640866873067 0.6285714285714286 0.4321981424148607 0.6285714285714286 
28 0.40743034055727556 0.638095238095238 0.40619195046439627 0.6392857142857142 0.40123839009287926 0.6476190476190476 0.39628482972136225 0.6571428571428571 0.39628482972136225 0.8154761904761905 0.40123839009287926 0.8369047619047619 0.4148606811145511 0.8369047619047619 0.4198142414860681 0.8273809523809523 0.42538699690402476 0.8083333333333333 0.43034055727554177 0.694047619047619 0.43034055727554177 0.6595238095238095 0.4247678018575851 0.638095238095238 0.40743034055727556 0.638095238095238 
29 0.3702786377708978 0.6476190476190476 0.36656346749226004 0.65 0.36656346749226004 0.825 0.3671826625386997 0.8273809523809523 0.38080495356037153 0.8273809523809523 0.3851393188854489 0.8178571428571428 0.3956656346749226 0.7511904761904762 0.4006191950464396 0.7035714285714286 0.4006191950464396 0.6476190476190476 0.3702786377708978 0.6476190476190476 
30 0.3269349845201238 0.6285714285714286 0.3170278637770898 0.65 0.30712074303405573 0.7452380952380953 0.30712074303405573 0.7880952380952381 0.31207430340557274 0.7988095238095239 0.33746130030959753 0.8178571428571428 0.3448916408668731 0.8178571428571428 0.3461300309597523 0.8166666666666667 0.3510835913312694 0.8083333333333333 0.3609907120743034 0.7702380952380953 0.37089783281733746 0.6904761904761905 0.37089783281733746 0.6571428571428571 0.36594427244582045 0.6297619047619047 0.3653250773993808 0.6285714285714286 0.3269349845201238 0.6285714285714286 
31 0.2773993808049536 0.6190476190476191 0.2724458204334365 0.6857142857142857 0.2724458204334365 0.7595238095238095 0.2873065015479876 0.7880952380952381 0.2885448916408669 0.7892857142857143 0.3015479876160991 0.7892857142857143 0.31145510835913315 0.7702380952380953 0.31640866873065016 0.7488095238095238 0.32136222910216716 0.6916666666666667 0.32136222910216716 0.6285714285714286 0.31640866873065016 0.6190476190476191 0.2773993808049536 0.6190476190476191 
32 0.23777089783281732 0.638095238095238 0.22786377708978328 0.6571428571428571 0.22291021671826625 0.6761904761904762 0.22291021671826625 0.7 0.22786377708978328 0.7321428571428571 0.23281733746130032 0.75 0.23777089783281732 0.7607142857142857 0.2643962848297214 0.7607142857142857 0.26625386996904027 0.7595238095238095 0.2718266253869969 0.7511904761904762 0.27678018575851393 0.7404761904761905 0.27678018575851393 0.6797619047619048 0.2761609907120743 0.6761904761904762 0.26687306501547986 0.6476190476190476 0.26191950464396285 0.6392857142857142 0.26006191950464397 0.638095238095238 0.23777089783281732 0.638095238095238 