2 0.29721362229102166 0.29523809523809524 0.29226006191950465 0.30714285714285716 0.2873065015479876 0.325 0.2724458204334365 0.4107142857142857 0.2724458204334365 0.45476190476190476 0.28297213622291023 0.475 0.3151702786377709 0.475 0.31640866873065016 0.4738095238095238 0.32136222910216716 0.37023809523809526 0.32136222910216716 0.3047619047619048 0.3157894736842105 0.29523809523809524 0.29721362229102166 0.29523809523809524 
3 0.3318885448916409 0.3142857142857143 0.3269349845201238 0.325 0.3219814241486068 0.34285714285714286 0.31207430340557274 0.41904761904761906 0.30712074303405573 0.46904761904761905 0.30712074303405573 0.4726190476190476 0.3126934984520124 0.49404761904761907 0.3560371517027864 0.49404761904761907 0.3560371517027864 0.33690476190476193 0.35541795665634673 0.3333333333333333 0.3510835913312694 0.31547619047619047 0.3498452012383901 0.3142857142857143 0.3318885448916409 0.3142857142857143 
4 0.36656346749226004 0.3333333333333333 0.36160990712074303 0.3523809523809524 0.356656346749226 0.38095238095238093 0.35170278637770896 0.4297619047619048 0.35170278637770896 0.4928571428571429 0.3523219814241486 0.49404761904761907 0.36656346749226004 0.513095238095238 0.37585139318885447 0.513095238095238 0.38080495356037153 0.5035714285714286 0.38575851393188854 0.4845238095238095 0.38575851393188854 0.45714285714285713 0.38080495356037153 0.3333333333333333 0.36656346749226004 0.3333333333333333 
5 0.3913312693498452 0.3142857142857143 0.38699690402476783 0.3238095238095238 0.3863777089783282 0.3261904761904762 0.3814241486068111 0.38095238095238093 0.3764705882352941 0.44761904761904764 0.3764705882352941 0.5107142857142857 0.37770897832817335 0.513095238095238 0.38204334365325077 0.5202380952380953 0.38390092879256965 0.5226190476190476 0.39442724458204337 0.5226190476190476 0.3956656346749226 0.5214285714285715 0.40990712074303404 0.5035714285714286 0.4105263157894737 0.5 0.4105263157894737 0.38333333333333336 0.4055727554179567 0.31666666666666665 0.40495356037151703 0.31547619047619047 0.4037151702786378 0.3142857142857143 0.3913312693498452 0.3142857142857143 
6 0.41671826625387 0.3047619047619048 0.41114551083591333 0.31547619047619047 0.40619195046439627 0.3619047619047619 0.40619195046439627 0.513095238095238 0.41114551083591333 0.5226190476190476 0.4235294117647059 0.5226190476190476 0.42538699690402476 0.5214285714285715 0.43034055727554177 0.513095238095238 0.43529411764705883 0.5023809523809524 0.44024767801857584 0.4642857142857143 0.44024767801857584 0.3523809523809524 0.43529411764705883 0.31547619047619047 0.43034055727554177 0.3047619047619048 0.41671826625387 0.3047619047619048 
7 0.44643962848297214 0.3333333333333333 0.4408668730650155 0.34285714285714286 0.4309597523219814 0.4595238095238095 0.4309597523219814 0.4988095238095238 0.43157894736842106 0.5035714285714286 0.4408668730650155 0.5214285714285715 0.44458204334365325 0.5226190476190476 0.4551083591331269 0.5226190476190476 0.460061919504644 0.5119047619047619 0.465015479876161 0.45595238095238094 0.465015479876161 0.39285714285714285 0.460061919504644 0.34285714285714286 0.4551083591331269 0.3333333333333333 0.44643962848297214 0.3333333333333333 
8 0.48111455108359136 0.3333333333333333 0.4761609907120743 0.34285714285714286 0.47554179566563465 0.34523809523809523 0.46563467492260063 0.39404761904761904 0.45572755417956656 0.44761904761904764 0.45572755417956656 0.5202380952380953 0.4563467492260062 0.5226190476190476 0.46068111455108357 0.530952380952381 0.46191950464396286 0.5321428571428571 0.48978328173374613 0.5321428571428571 0.49473684210526314 0.45476190476190476 0.49473684210526314 0.3523809523809524 0.4891640866873065 0.3333333333333333 0.48111455108359136 0.3333333333333333 
9 0.5065015479876162 0.3523809523809524 0.5052631578947369 0.3535714285714286 0.5052631578947369 0.3976190476190476 0.5102167182662539 0.5416666666666666 0.5386996904024768 0.5416666666666666 0.5492260061919505 0.530952380952381 0.5492260061919505 0.49523809523809526 0.5393188854489164 0.4 0.5343653250773994 0.38095238095238093 0.5294117647058824 0.3630952380952381 0.5244582043343653 0.3535714285714286 0.5232198142414861 0.3523809523809524 0.5065015479876162 0.3523809523809524 
10 0.5455108359133127 0.3523809523809524 0.5399380804953561 0.3619047619047619 0.5399380804953561 0.5369047619047619 0.5405572755417957 0.5416666666666666 0.5504643962848297 0.5511904761904762 0.5684210526315789 0.5511904761904762 0.5690402476780185 0.5488095238095239 0.5690402476780185 0.44761904761904764 0.5591331269349845 0.3523809523809524 0.5455108359133127 0.3523809523809524 
11 0.5752321981424149 0.3523809523809524 0.5746130030959752 0.3547619047619048 0.5696594427244582 0.4035714285714286 0.5647058823529412 0.46904761904761905 0.5647058823529412 0.530952380952381 0.5795665634674922 0.5607142857142857 0.5987616099071208 0.5607142857142857 0.5987616099071208 0.5047619047619047 0.5938080495356037 0.39166666666666666 0.5888544891640867 0.3619047619047619 0.5839009287925696 0.3523809523809524 0.5752321981424149 0.3523809523809524 
12 0.5993808049535604 0.3523809523809524 0.5944272445820433 0.3630952380952381 0.5894736842105263 0.4583333333333333 0.5894736842105263 0.5095238095238095 0.5944272445820433 0.5416666666666666 0.5993808049535604 0.5511904761904762 0.6229102167182663 0.5511904761904762 0.628482972136223 0.5416666666666666 0.628482972136223 0.5047619047619047 0.6185758513931888 0.39404761904761904 0.6136222910216719 0.36428571428571427 0.6130030959752322 0.3619047619047619 0.6086687306501548 0.3535714285714286 0.6074303405572755 0.3523809523809524 0.5993808049535604 0.3523809523809524 
13 0.6198142414860681 0.37142857142857144 0.6142414860681115 0.3821428571428571 0.6142414860681115 0.4738095238095238 0.6191950464396285 0.5416666666666666 0.6247678018575852 0.5511904761904762 0.648297213622291 0.5511904761904762 0.648297213622291 0.4666666666666667 0.643343653250774 0.4035714285714286 0.6427244582043343 0.4 0.638390092879257 0.38095238095238093 0.6328173374613003 0.37142857142857144 0.6198142414860681 0.37142857142857144 
14 0.6594427244582043 0.3619047619047619 0.6489164086687307 0.38095238095238093 0.6439628482972136 0.47619047619047616 0.6439628482972136 0.5416666666666666 0.6489164086687307 0.5511904761904762 0.6724458204334365 0.5511904761904762 0.6823529411764706 0.5416666666666666 0.6873065015479877 0.5321428571428571 0.6879256965944273 0.5273809523809524 0.6879256965944273 0.4773809523809524 0.6780185758513931 0.3821428571428571 0.6730650154798762 0.3630952380952381 0.6724458204334365 0.3619047619047619 0.6594427244582043 0.3619047619047619 
18 0.698452012383901 0.5523809523809524 0.6786377708978328 0.5714285714285714 0.6743034055727554 0.580952380952381 0.6736842105263158 0.5845238095238096 0.6736842105263158 0.6071428571428571 0.6786377708978328 0.6357142857142857 0.7034055727554179 0.7023809523809523 0.713312693498452 0.7226190476190476 0.7188854489164087 0.7321428571428571 0.7368421052631579 0.7321428571428571 0.7523219814241486 0.7130952380952381 0.7523219814241486 0.6761904761904762 0.7275541795665634 0.5714285714285714 0.7226006191950465 0.5523809523809524 0.698452012383901 0.5523809523809524 
19 0.6346749226006192 0.5714285714285714 0.6340557275541796 0.5726190476190476 0.6340557275541796 0.6357142857142857 0.6390092879256966 0.694047619047619 0.6439628482972136 0.7321428571428571 0.6489164086687307 0.75 0.6538699690402476 0.7607142857142857 0.6594427244582043 0.7702380952380953 0.6674922600619195 0.7702380952380953 0.6873065015479877 0.7511904761904762 0.6879256965944273 0.75 0.6879256965944273 0.6952380952380952 0.6829721362229102 0.5726190476190476 0.6823529411764706 0.5714285714285714 0.6346749226006192 0.5714285714285714 
20 0.6092879256965944 0.5714285714285714 0.6043343653250774 0.5821428571428572 0.6043343653250774 0.6464285714285715 0.6092879256965944 0.7023809523809523 0.6142414860681115 0.75 0.6191950464396285 0.7607142857142857 0.6260061919504644 0.7607142857142857 0.6272445820433437 0.7595238095238095 0.628482972136223 0.7571428571428571 0.6334365325077399 0.7214285714285714 0.638390092879257 0.6440476190476191 0.638390092879257 0.5904761904761905 0.628482972136223 0.5726190476190476 0.6260061919504644 0.5714285714285714 0.6092879256965944 0.5714285714285714 
21 0.5795665634674922 0.5714285714285714 0.5746130030959752 0.5904761904761905 0.5746130030959752 0.6928571428571428 0.5795665634674922 0.7404761904761905 0.5851393188854489 0.7511904761904762 0.5938080495356037 0.7511904761904762 0.5987616099071208 0.7321428571428571 0.6037151702786377 0.6845238095238095 0.6086687306501548 0.6273809523809524 0.6086687306501548 0.5916666666666667 0.6037151702786377 0.580952380952381 0.5938080495356037 0.5714285714285714 0.5795665634674922 0.5714285714285714 
22 0.5498452012383901 0.5523809523809524 0.5498452012383901 0.6440476190476191 0.5597523219814241 0.7321428571428571 0.5653250773993808 0.7416666666666667 0.5739938080495356 0.7416666666666667 0.5789473684210527 0.7023809523809523 0.5789473684210527 0.5630952380952381 0.578328173374613 0.5619047619047619 0.5690402476780185 0.5523809523809524 0.5498452012383901 0.5523809523809524 
23 0.530030959752322 0.5428571428571428 0.525077399380805 0.5535714285714286 0.525077399380805 0.7035714285714286 0.530030959752322 0.7404761904761905 0.5306501547987617 0.7416666666666667 0.541795665634675 0.7416666666666667 0.5436532507739938 0.7404761904761905 0.5442724458204334 0.7392857142857143 0.5492260061919505 0.7119047619047619 0.5541795665634675 0.6369047619047619 0.5541795665634675 0.5630952380952381 0.5442724458204334 0.5428571428571428 0.530030959752322 0.5428571428571428 
24 0.49597523219814244 0.5428571428571428 0.4953560371517028 0.5452380952380952 0.4953560371517028 0.5702380952380952 0.5003095975232198 0.6464285714285715 0.5052631578947369 0.694047619047619 0.5102167182662539 0.7107142857142857 0.5108359133126935 0.7119047619047619 0.5126934984520124 0.7130952380952381 0.5195046439628483 0.7130952380952381 0.5244582043343653 0.7011904761904761 0.5244582043343653 0.6702380952380952 0.5195046439628483 0.5523809523809524 0.5145510835913313 0.544047619047619 0.513312693498452 0.5428571428571428 0.49597523219814244 0.5428571428571428 
25 0.47554179566563465 0.5523809523809524 0.47554179566563465 0.5761904761904761 0.4804953560371517 0.6464285714285715 0.4854489164086687 0.6892857142857143 0.48606811145510836 0.694047619047619 0.4904024767801858 0.7130952380952381 0.4996904024767802 0.7130952380952381 0.5046439628482973 0.6845238095238095 0.5046439628482973 0.5833333333333334 0.4996904024767802 0.5523809523809524 0.47554179566563465 0.5523809523809524 
26 0.46191950464396286 0.5523809523809524 0.46068111455108357 0.5535714285714286 0.46068111455108357 0.6178571428571429 0.46563467492260063 0.6845238095238095 0.47058823529411764 0.7119047619047619 0.4761609907120743 0.7226190476190476 0.4804953560371517 0.7226190476190476 0.4842105263157895 0.7214285714285714 0.4848297213622291 0.719047619047619 0.4848297213622291 0.5714285714285714 0.47987616099071206 0.5535714285714286 0.4792569659442725 0.5523809523809524 0.46191950464396286 0.5523809523809524 
27 0.4458204334365325 0.5428571428571428 0.43653250773993807 0.5523809523809524 0.4359133126934985 0.555952380952381 0.4359133126934985 0.655952380952381 0.4408668730650155 0.7130952380952381 0.4458204334365325 0.7309523809523809 0.45077399380804956 0.7416666666666667 0.45572755417956656 0.7511904761904762 0.46253869969040246 0.7511904761904762 0.465015479876161 0.75 0.465015479876161 0.5642857142857143 0.46439628482972134 0.5619047619047619 0.4551083591331269 0.544047619047619 0.45325077399380803 0.5428571428571428 0.4458204334365325 0.5428571428571428 
28 0.42105263157894735 0.5428571428571428 0.41114551083591333 0.5523809523809524 0.4018575851393189 0.5619047619047619 0.40123839009287926 0.5630952380952381 0.40123839009287926 0.5892857142857143 0.40619195046439627 0.6642857142857143 0.41114551083591333 0.7309523809523809 0.41671826625387 0.7416666666666667 0.43034055727554177 0.7416666666666667 0.43529411764705883 0.7035714285714286 0.43529411764705883 0.5630952380952381 0.43034055727554177 0.5428571428571428 0.42105263157894735 0.5428571428571428 
29 0.37770897832817335 0.5523809523809524 0.3764705882352941 0.5535714285714286 0.3715170278637771 0.5619047619047619 0.3715170278637771 0.5988095238095238 0.3764705882352941 0.7035714285714286 0.3814241486068111 0.7226190476190476 0.3863777089783282 0.7321428571428571 0.39442724458204337 0.7321428571428571 0.3956656346749226 0.7309523809523809 0.4006191950464396 0.7214285714285714 0.4055727554179567 0.6452380952380953 0.4055727554179567 0.5523809523809524 0.37770897832817335 0.5523809523809524 
30 0.33746130030959753 0.5333333333333333 0.32755417956656346 0.5428571428571428 0.3269349845201238 0.544047619047619 0.3170278637770898 0.6761904761904762 0.3170278637770898 0.7130952380952381 0.3219814241486068 0.7226190476190476 0.34179566563467495 0.7416666666666667 0.3560371517027864 0.7416666666666667 0.36594427244582045 0.7035714285714286 0.37585139318885447 0.6154761904761905 0.38080495356037153 0.569047619047619 0.38080495356037153 0.5523809523809524 0.3702786377708978 0.5428571428571428 0.3461300309597523 0.5333333333333333 0.33746130030959753 0.5333333333333333 
31 0.2873065015479876 0.5142857142857142 0.2823529411764706 0.525 0.25758513931888544 0.6214285714285714 0.25758513931888544 0.655952380952381 0.2773993808049536 0.6845238095238095 0.30092879256965943 0.6845238095238095 0.3015479876160991 0.6833333333333333 0.3065015479876161 0.6714285714285714 0.33126934984520123 0.5880952380952381 0.33126934984520123 0.5369047619047619 0.3306501547987616 0.5333333333333333 0.3263157894736842 0.525 0.32507739938080493 0.5238095238095238 0.3058823529411765 0.5142857142857142 0.2873065015479876 0.5142857142857142 