4 0.3572755417956656 0.4666666666666667 0.356656346749226 0.46785714285714286 0.356656346749226 0.5511904761904762 0.36160990712074303 0.5607142857142857 0.3851393188854489 0.5607142857142857 0.4055727554179567 0.55 0.4055727554179567 0.4773809523809524 0.4 0.4666666666666667 0.3572755417956656 0.4666666666666667 
5 0.39690402476780184 0.3619047619047619 0.39628482972136225 0.36428571428571427 0.39628482972136225 0.4369047619047619 0.40123839009287926 0.5226190476190476 0.40619195046439627 0.5392857142857143 0.41114551083591333 0.5511904761904762 0.4346749226006192 0.5511904761904762 0.44024767801857584 0.5416666666666666 0.44024767801857584 0.4857142857142857 0.43529411764705883 0.45714285714285713 0.42538699690402476 0.4119047619047619 0.4247678018575851 0.4095238095238095 0.4105263157894737 0.3619047619047619 0.39690402476780184 0.3619047619047619 
6 0.42105263157894735 0.3238095238095238 0.42105263157894735 0.40714285714285714 0.4260061919504644 0.4654761904761905 0.4359133126934985 0.5119047619047619 0.4371517027863777 0.513095238095238 0.4501547987616099 0.513095238095238 0.4501547987616099 0.4119047619047619 0.4452012383900929 0.37142857142857144 0.44024767801857584 0.3357142857142857 0.43962848297213625 0.3333333333333333 0.4346749226006192 0.3238095238095238 0.42105263157894735 0.3238095238095238 
7 0.45572755417956656 0.3238095238095238 0.45077399380804956 0.38095238095238093 0.45077399380804956 0.5416666666666666 0.4693498452012384 0.5416666666666666 0.47492260061919506 0.5321428571428571 0.4786377708978328 0.5226190476190476 0.47987616099071206 0.5154761904761904 0.47987616099071206 0.4666666666666667 0.469969040247678 0.3345238095238095 0.46439628482972134 0.3238095238095238 0.45572755417956656 0.3238095238095238 
8 0.48606811145510836 0.3142857142857143 0.4804953560371517 0.325 0.47554179566563465 0.3619047619047619 0.4712074303405573 0.4666666666666667 0.47058823529411764 0.5142857142857142 0.47058823529411764 0.5321428571428571 0.47554179566563465 0.5416666666666666 0.4996904024767802 0.5416666666666666 0.5046439628482973 0.530952380952381 0.5046439628482973 0.41309523809523807 0.4996904024767802 0.34404761904761905 0.49473684210526314 0.31547619047619047 0.4934984520123839 0.3142857142857143 0.48606811145510836 0.3142857142857143 
9 0.5009287925696595 0.3238095238095238 0.5003095975232198 0.325 0.5003095975232198 0.49166666666666664 0.5052631578947369 0.5416666666666666 0.5337461300309597 0.5416666666666666 0.5343653250773994 0.5404761904761904 0.5343653250773994 0.4857142857142857 0.5294117647058824 0.4107142857142857 0.5195046439628483 0.3333333333333333 0.5145510835913313 0.3238095238095238 0.5009287925696595 0.3238095238095238 
10 0.5312693498452012 0.34285714285714286 0.530030959752322 0.34404761904761905 0.530030959752322 0.513095238095238 0.534984520123839 0.5226190476190476 0.5541795665634675 0.5226190476190476 0.5541795665634675 0.42857142857142855 0.5492260061919505 0.37142857142857144 0.5442724458204334 0.34285714285714286 0.5312693498452012 0.34285714285714286 
11 0.5609907120743034 0.29523809523809524 0.5597523219814241 0.2976190476190476 0.5498452012383901 0.4988095238095238 0.5498452012383901 0.5119047619047619 0.5597523219814241 0.5416666666666666 0.5653250773993808 0.5511904761904762 0.5826625386996904 0.5511904761904762 0.5839009287925696 0.5488095238095239 0.5839009287925696 0.4119047619047619 0.5789473684210527 0.3380952380952381 0.578328173374613 0.3333333333333333 0.5739938080495356 0.3047619047619048 0.5690402476780185 0.29642857142857143 0.5671826625386996 0.29523809523809524 0.5609907120743034 0.29523809523809524 
12 0.5845201238390093 0.3619047619047619 0.5795665634674922 0.42857142857142855 0.5795665634674922 0.5416666666666666 0.5845201238390093 0.5595238095238095 0.5851393188854489 0.5607142857142857 0.6080495356037152 0.5607142857142857 0.6136222910216719 0.5511904761904762 0.6136222910216719 0.4785714285714286 0.6080495356037152 0.41904761904761906 0.6037151702786377 0.39166666666666666 0.5987616099071208 0.36428571428571427 0.5981424148606811 0.3619047619047619 0.5845201238390093 0.3619047619047619 
13 0.6191950464396285 0.47619047619047616 0.6092879256965944 0.49523809523809526 0.6092879256965944 0.55 0.6142414860681115 0.5607142857142857 0.6328173374613003 0.5607142857142857 0.638390092879257 0.55 0.638390092879257 0.4773809523809524 0.6377708978328174 0.47619047619047616 0.6191950464396285 0.47619047619047616 
14 0.6396284829721363 0.4666666666666667 0.6390092879256966 0.46785714285714286 0.6340557275541796 0.4785714285714286 0.6340557275541796 0.55 0.6390092879256966 0.5595238095238095 0.6402476780185758 0.5607142857142857 0.6681114551083591 0.5607142857142857 0.6681114551083591 0.49523809523809526 0.6582043343653251 0.47619047619047616 0.6526315789473685 0.4666666666666667 0.6396284829721363 0.4666666666666667 
15 0.6947368421052632 0.37142857142857144 0.6736842105263158 0.3904761904761905 0.6637770897832818 0.4095238095238095 0.6588235294117647 0.4297619047619048 0.6588235294117647 0.5 0.6637770897832818 0.5511904761904762 0.6743034055727554 0.5607142857142857 0.7126934984520124 0.5607142857142857 0.7170278637770898 0.5416666666666666 0.7176470588235294 0.5321428571428571 0.7176470588235294 0.39166666666666666 0.7126934984520124 0.3738095238095238 0.7120743034055728 0.3726190476190476 0.7102167182662539 0.37142857142857144 0.6947368421052632 0.37142857142857144 
22 0.5461300309597523 0.5619047619047619 0.544891640866873 0.5630952380952381 0.5399380804953561 0.5714285714285714 0.534984520123839 0.6202380952380953 0.534984520123839 0.7511904761904762 0.5492260061919505 0.7511904761904762 0.5541795665634675 0.7309523809523809 0.5690402476780185 0.6166666666666667 0.5690402476780185 0.5619047619047619 0.5461300309597523 0.5619047619047619 
23 0.5201238390092879 0.5523809523809524 0.5201238390092879 0.7226190476190476 0.5238390092879257 0.7226190476190476 0.5294117647058824 0.7130952380952381 0.5343653250773994 0.6916666666666667 0.5442724458204334 0.6178571428571429 0.5442724458204334 0.5535714285714286 0.5430340557275541 0.5523809523809524 0.5201238390092879 0.5523809523809524 
24 0.5058823529411764 0.5428571428571428 0.5003095975232198 0.5535714285714286 0.5003095975232198 0.5678571428571428 0.5052631578947369 0.7035714285714286 0.5195046439628483 0.7035714285714286 0.5244582043343653 0.6619047619047619 0.5244582043343653 0.544047619047619 0.5238390092879257 0.5428571428571428 0.5058823529411764 0.5428571428571428 
25 0.48606811145510836 0.5523809523809524 0.4854489164086687 0.5535714285714286 0.4854489164086687 0.6273809523809524 0.4904024767801858 0.675 0.4953560371517028 0.694047619047619 0.5040247678018576 0.694047619047619 0.5046439628482973 0.6928571428571428 0.5046439628482973 0.5547619047619048 0.503405572755418 0.5523809523809524 0.48606811145510836 0.5523809523809524 
26 0.4662538699690402 0.5523809523809524 0.46563467492260063 0.555952380952381 0.46563467492260063 0.5988095238095238 0.47058823529411764 0.6654761904761904 0.47554179566563465 0.694047619047619 0.4804953560371517 0.7119047619047619 0.48173374613003095 0.7130952380952381 0.49411764705882355 0.7130952380952381 0.49473684210526314 0.7119047619047619 0.49473684210526314 0.6285714285714286 0.48978328173374613 0.5535714285714286 0.4891640866873065 0.5523809523809524 0.4662538699690402 0.5523809523809524 
27 0.44643962848297214 0.5523809523809524 0.44148606811145513 0.5619047619047619 0.4408668730650155 0.5654761904761905 0.4408668730650155 0.6047619047619047 0.45572755417956656 0.7321428571428571 0.4631578947368421 0.7607142857142857 0.4743034055727554 0.7607142857142857 0.47492260061919506 0.7595238095238095 0.47492260061919506 0.6190476190476191 0.469969040247678 0.5523809523809524 0.44643962848297214 0.5523809523809524 
28 0.4068111455108359 0.5619047619047619 0.40619195046439627 0.5642857142857143 0.40123839009287926 0.6964285714285714 0.40123839009287926 0.7511904761904762 0.4136222910216718 0.7511904761904762 0.4154798761609907 0.7488095238095238 0.4198142414860681 0.7416666666666667 0.42538699690402476 0.7321428571428571 0.43034055727554177 0.7130952380952381 0.4452012383900929 0.6083333333333333 0.4452012383900929 0.5726190476190476 0.43962848297213625 0.5619047619047619 0.4068111455108359 0.5619047619047619 