4 0.356656346749226 0.37142857142857144 0.35170278637770896 0.3821428571428571 0.35170278637770896 0.5702380952380952 0.37585139318885447 0.5702380952380952 0.38575851393188854 0.5511904761904762 0.3907120743034056 0.530952380952381 0.3907120743034056 0.4869047619047619 0.38575851393188854 0.42857142857142855 0.3801857585139319 0.4 0.37089783281733746 0.3726190476190476 0.3702786377708978 0.37142857142857144 0.356656346749226 0.37142857142857144 
5 0.38823529411764707 0.3523809523809524 0.3863777089783282 0.3535714285714286 0.3814241486068111 0.42857142857142855 0.3764705882352941 0.5452380952380952 0.3764705882352941 0.5702380952380952 0.38328173374613 0.5797619047619048 0.39442724458204337 0.5797619047619048 0.40990712074303404 0.5702380952380952 0.42043343653250775 0.5511904761904762 0.42043343653250775 0.5333333333333333 0.4154798761609907 0.4666666666666667 0.4105263157894737 0.42023809523809524 0.4055727554179567 0.3904761904761905 0.4006191950464396 0.3630952380952381 0.39504643962848296 0.3523809523809524 0.38823529411764707 0.3523809523809524 
6 0.40123839009287926 0.3333333333333333 0.40123839009287926 0.3964285714285714 0.41609907120743034 0.5607142857142857 0.4346749226006192 0.5607142857142857 0.4452012383900929 0.5511904761904762 0.4501547987616099 0.5416666666666666 0.4501547987616099 0.4857142857142857 0.43034055727554177 0.38095238095238093 0.42538699690402476 0.3619047619047619 0.42043343653250775 0.34404761904761905 0.4154798761609907 0.3333333333333333 0.40123839009287926 0.3333333333333333 
7 0.4458204334365325 0.38095238095238093 0.4458204334365325 0.5035714285714286 0.44643962848297214 0.513095238095238 0.45077399380804956 0.5416666666666666 0.45572755417956656 0.5511904761904762 0.47678018575851394 0.5511904761904762 0.47987616099071206 0.55 0.4848297213622291 0.5416666666666666 0.4848297213622291 0.4857142857142857 0.47492260061919506 0.4297619047619048 0.469969040247678 0.4107142857142857 0.46439628482972134 0.3904761904761905 0.460061919504644 0.3821428571428571 0.4582043343653251 0.38095238095238093 0.4458204334365325 0.38095238095238093 
8 0.47678018575851394 0.37142857142857144 0.47554179566563465 0.3726190476190476 0.47554179566563465 0.49404761904761907 0.4804953560371517 0.5488095238095239 0.48173374613003095 0.55 0.4848297213622291 0.5511904761904762 0.5095975232198142 0.5511904761904762 0.5095975232198142 0.4785714285714286 0.49473684210526314 0.39166666666666666 0.4891640866873065 0.37142857142857144 0.47678018575851394 0.37142857142857144 
9 0.525077399380805 0.3523809523809524 0.5207430340557275 0.3619047619047619 0.5151702786377709 0.38095238095238093 0.5102167182662539 0.4357142857142857 0.5052631578947369 0.5047619047619047 0.5052631578947369 0.530952380952381 0.5102167182662539 0.55 0.5108359133126935 0.5511904761904762 0.525077399380805 0.5607142857142857 0.541795665634675 0.5607142857142857 0.5442724458204334 0.5595238095238095 0.5492260061919505 0.5511904761904762 0.5492260061919505 0.5142857142857142 0.5393188854489164 0.3619047619047619 0.5337461300309597 0.3523809523809524 0.525077399380805 0.3523809523809524 
10 0.5504643962848297 0.3523809523809524 0.544891640866873 0.3726190476190476 0.5399380804953561 0.4869047619047619 0.5399380804953561 0.5214285714285715 0.544891640866873 0.55 0.5504643962848297 0.5607142857142857 0.5739938080495356 0.5607142857142857 0.5789473684210527 0.55 0.5789473684210527 0.49642857142857144 0.5640866873065016 0.3547619047619048 0.5628482972136223 0.3523809523809524 0.5504643962848297 0.3523809523809524 
11 0.5907120743034056 0.3523809523809524 0.5894736842105263 0.3535714285714286 0.5845201238390093 0.3619047619047619 0.5795665634674922 0.38095238095238093 0.5795665634674922 0.5595238095238095 0.5894736842105263 0.5797619047619048 0.6074303405572755 0.5797619047619048 0.6086687306501548 0.5785714285714286 0.6086687306501548 0.42142857142857143 0.6037151702786377 0.3630952380952381 0.5987616099071208 0.3523809523809524 0.5907120743034056 0.3523809523809524 
13 0.6390092879256966 0.3523809523809524 0.6340557275541796 0.3619047619047619 0.6291021671826625 0.4 0.6241486068111455 0.5047619047619047 0.6241486068111455 0.5404761904761904 0.6291021671826625 0.5583333333333333 0.6297213622291021 0.5595238095238095 0.6390092879256966 0.569047619047619 0.6414860681114551 0.5702380952380952 0.6526315789473685 0.5702380952380952 0.6582043343653251 0.5607142857142857 0.6625386996904025 0.5511904761904762 0.6631578947368421 0.5488095238095239 0.6631578947368421 0.5166666666666667 0.653250773993808 0.3738095238095238 0.648297213622291 0.3535714285714286 0.6470588235294118 0.3523809523809524 0.6390092879256966 0.3523809523809524 
22 0.5702786377708978 0.5428571428571428 0.5547987616099072 0.5535714285714286 0.5547987616099072 0.6357142857142857 0.5647058823529412 0.7404761904761905 0.5696594427244582 0.7678571428571429 0.5746130030959752 0.7797619047619048 0.5876160990712074 0.7797619047619048 0.5888544891640867 0.7785714285714286 0.5938080495356037 0.7583333333333333 0.5938080495356037 0.6678571428571428 0.5888544891640867 0.5547619047619048 0.5876160990712074 0.5523809523809524 0.578328173374613 0.5428571428571428 0.5702786377708978 0.5428571428571428 
23 0.5411764705882353 0.5428571428571428 0.525077399380805 0.5523809523809524 0.525077399380805 0.6166666666666667 0.530030959752322 0.6654761904761904 0.534984520123839 0.6845238095238095 0.5405572755417957 0.7035714285714286 0.544891640866873 0.7130952380952381 0.5498452012383901 0.7166666666666667 0.5541795665634675 0.7166666666666667 0.5585139318885449 0.7130952380952381 0.5591331269349845 0.7119047619047619 0.5591331269349845 0.5726190476190476 0.5535603715170279 0.5523809523809524 0.5492260061919505 0.5428571428571428 0.5411764705882353 0.5428571428571428 
24 0.5065015479876162 0.5523809523809524 0.5052631578947369 0.5535714285714286 0.5003095975232198 0.5619047619047619 0.5003095975232198 0.5976190476190476 0.5052631578947369 0.6452380952380953 0.5102167182662539 0.6821428571428572 0.5151702786377709 0.694047619047619 0.5201238390092879 0.7035714285714286 0.5318885448916408 0.7035714285714286 0.5343653250773994 0.7023809523809523 0.5343653250773994 0.6416666666666667 0.5294117647058824 0.5821428571428572 0.5244582043343653 0.5523809523809524 0.5065015479876162 0.5523809523809524 
25 0.4804953560371517 0.5619047619047619 0.4804953560371517 0.5988095238095238 0.4854489164086687 0.6654761904761904 0.4904024767801858 0.694047619047619 0.4953560371517028 0.7119047619047619 0.49597523219814244 0.7130952380952381 0.508359133126935 0.7130952380952381 0.5095975232198142 0.7119047619047619 0.5095975232198142 0.5928571428571429 0.5046439628482973 0.5630952380952381 0.5040247678018576 0.5619047619047619 0.4804953560371517 0.5619047619047619 
27 0.45572755417956656 0.6285714285714286 0.4260061919504644 0.638095238095238 0.4260061919504644 0.7607142857142857 0.4309597523219814 0.7785714285714286 0.43157894736842106 0.7797619047619048 0.4551083591331269 0.7797619047619048 0.460061919504644 0.7690476190476191 0.465015479876161 0.7511904761904762 0.465015479876161 0.6321428571428571 0.460061919504644 0.6285714285714286 0.45572755417956656 0.6285714285714286 