1 0.2823529411764706 0.3619047619047619 0.2724458204334365 0.38095238095238093 0.2724458204334365 0.4166666666666667 0.2773993808049536 0.42738095238095236 0.2823529411764706 0.4369047619047619 0.28792569659442724 0.4452380952380952 0.2891640866873065 0.44642857142857145 0.3108359133126935 0.44642857142857145 0.31145510835913315 0.444047619047619 0.31640866873065016 0.42023809523809524 0.31640866873065016 0.4035714285714286 0.3157894736842105 0.4 0.3015479876160991 0.3630952380952381 0.30092879256965943 0.3619047619047619 0.2823529411764706 0.3619047619047619 
2 0.3176470588235294 0.38095238095238093 0.31207430340557274 0.3904761904761905 0.29721362229102166 0.47023809523809523 0.29721362229102166 0.5202380952380953 0.2978328173374613 0.5226190476190476 0.3027863777089783 0.5321428571428571 0.3170278637770898 0.5511904761904762 0.33622291021671824 0.5511904761904762 0.3411764705882353 0.5392857142857143 0.3461300309597523 0.4928571428571429 0.3461300309597523 0.4035714285714286 0.3455108359133127 0.4 0.3411764705882353 0.3904761904761905 0.33622291021671824 0.3821428571428571 0.33436532507739936 0.38095238095238093 0.3176470588235294 0.38095238095238093 
3 0.3585139318885449 0.42023809523809524 0.3523219814241486 0.42857142857142855 0.34179566563467495 0.4488095238095238 0.3368421052631579 0.4869047619047619 0.3318885448916409 0.5345238095238095 0.3318885448916409 0.5880952380952381 0.33250773993808047 0.5892857142857143 0.3368421052631579 0.5964285714285714 0.3393188854489164 0.5988095238095238 0.37585139318885447 0.5988095238095238 0.37585139318885447 0.4583333333333333 0.37089783281733746 0.4380952380952381 0.36594427244582045 0.42857142857142855 0.3609907120743034 0.42023809523809524 0.3585139318885449 0.42023809523809524 
4 0.3764705882352941 0.4095238095238095 0.3764705882352941 0.5988095238095238 0.38699690402476783 0.6083333333333333 0.4006191950464396 0.6083333333333333 0.40990712074303404 0.5892857142857143 0.4105263157894737 0.5869047619047619 0.4105263157894737 0.5523809523809524 0.4055727554179567 0.5142857142857142 0.3956656346749226 0.45 0.3907120743034056 0.42023809523809524 0.3851393188854489 0.4095238095238095 0.3764705882352941 0.4095238095238095 
5 0.39690402476780184 0.4 0.39195046439628484 0.4095238095238095 0.3913312693498452 0.4119047619047619 0.3913312693498452 0.4738095238095238 0.40123839009287926 0.5892857142857143 0.41114551083591333 0.6083333333333333 0.42043343653250775 0.6083333333333333 0.43034055727554177 0.5988095238095238 0.43529411764705883 0.5797619047619048 0.43529411764705883 0.5166666666666667 0.4105263157894737 0.4095238095238095 0.40495356037151703 0.4011904761904762 0.40123839009287926 0.4 0.39690402476780184 0.4 
6 0.4117647058823529 0.3619047619047619 0.41114551083591333 0.3630952380952381 0.41114551083591333 0.4642857142857143 0.4260061919504644 0.5761904761904761 0.426625386996904 0.5797619047619048 0.4390092879256966 0.5797619047619048 0.44024767801857584 0.5785714285714286 0.4501547987616099 0.55 0.4501547987616099 0.5333333333333333 0.4452012383900929 0.4666666666666667 0.44024767801857584 0.4380952380952381 0.42538699690402476 0.3738095238095238 0.4247678018575851 0.37142857142857144 0.42043343653250775 0.3619047619047619 0.4117647058823529 0.3619047619047619 
7 0.44148606811145513 0.4 0.4408668730650155 0.4011904761904762 0.4408668730650155 0.5321428571428571 0.4458204334365325 0.5976190476190476 0.4470588235294118 0.5988095238095238 0.465015479876161 0.5988095238095238 0.4693498452012384 0.5892857142857143 0.469969040247678 0.5869047619047619 0.469969040247678 0.49523809523809526 0.4551083591331269 0.4011904761904762 0.4538699690402477 0.4 0.44148606811145513 0.4 
8 0.4662538699690402 0.37142857142857144 0.46068111455108357 0.3821428571428571 0.46068111455108357 0.45595238095238094 0.46563467492260063 0.5880952380952381 0.47058823529411764 0.6071428571428571 0.4712074303405573 0.6083333333333333 0.4792569659442725 0.6083333333333333 0.4996904024767802 0.5988095238095238 0.4996904024767802 0.5452380952380952 0.49473684210526314 0.4869047619047619 0.48978328173374613 0.44047619047619047 0.4848297213622291 0.4107142857142857 0.47492260061919506 0.3726190476190476 0.47368421052631576 0.37142857142857144 0.4662538699690402 0.37142857142857144 
9 0.5052631578947369 0.38095238095238093 0.5003095975232198 0.3904761904761905 0.4953560371517028 0.4023809523809524 0.4904024767801858 0.5369047619047619 0.4904024767801858 0.5511904761904762 0.4953560371517028 0.6047619047619047 0.49597523219814244 0.6071428571428571 0.4972136222910217 0.6083333333333333 0.5238390092879257 0.6083333333333333 0.5244582043343653 0.6059523809523809 0.5244582043343653 0.49523809523809526 0.5195046439628483 0.41904761904761906 0.5145510835913313 0.3904761904761905 0.5095975232198142 0.38095238095238093 0.5052631578947369 0.38095238095238093 
10 0.534984520123839 0.38095238095238093 0.530030959752322 0.39166666666666666 0.525077399380805 0.4095238095238095 0.5201238390092879 0.46190476190476193 0.5201238390092879 0.5797619047619048 0.525077399380805 0.5892857142857143 0.5492260061919505 0.5892857142857143 0.5492260061919505 0.43452380952380953 0.5442724458204334 0.38095238095238093 0.534984520123839 0.38095238095238093 
11 0.5647058823529412 0.3523809523809524 0.5597523219814241 0.3619047619047619 0.5547987616099072 0.3904761904761905 0.5504643962848297 0.41904761904761906 0.544891640866873 0.4583333333333333 0.544891640866873 0.5511904761904762 0.5547987616099072 0.5880952380952381 0.5554179566563467 0.5892857142857143 0.5659442724458205 0.5988095238095238 0.5684210526315789 0.5988095238095238 0.5789473684210527 0.5892857142857143 0.5789473684210527 0.4297619047619048 0.5739938080495356 0.3535714285714286 0.5727554179566563 0.3523809523809524 0.5647058823529412 0.3523809523809524 
12 0.5851393188854489 0.4 0.5746130030959752 0.41904761904761906 0.5696594427244582 0.580952380952381 0.5696594427244582 0.6071428571428571 0.5702786377708978 0.6083333333333333 0.5931888544891641 0.6083333333333333 0.5938080495356037 0.6059523809523809 0.5987616099071208 0.5797619047619048 0.6037151702786377 0.5416666666666666 0.6037151702786377 0.4 0.5851393188854489 0.4 
13 0.6061919504643963 0.4095238095238095 0.604953560371517 0.4107142857142857 0.5993808049535604 0.41904761904761906 0.5894736842105263 0.5726190476190476 0.5894736842105263 0.5976190476190476 0.595046439628483 0.6083333333333333 0.6235294117647059 0.6083333333333333 0.628482972136223 0.5988095238095238 0.628482972136223 0.45714285714285713 0.6235294117647059 0.42857142857142855 0.6185758513931888 0.4095238095238095 0.6061919504643963 0.4095238095238095 
14 0.6291021671826625 0.38095238095238093 0.6241486068111455 0.4523809523809524 0.6241486068111455 0.5892857142857143 0.6340557275541796 0.6071428571428571 0.6359133126934985 0.6083333333333333 0.643343653250774 0.6083333333333333 0.6724458204334365 0.5892857142857143 0.6780185758513931 0.5785714285714286 0.6780185758513931 0.5333333333333333 0.6681114551083591 0.44761904761904764 0.6631578947368421 0.41904761904761906 0.638390092879257 0.3821428571428571 0.6371517027863777 0.38095238095238093 0.6291021671826625 0.38095238095238093 
15 0.6743034055727554 0.3619047619047619 0.6594427244582043 0.37142857142857144 0.6588235294117647 0.3726190476190476 0.6588235294117647 0.45595238095238094 0.6637770897832818 0.5 0.6643962848297214 0.5035714285714286 0.6687306501547987 0.5226190476190476 0.6743034055727554 0.530952380952381 0.6755417956656347 0.5321428571428571 0.6959752321981424 0.5321428571428571 0.6972136222910217 0.530952380952381 0.7027863777089783 0.5226190476190476 0.7176470588235294 0.5 0.7176470588235294 0.4583333333333333 0.6978328173374613 0.3904761904761905 0.6922600619195046 0.3726190476190476 0.6873065015479877 0.3630952380952381 0.6854489164086688 0.3619047619047619 0.6743034055727554 0.3619047619047619 
16 0.7232198142414861 0.34285714285714286 0.7102167182662539 0.3523809523809524 0.7089783281733746 0.3535714285714286 0.6891640866873066 0.38095238095238093 0.6885448916408669 0.3821428571428571 0.6885448916408669 0.3976190476190476 0.6934984520123839 0.42738095238095236 0.698452012383901 0.44642857142857145 0.7226006191950465 0.44642857142857145 0.7275541795665634 0.44285714285714284 0.7318885448916409 0.4369047619047619 0.7424148606811145 0.4083333333333333 0.7424148606811145 0.3619047619047619 0.7374613003095976 0.3523809523809524 0.7318885448916409 0.34285714285714286 0.7232198142414861 0.34285714285714286 
17 0.7318885448916409 0.5714285714285714 0.7281733746130031 0.5726190476190476 0.7151702786377709 0.580952380952381 0.7040247678018576 0.5904761904761905 0.698452012383901 0.6011904761904762 0.698452012383901 0.6273809523809524 0.7034055727554179 0.675 0.7411764705882353 0.675 0.7424148606811145 0.6738095238095239 0.7473684210526316 0.6654761904761904 0.7473684210526316 0.5916666666666667 0.7424148606811145 0.580952380952381 0.7374613003095976 0.5726190476190476 0.7362229102167183 0.5714285714285714 0.7318885448916409 0.5714285714285714 
18 0.6687306501547987 0.5904761904761905 0.6495356037151703 0.6 0.6445820433436532 0.6095238095238096 0.6439628482972136 0.6142857142857143 0.6439628482972136 0.6547619047619048 0.6736842105263158 0.7321428571428571 0.6835913312693499 0.7511904761904762 0.6972136222910217 0.7511904761904762 0.7170278637770898 0.7416666666666667 0.7176470588235294 0.7404761904761905 0.7176470588235294 0.7071428571428572 0.7077399380804954 0.6202380952380953 0.7027863777089783 0.6 0.6978328173374613 0.5904761904761905 0.6687306501547987 0.5904761904761905 
19 0.5944272445820433 0.6 0.5894736842105263 0.6107142857142858 0.5894736842105263 0.6464285714285715 0.6 0.7416666666666667 0.604953560371517 0.7702380952380953 0.6142414860681115 0.7892857142857143 0.6198142414860681 0.7988095238095239 0.6625386996904025 0.7988095238095239 0.6631578947368421 0.7976190476190477 0.6631578947368421 0.705952380952381 0.653250773993808 0.6095238095238096 0.6278637770897832 0.6 0.5944272445820433 0.6 
20 0.5702786377708978 0.6190476190476191 0.5547987616099072 0.6285714285714286 0.5547987616099072 0.6630952380952381 0.5944272445820433 0.8178571428571428 0.6030959752321982 0.8178571428571428 0.6086687306501548 0.8071428571428572 0.6086687306501548 0.7440476190476191 0.6037151702786377 0.6702380952380952 0.5987616099071208 0.638095238095238 0.5938080495356037 0.6190476190476191 0.5702786377708978 0.6190476190476191 
21 0.5498452012383901 0.6571428571428571 0.544891640866873 0.6666666666666666 0.544891640866873 0.694047619047619 0.5498452012383901 0.7702380952380953 0.5547987616099072 0.8071428571428572 0.5597523219814241 0.8273809523809523 0.5739938080495356 0.8273809523809523 0.5839009287925696 0.8083333333333333 0.5888544891640867 0.7702380952380953 0.5888544891640867 0.7440476190476191 0.5739938080495356 0.6773809523809524 0.5640866873065016 0.6571428571428571 0.5498452012383901 0.6571428571428571 
22 0.5399380804953561 0.6095238095238096 0.5306501547987617 0.6190476190476191 0.530030959752322 0.6214285714285714 0.5256965944272446 0.6476190476190476 0.525077399380805 0.6523809523809524 0.5201238390092879 0.6964285714285714 0.5201238390092879 0.8345238095238096 0.5207430340557275 0.8369047619047619 0.5386996904024768 0.8369047619047619 0.5393188854489164 0.8357142857142857 0.5442724458204334 0.8178571428571428 0.5492260061919505 0.7880952380952381 0.5541795665634675 0.7309523809523809 0.5591331269349845 0.6642857142857143 0.5591331269349845 0.6333333333333333 0.5585139318885449 0.6285714285714286 0.5492260061919505 0.6095238095238096 0.5399380804953561 0.6095238095238096 
23 0.5102167182662539 0.6095238095238096 0.5052631578947369 0.7238095238095238 0.5052631578947369 0.7773809523809524 0.5058823529411764 0.7797619047619048 0.5102167182662539 0.7880952380952381 0.5120743034055728 0.7892857142857143 0.5139318885448917 0.7892857142857143 0.5145510835913313 0.7880952380952381 0.5244582043343653 0.7488095238095238 0.5294117647058824 0.7226190476190476 0.5343653250773994 0.6535714285714286 0.5343653250773994 0.6107142857142858 0.5331269349845201 0.6095238095238096 0.5102167182662539 0.6095238095238096 
24 0.5003095975232198 0.6095238095238096 0.4953560371517028 0.6190476190476191 0.4904024767801858 0.6595238095238095 0.4904024767801858 0.7892857142857143 0.5046439628482973 0.7892857142857143 0.5089783281733746 0.7607142857142857 0.5095975232198142 0.7547619047619047 0.5145510835913313 0.7023809523809523 0.5145510835913313 0.6107142857142858 0.5139318885448917 0.6095238095238096 0.5003095975232198 0.6095238095238096 
25 0.4773993808049536 0.6190476190476191 0.47554179566563465 0.6202380952380953 0.47554179566563465 0.6273809523809524 0.4804953560371517 0.7797619047619048 0.4885448916408669 0.7797619047619048 0.48978328173374613 0.7785714285714286 0.49473684210526314 0.7309523809523809 0.4996904024767802 0.6654761904761904 0.4996904024767802 0.6190476190476191 0.4773993808049536 0.6190476190476191 
26 0.46563467492260063 0.6095238095238096 0.46068111455108357 0.6202380952380953 0.46068111455108357 0.6928571428571428 0.46563467492260063 0.7988095238095239 0.47492260061919506 0.7988095238095239 0.4792569659442725 0.7880952380952381 0.47987616099071206 0.7857142857142857 0.4848297213622291 0.7488095238095238 0.4848297213622291 0.6202380952380953 0.47987616099071206 0.6095238095238096 0.46563467492260063 0.6095238095238096 
27 0.4476780185758514 0.6095238095238096 0.4458204334365325 0.6107142857142858 0.4408668730650155 0.6190476190476191 0.4359133126934985 0.6964285714285714 0.4359133126934985 0.7321428571428571 0.4408668730650155 0.805952380952381 0.4458204334365325 0.825 0.4470588235294118 0.8273809523809523 0.4551083591331269 0.8273809523809523 0.465015479876161 0.7583333333333333 0.465015479876161 0.6190476190476191 0.460061919504644 0.6095238095238096 0.4476780185758514 0.6095238095238096 
28 0.421671826625387 0.6285714285714286 0.41609907120743034 0.638095238095238 0.41114551083591333 0.6666666666666666 0.41114551083591333 0.7309523809523809 0.41609907120743034 0.7892857142857143 0.4260061919504644 0.8083333333333333 0.4297213622291022 0.8083333333333333 0.43034055727554177 0.8071428571428572 0.43529411764705883 0.7892857142857143 0.44024767801857584 0.75 0.4452012383900929 0.7011904761904761 0.4452012383900929 0.6476190476190476 0.43529411764705883 0.6285714285714286 0.421671826625387 0.6285714285714286 
29 0.40928792569659445 0.6190476190476191 0.40123839009287926 0.6202380952380953 0.3913312693498452 0.6285714285714286 0.3863777089783282 0.638095238095238 0.3863777089783282 0.7988095238095239 0.3913312693498452 0.8083333333333333 0.4 0.8083333333333333 0.4055727554179567 0.7988095238095239 0.4105263157894737 0.7607142857142857 0.42043343653250775 0.6726190476190477 0.42043343653250775 0.6392857142857142 0.4154798761609907 0.6285714285714286 0.4105263157894737 0.6190476190476191 0.40928792569659445 0.6190476190476191 
30 0.34674922600619196 0.6095238095238096 0.34179566563467495 0.6238095238095238 0.3318885448916409 0.7333333333333333 0.3318885448916409 0.7892857142857143 0.33746130030959753 0.7988095238095239 0.3702786377708978 0.7988095238095239 0.37585139318885447 0.7892857142857143 0.3801857585139319 0.7702380952380953 0.38080495356037153 0.7666666666666667 0.3956656346749226 0.6464285714285715 0.3956656346749226 0.6297619047619047 0.3907120743034056 0.6202380952380953 0.37089783281733746 0.6095238095238096 0.34674922600619196 0.6095238095238096 
31 0.3027863777089783 0.5904761904761905 0.29226006191950465 0.6095238095238096 0.29226006191950465 0.7321428571428571 0.29721362229102166 0.7511904761904762 0.31207430340557274 0.7607142857142857 0.32074303405572757 0.7607142857142857 0.33126934984520123 0.7416666666666667 0.3461300309597523 0.6726190476190477 0.3461300309597523 0.6107142857142858 0.3411764705882353 0.6 0.3201238390092879 0.5904761904761905 0.3027863777089783 0.5904761904761905 
32 0.27801857585139317 0.5714285714285714 0.2674922600619195 0.580952380952381 0.2582043343653251 0.5904761904761905 0.25758513931888544 0.5916666666666667 0.25758513931888544 0.6464285714285715 0.2625386996904025 0.675 0.26811145510835915 0.6845238095238095 0.27306501547987616 0.6928571428571428 0.2743034055727554 0.694047619047619 0.29040247678018577 0.694047619047619 0.291640866873065 0.6928571428571428 0.3015479876160991 0.675 0.3015479876160991 0.6 0.286687306501548 0.5714285714285714 0.27801857585139317 0.5714285714285714 