1 0.29287925696594425 0.3619047619047619 0.29226006191950465 0.3630952380952381 0.2476780185758514 0.4773809523809524 0.24272445820433436 0.49642857142857144 0.24272445820433436 0.5107142857142857 0.243343653250774 0.513095238095238 0.2476780185758514 0.5226190476190476 0.26811145510835915 0.5511904761904762 0.2786377708978328 0.5607142857142857 0.28173374613003094 0.5607142857142857 0.2854489164086687 0.5595238095238095 0.286687306501548 0.5583333333333333 0.29102167182662536 0.5511904761904762 0.29659442724458207 0.5416666666666666 0.3015479876160991 0.530952380952381 0.3065015479876161 0.5119047619047619 0.31640866873065016 0.4369047619047619 0.31640866873065016 0.3619047619047619 0.29287925696594425 0.3619047619047619 
2 0.31207430340557274 0.37142857142857144 0.2873065015479876 0.5357142857142857 0.2873065015479876 0.5595238095238095 0.28792569659442724 0.5607142857142857 0.2978328173374613 0.5702380952380952 0.3176470588235294 0.5797619047619048 0.33126934984520123 0.5797619047619048 0.34055727554179566 0.5702380952380952 0.3411764705882353 0.569047619047619 0.3411764705882353 0.5059523809523809 0.33622291021671824 0.4 0.33126934984520123 0.37142857142857144 0.31207430340557274 0.37142857142857144 
3 0.3473684210526316 0.37142857142857144 0.34674922600619196 0.3738095238095238 0.34241486068111454 0.41904761904761906 0.34179566563467495 0.4261904761904762 0.3368421052631579 0.4857142857142857 0.3318885448916409 0.5619047619047619 0.3318885448916409 0.5857142857142857 0.33250773993808047 0.5892857142857143 0.38080495356037153 0.5892857142857143 0.3907120743034056 0.5702380952380952 0.3907120743034056 0.5154761904761904 0.37089783281733746 0.4023809523809524 0.36594427244582045 0.38095238095238093 0.3603715170278638 0.37142857142857144 0.3473684210526316 0.37142857142857144 
5 0.3863777089783282 0.4 0.3764705882352941 0.49523809523809526 0.3764705882352941 0.5797619047619048 0.38699690402476783 0.5988095238095238 0.4006191950464396 0.5988095238095238 0.4148606811145511 0.5892857142857143 0.42043343653250775 0.5797619047619048 0.42043343653250775 0.5238095238095238 0.4154798761609907 0.4666666666666667 0.4105263157894737 0.41904761904761906 0.4055727554179567 0.4023809523809524 0.4043343653250774 0.4 0.3863777089783282 0.4 
6 0.4179566563467492 0.34285714285714286 0.41609907120743034 0.34404761904761905 0.41238390092879257 0.3523809523809524 0.41114551083591333 0.35595238095238096 0.4068111455108359 0.37142857142857144 0.40619195046439627 0.375 0.40619195046439627 0.4738095238095238 0.41114551083591333 0.5976190476190476 0.41609907120743034 0.6083333333333333 0.4346749226006192 0.6083333333333333 0.4452012383900929 0.5678571428571428 0.4452012383900929 0.544047619047619 0.43529411764705883 0.40476190476190477 0.43034055727554177 0.3619047619047619 0.42538699690402476 0.3523809523809524 0.4198142414860681 0.34285714285714286 0.4179566563467492 0.34285714285714286 
7 0.45325077399380803 0.4 0.45077399380804956 0.4011904761904762 0.4359133126934985 0.5333333333333333 0.4359133126934985 0.6059523809523809 0.43653250773993807 0.6083333333333333 0.45139318885448915 0.6178571428571429 0.4631578947368421 0.6178571428571429 0.465015479876161 0.6166666666666667 0.469969040247678 0.6071428571428571 0.469969040247678 0.42142857142857143 0.4693498452012384 0.41904761904761906 0.45944272445820433 0.4 0.45325077399380803 0.4 
8 0.47058823529411764 0.42857142857142855 0.46563467492260063 0.46785714285714286 0.46563467492260063 0.6166666666666667 0.4681114551083591 0.6178571428571429 0.48978328173374613 0.6178571428571429 0.49473684210526314 0.6083333333333333 0.4996904024767802 0.5476190476190477 0.4996904024767802 0.5428571428571428 0.49473684210526314 0.44047619047619047 0.49411764705882355 0.4380952380952381 0.4891640866873065 0.42857142857142855 0.47058823529411764 0.42857142857142855 
9 0.5009287925696595 0.4095238095238095 0.5003095975232198 0.4107142857142857 0.4953560371517028 0.4297619047619048 0.4904024767801858 0.5452380952380952 0.4904024767801858 0.6166666666666667 0.49102167182662537 0.6178571428571429 0.5244582043343653 0.6178571428571429 0.5294117647058824 0.5869047619047619 0.5294117647058824 0.5738095238095238 0.5287925696594428 0.5261904761904762 0.5244582043343653 0.44761904761904764 0.5195046439628483 0.42023809523809524 0.5145510835913313 0.4107142857142857 0.513312693498452 0.4095238095238095 0.5009287925696595 0.4095238095238095 
10 0.5356037151702786 0.4095238095238095 0.5263157894736842 0.41904761904761906 0.525077399380805 0.42142857142857143 0.5201238390092879 0.580952380952381 0.5201238390092879 0.5988095238095238 0.525077399380805 0.6083333333333333 0.5411764705882353 0.6083333333333333 0.5442724458204334 0.6071428571428571 0.5541795665634675 0.5988095238095238 0.5541795665634675 0.5261904761904762 0.5492260061919505 0.41904761904761906 0.5442724458204334 0.4095238095238095 0.5356037151702786 0.4095238095238095 
11 0.5653250773993808 0.3333333333333333 0.5597523219814241 0.34285714285714286 0.5547987616099072 0.37142857142857144 0.5498452012383901 0.4297619047619048 0.5498452012383901 0.5869047619047619 0.5504643962848297 0.5892857142857143 0.5597523219814241 0.5988095238095238 0.5789473684210527 0.5988095238095238 0.5839009287925696 0.5797619047619048 0.5839009287925696 0.37142857142857144 0.5789473684210527 0.34285714285714286 0.573374613003096 0.3333333333333333 0.5653250773993808 0.3333333333333333 
12 0.5845201238390093 0.3904761904761905 0.5795665634674922 0.4 0.5746130030959752 0.5726190476190476 0.5746130030959752 0.5988095238095238 0.6080495356037152 0.5988095238095238 0.6136222910216719 0.5880952380952381 0.6136222910216719 0.5428571428571428 0.6086687306501548 0.4785714285714286 0.5987616099071208 0.4023809523809524 0.5981424148606811 0.4 0.5931888544891641 0.3904761904761905 0.5845201238390093 0.3904761904761905 
14 0.6309597523219814 0.38095238095238093 0.6291021671826625 0.3821428571428571 0.6253869969040248 0.3904761904761905 0.6241486068111455 0.3952380952380952 0.6191950464396285 0.42023809523809524 0.6043343653250774 0.525 0.6043343653250774 0.5511904761904762 0.6092879256965944 0.5797619047619048 0.6142414860681115 0.5892857142857143 0.6526315789473685 0.5892857142857143 0.6582043343653251 0.5797619047619048 0.6582043343653251 0.5071428571428571 0.653250773993808 0.44761904761904764 0.643343653250774 0.39166666666666666 0.6371517027863777 0.38095238095238093 0.6309597523219814 0.38095238095238093 
15 0.6650154798761609 0.37142857142857144 0.6637770897832818 0.3738095238095238 0.6594427244582043 0.4 0.6588235294117647 0.40476190476190477 0.6538699690402476 0.4488095238095238 0.6538699690402476 0.5678571428571428 0.6544891640866873 0.5702380952380952 0.6817337461300309 0.5702380952380952 0.6922600619195046 0.5607142857142857 0.6978328173374613 0.5511904761904762 0.6978328173374613 0.49642857142857144 0.6879256965944273 0.42857142857142855 0.6829721362229102 0.4 0.6780185758513931 0.3726190476190476 0.676780185758514 0.37142857142857144 0.6650154798761609 0.37142857142857144 
16 0.6848297213622291 0.3619047619047619 0.6835913312693499 0.36428571428571427 0.6835913312693499 0.4654761904761905 0.6934984520123839 0.5511904761904762 0.698452012383901 0.5607142857142857 0.7114551083591332 0.5607142857142857 0.7126934984520124 0.5595238095238095 0.7269349845201238 0.5416666666666666 0.7374613003095976 0.5214285714285715 0.7374613003095976 0.4869047619047619 0.7325077399380805 0.45714285714285713 0.7275541795665634 0.4392857142857143 0.7126934984520124 0.3904761904761905 0.6972136222910217 0.3619047619047619 0.6848297213622291 0.3619047619047619 
17 0.7232198142414861 0.5428571428571428 0.7034055727554179 0.5523809523809524 0.698452012383901 0.5619047619047619 0.6934984520123839 0.5726190476190476 0.6934984520123839 0.5988095238095238 0.698452012383901 0.6166666666666667 0.7232198142414861 0.6845238095238095 0.7331269349845201 0.7035714285714286 0.7430340557275542 0.7130952380952381 0.7721362229102167 0.7130952380952381 0.7721362229102167 0.6678571428571428 0.7473684210526316 0.5535714285714286 0.7424148606811145 0.5428571428571428 0.7232198142414861 0.5428571428571428 
18 0.6693498452012384 0.5619047619047619 0.6439628482972136 0.580952380952381 0.6390092879256966 0.5916666666666667 0.6390092879256966 0.6261904761904762 0.6885448916408669 0.7511904761904762 0.698452012383901 0.7607142857142857 0.7126934984520124 0.7607142857142857 0.7269349845201238 0.7511904761904762 0.7275541795665634 0.7488095238095238 0.7275541795665634 0.7142857142857143 0.7027863777089783 0.5928571428571429 0.6978328173374613 0.5726190476190476 0.6972136222910217 0.5714285714285714 0.6829721362229102 0.5619047619047619 0.6693498452012384 0.5619047619047619 
19 0.6142414860681115 0.5904761904761905 0.5894736842105263 0.6 0.5845201238390093 0.6190476190476191 0.5845201238390093 0.6345238095238095 0.6291021671826625 0.7988095238095239 0.6427244582043343 0.7988095238095239 0.676780185758514 0.7797619047619048 0.6780185758513931 0.7773809523809524 0.6780185758513931 0.7333333333333333 0.653250773993808 0.6309523809523809 0.643343653250774 0.6011904761904762 0.6334365325077399 0.5904761904761905 0.6142414860681115 0.5904761904761905 
20 0.5603715170278638 0.6095238095238096 0.5547987616099072 0.6190476190476191 0.5547987616099072 0.655952380952381 0.5944272445820433 0.8178571428571428 0.6074303405572755 0.8178571428571428 0.6086687306501548 0.8154761904761905 0.6086687306501548 0.7154761904761905 0.6037151702786377 0.6761904761904762 0.5987616099071208 0.638095238095238 0.5938080495356037 0.6095238095238096 0.5603715170278638 0.6095238095238096 
22 0.5356037151702786 0.6190476190476191 0.534984520123839 0.6214285714285714 0.534984520123839 0.6821428571428572 0.5547987616099072 0.8464285714285714 0.5739938080495356 0.8464285714285714 0.5839009287925696 0.8273809523809523 0.5839009287925696 0.7619047619047619 0.5690402476780185 0.6488095238095238 0.5585139318885449 0.6190476190476191 0.5356037151702786 0.6190476190476191 
23 0.525077399380805 0.6190476190476191 0.5108359133126935 0.6285714285714286 0.5102167182662539 0.6309523809523809 0.5102167182662539 0.6833333333333333 0.5151702786377709 0.7880952380952381 0.5157894736842106 0.7892857142857143 0.5294117647058824 0.7892857142857143 0.5343653250773994 0.7785714285714286 0.5393188854489164 0.75 0.5393188854489164 0.6190476190476191 0.525077399380805 0.6190476190476191 
24 0.49226006191950467 0.6285714285714286 0.49102167182662537 0.6297619047619047 0.4904024767801858 0.6309523809523809 0.4904024767801858 0.7023809523809523 0.4953560371517028 0.7607142857142857 0.5003095975232198 0.7797619047619048 0.5052631578947369 0.7892857142857143 0.5126934984520124 0.7892857142857143 0.5145510835913313 0.7880952380952381 0.5195046439628483 0.7797619047619048 0.5195046439628483 0.7428571428571429 0.5145510835913313 0.6309523809523809 0.5139318885448917 0.6285714285714286 0.49226006191950467 0.6285714285714286 
25 0.46068111455108357 0.6285714285714286 0.46068111455108357 0.655952380952381 0.47058823529411764 0.7416666666666667 0.47554179566563465 0.7690476190476191 0.4804953560371517 0.7785714285714286 0.48359133126934983 0.7797619047619048 0.4848297213622291 0.7797619047619048 0.4885448916408669 0.7785714285714286 0.49473684210526314 0.7702380952380953 0.49473684210526314 0.6666666666666666 0.48978328173374613 0.6285714285714286 0.46068111455108357 0.6285714285714286 
26 0.44148606811145513 0.6190476190476191 0.4408668730650155 0.6202380952380953 0.4408668730650155 0.6464285714285715 0.4458204334365325 0.7690476190476191 0.45077399380804956 0.7785714285714286 0.4520123839009288 0.7797619047619048 0.469969040247678 0.7797619047619048 0.47492260061919506 0.6357142857142857 0.47492260061919506 0.6202380952380953 0.4724458204334365 0.6190476190476191 0.44148606811145513 0.6190476190476191 
27 0.426625386996904 0.6095238095238096 0.41671826625387 0.6190476190476191 0.41609907120743034 0.6202380952380953 0.41114551083591333 0.7654761904761904 0.41114551083591333 0.8047619047619048 0.4117647058823529 0.8083333333333333 0.41671826625387 0.8273809523809523 0.4346749226006192 0.8273809523809523 0.43529411764705883 0.825 0.44024767801857584 0.7988095238095239 0.4452012383900929 0.7595238095238095 0.4501547987616099 0.675 0.4501547987616099 0.6107142857142858 0.44953560371517026 0.6095238095238096 0.426625386996904 0.6095238095238096 
29 0.40619195046439627 0.6 0.3814241486068111 0.6095238095238096 0.3715170278637771 0.7738095238095238 0.3715170278637771 0.7988095238095239 0.3764705882352941 0.8166666666666667 0.37708978328173376 0.8178571428571428 0.39009287925696595 0.8178571428571428 0.4006191950464396 0.7988095238095239 0.4055727554179567 0.7892857142857143 0.43034055727554177 0.6273809523809524 0.43034055727554177 0.6107142857142858 0.4247678018575851 0.6011904761904762 0.42229102167182664 0.6 0.40619195046439627 0.6 
30 0.35356037151702785 0.580952380952381 0.33250773993808047 0.5904761904761905 0.3318885448916409 0.5916666666666667 0.3077399380804954 0.7523809523809524 0.30712074303405573 0.7583333333333333 0.30712074303405573 0.7690476190476191 0.31207430340557274 0.7797619047619048 0.34241486068111454 0.7988095238095239 0.3455108359133127 0.7988095238095239 0.3560371517027864 0.7976190476190477 0.3609907120743034 0.7892857142857143 0.3653250773993808 0.7797619047619048 0.36594427244582045 0.7773809523809524 0.4006191950464396 0.6178571428571429 0.4006191950464396 0.5928571428571429 0.4 0.5916666666666667 0.39814241486068114 0.5904761904761905 0.36594427244582045 0.580952380952381 0.35356037151702785 0.580952380952381 
31 0.2978328173374613 0.5619047619047619 0.2835913312693498 0.5714285714285714 0.2823529411764706 0.5726190476190476 0.2773993808049536 0.580952380952381 0.25263157894736843 0.7273809523809524 0.25263157894736843 0.7404761904761905 0.2532507739938081 0.7440476190476191 0.25510835913312696 0.7511904761904762 0.27306501547987616 0.7607142857142857 0.29040247678018577 0.7607142857142857 0.291640866873065 0.7595238095238095 0.29659442724458207 0.7511904761904762 0.3065015479876161 0.7309523809523809 0.31640866873065016 0.7035714285714286 0.33622291021671824 0.6464285714285715 0.3455108359133127 0.5988095238095238 0.3461300309597523 0.5916666666666667 0.3461300309597523 0.5833333333333334 0.3455108359133127 0.580952380952381 0.33560371517027865 0.5714285714285714 0.31145510835913315 0.5619047619047619 0.2978328173374613 0.5619047619047619 