2 0.3126934984520124 0.3619047619047619 0.2934984520123839 0.37142857142857144 0.29226006191950465 0.3726190476190476 0.2724458204334365 0.47619047619047616 0.2724458204334365 0.5285714285714286 0.27306501547987616 0.530952380952381 0.2773993808049536 0.5416666666666666 0.29287925696594425 0.5511904761904762 0.31640866873065016 0.5511904761904762 0.32136222910216716 0.530952380952381 0.3263157894736842 0.4369047619047619 0.3263157894736842 0.37142857142857144 0.32074303405572757 0.3619047619047619 0.3126934984520124 0.3619047619047619 
3 0.3380804953560371 0.37142857142857144 0.3368421052631579 0.3726190476190476 0.3318885448916409 0.3904761904761905 0.3170278637770898 0.49523809523809526 0.3170278637770898 0.5595238095238095 0.3176470588235294 0.5607142857142857 0.3473684210526316 0.5702380952380952 0.35975232198142415 0.5702380952380952 0.3609907120743034 0.569047619047619 0.36594427244582045 0.5607142857142857 0.37089783281733746 0.55 0.37089783281733746 0.49642857142857144 0.36594427244582045 0.40595238095238095 0.3653250773993808 0.4 0.3609907120743034 0.38095238095238093 0.35541795665634673 0.37142857142857144 0.3380804953560371 0.37142857142857144 
4 0.3721362229102167 0.4095238095238095 0.3715170278637771 0.4107142857142857 0.36656346749226004 0.4297619047619048 0.36160990712074303 0.45714285714285713 0.356656346749226 0.5523809523809524 0.356656346749226 0.5702380952380952 0.3622291021671827 0.5797619047619048 0.3851393188854489 0.5797619047619048 0.3956656346749226 0.5595238095238095 0.3956656346749226 0.4666666666666667 0.3907120743034056 0.41309523809523807 0.39009287925696595 0.4095238095238095 0.3721362229102167 0.4095238095238095 
5 0.4018575851393189 0.4095238095238095 0.39628482972136225 0.42023809523809524 0.3913312693498452 0.4380952380952381 0.3863777089783282 0.47023809523809523 0.3814241486068111 0.5630952380952381 0.3814241486068111 0.569047619047619 0.3913312693498452 0.5892857142857143 0.4055727554179567 0.5892857142857143 0.42538699690402476 0.5702380952380952 0.42538699690402476 0.49642857142857144 0.42043343653250775 0.4380952380952381 0.4154798761609907 0.4095238095238095 0.4018575851393189 0.4095238095238095 
6 0.4321981424148607 0.34285714285714286 0.4309597523219814 0.34523809523809523 0.4260061919504644 0.3630952380952381 0.41609907120743034 0.42142857142857143 0.41114551083591333 0.5619047619047619 0.41114551083591333 0.5761904761904761 0.4117647058823529 0.5797619047619048 0.41609907120743034 0.5988095238095238 0.43529411764705883 0.5988095238095238 0.4452012383900929 0.5892857142857143 0.4452012383900929 0.3476190476190476 0.44458204334365325 0.34404761904761905 0.4439628482972136 0.34285714285714286 0.4321981424148607 0.34285714285714286 
7 0.4613003095975232 0.42857142857142855 0.46068111455108357 0.4297619047619048 0.45572755417956656 0.44761904761904764 0.45077399380804956 0.46785714285714286 0.4408668730650155 0.5238095238095238 0.4408668730650155 0.5988095238095238 0.45077399380804956 0.6083333333333333 0.465015479876161 0.6083333333333333 0.4693498452012384 0.5988095238095238 0.469969040247678 0.594047619047619 0.47492260061919506 0.5416666666666666 0.47492260061919506 0.4392857142857143 0.469969040247678 0.42857142857142855 0.4613003095975232 0.42857142857142855 
8 0.4804953560371517 0.42857142857142855 0.47554179566563465 0.4392857142857143 0.47058823529411764 0.4666666666666667 0.46563467492260063 0.5345238095238095 0.46563467492260063 0.6178571428571429 0.49907120743034056 0.6178571428571429 0.4996904024767802 0.6166666666666667 0.4996904024767802 0.47619047619047616 0.49473684210526314 0.4380952380952381 0.48978328173374613 0.42857142857142855 0.4804953560371517 0.42857142857142855 
9 0.5114551083591331 0.4380952380952381 0.5102167182662539 0.4392857142857143 0.5052631578947369 0.4583333333333333 0.5003095975232198 0.4869047619047619 0.4953560371517028 0.5333333333333333 0.4953560371517028 0.6154761904761905 0.49597523219814244 0.6178571428571429 0.5003095975232198 0.6273809523809524 0.5244582043343653 0.6273809523809524 0.5343653250773994 0.6178571428571429 0.5343653250773994 0.5619047619047619 0.5244582043343653 0.4607142857142857 0.5238390092879257 0.45714285714285713 0.5195046439628483 0.4380952380952381 0.5114551083591331 0.4380952380952381 
10 0.5256965944272446 0.42857142857142855 0.525077399380805 0.4297619047619048 0.525077399380805 0.5666666666666667 0.530030959752322 0.6178571428571429 0.5442724458204334 0.6178571428571429 0.5585139318885449 0.6083333333333333 0.5628482972136223 0.5988095238095238 0.5640866873065016 0.5952380952380952 0.5640866873065016 0.5845238095238096 0.5591331269349845 0.5333333333333333 0.5442724458204334 0.44761904761904764 0.5393188854489164 0.4380952380952381 0.5337461300309597 0.42857142857142855 0.5256965944272446 0.42857142857142855 
11 0.56656346749226 0.38095238095238093 0.5647058823529412 0.3821428571428571 0.5597523219814241 0.39166666666666666 0.5547987616099072 0.5047619047619047 0.5547987616099072 0.5821428571428572 0.5554179566563467 0.5892857142857143 0.5597523219814241 0.6059523809523809 0.5647058823529412 0.6178571428571429 0.5770897832817338 0.6178571428571429 0.5789473684210527 0.6166666666666667 0.5839009287925696 0.6083333333333333 0.5938080495356037 0.5892857142857143 0.5938080495356037 0.5666666666666667 0.5839009287925696 0.42857142857142855 0.5789473684210527 0.3904761904761905 0.5739938080495356 0.3821428571428571 0.5721362229102167 0.38095238095238093 0.56656346749226 0.38095238095238093 
12 0.5919504643962848 0.42857142857142855 0.590092879256966 0.4297619047619048 0.5845201238390093 0.4380952380952381 0.5795665634674922 0.47619047619047616 0.5795665634674922 0.5416666666666666 0.5845201238390093 0.5952380952380952 0.5857585139318885 0.5988095238095238 0.5993808049535604 0.6083333333333333 0.6136222910216719 0.6083333333333333 0.6185758513931888 0.5976190476190476 0.6185758513931888 0.5892857142857143 0.6136222910216719 0.47619047619047616 0.6086687306501548 0.44047619047619047 0.6080495356037152 0.4380952380952381 0.6037151702786377 0.42857142857142855 0.5919504643962848 0.42857142857142855 
13 0.6241486068111455 0.42857142857142855 0.6191950464396285 0.4380952380952381 0.6142414860681115 0.46904761904761905 0.6092879256965944 0.5059523809523809 0.6092879256965944 0.5892857142857143 0.6191950464396285 0.5988095238095238 0.638390092879257 0.5988095238095238 0.638390092879257 0.4773809523809524 0.6334365325077399 0.42857142857142855 0.6241486068111455 0.42857142857142855 
14 0.6544891640866873 0.4095238095238095 0.6489164086687307 0.41904761904761906 0.6439628482972136 0.42857142857142855 0.6390092879256966 0.4392857142857143 0.6340557275541796 0.46785714285714286 0.6340557275541796 0.5785714285714286 0.6346749226006192 0.5797619047619048 0.6439628482972136 0.5880952380952381 0.6458204334365325 0.5892857142857143 0.6582043343653251 0.5892857142857143 0.6773993808049535 0.5797619047619048 0.6780185758513931 0.5773809523809523 0.6780185758513931 0.5166666666666667 0.6631578947368421 0.4095238095238095 0.6544891640866873 0.4095238095238095 
15 0.6736842105263158 0.38095238095238093 0.6736842105263158 0.55 0.6792569659442724 0.5607142857142857 0.6885448916408669 0.5702380952380952 0.6978328173374613 0.5702380952380952 0.7120743034055728 0.5607142857142857 0.7219814241486068 0.5511904761904762 0.7226006191950465 0.55 0.7226006191950465 0.49642857142857144 0.7176470588235294 0.4773809523809524 0.6972136222910217 0.4095238095238095 0.6829721362229102 0.38095238095238093 0.6736842105263158 0.38095238095238093 
18 0.6897832817337461 0.5714285714285714 0.6736842105263158 0.580952380952381 0.6594427244582043 0.5904761904761905 0.6588235294117647 0.5916666666666667 0.6588235294117647 0.6083333333333333 0.6637770897832818 0.6273809523809524 0.6736842105263158 0.6547619047619048 0.6891640866873066 0.6928571428571428 0.6934984520123839 0.7023809523809523 0.698452012383901 0.7130952380952381 0.7089783281733746 0.7321428571428571 0.7318885448916409 0.7321428571428571 0.7325077399380805 0.7297619047619047 0.7325077399380805 0.6583333333333333 0.7226006191950465 0.6 0.7176470588235294 0.5821428571428572 0.7126934984520124 0.5714285714285714 0.6897832817337461 0.5714285714285714 
19 0.6408668730650154 0.580952380952381 0.6142414860681115 0.5904761904761905 0.6092879256965944 0.6 0.6092879256965944 0.6273809523809524 0.6247678018575852 0.694047619047619 0.6291021671826625 0.7119047619047619 0.6340557275541796 0.7321428571428571 0.6390092879256966 0.75 0.6489164086687307 0.7702380952380953 0.6538699690402476 0.7797619047619048 0.6631578947368421 0.7797619047619048 0.6773993808049535 0.7702380952380953 0.6780185758513931 0.7690476190476191 0.6780185758513931 0.705952380952381 0.6730650154798762 0.6202380952380953 0.6681114551083591 0.5916666666666667 0.6674922600619195 0.5904761904761905 0.6557275541795665 0.580952380952381 0.6408668730650154 0.580952380952381 
20 0.5962848297213622 0.6 0.5944272445820433 0.6011904761904762 0.5851393188854489 0.6095238095238096 0.5795665634674922 0.6190476190476191 0.5795665634674922 0.6369047619047619 0.5944272445820433 0.7023809523809523 0.6043343653250774 0.7416666666666667 0.6099071207430341 0.7607142857142857 0.6142414860681115 0.7702380952380953 0.6229102167182663 0.7702380952380953 0.6235294117647059 0.7690476190476191 0.6235294117647059 0.6392857142857142 0.6179566563467492 0.6190476190476191 0.6086687306501548 0.6 0.5962848297213622 0.6 
21 0.5795665634674922 0.6190476190476191 0.5653250773993808 0.6297619047619047 0.5603715170278638 0.638095238095238 0.5597523219814241 0.6392857142857142 0.5597523219814241 0.675 0.5696594427244582 0.7488095238095238 0.5795665634674922 0.7880952380952381 0.5808049535603715 0.7892857142857143 0.5882352941176471 0.7892857142857143 0.5938080495356037 0.7797619047619048 0.5987616099071208 0.6785714285714286 0.5975232198142415 0.6666666666666666 0.5931888544891641 0.6476190476190476 0.5839009287925696 0.6190476190476191 0.5795665634674922 0.6190476190476191 
22 0.5498452012383901 0.6285714285714286 0.5399380804953561 0.638095238095238 0.5399380804953561 0.7595238095238095 0.544891640866873 0.805952380952381 0.5455108359133127 0.8083333333333333 0.5640866873065016 0.8083333333333333 0.5690402476780185 0.7797619047619048 0.5690402476780185 0.6321428571428571 0.5622291021671827 0.6285714285714286 0.5498452012383901 0.6285714285714286 
23 0.5151702786377709 0.638095238095238 0.5151702786377709 0.7976190476190477 0.5164086687306502 0.7988095238095239 0.5238390092879257 0.7988095238095239 0.5294117647058824 0.7892857142857143 0.5343653250773994 0.7797619047619048 0.5386996904024768 0.7607142857142857 0.5393188854489164 0.7559523809523809 0.5442724458204334 0.6904761904761905 0.5442724458204334 0.6392857142857142 0.5424148606811146 0.638095238095238 0.5151702786377709 0.638095238095238 
24 0.49102167182662537 0.6285714285714286 0.4904024767801858 0.6297619047619047 0.4904024767801858 0.7773809523809524 0.49102167182662537 0.7797619047619048 0.5089783281733746 0.7797619047619048 0.5095975232198142 0.7785714285714286 0.5139318885448917 0.7607142857142857 0.5145510835913313 0.7571428571428571 0.5195046439628483 0.694047619047619 0.5195046439628483 0.6440476190476191 0.5188854489164086 0.6392857142857142 0.5145510835913313 0.6285714285714286 0.49102167182662537 0.6285714285714286 
25 0.4724458204334365 0.6285714285714286 0.47058823529411764 0.6297619047619047 0.46563467492260063 0.7047619047619048 0.46563467492260063 0.7797619047619048 0.47058823529411764 0.7892857142857143 0.4848297213622291 0.7892857142857143 0.48978328173374613 0.7583333333333333 0.49473684210526314 0.7226190476190476 0.49473684210526314 0.6297619047619047 0.4934984520123839 0.6285714285714286 0.4724458204334365 0.6285714285714286 
26 0.4458204334365325 0.6285714285714286 0.4458204334365325 0.7297619047619047 0.45077399380804956 0.7880952380952381 0.45139318885448915 0.7892857142857143 0.460061919504644 0.7892857142857143 0.465015479876161 0.7726190476190476 0.469969040247678 0.7488095238095238 0.47492260061919506 0.6630952380952381 0.47492260061919506 0.6285714285714286 0.4458204334365325 0.6285714285714286 
27 0.42724458204334365 0.6095238095238096 0.4260061919504644 0.6107142857142858 0.42105263157894735 0.6214285714285714 0.42105263157894735 0.7976190476190477 0.421671826625387 0.7988095238095239 0.43529411764705883 0.7988095238095239 0.44024767801857584 0.7880952380952381 0.4452012383900929 0.7607142857142857 0.4501547987616099 0.694047619047619 0.4501547987616099 0.6357142857142857 0.4452012383900929 0.6202380952380953 0.43962848297213625 0.6095238095238096 0.42724458204334365 0.6095238095238096 
28 0.3975232198142415 0.6 0.39628482972136225 0.6011904761904762 0.3913312693498452 0.6190476190476191 0.3913312693498452 0.6547619047619048 0.39628482972136225 0.7702380952380953 0.40123839009287926 0.7797619047619048 0.40743034055727556 0.7892857142857143 0.4105263157894737 0.7892857142857143 0.42043343653250775 0.7690476190476191 0.42538699690402476 0.7416666666666667 0.42538699690402476 0.6035714285714285 0.4247678018575851 0.6 0.3975232198142415 0.6 
29 0.37770897832817335 0.5714285714285714 0.3671826625386997 0.580952380952381 0.36656346749226004 0.5845238095238096 0.35170278637770896 0.7047619047619048 0.35170278637770896 0.7404761904761905 0.35294117647058826 0.7416666666666667 0.3609907120743034 0.7416666666666667 0.36594427244582045 0.7380952380952381 0.37089783281733746 0.7285714285714285 0.38080495356037153 0.7035714285714286 0.3956656346749226 0.6464285714285715 0.4055727554179567 0.6071428571428571 0.4055727554179567 0.5904761904761905 0.3956656346749226 0.5714285714285714 0.37770897832817335 0.5714285714285714 
30 0.3281733746130031 0.5619047619047619 0.3269349845201238 0.5630952380952381 0.3170278637770898 0.6 0.3021671826625387 0.6952380952380952 0.3021671826625387 0.7488095238095238 0.30340557275541796 0.7511904761904762 0.31331269349845203 0.7607142857142857 0.33126934984520123 0.7607142857142857 0.3411764705882353 0.7416666666666667 0.3609907120743034 0.6821428571428572 0.36594427244582045 0.6642857142857143 0.37089783281733746 0.6369047619047619 0.37585139318885447 0.5892857142857143 0.37585139318885447 0.5821428571428572 0.37089783281733746 0.5714285714285714 0.3455108359133127 0.5619047619047619 0.3281733746130031 0.5619047619047619 
31 0.2823529411764706 0.5428571428571428 0.2773993808049536 0.5523809523809524 0.25263157894736843 0.6476190476190476 0.25263157894736843 0.694047619047619 0.2674922600619195 0.7130952380952381 0.2761609907120743 0.7130952380952381 0.28606811145510835 0.7023809523809523 0.30092879256965943 0.6845238095238095 0.32136222910216716 0.6464285714285715 0.3263157894736842 0.6071428571428571 0.3263157894736842 0.575 0.3256965944272446 0.5714285714285714 0.30092879256965943 0.5428571428571428 0.2823529411764706 0.5428571428571428 