3 0.2873065015479876 0.3904761904761905 0.2823529411764706 0.4 0.2823529411764706 0.5511904761904762 0.28297213622291023 0.5607142857142857 0.28792569659442724 0.5702380952380952 0.31021671826625385 0.5702380952380952 0.33126934984520123 0.5607142857142857 0.33126934984520123 0.5154761904761904 0.31640866873065016 0.42142857142857143 0.3108359133126935 0.4095238095238095 0.3015479876160991 0.3904761904761905 0.2873065015479876 0.3904761904761905 
4 0.3170278637770898 0.38095238095238093 0.3170278637770898 0.41309523809523807 0.3269349845201238 0.5583333333333333 0.32755417956656346 0.5607142857142857 0.3368421052631579 0.5702380952380952 0.3455108359133127 0.5702380952380952 0.3603715170278638 0.5607142857142857 0.36594427244582045 0.55 0.36594427244582045 0.5059523809523809 0.3510835913312694 0.4380952380952381 0.3411764705882353 0.4 0.33126934984520123 0.38095238095238093 0.3170278637770898 0.38095238095238093 
5 0.36160990712074303 0.3619047619047619 0.356656346749226 0.38095238095238093 0.356656346749226 0.555952380952381 0.3572755417956656 0.5607142857142857 0.36160990712074303 0.5702380952380952 0.3801857585139319 0.5702380952380952 0.38575851393188854 0.5607142857142857 0.3956656346749226 0.5416666666666666 0.3956656346749226 0.5297619047619048 0.38575851393188854 0.39285714285714285 0.38080495356037153 0.37142857142857144 0.3752321981424149 0.3619047619047619 0.36160990712074303 0.3619047619047619 
6 0.39195046439628484 0.34285714285714286 0.3913312693498452 0.34523809523809523 0.3863777089783282 0.4595238095238095 0.3863777089783282 0.5321428571428571 0.3913312693498452 0.55 0.39690402476780184 0.5607142857142857 0.4198142414860681 0.5607142857142857 0.42538699690402476 0.5511904761904762 0.42538699690402476 0.49642857142857144 0.4154798761609907 0.39166666666666666 0.4105263157894737 0.3630952380952381 0.4055727554179567 0.34404761904761905 0.40495356037151703 0.34285714285714286 0.39195046439628484 0.34285714285714286 
7 0.4321981424148607 0.34285714285714286 0.4309597523219814 0.34404761904761905 0.4260061919504644 0.4 0.42105263157894735 0.49642857142857144 0.42105263157894735 0.5178571428571429 0.4260061919504644 0.5511904761904762 0.44458204334365325 0.5511904761904762 0.460061919504644 0.5416666666666666 0.460061919504644 0.4857142857142857 0.4551083591331269 0.37142857142857144 0.44953560371517026 0.3523809523809524 0.44024767801857584 0.34285714285714286 0.4321981424148607 0.34285714285714286 
8 0.46068111455108357 0.34285714285714286 0.45572755417956656 0.3523809523809524 0.45572755417956656 0.55 0.4569659442724458 0.5511904761904762 0.49907120743034056 0.5511904761904762 0.4996904024767802 0.55 0.5040247678018576 0.5321428571428571 0.5046439628482973 0.5273809523809524 0.5046439628482973 0.47619047619047616 0.4792569659442725 0.3523809523809524 0.47492260061919506 0.34285714285714286 0.46068111455108357 0.34285714285714286 
9 0.5102167182662539 0.3523809523809524 0.5003095975232198 0.5238095238095238 0.5003095975232198 0.5416666666666666 0.5052631578947369 0.5511904761904762 0.5529411764705883 0.5511904761904762 0.5541795665634675 0.55 0.5541795665634675 0.5142857142857142 0.5294117647058824 0.3523809523809524 0.5102167182662539 0.3523809523809524 
10 0.5547987616099072 0.37142857142857144 0.5498452012383901 0.38095238095238093 0.544891640866873 0.42857142857142855 0.544891640866873 0.5226190476190476 0.5498452012383901 0.5607142857142857 0.5739938080495356 0.5607142857142857 0.5839009287925696 0.5511904761904762 0.5839009287925696 0.5071428571428571 0.5739938080495356 0.3821428571428571 0.5690402476780185 0.3726190476190476 0.5678018575851393 0.37142857142857144 0.5547987616099072 0.37142857142857144 
11 0.5851393188854489 0.3333333333333333 0.5845201238390093 0.3357142857142857 0.5795665634674922 0.36547619047619045 0.5746130030959752 0.45 0.5746130030959752 0.5047619047619047 0.5752321981424149 0.513095238095238 0.5795665634674922 0.5571428571428572 0.5808049535603715 0.5595238095238095 0.5820433436532507 0.5607142857142857 0.6086687306501548 0.5607142857142857 0.6136222910216719 0.55 0.6136222910216719 0.4988095238095238 0.6086687306501548 0.3904761904761905 0.6037151702786377 0.34404761904761905 0.5987616099071208 0.3345238095238095 0.5969040247678019 0.3333333333333333 0.5851393188854489 0.3333333333333333 
12 0.6191950464396285 0.3523809523809524 0.614860681114551 0.3619047619047619 0.6142414860681115 0.36428571428571427 0.6092879256965944 0.3904761904761905 0.6043343653250774 0.4583333333333333 0.6043343653250774 0.5035714285714286 0.6092879256965944 0.5571428571428572 0.6099071207430341 0.5607142857142857 0.638390092879257 0.5607142857142857 0.648297213622291 0.5511904761904762 0.648297213622291 0.4797619047619048 0.638390092879257 0.3738095238095238 0.6334365325077399 0.3547619047619048 0.6328173374613003 0.3535714285714286 0.631578947368421 0.3523809523809524 0.6191950464396285 0.3523809523809524 
14 0.713312693498452 0.3619047619047619 0.6934984520123839 0.3904761904761905 0.6885448916408669 0.4 0.6786377708978328 0.4380952380952381 0.6687306501547987 0.5047619047619047 0.6687306501547987 0.5607142857142857 0.698452012383901 0.5702380952380952 0.7126934984520124 0.5702380952380952 0.7219814241486068 0.5607142857142857 0.7226006191950465 0.5595238095238095 0.7275541795665634 0.42738095238095236 0.7275541795665634 0.3726190476190476 0.7219814241486068 0.3619047619047619 0.713312693498452 0.3619047619047619 
19 0.660061919504644 0.5619047619047619 0.6588235294117647 0.5630952380952381 0.6538699690402476 0.5726190476190476 0.6538699690402476 0.6059523809523809 0.6687306501547987 0.7321428571428571 0.6736842105263158 0.7416666666666667 0.6786377708978328 0.75 0.6811145510835913 0.7511904761904762 0.686687306501548 0.7511904761904762 0.7071207430340557 0.7416666666666667 0.7126934984520124 0.7309523809523809 0.7126934984520124 0.580952380952381 0.7077399380804954 0.5714285714285714 0.6978328173374613 0.5619047619047619 0.660061919504644 0.5619047619047619 
20 0.6253869969040248 0.5619047619047619 0.6241486068111455 0.5642857142857143 0.6241486068111455 0.6059523809523809 0.6390092879256966 0.6928571428571428 0.6439628482972136 0.7119047619047619 0.6495356037151703 0.7309523809523809 0.6538699690402476 0.7416666666666667 0.660061919504644 0.7511904761904762 0.6674922600619195 0.7511904761904762 0.6681114551083591 0.7488095238095238 0.6681114551083591 0.7166666666666667 0.6631578947368421 0.6011904761904762 0.6582043343653251 0.5630952380952381 0.6575851393188854 0.5619047619047619 0.6253869969040248 0.5619047619047619 
21 0.6043343653250774 0.5619047619047619 0.6 0.5714285714285714 0.5993808049535604 0.5738095238095238 0.5993808049535604 0.6535714285714286 0.6043343653250774 0.6845238095238095 0.6092879256965944 0.7119047619047619 0.6142414860681115 0.7226190476190476 0.6247678018575852 0.7416666666666667 0.6328173374613003 0.7416666666666667 0.6334365325077399 0.7404761904761905 0.6334365325077399 0.6011904761904762 0.628482972136223 0.5726190476190476 0.6229102167182663 0.5619047619047619 0.6043343653250774 0.5619047619047619 
22 0.5696594427244582 0.5619047619047619 0.5647058823529412 0.5714285714285714 0.5647058823529412 0.6083333333333333 0.5696594427244582 0.6428571428571429 0.5845201238390093 0.7297619047619047 0.5894736842105263 0.7511904761904762 0.595046439628483 0.7607142857142857 0.6080495356037152 0.7607142857142857 0.6086687306501548 0.7559523809523809 0.6086687306501548 0.6523809523809524 0.6037151702786377 0.5904761904761905 0.5987616099071208 0.5726190476190476 0.5981424148606811 0.5714285714285714 0.5882352941176471 0.5619047619047619 0.5696594427244582 0.5619047619047619 
23 0.5405572755417957 0.5714285714285714 0.5399380804953561 0.5726190476190476 0.5399380804953561 0.6071428571428571 0.5498452012383901 0.680952380952381 0.5504643962848297 0.6845238095238095 0.5547987616099072 0.7023809523809523 0.5597523219814241 0.7130952380952381 0.5678018575851393 0.7130952380952381 0.5690402476780185 0.7119047619047619 0.5739938080495356 0.7023809523809523 0.5739938080495356 0.6666666666666666 0.5690402476780185 0.5738095238095238 0.5684210526315789 0.5714285714285714 0.5405572755417957 0.5714285714285714 
24 0.5151702786377709 0.5523809523809524 0.5151702786377709 0.625 0.530030959752322 0.694047619047619 0.534984520123839 0.7119047619047619 0.5368421052631579 0.7130952380952381 0.5486068111455108 0.7130952380952381 0.5492260061919505 0.7095238095238096 0.5492260061919505 0.6202380952380953 0.5442724458204334 0.5619047619047619 0.5380804953560372 0.5523809523809524 0.5151702786377709 0.5523809523809524 
25 0.5058823529411764 0.5619047619047619 0.49102167182662537 0.5714285714285714 0.4904024767801858 0.575 0.4904024767801858 0.6464285714285715 0.5003095975232198 0.7023809523809523 0.5052631578947369 0.7130952380952381 0.5195046439628483 0.7130952380952381 0.5195046439628483 0.5738095238095238 0.5188854489164086 0.5714285714285714 0.5145510835913313 0.5619047619047619 0.5058823529411764 0.5619047619047619 
26 0.46563467492260063 0.5714285714285714 0.46563467492260063 0.6154761904761905 0.47058823529411764 0.6916666666666667 0.47554179566563465 0.7119047619047619 0.47678018575851394 0.7130952380952381 0.49411764705882355 0.7130952380952381 0.49473684210526314 0.7119047619047619 0.49473684210526314 0.5738095238095238 0.49411764705882355 0.5714285714285714 0.46563467492260063 0.5714285714285714 
27 0.43157894736842106 0.580952380952381 0.4309597523219814 0.5821428571428572 0.4309597523219814 0.6630952380952381 0.4359133126934985 0.7226190476190476 0.44148606811145513 0.7416666666666667 0.45077399380804956 0.7607142857142857 0.46377708978328175 0.7607142857142857 0.465015479876161 0.7595238095238095 0.469969040247678 0.7285714285714285 0.469969040247678 0.5916666666666667 0.465015479876161 0.580952380952381 0.43157894736842106 0.580952380952381 
28 0.39690402476780184 0.580952380952381 0.39628482972136225 0.5833333333333334 0.39628482972136225 0.7011904761904761 0.39690402476780184 0.7130952380952381 0.40123839009287926 0.7511904761904762 0.4068111455108359 0.7607142857142857 0.4148606811145511 0.7607142857142857 0.42043343653250775 0.75 0.42538699690402476 0.7321428571428571 0.43034055727554177 0.7119047619047619 0.43529411764705883 0.6642857142857143 0.43529411764705883 0.5928571428571429 0.4346749226006192 0.5904761904761905 0.43034055727554177 0.5821428571428572 0.4284829721362229 0.580952380952381 0.39690402476780184 0.580952380952381 
29 0.3671826625386997 0.5714285714285714 0.36160990712074303 0.5821428571428572 0.36160990712074303 0.6357142857142857 0.36656346749226004 0.7404761904761905 0.3715170278637771 0.7690476190476191 0.3721362229102167 0.7702380952380953 0.38575851393188854 0.7702380952380953 0.3907120743034056 0.7607142857142857 0.3956656346749226 0.7297619047619047 0.4055727554179567 0.5892857142857143 0.4055727554179567 0.5714285714285714 0.3671826625386997 0.5714285714285714 
30 0.3523219814241486 0.5619047619047619 0.3269349845201238 0.5714285714285714 0.3170278637770898 0.580952380952381 0.31207430340557274 0.5904761904761905 0.31207430340557274 0.7607142857142857 0.34179566563467495 0.7797619047619048 0.3461300309597523 0.7773809523809524 0.3510835913312694 0.7690476190476191 0.3609907120743034 0.75 0.36594427244582045 0.7321428571428571 0.37089783281733746 0.5857142857142857 0.37089783281733746 0.5738095238095238 0.3702786377708978 0.5714285714285714 0.3653250773993808 0.5619047619047619 0.3523219814241486 0.5619047619047619 
31 0.2674922600619195 0.5714285714285714 0.2631578947368421 0.580952380952381 0.2625386996904025 0.5833333333333334 0.25758513931888544 0.6071428571428571 0.25758513931888544 0.7321428571428571 0.2625386996904025 0.75 0.26377708978328174 0.7511904761904762 0.286687306501548 0.7511904761904762 0.3015479876160991 0.7214285714285714 0.31145510835913315 0.6738095238095239 0.31640866873065016 0.6345238095238095 0.31640866873065016 0.5821428571428572 0.3108359133126935 0.5714285714285714 0.2674922600619195 0.5714285714285714 