3 0.3027863777089783 0.34285714285714286 0.29721362229102166 0.3619047619047619 0.29721362229102166 0.37857142857142856 0.3021671826625387 0.5595238095238095 0.3027863777089783 0.5607142857142857 0.30835913312693497 0.5702380952380952 0.35541795665634673 0.5702380952380952 0.3609907120743034 0.5595238095238095 0.36594427244582045 0.530952380952381 0.36594427244582045 0.5011904761904762 0.3653250773993808 0.49523809523809526 0.3560371517027864 0.4380952380952381 0.3510835913312694 0.4107142857142857 0.3461300309597523 0.39166666666666666 0.33126934984520123 0.3619047619047619 0.32136222910216716 0.34404761904761905 0.3201238390092879 0.34285714285714286 0.3027863777089783 0.34285714285714286 
4 0.3572755417956656 0.38095238095238093 0.356656346749226 0.3821428571428571 0.356656346749226 0.569047619047619 0.3572755417956656 0.5702380952380952 0.3801857585139319 0.5702380952380952 0.3956656346749226 0.5607142857142857 0.3956656346749226 0.5059523809523809 0.38575851393188854 0.4380952380952381 0.37089783281733746 0.3821428571428571 0.3702786377708978 0.38095238095238093 0.3572755417956656 0.38095238095238093 
5 0.39690402476780184 0.3523809523809524 0.3913312693498452 0.3619047619047619 0.3863777089783282 0.37142857142857144 0.3814241486068111 0.4095238095238095 0.3814241486068111 0.5607142857142857 0.3863777089783282 0.5773809523809523 0.38699690402476783 0.5785714285714286 0.38823529411764707 0.5797619047619048 0.40990712074303404 0.5797619047619048 0.43034055727554177 0.5607142857142857 0.43529411764705883 0.5511904761904762 0.43529411764705883 0.5214285714285715 0.4297213622291022 0.4857142857142857 0.40990712074303404 0.38095238095238093 0.40495356037151703 0.3619047619047619 0.4006191950464396 0.3523809523809524 0.39690402476780184 0.3523809523809524 
6 0.42105263157894735 0.3333333333333333 0.41671826625387 0.3619047619047619 0.41609907120743034 0.3726190476190476 0.41114551083591333 0.5535714285714286 0.41114551083591333 0.5666666666666667 0.4117647058823529 0.5702380952380952 0.44458204334365325 0.5702380952380952 0.4501547987616099 0.5511904761904762 0.4501547987616099 0.4380952380952381 0.44953560371517026 0.42857142857142855 0.4452012383900929 0.4 0.43034055727554177 0.34404761904761905 0.42538699690402476 0.3333333333333333 0.42105263157894735 0.3333333333333333 
7 0.4458204334365325 0.3619047619047619 0.4408668730650155 0.38095238095238093 0.4408668730650155 0.5678571428571428 0.44148606811145513 0.569047619047619 0.45077399380804956 0.5797619047619048 0.465015479876161 0.5797619047619048 0.4786377708978328 0.5702380952380952 0.47987616099071206 0.569047619047619 0.47987616099071206 0.5261904761904762 0.47492260061919506 0.47619047619047616 0.465015479876161 0.3904761904761905 0.460061919504644 0.37142857142857144 0.4544891640866873 0.3619047619047619 0.4458204334365325 0.3619047619047619 
8 0.47554179566563465 0.37142857142857144 0.47058823529411764 0.4119047619047619 0.46563467492260063 0.47619047619047616 0.46563467492260063 0.5797619047619048 0.49411764705882355 0.5797619047619048 0.49473684210526314 0.5785714285714286 0.4996904024767802 0.5607142857142857 0.4996904024767802 0.42142857142857143 0.48978328173374613 0.3726190476190476 0.4885448916408669 0.37142857142857144 0.47554179566563465 0.37142857142857144 
9 0.5201238390092879 0.3523809523809524 0.5052631578947369 0.4095238095238095 0.5003095975232198 0.4380952380952381 0.4953560371517028 0.4773809523809524 0.4904024767801858 0.5619047619047619 0.4904024767801858 0.5773809523809523 0.49102167182662537 0.5797619047619048 0.5046439628482973 0.5797619047619048 0.5337461300309597 0.5702380952380952 0.5343653250773994 0.5678571428571428 0.5343653250773994 0.5523809523809524 0.5294117647058824 0.3547619047619048 0.5287925696594428 0.3523809523809524 0.5201238390092879 0.3523809523809524 
10 0.5411764705882353 0.3523809523809524 0.5399380804953561 0.3535714285714286 0.534984520123839 0.3619047619047619 0.530030959752322 0.38095238095238093 0.525077399380805 0.5142857142857142 0.525077399380805 0.5607142857142857 0.530030959752322 0.5702380952380952 0.5591331269349845 0.5702380952380952 0.5640866873065016 0.5511904761904762 0.5640866873065016 0.5047619047619047 0.5541795665634675 0.4023809523809524 0.5492260061919505 0.36428571428571427 0.5486068111455108 0.3619047619047619 0.5436532507739938 0.3523809523809524 0.5411764705882353 0.3523809523809524 
11 0.5659442724458205 0.34285714285714286 0.5647058823529412 0.34404761904761905 0.5603715170278638 0.3630952380952381 0.5597523219814241 0.36666666666666664 0.5547987616099072 0.4011904761904762 0.5498452012383901 0.44285714285714284 0.5498452012383901 0.4607142857142857 0.5547987616099072 0.5583333333333333 0.5554179566563467 0.5607142857142857 0.5597523219814241 0.5702380952380952 0.5839009287925696 0.5702380952380952 0.5888544891640867 0.5607142857142857 0.5938080495356037 0.5297619047619048 0.5938080495356037 0.4511904761904762 0.5839009287925696 0.37142857142857144 0.5789473684210527 0.3523809523809524 0.573374613003096 0.34285714285714286 0.5659442724458205 0.34285714285714286 
12 0.5944272445820433 0.38095238095238093 0.5894736842105263 0.3880952380952381 0.5845201238390093 0.4095238095238095 0.5845201238390093 0.5595238095238095 0.590092879256966 0.5702380952380952 0.6123839009287926 0.5702380952380952 0.6136222910216719 0.569047619047619 0.6185758513931888 0.5607142857142857 0.6235294117647059 0.5511904761904762 0.6235294117647059 0.4595238095238095 0.6185758513931888 0.4297619047619048 0.6086687306501548 0.38095238095238093 0.5944272445820433 0.38095238095238093 
13 0.6247678018575852 0.38095238095238093 0.6191950464396285 0.3904761904761905 0.6142414860681115 0.4380952380952381 0.6142414860681115 0.5595238095238095 0.6241486068111455 0.569047619047619 0.6260061919504644 0.5702380952380952 0.6427244582043343 0.5702380952380952 0.653250773993808 0.5511904761904762 0.653250773993808 0.5428571428571428 0.643343653250774 0.38095238095238093 0.6247678018575852 0.38095238095238093 
14 0.6544891640866873 0.3619047619047619 0.6489164086687307 0.37142857142857144 0.6439628482972136 0.3821428571428571 0.6390092879256966 0.4666666666666667 0.6390092879256966 0.49404761904761907 0.6439628482972136 0.5607142857142857 0.6873065015479877 0.5607142857142857 0.6879256965944273 0.5595238095238095 0.6922600619195046 0.55 0.6928792569659443 0.5476190476190477 0.6978328173374613 0.41785714285714287 0.6978328173374613 0.39166666666666666 0.6724458204334365 0.3619047619047619 0.6544891640866873 0.3619047619047619 
15 0.6934984520123839 0.37142857142857144 0.6891640866873066 0.3904761904761905 0.6885448916408669 0.39404761904761904 0.6835913312693499 0.4380952380952381 0.6835913312693499 0.5035714285714286 0.6885448916408669 0.5511904761904762 0.7176470588235294 0.5511904761904762 0.7374613003095976 0.5416666666666666 0.7424148606811145 0.5321428571428571 0.7424148606811145 0.4976190476190476 0.7226006191950465 0.3726190476190476 0.7207430340557276 0.37142857142857144 0.6934984520123839 0.37142857142857144 
18 0.6538699690402476 0.5619047619047619 0.6340557275541796 0.580952380952381 0.6340557275541796 0.6071428571428571 0.6538699690402476 0.6654761904761904 0.6637770897832818 0.6928571428571428 0.6835913312693499 0.7321428571428571 0.6934984520123839 0.7416666666666667 0.7213622291021672 0.7416666666666667 0.7226006191950465 0.7404761904761905 0.7226006191950465 0.7047619047619048 0.7027863777089783 0.5630952380952381 0.7009287925696595 0.5619047619047619 0.6538699690402476 0.5619047619047619 
20 0.5597523219814241 0.580952380952381 0.5547987616099072 0.5916666666666667 0.5547987616099072 0.6178571428571429 0.5696594427244582 0.6916666666666667 0.5795665634674922 0.7392857142857143 0.5894736842105263 0.7607142857142857 0.6074303405572755 0.7607142857142857 0.6086687306501548 0.7595238095238095 0.6086687306501548 0.6130952380952381 0.6037151702786377 0.5821428571428572 0.6024767801857586 0.580952380952381 0.5597523219814241 0.580952380952381 
21 0.544891640866873 0.580952380952381 0.5356037151702786 0.6 0.534984520123839 0.6035714285714285 0.534984520123839 0.6452380952380953 0.5399380804953561 0.6833333333333333 0.5498452012383901 0.7583333333333333 0.5547987616099072 0.7702380952380953 0.5653250773993808 0.7892857142857143 0.573374613003096 0.7892857142857143 0.5739938080495356 0.7880952380952381 0.5789473684210527 0.6988095238095238 0.5789473684210527 0.6869047619047619 0.5690402476780185 0.5821428571428572 0.5678018575851393 0.580952380952381 0.544891640866873 0.580952380952381 
22 0.5201238390092879 0.580952380952381 0.5151702786377709 0.6107142857142858 0.5151702786377709 0.7178571428571429 0.5201238390092879 0.7595238095238095 0.525077399380805 0.7785714285714286 0.5294117647058824 0.7797619047619048 0.5442724458204334 0.7797619047619048 0.5535603715170279 0.7607142857142857 0.5541795665634675 0.7583333333333333 0.5541795665634675 0.7047619047619048 0.5393188854489164 0.5916666666666667 0.5343653250773994 0.5821428571428572 0.5312693498452012 0.580952380952381 0.5201238390092879 0.580952380952381 
23 0.49597523219814244 0.5904761904761905 0.4953560371517028 0.5916666666666667 0.4953560371517028 0.7511904761904762 0.496594427244582 0.7607142857142857 0.5040247678018576 0.7607142857142857 0.5095975232198142 0.7511904761904762 0.5145510835913313 0.7130952380952381 0.5244582043343653 0.6166666666666667 0.5244582043343653 0.594047619047619 0.5238390092879257 0.5904761904761905 0.49597523219814244 0.5904761904761905 
24 0.47554179566563465 0.5904761904761905 0.47554179566563465 0.6261904761904762 0.4804953560371517 0.7023809523809523 0.4854489164086687 0.7416666666666667 0.49102167182662537 0.7595238095238095 0.49287925696594426 0.7607142857142857 0.4996904024767802 0.7607142857142857 0.4996904024767802 0.5916666666666667 0.49907120743034056 0.5904761904761905 0.47554179566563465 0.5904761904761905 
25 0.4613003095975232 0.5904761904761905 0.46068111455108357 0.5916666666666667 0.46068111455108357 0.7226190476190476 0.46563467492260063 0.7607142857142857 0.47492260061919506 0.7607142857142857 0.47987616099071206 0.7392857142857143 0.4848297213622291 0.7119047619047619 0.4848297213622291 0.6202380952380953 0.47987616099071206 0.5904761904761905 0.4613003095975232 0.5904761904761905 
26 0.45077399380804956 0.580952380952381 0.4458204334365325 0.5904761904761905 0.4458204334365325 0.6845238095238095 0.45077399380804956 0.7321428571428571 0.45572755417956656 0.7607142857142857 0.465015479876161 0.7607142857142857 0.47492260061919506 0.5976190476190476 0.47492260061919506 0.580952380952381 0.45077399380804956 0.580952380952381 
27 0.4309597523219814 0.580952380952381 0.42105263157894735 0.6011904761904762 0.41609907120743034 0.6440476190476191 0.41609907120743034 0.7595238095238095 0.421671826625387 0.7702380952380953 0.4340557275541796 0.7702380952380953 0.44024767801857584 0.75 0.4501547987616099 0.7011904761904761 0.4501547987616099 0.5916666666666667 0.4452012383900929 0.5821428571428572 0.443343653250774 0.580952380952381 0.4309597523219814 0.580952380952381 
28 0.4018575851393189 0.580952380952381 0.39628482972136225 0.5904761904761905 0.3913312693498452 0.6 0.3913312693498452 0.7511904761904762 0.39690402476780184 0.7678571428571429 0.39876160990712073 0.7702380952380953 0.40990712074303404 0.7702380952380953 0.4105263157894737 0.7690476190476191 0.4154798761609907 0.7511904761904762 0.43034055727554177 0.6083333333333333 0.43034055727554177 0.6023809523809524 0.4297213622291022 0.6 0.42538699690402476 0.5904761904761905 0.4198142414860681 0.580952380952381 0.4018575851393189 0.580952380952381 
29 0.3671826625386997 0.580952380952381 0.36160990712074303 0.5904761904761905 0.36160990712074303 0.6345238095238095 0.3715170278637771 0.7702380952380953 0.38390092879256965 0.7702380952380953 0.38575851393188854 0.7690476190476191 0.3907120743034056 0.7583333333333333 0.3956656346749226 0.7416666666666667 0.4006191950464396 0.6083333333333333 0.4006191950464396 0.580952380952381 0.3671826625386997 0.580952380952381 
31 0.3065015479876161 0.5523809523809524 0.3021671826625387 0.5535714285714286 0.2873065015479876 0.5630952380952381 0.2674922600619195 0.638095238095238 0.2625386996904025 0.6571428571428571 0.25758513931888544 0.6880952380952381 0.25758513931888544 0.7214285714285714 0.2582043343653251 0.7226190476190476 0.26873065015479874 0.7416666666666667 0.28606811145510835 0.7416666666666667 0.29659442724458207 0.7321428571428571 0.3263157894736842 0.675 0.3411764705882353 0.6452380952380953 0.3455108359133127 0.6357142857142857 0.3461300309597523 0.6321428571428571 0.3461300309597523 0.5916666666666667 0.34055727554179566 0.580952380952381 0.31145510835913315 0.5535714285714286 0.3089783281733746 0.5523809523809524 0.3065015479876161 0.5523809523809524 