2 0.3027863777089783 0.3238095238095238 0.29721362229102166 0.34404761904761905 0.29226006191950465 0.375 0.2823529411764706 0.46785714285714286 0.2823529411764706 0.4928571428571429 0.2873065015479876 0.5023809523809524 0.3021671826625387 0.513095238095238 0.33126934984520123 0.513095238095238 0.33622291021671824 0.48333333333333334 0.33622291021671824 0.4297619047619048 0.33126934984520123 0.38095238095238093 0.3263157894736842 0.34404761904761905 0.32136222910216716 0.3238095238095238 0.3027863777089783 0.3238095238095238 
3 0.34179566563467495 0.41904761904761906 0.3318885448916409 0.42857142857142855 0.3269349845201238 0.47619047619047616 0.3269349845201238 0.5226190476190476 0.3702786377708978 0.5226190476190476 0.37089783281733746 0.5214285714285715 0.37089783281733746 0.44166666666666665 0.3702786377708978 0.4392857142857143 0.3653250773993808 0.42857142857142855 0.35975232198142415 0.41904761904761906 0.34179566563467495 0.41904761904761906 
4 0.3826625386996904 0.3238095238095238 0.3764705882352941 0.3333333333333333 0.3715170278637771 0.3619047619047619 0.36656346749226004 0.39166666666666666 0.36656346749226004 0.5178571428571429 0.36780185758513934 0.5226190476190476 0.3715170278637771 0.5321428571428571 0.39504643962848296 0.5321428571428571 0.4006191950464396 0.5214285714285715 0.4055727554179567 0.5023809523809524 0.4055727554179567 0.4 0.4006191950464396 0.34523809523809523 0.4 0.34285714285714286 0.3956656346749226 0.3333333333333333 0.3907120743034056 0.3238095238095238 0.3826625386996904 0.3238095238095238 
5 0.40123839009287926 0.3238095238095238 0.39628482972136225 0.3333333333333333 0.3925696594427245 0.5142857142857142 0.3925696594427245 0.5178571428571429 0.39628482972136225 0.5321428571428571 0.40123839009287926 0.5404761904761904 0.40309597523219814 0.5416666666666666 0.4241486068111455 0.5416666666666666 0.43529411764705883 0.5321428571428571 0.43529411764705883 0.37142857142857144 0.43034055727554177 0.34404761904761905 0.42538699690402476 0.3333333333333333 0.42043343653250775 0.3238095238095238 0.40123839009287926 0.3238095238095238 
6 0.44643962848297214 0.3142857142857143 0.4408668730650155 0.3238095238095238 0.4309597523219814 0.4297619047619048 0.4309597523219814 0.55 0.43157894736842106 0.5511904761904762 0.4551083591331269 0.5511904761904762 0.469969040247678 0.49404761904761907 0.469969040247678 0.36428571428571427 0.465015479876161 0.3238095238095238 0.45944272445820433 0.31547619047619047 0.45758513931888545 0.3142857142857143 0.44643962848297214 0.3142857142857143 
7 0.4823529411764706 0.3333333333333333 0.4804953560371517 0.3345238095238095 0.47058823529411764 0.3535714285714286 0.46563467492260063 0.37142857142857144 0.45572755417956656 0.5047619047619047 0.45572755417956656 0.5416666666666666 0.4613003095975232 0.5511904761904762 0.4842105263157895 0.5511904761904762 0.4848297213622291 0.55 0.49473684210526314 0.4369047619047619 0.49473684210526314 0.34404761904761905 0.49411764705882355 0.34285714285714286 0.48978328173374613 0.3357142857142857 0.4873065015479876 0.3333333333333333 0.4823529411764706 0.3333333333333333 
8 0.5003095975232198 0.3523809523809524 0.4953560371517028 0.3619047619047619 0.4854489164086687 0.42857142857142855 0.4804953560371517 0.46904761904761905 0.4804953560371517 0.5416666666666666 0.49102167182662537 0.5607142857142857 0.5077399380804953 0.5607142857142857 0.5089783281733746 0.5595238095238095 0.5139318885448917 0.5511904761904762 0.5145510835913313 0.5452380952380952 0.5145510835913313 0.3523809523809524 0.5003095975232198 0.3523809523809524 
9 0.5201238390092879 0.3523809523809524 0.5157894736842106 0.3619047619047619 0.5151702786377709 0.36428571428571427 0.5102167182662539 0.45714285714285713 0.5102167182662539 0.5607142857142857 0.5436532507739938 0.5607142857142857 0.5442724458204334 0.5595238095238095 0.5442724458204334 0.4 0.5386996904024768 0.37142857142857144 0.5343653250773994 0.3535714285714286 0.5337461300309597 0.3523809523809524 0.5201238390092879 0.3523809523809524 
10 0.5547987616099072 0.34285714285714286 0.5504643962848297 0.3523809523809524 0.5498452012383901 0.35595238095238096 0.5399380804953561 0.49642857142857144 0.5399380804953561 0.5392857142857143 0.5405572755417957 0.5416666666666666 0.544891640866873 0.5511904761904762 0.5547987616099072 0.5607142857142857 0.5789473684210527 0.5607142857142857 0.58328173374613 0.5511904761904762 0.5839009287925696 0.5488095238095239 0.5839009287925696 0.42857142857142855 0.5789473684210527 0.39166666666666666 0.573374613003096 0.3619047619047619 0.5690402476780185 0.34285714285714286 0.5547987616099072 0.34285714285714286 
11 0.5845201238390093 0.3238095238095238 0.5795665634674922 0.3333333333333333 0.5795665634674922 0.5035714285714286 0.5845201238390093 0.5321428571428571 0.5944272445820433 0.5595238095238095 0.6043343653250774 0.5797619047619048 0.6185758513931888 0.5797619047619048 0.6185758513931888 0.45714285714285713 0.6136222910216719 0.4 0.5938080495356037 0.3238095238095238 0.5845201238390093 0.3238095238095238 
12 0.6043343653250774 0.37142857142857144 0.6043343653250774 0.40476190476190477 0.6142414860681115 0.5595238095238095 0.614860681114551 0.5607142857142857 0.6328173374613003 0.5607142857142857 0.648297213622291 0.5416666666666666 0.648297213622291 0.5047619047619047 0.6334365325077399 0.4095238095238095 0.6235294117647059 0.37142857142857144 0.6043343653250774 0.37142857142857144 
14 0.6637770897832818 0.3333333333333333 0.6538699690402476 0.3547619047619048 0.6439628482972136 0.45714285714285713 0.6439628482972136 0.5416666666666666 0.6489164086687307 0.5511904761904762 0.6674922600619195 0.5511904761904762 0.6928792569659443 0.5416666666666666 0.6928792569659443 0.4035714285714286 0.6879256965944273 0.37142857142857144 0.6829721362229102 0.3523809523809524 0.6730650154798762 0.3333333333333333 0.6637770897832818 0.3333333333333333 
15 0.713312693498452 0.3333333333333333 0.708359133126935 0.34285714285714286 0.698452012383901 0.3630952380952381 0.6934984520123839 0.38095238095238093 0.6885448916408669 0.4380952380952381 0.6885448916408669 0.5273809523809524 0.6891640866873066 0.530952380952381 0.6990712074303406 0.5416666666666666 0.7213622291021672 0.5416666666666666 0.7325077399380805 0.5321428571428571 0.7374613003095976 0.5226190476190476 0.7374613003095976 0.4488095238095238 0.7275541795665634 0.34285714285714286 0.7226006191950465 0.3333333333333333 0.713312693498452 0.3333333333333333 
17 0.7529411764705882 0.5047619047619047 0.7337461300309598 0.5154761904761904 0.7281733746130031 0.525 0.7232198142414861 0.5345238095238095 0.7232198142414861 0.5702380952380952 0.7430340557275542 0.6273809523809524 0.7479876160990712 0.6369047619047619 0.7634674922600619 0.6654761904761904 0.773374613003096 0.675 0.7869969040247679 0.675 0.7969040247678019 0.655952380952381 0.7969040247678019 0.6476190476190476 0.7962848297213623 0.6226190476190476 0.7919504643962848 0.580952380952381 0.7820433436532508 0.5238095238095238 0.7770897832817337 0.5047619047619047 0.7529411764705882 0.5047619047619047 
18 0.7034055727554179 0.5333333333333333 0.6885448916408669 0.5428571428571428 0.6786377708978328 0.5523809523809524 0.6786377708978328 0.5869047619047619 0.6934984520123839 0.6654761904761904 0.698452012383901 0.675 0.718266253869969 0.7119047619047619 0.7287925696594427 0.7226190476190476 0.7424148606811145 0.7226190476190476 0.7560371517027864 0.7130952380952381 0.7572755417956656 0.7107142857142857 0.7572755417956656 0.6952380952380952 0.7473684210526316 0.6285714285714286 0.7269349845201238 0.5428571428571428 0.7226006191950465 0.5333333333333333 0.7034055727554179 0.5333333333333333 
19 0.6650154798761609 0.5428571428571428 0.6637770897832818 0.544047619047619 0.6594427244582043 0.5523809523809524 0.6390092879256966 0.6023809523809524 0.6390092879256966 0.6273809523809524 0.6439628482972136 0.6845238095238095 0.6489164086687307 0.7035714285714286 0.6643962848297214 0.7416666666666667 0.6780185758513931 0.7416666666666667 0.6928792569659443 0.7226190476190476 0.6928792569659443 0.6666666666666666 0.6879256965944273 0.6130952380952381 0.6823529411764706 0.5654761904761905 0.6817337461300309 0.5619047619047619 0.6780185758513931 0.5535714285714286 0.6773993808049535 0.5523809523809524 0.6718266253869969 0.5428571428571428 0.6650154798761609 0.5428571428571428 
20 0.6043343653250774 0.5714285714285714 0.6043343653250774 0.5988095238095238 0.6142414860681115 0.6547619047619048 0.6241486068111455 0.7023809523809523 0.6340557275541796 0.7416666666666667 0.6390092879256966 0.7607142857142857 0.6439628482972136 0.7702380952380953 0.6501547987616099 0.7785714285714286 0.6526315789473685 0.7797619047619048 0.653250773993808 0.7797619047619048 0.6582043343653251 0.7702380952380953 0.6582043343653251 0.7071428571428572 0.643343653250774 0.5726190476190476 0.6421052631578947 0.5714285714285714 0.6043343653250774 0.5714285714285714 
21 0.5944272445820433 0.5523809523809524 0.5845201238390093 0.5714285714285714 0.5845201238390093 0.6202380952380953 0.5894736842105263 0.6642857142857143 0.5944272445820433 0.694047619047619 0.5993808049535604 0.7202380952380952 0.6043343653250774 0.7404761904761905 0.6099071207430341 0.7607142857142857 0.6235294117647059 0.7607142857142857 0.6235294117647059 0.6488095238095238 0.6185758513931888 0.6023809523809524 0.6179566563467492 0.6 0.6030959752321982 0.5523809523809524 0.5944272445820433 0.5523809523809524 
22 0.5659442724458205 0.5619047619047619 0.5647058823529412 0.5630952380952381 0.5547987616099072 0.5821428571428572 0.5547987616099072 0.6166666666666667 0.5597523219814241 0.6738095238095239 0.5696594427244582 0.7416666666666667 0.5795665634674922 0.7988095238095239 0.5931888544891641 0.7988095238095239 0.5987616099071208 0.7880952380952381 0.5987616099071208 0.7071428571428572 0.5938080495356037 0.6476190476190476 0.5888544891640867 0.6011904761904762 0.5839009287925696 0.5726190476190476 0.5789473684210527 0.5619047619047619 0.5659442724458205 0.5619047619047619 
23 0.530030959752322 0.5714285714285714 0.525077399380805 0.5821428571428572 0.525077399380805 0.6369047619047619 0.5399380804953561 0.7214285714285714 0.5455108359133127 0.7416666666666667 0.5498452012383901 0.7511904761904762 0.5547987616099072 0.7607142857142857 0.5634674922600619 0.7607142857142857 0.5640866873065016 0.7595238095238095 0.5640866873065016 0.6964285714285714 0.5591331269349845 0.6238095238095238 0.5541795665634675 0.5738095238095238 0.5535603715170279 0.5714285714285714 0.530030959752322 0.5714285714285714 
24 0.5003095975232198 0.580952380952381 0.5003095975232198 0.6166666666666667 0.5102167182662539 0.7023809523809523 0.5157894736842106 0.7321428571428571 0.5201238390092879 0.7416666666666667 0.5256965944272446 0.7511904761904762 0.5337461300309597 0.7511904761904762 0.5343653250773994 0.7488095238095238 0.5343653250773994 0.6761904761904762 0.5294117647058824 0.5845238095238096 0.5287925696594428 0.5821428571428572 0.5275541795665635 0.580952380952381 0.5003095975232198 0.580952380952381 
25 0.48297213622291024 0.6 0.4804953560371517 0.6011904761904762 0.4804953560371517 0.6654761904761904 0.4904024767801858 0.7321428571428571 0.49597523219814244 0.7511904761904762 0.5095975232198142 0.7511904761904762 0.5095975232198142 0.6488095238095238 0.5046439628482973 0.6023809523809524 0.503405572755418 0.6 0.48297213622291024 0.6 
26 0.4693498452012384 0.5523809523809524 0.46563467492260063 0.5535714285714286 0.4613003095975232 0.5619047619047619 0.46068111455108357 0.5642857142857143 0.46068111455108357 0.7119047619047619 0.46563467492260063 0.7488095238095238 0.4662538699690402 0.7511904761904762 0.47987616099071206 0.7511904761904762 0.4848297213622291 0.7404761904761905 0.48978328173374613 0.6083333333333333 0.48978328173374613 0.5619047619047619 0.47554179566563465 0.5523809523809524 0.4693498452012384 0.5523809523809524 
27 0.44458204334365325 0.5523809523809524 0.4408668730650155 0.5535714285714286 0.4359133126934985 0.5619047619047619 0.4309597523219814 0.5714285714285714 0.4260061919504644 0.6095238095238096 0.4260061919504644 0.7226190476190476 0.4309597523219814 0.7857142857142857 0.43157894736842106 0.7892857142857143 0.4452012383900929 0.7892857142857143 0.4501547987616099 0.7702380952380953 0.460061919504644 0.6833333333333333 0.465015479876161 0.6357142857142857 0.465015479876161 0.580952380952381 0.460061919504644 0.5630952380952381 0.4551083591331269 0.5535714285714286 0.45325077399380803 0.5523809523809524 0.44458204334365325 0.5523809523809524 
28 0.4117647058823529 0.5523809523809524 0.40123839009287926 0.5726190476190476 0.39628482972136225 0.6488095238095238 0.39628482972136225 0.7511904761904762 0.40123839009287926 0.7607142857142857 0.4154798761609907 0.7607142857142857 0.42538699690402476 0.7214285714285714 0.43529411764705883 0.6166666666666667 0.43529411764705883 0.5726190476190476 0.43034055727554177 0.5619047619047619 0.42538699690402476 0.5523809523809524 0.4117647058823529 0.5523809523809524 
29 0.3876160990712074 0.5428571428571428 0.38204334365325077 0.5523809523809524 0.3764705882352941 0.5630952380952381 0.3715170278637771 0.6023809523809524 0.36656346749226004 0.6988095238095238 0.36656346749226004 0.7678571428571429 0.36780185758513934 0.7702380952380953 0.3845201238390093 0.7702380952380953 0.38575851393188854 0.7678571428571429 0.3956656346749226 0.7321428571428571 0.4006191950464396 0.6928571428571428 0.4055727554179567 0.6464285714285715 0.4105263157894737 0.5797619047619048 0.4105263157894737 0.5523809523809524 0.3956656346749226 0.5428571428571428 0.3876160990712074 0.5428571428571428 
30 0.3318885448916409 0.5428571428571428 0.3269349845201238 0.5630952380952381 0.3219814241486068 0.6761904761904762 0.3219814241486068 0.7261904761904762 0.32260061919504646 0.7321428571428571 0.3269349845201238 0.7416666666666667 0.3455108359133127 0.7416666666666667 0.3560371517027864 0.7226190476190476 0.3609907120743034 0.7119047619047619 0.3702786377708978 0.6845238095238095 0.37585139318885447 0.6630952380952381 0.38575851393188854 0.5702380952380952 0.38575851393188854 0.544047619047619 0.3851393188854489 0.5428571428571428 0.3318885448916409 0.5428571428571428 
31 0.29721362229102166 0.5142857142857142 0.29287925696594425 0.5238095238095238 0.2873065015479876 0.5428571428571428 0.27801857585139317 0.5904761904761905 0.2724458204334365 0.6202380952380953 0.2674922600619195 0.65 0.2674922600619195 0.7226190476190476 0.27925696594427246 0.7226190476190476 0.28173374613003094 0.7214285714285714 0.291640866873065 0.7130952380952381 0.31145510835913315 0.675 0.3157894736842105 0.6654761904761904 0.3256965944272446 0.6369047619047619 0.33126934984520123 0.6178571428571429 0.33622291021671824 0.569047619047619 0.33622291021671824 0.5357142857142857 0.33560371517027865 0.5333333333333333 0.31640866873065016 0.5142857142857142 0.29721362229102166 0.5142857142857142 
32 0.25882352941176473 0.4857142857142857 0.25758513931888544 0.4869047619047619 0.2532507739938081 0.49523809523809526 0.23281733746130032 0.5619047619047619 0.22786377708978328 0.5928571428571429 0.22786377708978328 0.6464285714285715 0.2371517027863777 0.6464285714285715 0.2513931888544892 0.6369047619047619 0.26191950464396285 0.6261904761904762 0.2718266253869969 0.6083333333333333 0.286687306501548 0.5797619047619048 0.291640866873065 0.569047619047619 0.29659442724458207 0.5488095238095239 0.29659442724458207 0.5154761904761904 0.291640866873065 0.5059523809523809 0.2718266253869969 0.4857142857142857 0.25882352941176473 0.4857142857142857 