1 0.2773993808049536 0.24761904761904763 0.27306501547987616 0.25833333333333336 0.2724458204334365 0.2630952380952381 0.2724458204334365 0.29404761904761906 0.2773993808049536 0.3202380952380952 0.27801857585139317 0.32261904761904764 0.2823529411764706 0.33214285714285713 0.2873065015479876 0.3416666666666667 0.2934984520123839 0.35119047619047616 0.31145510835913315 0.35119047619047616 0.32136222910216716 0.33095238095238094 0.32136222910216716 0.2869047619047619 0.31640866873065016 0.25833333333333336 0.31145510835913315 0.24761904761904763 0.2773993808049536 0.24761904761904763 
2 0.31826625386996904 0.2571428571428571 0.3170278637770898 0.25952380952380955 0.29721362229102166 0.3630952380952381 0.29721362229102166 0.40476190476190477 0.2978328173374613 0.4083333333333333 0.3077399380804954 0.4369047619047619 0.3126934984520124 0.44642857142857145 0.33126934984520123 0.44642857142857145 0.3411764705882353 0.4357142857142857 0.3510835913312694 0.4083333333333333 0.3609907120743034 0.35119047619047616 0.3609907120743034 0.2869047619047619 0.3504643962848297 0.26666666666666666 0.339938080495356 0.2571428571428571 0.31826625386996904 0.2571428571428571 
3 0.38204334365325077 0.2857142857142857 0.36160990712074303 0.3047619047619048 0.356656346749226 0.3142857142857143 0.3368421052631579 0.4119047619047619 0.3219814241486068 0.4869047619047619 0.3219814241486068 0.530952380952381 0.33250773993808047 0.5511904761904762 0.3653250773993808 0.5511904761904762 0.3752321981424149 0.5321428571428571 0.37585139318885447 0.5261904761904762 0.3907120743034056 0.30357142857142855 0.3907120743034056 0.2869047619047619 0.39009287925696595 0.2857142857142857 0.38204334365325077 0.2857142857142857 
4 0.41114551083591333 0.3047619047619048 0.39628482972136225 0.3333333333333333 0.3764705882352941 0.4095238095238095 0.3715170278637771 0.4392857142857143 0.3715170278637771 0.475 0.37708978328173376 0.4845238095238095 0.40495356037151703 0.4845238095238095 0.4105263157894737 0.475 0.4154798761609907 0.4654761904761905 0.43034055727554177 0.4083333333333333 0.43034055727554177 0.31547619047619047 0.42538699690402476 0.3047619047619048 0.41114551083591333 0.3047619047619048 
5 0.42724458204334365 0.34285714285714286 0.4260061919504644 0.34404761904761905 0.41114551083591333 0.4392857142857143 0.39628482972136225 0.5523809523809524 0.39628482972136225 0.5821428571428572 0.3975232198142415 0.5857142857142857 0.40619195046439627 0.5976190476190476 0.40743034055727556 0.5988095238095238 0.42910216718266253 0.5988095238095238 0.43034055727554177 0.5976190476190476 0.43962848297213625 0.5797619047619048 0.44024767801857584 0.5773809523809523 0.4501547987616099 0.475 0.4501547987616099 0.41904761904761906 0.44024767801857584 0.3619047619047619 0.43529411764705883 0.34285714285714286 0.42724458204334365 0.34285714285714286 
6 0.44148606811145513 0.2571428571428571 0.4359133126934985 0.26666666666666666 0.4309597523219814 0.2773809523809524 0.4309597523219814 0.3607142857142857 0.4458204334365325 0.475 0.45077399380804956 0.4845238095238095 0.465015479876161 0.4845238095238095 0.47987616099071206 0.4261904761904762 0.47987616099071206 0.305952380952381 0.47492260061919506 0.2869047619047619 0.46439628482972134 0.26666666666666666 0.4551083591331269 0.2571428571428571 0.44148606811145513 0.2571428571428571 
7 0.47554179566563465 0.34285714285714286 0.46068111455108357 0.46190476190476193 0.45077399380804956 0.5726190476190476 0.45077399380804956 0.5880952380952381 0.45572755417956656 0.6166666666666667 0.46068111455108357 0.6273809523809524 0.4693498452012384 0.6273809523809524 0.4842105263157895 0.6178571428571429 0.4848297213622291 0.6166666666666667 0.48978328173374613 0.5976190476190476 0.49473684210526314 0.4369047619047619 0.49473684210526314 0.3630952380952381 0.48978328173374613 0.3535714285714286 0.47987616099071206 0.34285714285714286 0.47554179566563465 0.34285714285714286 
8 0.4953560371517028 0.34285714285714286 0.4904024767801858 0.3535714285714286 0.4854489164086687 0.42857142857142855 0.4804953560371517 0.5428571428571428 0.4804953560371517 0.625 0.48111455108359136 0.6273809523809524 0.4904024767801858 0.6357142857142857 0.49226006191950467 0.6369047619047619 0.5095975232198142 0.6369047619047619 0.5188854489164086 0.6273809523809524 0.5195046439628483 0.6261904761904762 0.5232198142414861 0.6178571428571429 0.5244582043343653 0.6130952380952381 0.5294117647058824 0.5678571428571428 0.5294117647058824 0.4297619047619048 0.5244582043343653 0.38095238095238093 0.5195046439628483 0.3630952380952381 0.5089783281733746 0.34285714285714286 0.4953560371517028 0.34285714285714286 
9 0.5356037151702786 0.34285714285714286 0.530030959752322 0.3535714285714286 0.525077399380805 0.37142857142857144 0.5201238390092879 0.4035714285714286 0.5151702786377709 0.6107142857142858 0.5151702786377709 0.6178571428571429 0.5201238390092879 0.6273809523809524 0.5256965944272446 0.6369047619047619 0.5386996904024768 0.6369047619047619 0.5541795665634675 0.6273809523809524 0.5591331269349845 0.5892857142857143 0.5591331269349845 0.49523809523809526 0.5541795665634675 0.3738095238095238 0.5492260061919505 0.3523809523809524 0.5436532507739938 0.34285714285714286 0.5356037151702786 0.34285714285714286 
10 0.5572755417956656 0.3523809523809524 0.5547987616099072 0.3619047619047619 0.5498452012383901 0.4107142857142857 0.5498452012383901 0.6178571428571429 0.5603715170278638 0.6369047619047619 0.573374613003096 0.6369047619047619 0.5789473684210527 0.6261904761904762 0.5839009287925696 0.5892857142857143 0.5839009287925696 0.4988095238095238 0.5739938080495356 0.39166666666666666 0.5690402476780185 0.3547619047619048 0.5678018575851393 0.3523809523809524 0.5572755417956656 0.3523809523809524 
11 0.5752321981424149 0.2857142857142857 0.5746130030959752 0.2869047619047619 0.5696594427244582 0.305952380952381 0.5647058823529412 0.3523809523809524 0.5647058823529412 0.4642857142857143 0.5746130030959752 0.4845238095238095 0.5975232198142415 0.4845238095238095 0.5987616099071208 0.48333333333333334 0.6086687306501548 0.4142857142857143 0.6086687306501548 0.3142857142857143 0.5888544891640867 0.2857142857142857 0.5752321981424149 0.2857142857142857 
12 0.604953560371517 0.3238095238095238 0.6043343653250774 0.325 0.5944272445820433 0.4380952380952381 0.5944272445820433 0.5511904761904762 0.5993808049535604 0.6059523809523809 0.6 0.6083333333333333 0.6099071207430341 0.6178571428571429 0.6229102167182663 0.6178571428571429 0.628482972136223 0.6083333333333333 0.6328173374613003 0.5892857142857143 0.6328173374613003 0.5476190476190477 0.6235294117647059 0.3619047619047619 0.6179566563467492 0.34285714285714286 0.6136222910216719 0.3333333333333333 0.6086687306501548 0.325 0.6061919504643963 0.3238095238095238 0.604953560371517 0.3238095238095238 
13 0.6099071207430341 0.3333333333333333 0.6092879256965944 0.3345238095238095 0.6092879256965944 0.35 0.6142414860681115 0.4369047619047619 0.6191950464396285 0.48333333333333334 0.6241486068111455 0.5095238095238095 0.6253869969040248 0.5119047619047619 0.6266253869969041 0.513095238095238 0.6606811145510836 0.513095238095238 0.6619195046439629 0.5119047619047619 0.6631578947368421 0.5095238095238095 0.6631578947368421 0.4869047619047619 0.653250773993808 0.42857142857142855 0.643343653250774 0.3821428571428571 0.638390092879257 0.3630952380952381 0.6235294117647059 0.3333333333333333 0.6099071207430341 0.3333333333333333 
14 0.6489164086687307 0.3238095238095238 0.6340557275541796 0.3523809523809524 0.6340557275541796 0.37976190476190474 0.6390092879256966 0.41785714285714287 0.6588235294117647 0.5595238095238095 0.6637770897832818 0.5702380952380952 0.6829721362229102 0.5702380952380952 0.7021671826625387 0.5511904761904762 0.7027863777089783 0.55 0.7071207430340557 0.5321428571428571 0.7077399380804954 0.5273809523809524 0.7077399380804954 0.5142857142857142 0.7027863777089783 0.4773809523809524 0.6879256965944273 0.3821428571428571 0.6773993808049535 0.3333333333333333 0.6730650154798762 0.325 0.6718266253869969 0.3238095238095238 0.6489164086687307 0.3238095238095238 
15 0.6736842105263158 0.29523809523809524 0.6643962848297214 0.3047619047619048 0.6637770897832818 0.305952380952381 0.6637770897832818 0.33214285714285713 0.6835913312693499 0.44642857142857145 0.6885448916408669 0.4654761904761905 0.7120743034055728 0.4654761904761905 0.7176470588235294 0.45476190476190476 0.7275541795665634 0.42738095238095236 0.7275541795665634 0.39166666666666666 0.7077399380804954 0.325 0.7027863777089783 0.3142857142857143 0.6928792569659443 0.29523809523809524 0.6736842105263158 0.29523809523809524 
16 0.708359133126935 0.2571428571428571 0.698452012383901 0.26666666666666666 0.6934984520123839 0.2761904761904762 0.6934984520123839 0.32142857142857145 0.708359133126935 0.36904761904761907 0.7102167182662539 0.37023809523809526 0.7325077399380805 0.37023809523809526 0.7424148606811145 0.35 0.7473684210526316 0.33095238095238094 0.7473684210526316 0.2892857142857143 0.7424148606811145 0.2761904761904762 0.7368421052631579 0.26666666666666666 0.7226006191950465 0.2571428571428571 0.708359133126935 0.2571428571428571 
17 0.7678018575851393 0.4666666666666667 0.7628482972136222 0.47619047619047616 0.7585139318885449 0.49523809523809526 0.7578947368421053 0.4988095238095238 0.7578947368421053 0.575 0.7585139318885449 0.5797619047619048 0.7628482972136222 0.5988095238095238 0.7727554179566564 0.6178571428571429 0.8018575851393189 0.6178571428571429 0.8111455108359134 0.5988095238095238 0.8117647058823529 0.5964285714285714 0.8117647058823529 0.5178571428571429 0.8111455108359134 0.5142857142857142 0.8068111455108359 0.49642857142857144 0.7969040247678019 0.47619047619047616 0.7869969040247679 0.46785714285714286 0.785139318885449 0.4666666666666667 0.7678018575851393 0.4666666666666667 
18 0.7331269349845201 0.5238095238095238 0.7232198142414861 0.5428571428571428 0.7188854489164087 0.5523809523809524 0.713312693498452 0.575 0.713312693498452 0.6369047619047619 0.7232198142414861 0.655952380952381 0.7442724458204334 0.6904761904761905 0.7529411764705882 0.7035714285714286 0.7628482972136222 0.7130952380952381 0.7764705882352941 0.7130952380952381 0.7863777089783281 0.7035714285714286 0.7919504643962848 0.694047619047619 0.8012383900928792 0.675 0.8018575851393189 0.6726190476190477 0.8018575851393189 0.6476190476190476 0.7962848297213623 0.6285714285714286 0.7622291021671826 0.5333333333333333 0.7572755417956656 0.5238095238095238 0.7331269349845201 0.5238095238095238 
19 0.698452012383901 0.5392857142857143 0.6891640866873066 0.5428571428571428 0.6650154798761609 0.5523809523809524 0.6588235294117647 0.5619047619047619 0.6588235294117647 0.6071428571428571 0.6687306501547987 0.6464285714285715 0.6941176470588235 0.7321428571428571 0.7034055727554179 0.7583333333333333 0.708359133126935 0.7702380952380953 0.7139318885448916 0.7797619047619048 0.7219814241486068 0.7797619047619048 0.7572755417956656 0.7321428571428571 0.7572755417956656 0.7071428571428572 0.7523219814241486 0.6869047619047619 0.7126934984520124 0.5523809523809524 0.7077399380804954 0.5428571428571428 0.7027863777089783 0.5392857142857143 0.698452012383901 0.5392857142857143 
20 0.6489164086687307 0.6190476190476191 0.6439628482972136 0.6297619047619047 0.6439628482972136 0.7130952380952381 0.6489164086687307 0.7773809523809524 0.6495356037151703 0.7797619047619048 0.6643962848297214 0.8083333333333333 0.6873065015479877 0.8083333333333333 0.6928792569659443 0.7988095238095239 0.6978328173374613 0.7880952380952381 0.6978328173374613 0.7142857142857143 0.6928792569659443 0.6880952380952381 0.6829721362229102 0.6476190476190476 0.6780185758513931 0.638095238095238 0.6681114551083591 0.6202380952380953 0.6662538699690402 0.6190476190476191 0.6489164086687307 0.6190476190476191 
21 0.6191950464396285 0.6 0.6092879256965944 0.6095238095238096 0.6092879256965944 0.6654761904761904 0.6191950464396285 0.7607142857142857 0.6241486068111455 0.7892857142857143 0.6297213622291021 0.8083333333333333 0.6390092879256966 0.8178571428571428 0.6476780185758514 0.8178571428571428 0.653250773993808 0.7988095238095239 0.6582043343653251 0.7797619047619048 0.6582043343653251 0.7714285714285715 0.653250773993808 0.6 0.6191950464396285 0.6 
22 0.5851393188854489 0.6095238095238096 0.5845201238390093 0.6107142857142858 0.5795665634674922 0.6309523809523809 0.5795665634674922 0.7130952380952381 0.5845201238390093 0.8273809523809523 0.5894736842105263 0.8464285714285714 0.5993808049535604 0.8547619047619047 0.6018575851393189 0.8559523809523809 0.6074303405572755 0.8559523809523809 0.6229102167182663 0.8464285714285714 0.628482972136223 0.8369047619047619 0.628482972136223 0.8035714285714286 0.6185758513931888 0.6869047619047619 0.6136222910216719 0.65 0.6086687306501548 0.6190476190476191 0.6037151702786377 0.6107142857142858 0.6024767801857586 0.6095238095238096 0.5851393188854489 0.6095238095238096 
23 0.5752321981424149 0.6095238095238096 0.5554179566563467 0.6190476190476191 0.5504643962848297 0.6285714285714286 0.5498452012383901 0.6309523809523809 0.5498452012383901 0.7023809523809523 0.5547987616099072 0.7976190476190477 0.5647058823529412 0.8178571428571428 0.578328173374613 0.8178571428571428 0.5839009287925696 0.8083333333333333 0.5888544891640867 0.6357142857142857 0.5888544891640867 0.6190476190476191 0.5789473684210527 0.6107142857142858 0.5770897832817338 0.6095238095238096 0.5752321981424149 0.6095238095238096 
24 0.5256965944272446 0.6190476190476191 0.525077399380805 0.6214285714285714 0.525077399380805 0.6630952380952381 0.5399380804953561 0.7785714285714286 0.5455108359133127 0.7892857142857143 0.5572755417956656 0.7892857142857143 0.5591331269349845 0.7880952380952381 0.5591331269349845 0.6309523809523809 0.5585139318885449 0.6285714285714286 0.5541795665634675 0.6190476190476191 0.5256965944272446 0.6190476190476191 
25 0.5151702786377709 0.6095238095238096 0.5052631578947369 0.6202380952380953 0.5003095975232198 0.6285714285714286 0.5003095975232198 0.6630952380952381 0.5052631578947369 0.7297619047619047 0.5102167182662539 0.7702380952380953 0.5201238390092879 0.7880952380952381 0.5213622291021672 0.7892857142857143 0.5343653250773994 0.7892857142857143 0.5393188854489164 0.7690476190476191 0.5393188854489164 0.7142857142857143 0.5343653250773994 0.6571428571428571 0.5294117647058824 0.6202380952380953 0.5244582043343653 0.6095238095238096 0.5151702786377709 0.6095238095238096 
26 0.4823529411764706 0.6 0.48111455108359136 0.6011904761904762 0.4761609907120743 0.6095238095238096 0.47554179566563465 0.6107142857142858 0.47554179566563465 0.7202380952380952 0.4804953560371517 0.7797619047619048 0.49597523219814244 0.7988095238095239 0.5089783281733746 0.7988095238095239 0.5145510835913313 0.7892857142857143 0.5195046439628483 0.7797619047619048 0.5195046439628483 0.7654761904761904 0.5095975232198142 0.6595238095238095 0.5046439628482973 0.6297619047619047 0.5040247678018576 0.6285714285714286 0.4842105263157895 0.6 0.4823529411764706 0.6 
27 0.4520123839009288 0.580952380952381 0.4458204334365325 0.5904761904761905 0.4408668730650155 0.6011904761904762 0.4359133126934985 0.6404761904761904 0.4309597523219814 0.6857142857142857 0.4309597523219814 0.8273809523809523 0.4408668730650155 0.8369047619047619 0.4551083591331269 0.8369047619047619 0.4693498452012384 0.8166666666666667 0.47492260061919506 0.8071428571428572 0.4792569659442725 0.7988095238095239 0.47987616099071206 0.7952380952380952 0.4848297213622291 0.736904761904762 0.4848297213622291 0.7142857142857143 0.47987616099071206 0.6214285714285714 0.47492260061919506 0.6095238095238096 0.460061919504644 0.580952380952381 0.4520123839009288 0.580952380952381 
28 0.40743034055727556 0.5904761904761905 0.40619195046439627 0.5916666666666667 0.39628482972136225 0.6297619047619047 0.39628482972136225 0.7071428571428572 0.40123839009287926 0.7952380952380952 0.4068111455108359 0.8178571428571428 0.42538699690402476 0.8178571428571428 0.43034055727554177 0.8083333333333333 0.43529411764705883 0.7892857142857143 0.4452012383900929 0.6464285714285715 0.4452012383900929 0.6190476190476191 0.43529411764705883 0.5916666666666667 0.4346749226006192 0.5904761904761905 0.40743034055727556 0.5904761904761905 
29 0.3715170278637771 0.5714285714285714 0.36656346749226004 0.5833333333333334 0.36160990712074303 0.6 0.3269349845201238 0.725 0.3269349845201238 0.7416666666666667 0.3318885448916409 0.7595238095238095 0.3368421052631579 0.7702380952380953 0.3696594427244582 0.7702380952380953 0.38080495356037153 0.7607142857142857 0.38575851393188854 0.7404761904761905 0.4006191950464396 0.675 0.4105263157894737 0.6166666666666667 0.4105263157894737 0.5916666666666667 0.40990712074303404 0.5904761904761905 0.4043343653250774 0.580952380952381 0.3956656346749226 0.5714285714285714 0.3715170278637771 0.5714285714285714 
30 0.3269349845201238 0.5261904761904762 0.2873065015479876 0.6761904761904762 0.2873065015479876 0.7130952380952381 0.3027863777089783 0.7702380952380953 0.3263157894736842 0.7702380952380953 0.33622291021671824 0.7511904761904762 0.38080495356037153 0.5773809523809523 0.38080495356037153 0.5523809523809524 0.37585139318885447 0.544047619047619 0.3746130030959752 0.5428571428571428 0.33126934984520123 0.5261904761904762 0.3269349845201238 0.5261904761904762 
31 0.27306501547987616 0.5238095238095238 0.2674922600619195 0.5333333333333333 0.2625386996904025 0.544047619047619 0.22786377708978328 0.6476190476190476 0.22786377708978328 0.655952380952381 0.23281733746130032 0.6738095238095239 0.23777089783281732 0.6845238095238095 0.2476780185758514 0.7035714285714286 0.2532507739938081 0.7119047619047619 0.25510835913312696 0.7130952380952381 0.27678018575851393 0.7130952380952381 0.286687306501548 0.7035714285714286 0.29102167182662536 0.6916666666666667 0.32074303405572757 0.6083333333333333 0.3263157894736842 0.5869047619047619 0.3263157894736842 0.5666666666666667 0.32507739938080493 0.5619047619047619 0.3065015479876161 0.5333333333333333 0.2959752321981424 0.5238095238095238 0.27306501547987616 0.5238095238095238 
32 0.23281733746130032 0.47619047619047616 0.22291021671826625 0.49523809523809526 0.21795665634674924 0.5154761904761904 0.21795665634674924 0.5666666666666667 0.21857585139318886 0.5702380952380952 0.22291021671826625 0.5880952380952381 0.22786377708978328 0.6083333333333333 0.23281733746130032 0.6178571428571429 0.2513931888544892 0.6178571428571429 0.25696594427244585 0.6083333333333333 0.2718266253869969 0.5511904761904762 0.2718266253869969 0.5369047619047619 0.26687306501547986 0.5059523809523809 0.25696594427244585 0.47619047619047616 0.23281733746130032 0.47619047619047616 
A 0.4117647058823529 0.44761904761904764 0.3721362229102167 0.4666666666666667 0.3715170278637771 0.46785714285714286 0.36656346749226004 0.5238095238095238 0.36656346749226004 0.55 0.3715170278637771 0.5607142857142857 0.3764705882352941 0.5702380952380952 0.3956656346749226 0.5702380952380952 0.40990712074303404 0.5607142857142857 0.4105263157894737 0.5595238095238095 0.4154798761609907 0.5404761904761904 0.4154798761609907 0.44761904761904764 0.4117647058823529 0.44761904761904764 
C 0.443343653250774 0.4666666666666667 0.4421052631578947 0.46785714285714286 0.4408668730650155 0.47023809523809523 0.4309597523219814 0.5714285714285714 0.4309597523219814 0.5952380952380952 0.43157894736842106 0.5976190476190476 0.43343653250773995 0.5988095238095238 0.4544891640866873 0.5988095238095238 0.460061919504644 0.5797619047619048 0.465015479876161 0.5607142857142857 0.465015479876161 0.4976190476190476 0.460061919504644 0.4773809523809524 0.4551083591331269 0.4666666666666667 0.443343653250774 0.4666666666666667 
H 0.5795665634674922 0.47619047619047616 0.5746130030959752 0.4869047619047619 0.5746130030959752 0.6083333333333333 0.590092879256966 0.6178571428571429 0.5931888544891641 0.6178571428571429 0.6030959752321982 0.6083333333333333 0.6086687306501548 0.5988095238095238 0.6086687306501548 0.5714285714285714 0.5987616099071208 0.48928571428571427 0.5975232198142415 0.4857142857142857 0.5938080495356037 0.47619047619047616 0.5795665634674922 0.47619047619047616 
I 0.6247678018575852 0.49523809523809526 0.6241486068111455 0.5011904761904762 0.6241486068111455 0.5892857142857143 0.6390092879256966 0.5988095238095238 0.6476780185758514 0.5988095238095238 0.6575851393188854 0.5892857142857143 0.6631578947368421 0.5797619047619048 0.6631578947368421 0.49523809523809526 0.6247678018575852 0.49523809523809526 