1 0.27801857585139317 0.34285714285714286 0.2724458204334365 0.34523809523809523 0.26811145510835915 0.3523809523809524 0.2625386996904025 0.3619047619047619 0.23777089783281732 0.4392857142857143 0.23777089783281732 0.475 0.25758513931888544 0.513095238095238 0.2712074303405573 0.513095238095238 0.28173374613003094 0.49404761904761907 0.286687306501548 0.4738095238095238 0.291640866873065 0.44642857142857145 0.291640866873065 0.34285714285714286 0.27801857585139317 0.34285714285714286 
2 0.29287925696594425 0.4 0.2873065015479876 0.4107142857142857 0.2625386996904025 0.5428571428571428 0.2625386996904025 0.5797619047619048 0.2773993808049536 0.5988095238095238 0.3058823529411765 0.5988095238095238 0.3065015479876161 0.5964285714285714 0.3108359133126935 0.5702380952380952 0.31145510835913315 0.5654761904761905 0.31145510835913315 0.4392857142857143 0.3065015479876161 0.4 0.29287925696594425 0.4 
3 0.3219814241486068 0.41904761904761906 0.3170278637770898 0.42857142857142855 0.31207430340557274 0.46904761904761905 0.3021671826625387 0.5642857142857143 0.3021671826625387 0.5892857142857143 0.33746130030959753 0.6083333333333333 0.3504643962848297 0.6083333333333333 0.3560371517027864 0.5988095238095238 0.3560371517027864 0.5619047619047619 0.3461300309597523 0.44761904761904764 0.3411764705882353 0.42857142857142855 0.33622291021671824 0.41904761904761906 0.3219814241486068 0.41904761904761906 
4 0.3572755417956656 0.4095238095238095 0.356656346749226 0.4107142857142857 0.35170278637770896 0.4666666666666667 0.35170278637770896 0.5869047619047619 0.3523219814241486 0.5892857142857143 0.356656346749226 0.6047619047619047 0.35789473684210527 0.6071428571428571 0.35975232198142415 0.6083333333333333 0.3801857585139319 0.6083333333333333 0.38080495356037153 0.6071428571428571 0.38080495356037153 0.4857142857142857 0.37585139318885447 0.4488095238095238 0.36594427244582045 0.4095238095238095 0.3572755417956656 0.4095238095238095 
5 0.3826625386996904 0.4 0.37708978328173376 0.4095238095238095 0.3764705882352941 0.4107142857142857 0.3764705882352941 0.5988095238095238 0.3913312693498452 0.6083333333333333 0.4055727554179567 0.6083333333333333 0.40990712074303404 0.5976190476190476 0.4105263157894737 0.594047619047619 0.4105263157894737 0.5273809523809524 0.4055727554179567 0.49642857142857144 0.3956656346749226 0.4392857142857143 0.38575851393188854 0.4 0.3826625386996904 0.4 
6 0.40804953560371515 0.37142857142857144 0.4068111455108359 0.3726190476190476 0.40619195046439627 0.3738095238095238 0.40123839009287926 0.3904761904761905 0.40123839009287926 0.5178571428571429 0.40619195046439627 0.5880952380952381 0.41114551083591333 0.5988095238095238 0.41609907120743034 0.6071428571428571 0.4173374613003096 0.6083333333333333 0.4346749226006192 0.6083333333333333 0.43529411764705883 0.6059523809523809 0.43529411764705883 0.5190476190476191 0.4297213622291022 0.47619047619047616 0.4154798761609907 0.37142857142857144 0.40804953560371515 0.37142857142857144 
7 0.4408668730650155 0.4095238095238095 0.43653250773993807 0.42023809523809524 0.4359133126934985 0.4226190476190476 0.4359133126934985 0.6166666666666667 0.43653250773993807 0.6178571428571429 0.465015479876161 0.6178571428571429 0.465015479876161 0.46785714285714286 0.460061919504644 0.41904761904761906 0.4551083591331269 0.4095238095238095 0.4408668730650155 0.4095238095238095 
8 0.47058823529411764 0.37142857142857144 0.46563467492260063 0.41904761904761906 0.46068111455108357 0.544047619047619 0.46068111455108357 0.6071428571428571 0.46563467492260063 0.6261904761904762 0.46687306501547987 0.6273809523809524 0.49473684210526314 0.6273809523809524 0.49473684210526314 0.4726190476190476 0.48978328173374613 0.38095238095238093 0.4842105263157895 0.37142857142857144 0.47058823529411764 0.37142857142857144 
9 0.5052631578947369 0.3904761904761905 0.5003095975232198 0.4095238095238095 0.4904024767801858 0.544047619047619 0.4904024767801858 0.5880952380952381 0.4953560371517028 0.6178571428571429 0.5294117647058824 0.6178571428571429 0.5294117647058824 0.4380952380952381 0.5244582043343653 0.4 0.5188854489164086 0.3904761904761905 0.5052631578947369 0.3904761904761905 
10 0.5374613003095975 0.41904761904761906 0.534984520123839 0.42023809523809524 0.530030959752322 0.4297619047619048 0.525077399380805 0.5535714285714286 0.525077399380805 0.5964285714285714 0.5256965944272446 0.5988095238095238 0.530030959752322 0.6083333333333333 0.5591331269349845 0.6083333333333333 0.5591331269349845 0.5154761904761904 0.5541795665634675 0.45714285714285713 0.5492260061919505 0.41904761904761906 0.5374613003095975 0.41904761904761906 
11 0.5863777089783282 0.38095238095238093 0.5845201238390093 0.3821428571428571 0.5795665634674922 0.3904761904761905 0.5746130030959752 0.4 0.5696594427244582 0.42857142857142855 0.5547987616099072 0.5154761904761904 0.5547987616099072 0.5607142857142857 0.5597523219814241 0.5988095238095238 0.5647058823529412 0.6154761904761905 0.5653250773993808 0.6166666666666667 0.5671826625386996 0.6178571428571429 0.5789473684210527 0.6178571428571429 0.5888544891640867 0.5988095238095238 0.5888544891640867 0.38095238095238093 0.5863777089783282 0.38095238095238093 
12 0.6043343653250774 0.4095238095238095 0.5993808049535604 0.41904761904761906 0.5894736842105263 0.4857142857142857 0.5845201238390093 0.5714285714285714 0.5845201238390093 0.6083333333333333 0.6123839009287926 0.6083333333333333 0.6136222910216719 0.6059523809523809 0.6185758513931888 0.5880952380952381 0.6185758513931888 0.42023809523809524 0.6130030959752322 0.4095238095238095 0.6043343653250774 0.4095238095238095 
13 0.6340557275541796 0.4095238095238095 0.6241486068111455 0.42857142857142855 0.6191950464396285 0.4452380952380952 0.6142414860681115 0.4666666666666667 0.6092879256965944 0.580952380952381 0.6092879256965944 0.5964285714285714 0.6099071207430341 0.5988095238095238 0.6198142414860681 0.6083333333333333 0.6414860681114551 0.6083333333333333 0.643343653250774 0.6059523809523809 0.648297213622291 0.49404761904761907 0.648297213622291 0.425 0.6476780185758514 0.42142857142857143 0.6470588235294118 0.41904761904761906 0.643343653250774 0.4095238095238095 0.6340557275541796 0.4095238095238095 
14 0.660061919504644 0.41904761904761906 0.6588235294117647 0.42023809523809524 0.6538699690402476 0.4380952380952381 0.6489164086687307 0.4583333333333333 0.6390092879256966 0.5464285714285714 0.6390092879256966 0.6083333333333333 0.6823529411764706 0.6083333333333333 0.6879256965944273 0.5976190476190476 0.6879256965944273 0.4857142857142857 0.6829721362229102 0.4380952380952381 0.6780185758513931 0.41904761904761906 0.660061919504644 0.41904761904761906 
15 0.7034055727554179 0.4095238095238095 0.698452012383901 0.42023809523809524 0.6934984520123839 0.4380952380952381 0.6885448916408669 0.4666666666666667 0.6835913312693499 0.5190476190476191 0.6786377708978328 0.5904761904761905 0.6786377708978328 0.5988095238095238 0.7207430340557276 0.5988095238095238 0.7226006191950465 0.5976190476190476 0.7275541795665634 0.5880952380952381 0.7275541795665634 0.5523809523809524 0.7176470588235294 0.4107142857142857 0.7170278637770898 0.4095238095238095 0.7034055727554179 0.4095238095238095 
16 0.7337461300309598 0.37142857142857144 0.7281733746130031 0.38095238095238093 0.718266253869969 0.4 0.713312693498452 0.42142857142857143 0.713312693498452 0.5226190476190476 0.7374613003095976 0.5226190476190476 0.7517027863777089 0.513095238095238 0.7572755417956656 0.5023809523809524 0.7572755417956656 0.46904761904761905 0.7473684210526316 0.37142857142857144 0.7337461300309598 0.37142857142857144 
17 0.7430340557275542 0.6095238095238096 0.7281733746130031 0.6392857142857142 0.7281733746130031 0.6833333333333333 0.7331269349845201 0.7035714285714286 0.7380804953560371 0.7130952380952381 0.7628482972136222 0.7416666666666667 0.7814241486068112 0.7416666666666667 0.7962848297213623 0.7226190476190476 0.7969040247678019 0.7202380952380952 0.7969040247678019 0.6964285714285714 0.7764705882352941 0.6285714285714286 0.7721362229102167 0.6190476190476191 0.7671826625386997 0.6095238095238096 0.7430340557275542 0.6095238095238096 
18 0.6990712074303406 0.5904761904761905 0.6792569659442724 0.6 0.6786377708978328 0.6023809523809524 0.6786377708978328 0.655952380952381 0.6835913312693499 0.7 0.6885448916408669 0.7214285714285714 0.708359133126935 0.7690476190476191 0.7089783281733746 0.7702380952380953 0.7424148606811145 0.7702380952380953 0.7424148606811145 0.7047619047619048 0.7275541795665634 0.6011904761904762 0.7269349845201238 0.5976190476190476 0.725077399380805 0.5904761904761905 0.6990712074303406 0.5904761904761905 
19 0.6291021671826625 0.6 0.6291021671826625 0.6630952380952381 0.6340557275541796 0.7321428571428571 0.6439628482972136 0.7690476190476191 0.6538699690402476 0.7892857142857143 0.6631578947368421 0.7892857142857143 0.6829721362229102 0.7607142857142857 0.6829721362229102 0.7154761904761905 0.6780185758513931 0.6095238095238096 0.6730650154798762 0.6 0.6291021671826625 0.6 
20 0.6099071207430341 0.5904761904761905 0.5944272445820433 0.6 0.5944272445820433 0.6273809523809524 0.5993808049535604 0.680952380952381 0.6092879256965944 0.75 0.6142414860681115 0.7702380952380953 0.6198142414860681 0.7892857142857143 0.6247678018575852 0.7988095238095239 0.6371517027863777 0.7988095238095239 0.638390092879257 0.7976190476190477 0.638390092879257 0.7523809523809524 0.6334365325077399 0.6023809523809524 0.6328173374613003 0.6 0.6222910216718266 0.5904761904761905 0.6099071207430341 0.5904761904761905 
21 0.5795665634674922 0.5904761904761905 0.5746130030959752 0.6 0.5746130030959752 0.655952380952381 0.5795665634674922 0.7309523809523809 0.5845201238390093 0.7702380952380953 0.5944272445820433 0.7988095238095239 0.5993808049535604 0.8083333333333333 0.6080495356037152 0.8083333333333333 0.6130030959752322 0.7988095238095239 0.6136222910216719 0.7964285714285714 0.6136222910216719 0.7273809523809524 0.6037151702786377 0.6214285714285714 0.5987616099071208 0.6011904761904762 0.5981424148606811 0.6 0.5888544891640867 0.5904761904761905 0.5795665634674922 0.5904761904761905 
22 0.5578947368421052 0.580952380952381 0.544891640866873 0.6 0.544891640866873 0.680952380952381 0.5498452012383901 0.7119047619047619 0.5647058823529412 0.7702380952380953 0.5702786377708978 0.7892857142857143 0.5746130030959752 0.7988095238095239 0.58328173374613 0.7988095238095239 0.5888544891640867 0.7892857142857143 0.5888544891640867 0.7464285714285714 0.5789473684210527 0.6404761904761904 0.5739938080495356 0.6095238095238096 0.5684210526315789 0.5904761904761905 0.5640866873065016 0.5833333333333334 0.5591331269349845 0.580952380952381 0.5578947368421052 0.580952380952381 
23 0.5256965944272446 0.5904761904761905 0.5201238390092879 0.611904761904762 0.5201238390092879 0.694047619047619 0.525077399380805 0.7416666666666667 0.530030959752322 0.7785714285714286 0.5325077399380805 0.7797619047619048 0.5442724458204334 0.7797619047619048 0.5492260061919505 0.6142857142857143 0.5492260061919505 0.6 0.5343653250773994 0.5904761904761905 0.5256965944272446 0.5904761904761905 
24 0.5003095975232198 0.6095238095238096 0.5003095975232198 0.7035714285714286 0.5052631578947369 0.7488095238095238 0.5102167182662539 0.7702380952380953 0.5188854489164086 0.7702380952380953 0.5244582043343653 0.7595238095238095 0.5244582043343653 0.6095238095238096 0.5003095975232198 0.6095238095238096 
25 0.4904024767801858 0.580952380952381 0.47554179566563465 0.6190476190476191 0.47554179566563465 0.6273809523809524 0.4804953560371517 0.705952380952381 0.4854489164086687 0.7797619047619048 0.49907120743034056 0.7797619047619048 0.4996904024767802 0.7785714285714286 0.5046439628482973 0.6345238095238095 0.5046439628482973 0.6107142857142858 0.49907120743034056 0.580952380952381 0.4904024767801858 0.580952380952381 
26 0.4613003095975232 0.6 0.45572755417956656 0.6095238095238096 0.45572755417956656 0.6619047619047619 0.46068111455108357 0.7869047619047619 0.4613003095975232 0.7892857142857143 0.469969040247678 0.7892857142857143 0.47492260061919506 0.7702380952380953 0.47987616099071206 0.7488095238095238 0.4848297213622291 0.6273809523809524 0.4848297213622291 0.6190476190476191 0.469969040247678 0.6011904761904762 0.46873065015479876 0.6 0.4613003095975232 0.6 
27 0.4359133126934985 0.580952380952381 0.426625386996904 0.6 0.4260061919504644 0.6035714285714285 0.41114551083591333 0.780952380952381 0.41114551083591333 0.7976190476190477 0.4117647058823529 0.7988095238095239 0.44024767801857584 0.7988095238095239 0.4452012383900929 0.7892857142857143 0.4501547987616099 0.7702380952380953 0.4551083591331269 0.7416666666666667 0.4551083591331269 0.6095238095238096 0.44024767801857584 0.580952380952381 0.4359133126934985 0.580952380952381 
28 0.40123839009287926 0.5904761904761905 0.39690402476780184 0.6011904761904762 0.39628482972136225 0.6035714285714285 0.3913312693498452 0.7738095238095238 0.3913312693498452 0.8178571428571428 0.39442724458204337 0.8178571428571428 0.4105263157894737 0.8083333333333333 0.4198142414860681 0.7892857142857143 0.4241486068111455 0.7797619047619048 0.43034055727554177 0.7416666666666667 0.43034055727554177 0.6107142857142858 0.42538699690402476 0.6 0.4198142414860681 0.5904761904761905 0.40123839009287926 0.5904761904761905 
29 0.3764705882352941 0.5904761904761905 0.36656346749226004 0.6 0.36160990712074303 0.6095238095238096 0.36160990712074303 0.8071428571428572 0.36656346749226004 0.8178571428571428 0.3696594427244582 0.8178571428571428 0.38575851393188854 0.8083333333333333 0.39009287925696595 0.7892857142857143 0.3907120743034056 0.7857142857142857 0.3956656346749226 0.7380952380952381 0.4006191950464396 0.655952380952381 0.4006191950464396 0.6011904761904762 0.3956656346749226 0.5904761904761905 0.3764705882352941 0.5904761904761905 
30 0.32941176470588235 0.580952380952381 0.3269349845201238 0.5821428571428572 0.3170278637770898 0.5904761904761905 0.30712074303405573 0.7154761904761905 0.30712074303405573 0.7607142857142857 0.3368421052631579 0.7797619047619048 0.3510835913312694 0.7797619047619048 0.3560371517027864 0.7690476190476191 0.3609907120743034 0.7511904761904762 0.37089783281733746 0.6154761904761905 0.37089783281733746 0.6011904761904762 0.3696594427244582 0.6 0.33622291021671824 0.580952380952381 0.32941176470588235 0.580952380952381 
31 0.2736842105263158 0.5904761904761905 0.2724458204334365 0.5916666666666667 0.2674922600619195 0.6 0.2625386996904025 0.7047619047619048 0.2625386996904025 0.7071428571428572 0.2631578947368421 0.7416666666666667 0.2674922600619195 0.7607142857142857 0.2773993808049536 0.7797619047619048 0.29040247678018577 0.7797619047619048 0.291640866873065 0.7785714285714286 0.3065015479876161 0.7511904761904762 0.31145510835913315 0.7404761904761905 0.31640866873065016 0.7023809523809523 0.32136222910216716 0.6464285714285715 0.32136222910216716 0.5904761904761905 0.2736842105263158 0.5904761904761905 
32 0.23281733746130032 0.6095238095238096 0.22291021671826625 0.6285714285714286 0.20309597523219813 0.6761904761904762 0.19814241486068113 0.6952380952380952 0.19814241486068113 0.719047619047619 0.19876160990712075 0.7226190476190476 0.2130030959752322 0.7416666666666667 0.23653250773993809 0.7416666666666667 0.24705882352941178 0.7321428571428571 0.26687306501547986 0.7130952380952381 0.27678018575851393 0.6821428571428572 0.27678018575851393 0.6571428571428571 0.2718266253869969 0.638095238095238 0.25696594427244585 0.6095238095238096 0.23281733746130032 0.6095238095238096 