2 0.2978328173374613 0.38095238095238093 0.29721362229102166 0.38452380952380955 0.2823529411764706 0.4857142857142857 0.2823529411764706 0.5392857142857143 0.28297213622291023 0.5404761904761904 0.28421052631578947 0.5416666666666666 0.29721362229102166 0.5511904761904762 0.3195046439628483 0.5511904761904762 0.32074303405572757 0.55 0.3263157894736842 0.5404761904761904 0.33126934984520123 0.49404761904761907 0.33126934984520123 0.39166666666666666 0.3256965944272446 0.3821428571428571 0.32445820433436534 0.38095238095238093 0.2978328173374613 0.38095238095238093 
3 0.3473684210526316 0.4 0.3368421052631579 0.42023809523809524 0.3219814241486068 0.5142857142857142 0.3219814241486068 0.5583333333333333 0.32260061919504646 0.5607142857142857 0.32755417956656346 0.5702380952380952 0.3318885448916409 0.5773809523809523 0.3380804953560371 0.5797619047619048 0.3653250773993808 0.5797619047619048 0.37585139318885447 0.5595238095238095 0.37585139318885447 0.5059523809523809 0.36594427244582045 0.42142857142857143 0.3609907120743034 0.4011904761904762 0.3603715170278638 0.4 0.3473684210526316 0.4 
4 0.37708978328173376 0.3904761904761905 0.3715170278637771 0.4119047619047619 0.36656346749226004 0.4488095238095238 0.36656346749226004 0.5797619047619048 0.3721362229102167 0.5892857142857143 0.39009287925696595 0.5892857142857143 0.4105263157894737 0.5702380952380952 0.4105263157894737 0.544047619047619 0.3956656346749226 0.42857142857142855 0.3907120743034056 0.4011904761904762 0.38575851393188854 0.3904761904761905 0.37708978328173376 0.3904761904761905 
5 0.39690402476780184 0.3904761904761905 0.39628482972136225 0.39285714285714285 0.39628482972136225 0.5880952380952381 0.4018575851393189 0.5988095238095238 0.4198142414860681 0.5988095238095238 0.43529411764705883 0.5785714285714286 0.43529411764705883 0.5357142857142857 0.42043343653250775 0.4297619047619048 0.4154798761609907 0.4095238095238095 0.4105263157894737 0.4 0.3993808049535604 0.3904761904761905 0.39690402476780184 0.3904761904761905 
6 0.43157894736842106 0.37142857142857144 0.4260061919504644 0.4011904761904762 0.42105263157894735 0.4880952380952381 0.42105263157894735 0.5892857142857143 0.4260061919504644 0.5988095238095238 0.4321981424148607 0.6083333333333333 0.44953560371517026 0.6083333333333333 0.4544891640866873 0.5988095238095238 0.4551083591331269 0.5964285714285714 0.4551083591331269 0.5238095238095238 0.4452012383900929 0.3773809523809524 0.44458204334365325 0.37142857142857144 0.43157894736842106 0.37142857142857144 
7 0.46687306501547987 0.3904761904761905 0.46563467492260063 0.39166666666666666 0.46068111455108357 0.4035714285714286 0.45077399380804956 0.5547619047619048 0.45077399380804956 0.6083333333333333 0.4780185758513932 0.6083333333333333 0.4792569659442725 0.6071428571428571 0.47987616099071206 0.6023809523809524 0.47987616099071206 0.4 0.47492260061919506 0.3904761904761905 0.46687306501547987 0.3904761904761905 
8 0.49102167182662537 0.41904761904761906 0.48606811145510836 0.42857142857142855 0.47554179566563465 0.5535714285714286 0.47554179566563465 0.6083333333333333 0.4804953560371517 0.6178571428571429 0.48606811145510836 0.6273809523809524 0.5145510835913313 0.6273809523809524 0.5145510835913313 0.6 0.5095975232198142 0.4380952380952381 0.5046439628482973 0.41904761904761906 0.49102167182662537 0.41904761904761906 
9 0.5207430340557275 0.41904761904761906 0.5201238390092879 0.42023809523809524 0.5151702786377709 0.4392857142857143 0.5102167182662539 0.5226190476190476 0.5102167182662539 0.6166666666666667 0.5201238390092879 0.6273809523809524 0.5393188854489164 0.6273809523809524 0.5436532507739938 0.6178571428571429 0.5442724458204334 0.6154761904761905 0.5442724458204334 0.5523809523809524 0.5393188854489164 0.46904761904761905 0.5343653250773994 0.42023809523809524 0.5337461300309597 0.41904761904761906 0.5207430340557275 0.41904761904761906 
10 0.5455108359133127 0.4095238095238095 0.544891640866873 0.4107142857142857 0.5405572755417957 0.430952380952381 0.5399380804953561 0.43452380952380953 0.5399380804953561 0.6083333333333333 0.5634674922600619 0.6083333333333333 0.5690402476780185 0.5988095238095238 0.5690402476780185 0.5333333333333333 0.5591331269349845 0.42142857142857143 0.5541795665634675 0.4095238095238095 0.5455108359133127 0.4095238095238095 
11 0.5808049535603715 0.38095238095238093 0.5795665634674922 0.3821428571428571 0.5746130030959752 0.4095238095238095 0.5696594427244582 0.45714285714285713 0.5647058823529412 0.5535714285714286 0.5647058823529412 0.5892857142857143 0.5696594427244582 0.6083333333333333 0.5888544891640867 0.6083333333333333 0.5981424148606811 0.5892857142857143 0.5987616099071208 0.5857142857142857 0.5987616099071208 0.42857142857142855 0.5938080495356037 0.3821428571428571 0.5931888544891641 0.38095238095238093 0.5808049535603715 0.38095238095238093 
12 0.6043343653250774 0.3904761904761905 0.5944272445820433 0.42023809523809524 0.5894736842105263 0.5047619047619047 0.5894736842105263 0.5404761904761904 0.5944272445820433 0.5785714285714286 0.5993808049535604 0.5892857142857143 0.6043343653250774 0.5988095238095238 0.6229102167182663 0.5988095238095238 0.6235294117647059 0.5976190476190476 0.6235294117647059 0.39166666666666666 0.6229102167182663 0.3904761904761905 0.6043343653250774 0.3904761904761905 
13 0.6291021671826625 0.4095238095238095 0.6241486068111455 0.42023809523809524 0.6191950464396285 0.45714285714285713 0.6191950464396285 0.5773809523809523 0.6198142414860681 0.5797619047619048 0.6303405572755418 0.5892857142857143 0.6476780185758514 0.5892857142857143 0.648297213622291 0.5880952380952381 0.648297213622291 0.5059523809523809 0.643343653250774 0.42023809523809524 0.638390092879257 0.4095238095238095 0.6291021671826625 0.4095238095238095 
14 0.6538699690402476 0.3904761904761905 0.6489164086687307 0.4107142857142857 0.6439628482972136 0.4857142857142857 0.6439628482972136 0.5702380952380952 0.6538699690402476 0.5797619047619048 0.6674922600619195 0.5797619047619048 0.6873065015479877 0.5702380952380952 0.6879256965944273 0.5678571428571428 0.6879256965944273 0.5071428571428571 0.6681114551083591 0.39166666666666666 0.6674922600619195 0.3904761904761905 0.6538699690402476 0.3904761904761905 
15 0.6848297213622291 0.37142857142857144 0.6842105263157895 0.3726190476190476 0.6786377708978328 0.39404761904761904 0.6786377708978328 0.5119047619047619 0.6835913312693499 0.5392857142857143 0.6842105263157895 0.5416666666666666 0.6934984520123839 0.5511904761904762 0.7071207430340557 0.5511904761904762 0.7275541795665634 0.530952380952381 0.7275541795665634 0.4976190476190476 0.7219814241486068 0.47619047619047616 0.6922600619195046 0.37142857142857144 0.6848297213622291 0.37142857142857144 
18 0.6934984520123839 0.5714285714285714 0.6736842105263158 0.5904761904761905 0.6736842105263158 0.6369047619047619 0.6786377708978328 0.6547619047619048 0.6934984520123839 0.694047619047619 0.708359133126935 0.7226190476190476 0.7139318885448916 0.7321428571428571 0.7287925696594427 0.7511904761904762 0.7517027863777089 0.7511904761904762 0.7523219814241486 0.7488095238095238 0.7523219814241486 0.7071428571428572 0.7226006191950465 0.5904761904761905 0.7176470588235294 0.580952380952381 0.7120743034055728 0.5714285714285714 0.6934984520123839 0.5714285714285714 
19 0.6538699690402476 0.6 0.6303405572755418 0.6095238095238096 0.6291021671826625 0.6107142857142858 0.6291021671826625 0.6630952380952381 0.6489164086687307 0.7607142857142857 0.6588235294117647 0.7892857142857143 0.669969040247678 0.8083333333333333 0.6829721362229102 0.8083333333333333 0.7071207430340557 0.7892857142857143 0.7077399380804954 0.7869047619047619 0.7077399380804954 0.7571428571428571 0.7071207430340557 0.7523809523809524 0.6829721362229102 0.638095238095238 0.6780185758513931 0.6190476190476191 0.6724458204334365 0.6 0.6538699690402476 0.6 
20 0.6043343653250774 0.6190476190476191 0.5993808049535604 0.6392857142857142 0.5993808049535604 0.6845238095238095 0.6291021671826625 0.7797619047619048 0.6439628482972136 0.8166666666666667 0.6495356037151703 0.8273809523809523 0.6582043343653251 0.8273809523809523 0.6582043343653251 0.7833333333333333 0.638390092879257 0.6583333333333333 0.6328173374613003 0.6285714285714286 0.628482972136223 0.6190476190476191 0.6043343653250774 0.6190476190476191 
21 0.5808049535603715 0.6285714285714286 0.5746130030959752 0.638095238095238 0.5746130030959752 0.694047619047619 0.5894736842105263 0.7869047619047619 0.5944272445820433 0.8071428571428572 0.6043343653250774 0.8273809523809523 0.6130030959752322 0.8273809523809523 0.6136222910216719 0.8261904761904761 0.6136222910216719 0.7857142857142857 0.6086687306501548 0.6773809523809524 0.6037151702786377 0.638095238095238 0.5987616099071208 0.6285714285714286 0.5808049535603715 0.6285714285714286 
22 0.5498452012383901 0.6285714285714286 0.5498452012383901 0.7119047619047619 0.5597523219814241 0.8083333333333333 0.5647058823529412 0.8369047619047619 0.5696594427244582 0.8452380952380952 0.5715170278637771 0.8464285714285714 0.58328173374613 0.8464285714285714 0.5839009287925696 0.844047619047619 0.5882352941176471 0.8083333333333333 0.5888544891640867 0.8 0.5882352941176471 0.7714285714285715 0.5839009287925696 0.6869047619047619 0.5789473684210527 0.638095238095238 0.5739938080495356 0.6285714285714286 0.5498452012383901 0.6285714285714286 
23 0.525077399380805 0.638095238095238 0.525077399380805 0.6476190476190476 0.5256965944272446 0.655952380952381 0.530030959752322 0.7119047619047619 0.534984520123839 0.7702380952380953 0.5399380804953561 0.8071428571428572 0.5455108359133127 0.8166666666666667 0.5467492260061919 0.8178571428571428 0.5541795665634675 0.8178571428571428 0.5541795665634675 0.638095238095238 0.525077399380805 0.638095238095238 
24 0.5102167182662539 0.638095238095238 0.5102167182662539 0.7166666666666667 0.5151702786377709 0.7785714285714286 0.5201238390092879 0.7892857142857143 0.5256965944272446 0.7988095238095239 0.5386996904024768 0.7988095238095239 0.5393188854489164 0.7964285714285714 0.5393188854489164 0.7833333333333333 0.5343653250773994 0.6857142857142857 0.5294117647058824 0.6392857142857142 0.5287925696594428 0.638095238095238 0.5102167182662539 0.638095238095238 
25 0.4904024767801858 0.638095238095238 0.4904024767801858 0.7130952380952381 0.4953560371517028 0.7797619047619048 0.5009287925696595 0.7892857142857143 0.5089783281733746 0.7892857142857143 0.5145510835913313 0.7785714285714286 0.5145510835913313 0.7523809523809524 0.5095975232198142 0.6392857142857142 0.508359133126935 0.638095238095238 0.4904024767801858 0.638095238095238 
26 0.4724458204334365 0.638095238095238 0.47058823529411764 0.6392857142857142 0.47058823529411764 0.7309523809523809 0.47554179566563465 0.8083333333333333 0.48978328173374613 0.8083333333333333 0.4934984520123839 0.7988095238095239 0.49473684210526314 0.7952380952380952 0.49473684210526314 0.7535714285714286 0.48978328173374613 0.638095238095238 0.4724458204334365 0.638095238095238 
27 0.4458204334365325 0.6285714285714286 0.4408668730650155 0.6571428571428571 0.4408668730650155 0.719047619047619 0.45077399380804956 0.8464285714285714 0.46439628482972134 0.8464285714285714 0.469969040247678 0.8369047619047619 0.47492260061919506 0.7892857142857143 0.47492260061919506 0.6511904761904762 0.4743034055727554 0.6476190476190476 0.469969040247678 0.6297619047619047 0.4693498452012384 0.6285714285714286 0.4458204334365325 0.6285714285714286 
28 0.42105263157894735 0.6285714285714286 0.41609907120743034 0.638095238095238 0.40619195046439627 0.7916666666666666 0.40619195046439627 0.8154761904761905 0.4068111455108359 0.8166666666666667 0.40928792569659445 0.8178571428571428 0.42043343653250775 0.8178571428571428 0.4247678018575851 0.8083333333333333 0.4346749226006192 0.7797619047619048 0.44024767801857584 0.7595238095238095 0.4452012383900929 0.7309523809523809 0.4501547987616099 0.6654761904761904 0.4501547987616099 0.6476190476190476 0.44024767801857584 0.6285714285714286 0.42105263157894735 0.6285714285714286 
29 0.3925696594427245 0.6190476190476191 0.3913312693498452 0.6202380952380953 0.3863777089783282 0.6285714285714286 0.36656346749226004 0.7928571428571428 0.36656346749226004 0.8071428571428572 0.3671826625386997 0.8083333333333333 0.37894736842105264 0.8083333333333333 0.38080495356037153 0.8071428571428572 0.38575851393188854 0.7988095238095239 0.4006191950464396 0.7702380952380953 0.4105263157894737 0.7321428571428571 0.42043343653250775 0.6928571428571428 0.42538699690402476 0.6464285714285715 0.42538699690402476 0.6202380952380953 0.4241486068111455 0.6190476190476191 0.3925696594427245 0.6190476190476191 
30 0.3473684210526316 0.6 0.33746130030959753 0.6095238095238096 0.3368421052631579 0.611904761904762 0.30712074303405573 0.763095238095238 0.30712074303405573 0.7797619047619048 0.3318885448916409 0.8083333333333333 0.35541795665634673 0.8083333333333333 0.37089783281733746 0.7702380952380953 0.37585139318885447 0.75 0.38575851393188854 0.694047619047619 0.3956656346749226 0.6345238095238095 0.3956656346749226 0.6107142857142858 0.39504643962848296 0.6095238095238096 0.3696594427244582 0.6 0.3473684210526316 0.6 
31 0.29287925696594425 0.580952380952381 0.2873065015479876 0.5916666666666667 0.2532507739938081 0.7142857142857143 0.25263157894736843 0.7166666666666667 0.25263157894736843 0.7404761904761905 0.25386996904024767 0.7416666666666667 0.27306501547987616 0.7511904761904762 0.28606811145510835 0.7511904761904762 0.3015479876160991 0.7321428571428571 0.32136222910216716 0.694047619047619 0.33126934984520123 0.6738095238095239 0.33622291021671824 0.655952380952381 0.3461300309597523 0.6178571428571429 0.3461300309597523 0.6 0.32136222910216716 0.5821428571428572 0.3195046439628483 0.580952380952381 0.29287925696594425 0.580952380952381 