1 0.29226006191950465 0.3047619047619048 0.2773993808049536 0.3142857142857143 0.2674922600619195 0.3904761904761905 0.2674922600619195 0.4357142857142857 0.26811145510835915 0.4369047619047619 0.2873065015479876 0.45595238095238094 0.30526315789473685 0.45595238095238094 0.3065015479876161 0.45476190476190476 0.31145510835913315 0.44642857142857145 0.31640866873065016 0.4261904761904762 0.31640866873065016 0.34285714285714286 0.31145510835913315 0.31547619047619047 0.3065015479876161 0.305952380952381 0.3027863777089783 0.3047619047619048 0.29226006191950465 0.3047619047619048 
2 0.31331269349845203 0.37142857142857144 0.31207430340557274 0.3738095238095238 0.29226006191950465 0.46785714285714286 0.29226006191950465 0.5321428571428571 0.30835913312693497 0.5416666666666666 0.33622291021671824 0.5416666666666666 0.3411764705882353 0.42738095238095236 0.3411764705882353 0.4 0.33126934984520123 0.38095238095238093 0.32074303405572757 0.37142857142857144 0.31331269349845203 0.37142857142857144 
3 0.34674922600619196 0.37142857142857144 0.3318885448916409 0.49523809523809526 0.3318885448916409 0.5369047619047619 0.33250773993808047 0.5416666666666666 0.3368421052631579 0.5583333333333333 0.33746130030959753 0.5595238095238095 0.33869969040247677 0.5607142857142857 0.37585139318885447 0.5607142857142857 0.38080495356037153 0.5511904761904762 0.38575851393188854 0.5404761904761904 0.38575851393188854 0.4880952380952381 0.37585139318885447 0.39166666666666666 0.37089783281733746 0.37142857142857144 0.34674922600619196 0.37142857142857144 
4 0.3913312693498452 0.38095238095238093 0.3863777089783282 0.4119047619047619 0.3715170278637771 0.5428571428571428 0.3715170278637771 0.5607142857142857 0.3764705882352941 0.5702380952380952 0.3814241486068111 0.5773809523809523 0.38328173374613 0.5797619047619048 0.3938080495356037 0.5797619047619048 0.40495356037151703 0.5702380952380952 0.4105263157894737 0.5607142857142857 0.4154798761609907 0.5511904761904762 0.4154798761609907 0.45714285714285713 0.4105263157894737 0.3904761904761905 0.40495356037151703 0.38095238095238093 0.3913312693498452 0.38095238095238093 
5 0.42105263157894735 0.4 0.41609907120743034 0.4226190476190476 0.40123839009287926 0.5535714285714286 0.40123839009287926 0.5892857142857143 0.4154798761609907 0.5892857142857143 0.43529411764705883 0.5797619047619048 0.44024767801857584 0.569047619047619 0.44024767801857584 0.4 0.42105263157894735 0.4 
6 0.4359133126934985 0.3523809523809524 0.4260061919504644 0.5726190476190476 0.4260061919504644 0.5857142857142857 0.426625386996904 0.5892857142857143 0.4309597523219814 0.5988095238095238 0.4359133126934985 0.6083333333333333 0.4501547987616099 0.6083333333333333 0.4551083591331269 0.5988095238095238 0.45944272445820433 0.5892857142857143 0.460061919504644 0.5869047619047619 0.460061919504644 0.4095238095238095 0.4551083591331269 0.37142857142857144 0.4501547987616099 0.3523809523809524 0.4359133126934985 0.3523809523809524 
7 0.4563467492260062 0.4380952380952381 0.45572755417956656 0.44047619047619047 0.45572755417956656 0.6083333333333333 0.46068111455108357 0.6166666666666667 0.4674922600619195 0.6178571428571429 0.47987616099071206 0.6178571428571429 0.47987616099071206 0.5547619047619048 0.47492260061919506 0.4583333333333333 0.465015479876161 0.4380952380952381 0.4563467492260062 0.4380952380952381 
8 0.4854489164086687 0.4095238095238095 0.4804953560371517 0.42857142857142855 0.47554179566563465 0.5333333333333333 0.47554179566563465 0.6273809523809524 0.5046439628482973 0.6273809523809524 0.5095975232198142 0.6178571428571429 0.5095975232198142 0.5535714285714286 0.5046439628482973 0.42857142857142855 0.4996904024767802 0.4095238095238095 0.4854489164086687 0.4095238095238095 
9 0.5157894736842106 0.4095238095238095 0.5058823529411764 0.42857142857142855 0.5052631578947369 0.430952380952381 0.5052631578947369 0.6178571428571429 0.5102167182662539 0.6273809523809524 0.5343653250773994 0.6273809523809524 0.5393188854489164 0.5988095238095238 0.5393188854489164 0.5714285714285714 0.5343653250773994 0.4226190476190476 0.5337461300309597 0.41904761904761906 0.5294117647058824 0.4095238095238095 0.5157894736842106 0.4095238095238095 
10 0.5399380804953561 0.44761904761904764 0.534984520123839 0.46785714285714286 0.530030959752322 0.5619047619047619 0.530030959752322 0.6178571428571429 0.5535603715170279 0.6178571428571429 0.5585139318885449 0.6083333333333333 0.5591331269349845 0.6 0.5591331269349845 0.5928571428571429 0.5541795665634675 0.44761904761904764 0.5399380804953561 0.44761904761904764 
11 0.5578947368421052 0.38095238095238093 0.5547987616099072 0.3821428571428571 0.5498452012383901 0.4011904761904762 0.5498452012383901 0.5976190476190476 0.5597523219814241 0.6178571428571429 0.5770897832817338 0.6178571428571429 0.578328173374613 0.6166666666666667 0.5789473684210527 0.6154761904761905 0.5789473684210527 0.5333333333333333 0.5690402476780185 0.4 0.5640866873065016 0.38095238095238093 0.5578947368421052 0.38095238095238093 
12 0.5746130030959752 0.4 0.5702786377708978 0.4095238095238095 0.5696594427244582 0.4119047619047619 0.5696594427244582 0.5416666666666666 0.5746130030959752 0.5845238095238096 0.5752321981424149 0.5880952380952381 0.5851393188854489 0.5988095238095238 0.6080495356037152 0.5988095238095238 0.6086687306501548 0.594047619047619 0.6086687306501548 0.5428571428571428 0.5839009287925696 0.4011904761904762 0.58328173374613 0.4 0.5746130030959752 0.4 
13 0.604953560371517 0.3904761904761905 0.5993808049535604 0.4 0.5993808049535604 0.5511904761904762 0.6043343653250774 0.5785714285714286 0.604953560371517 0.5797619047619048 0.628482972136223 0.5797619047619048 0.6334365325077399 0.5511904761904762 0.6334365325077399 0.525 0.6185758513931888 0.39404761904761904 0.6179566563467492 0.3904761904761905 0.604953560371517 0.3904761904761905 
14 0.6340557275541796 0.38095238095238093 0.6297213622291021 0.3904761904761905 0.6291021671826625 0.39285714285714285 0.6241486068111455 0.4785714285714286 0.6241486068111455 0.5476190476190477 0.6260061919504644 0.5607142857142857 0.6291021671826625 0.5702380952380952 0.6520123839009287 0.5702380952380952 0.6730650154798762 0.5607142857142857 0.6730650154798762 0.3821428571428571 0.6724458204334365 0.38095238095238093 0.6340557275541796 0.38095238095238093 
15 0.6792569659442724 0.3523809523809524 0.6736842105263158 0.3619047619047619 0.6687306501547987 0.4773809523809524 0.6687306501547987 0.5380952380952381 0.6693498452012384 0.5416666666666666 0.679876160990712 0.55 0.6817337461300309 0.5511904761904762 0.6928792569659443 0.5511904761904762 0.7120743034055728 0.5416666666666666 0.7176470588235294 0.5226190476190476 0.7176470588235294 0.4857142857142857 0.7027863777089783 0.3535714285714286 0.7021671826625387 0.3523809523809524 0.6792569659442724 0.3523809523809524 
16 0.6947368421052632 0.3142857142857143 0.6842105263157895 0.3238095238095238 0.6835913312693499 0.3261904761904762 0.6835913312693499 0.35119047619047616 0.6990712074303406 0.4452380952380952 0.7034055727554179 0.45595238095238094 0.7126934984520124 0.45595238095238094 0.7318885448916409 0.44642857142857145 0.7374613003095976 0.4369047619047619 0.7424148606811145 0.42738095238095236 0.7424148606811145 0.38095238095238093 0.7176470588235294 0.3142857142857143 0.6947368421052632 0.3142857142857143 
17 0.7281733746130031 0.5619047619047619 0.7089783281733746 0.5904761904761905 0.708359133126935 0.5928571428571429 0.708359133126935 0.6452380952380953 0.7380804953560371 0.7035714285714286 0.7442724458204334 0.7130952380952381 0.7622291021671826 0.7130952380952381 0.7721362229102167 0.6642857142857143 0.7721362229102167 0.6392857142857142 0.7622291021671826 0.5904761904761905 0.7523219814241486 0.5714285714285714 0.7473684210526316 0.5630952380952381 0.7455108359133127 0.5619047619047619 0.7281733746130031 0.5619047619047619 
18 0.6637770897832818 0.5619047619047619 0.6588235294117647 0.5714285714285714 0.6588235294117647 0.6083333333333333 0.6637770897832818 0.6547619047619048 0.6786377708978328 0.7416666666666667 0.6891640866873066 0.7607142857142857 0.7021671826625387 0.7607142857142857 0.7176470588235294 0.7416666666666667 0.7176470588235294 0.7238095238095238 0.7126934984520124 0.5821428571428572 0.7077399380804954 0.5630952380952381 0.7071207430340557 0.5619047619047619 0.6637770897832818 0.5619047619047619 
19 0.614860681114551 0.580952380952381 0.6092879256965944 0.5904761904761905 0.6092879256965944 0.6261904761904762 0.6291021671826625 0.7226190476190476 0.6390092879256966 0.7511904761904762 0.6489164086687307 0.7702380952380953 0.6674922600619195 0.7702380952380953 0.6817337461300309 0.7607142857142857 0.6829721362229102 0.7595238095238095 0.6829721362229102 0.7345238095238096 0.6631578947368421 0.580952380952381 0.614860681114551 0.580952380952381 
20 0.6055727554179566 0.5904761904761905 0.5845201238390093 0.6 0.5845201238390093 0.6369047619047619 0.6241486068111455 0.7797619047619048 0.6377708978328174 0.7797619047619048 0.638390092879257 0.7773809523809524 0.638390092879257 0.7333333333333333 0.6235294117647059 0.6297619047619047 0.6136222910216719 0.5904761904761905 0.6055727554179566 0.5904761904761905 
21 0.5715170278637771 0.6095238095238096 0.5696594427244582 0.6107142857142858 0.5647058823529412 0.6297619047619047 0.5647058823529412 0.6619047619047619 0.5653250773993808 0.6654761904761904 0.5795665634674922 0.7309523809523809 0.5894736842105263 0.7607142857142857 0.5944272445820433 0.7702380952380953 0.6086687306501548 0.7702380952380953 0.6086687306501548 0.7428571428571429 0.5938080495356037 0.638095238095238 0.5888544891640867 0.611904761904762 0.5882352941176471 0.6107142857142858 0.5863777089783282 0.6095238095238096 0.5715170278637771 0.6095238095238096 
22 0.5455108359133127 0.6285714285714286 0.5399380804953561 0.6392857142857142 0.5399380804953561 0.7095238095238096 0.544891640866873 0.7666666666666667 0.5498452012383901 0.7988095238095239 0.5547987616099072 0.8273809523809523 0.573374613003096 0.8273809523809523 0.5739938080495356 0.8261904761904761 0.5739938080495356 0.736904761904762 0.5690402476780185 0.6285714285714286 0.5455108359133127 0.6285714285714286 
23 0.530030959752322 0.6285714285714286 0.525077399380805 0.638095238095238 0.525077399380805 0.6964285714285714 0.5256965944272446 0.7035714285714286 0.530030959752322 0.7476190476190476 0.534984520123839 0.7797619047619048 0.5486068111455108 0.7797619047619048 0.5492260061919505 0.7773809523809524 0.5492260061919505 0.638095238095238 0.5430340557275541 0.6285714285714286 0.530030959752322 0.6285714285714286 
24 0.5058823529411764 0.638095238095238 0.5052631578947369 0.6404761904761904 0.5052631578947369 0.6928571428571428 0.5102167182662539 0.7607142857142857 0.5157894736842106 0.7797619047619048 0.5238390092879257 0.7797619047619048 0.5244582043343653 0.7785714285714286 0.5294117647058824 0.6654761904761904 0.5294117647058824 0.6392857142857142 0.5287925696594428 0.638095238095238 0.5058823529411764 0.638095238095238 
25 0.4904024767801858 0.638095238095238 0.4904024767801858 0.7702380952380953 0.4978328173374613 0.7702380952380953 0.4996904024767802 0.7690476190476191 0.5046439628482973 0.7607142857142857 0.5095975232198142 0.6738095238095239 0.5095975232198142 0.6392857142857142 0.508359133126935 0.638095238095238 0.4904024767801858 0.638095238095238 
26 0.46563467492260063 0.6285714285714286 0.46563467492260063 0.7202380952380952 0.47058823529411764 0.7690476190476191 0.4724458204334365 0.7702380952380953 0.47987616099071206 0.7702380952380953 0.4848297213622291 0.7511904761904762 0.48978328173374613 0.7107142857142857 0.48978328173374613 0.6285714285714286 0.46563467492260063 0.6285714285714286 
27 0.4470588235294118 0.6190476190476191 0.4458204334365325 0.6202380952380953 0.4359133126934985 0.7476190476190476 0.4359133126934985 0.7892857142857143 0.4544891640866873 0.7892857142857143 0.460061919504644 0.7785714285714286 0.465015479876161 0.7488095238095238 0.469969040247678 0.7023809523809523 0.47492260061919506 0.6357142857142857 0.47492260061919506 0.6297619047619047 0.4743034055727554 0.6285714285714286 0.465015479876161 0.6190476190476191 0.4470588235294118 0.6190476190476191 
28 0.42105263157894735 0.6 0.41671826625387 0.6095238095238096 0.41609907120743034 0.611904761904762 0.41609907120743034 0.7797619047619048 0.43034055727554177 0.7797619047619048 0.4346749226006192 0.7690476190476191 0.43529411764705883 0.7666666666666667 0.44024767801857584 0.7392857142857143 0.4501547987616099 0.6654761904761904 0.4501547987616099 0.6202380952380953 0.4452012383900929 0.6095238095238096 0.43962848297213625 0.6 0.42105263157894735 0.6 
29 0.40123839009287926 0.580952380952381 0.3913312693498452 0.5916666666666667 0.3814241486068111 0.725 0.3814241486068111 0.7702380952380953 0.4006191950464396 0.7702380952380953 0.4105263157894737 0.7488095238095238 0.43034055727554177 0.6071428571428571 0.43034055727554177 0.5916666666666667 0.4297213622291022 0.5904761904761905 0.40928792569659445 0.580952380952381 0.40123839009287926 0.580952380952381 
30 0.3622291021671827 0.5619047619047619 0.34860681114551084 0.5714285714285714 0.3473684210526316 0.5726190476190476 0.34674922600619196 0.5738095238095238 0.3219814241486068 0.7238095238095238 0.3219814241486068 0.7511904761904762 0.3269349845201238 0.7607142857142857 0.34179566563467495 0.7702380952380953 0.3609907120743034 0.7702380952380953 0.37585139318885447 0.7416666666666667 0.38080495356037153 0.7226190476190476 0.3956656346749226 0.6452380952380953 0.4006191950464396 0.5976190476190476 0.4006191950464396 0.5726190476190476 0.4 0.5714285714285714 0.3801857585139319 0.5619047619047619 0.3622291021671827 0.5619047619047619 
31 0.31021671826625385 0.5428571428571428 0.30712074303405573 0.5452380952380952 0.3021671826625387 0.5535714285714286 0.29721362229102166 0.5630952380952381 0.2873065015479876 0.6869047619047619 0.2873065015479876 0.7309523809523809 0.28792569659442724 0.7321428571428571 0.29721362229102166 0.7416666666666667 0.32074303405572757 0.7416666666666667 0.33126934984520123 0.7226190476190476 0.3411764705882353 0.6845238095238095 0.3510835913312694 0.6369047619047619 0.3510835913312694 0.5619047619047619 0.31640866873065016 0.5428571428571428 0.31021671826625385 0.5428571428571428 
32 0.2582043343653251 0.5523809523809524 0.248297213622291 0.5619047619047619 0.2476780185758514 0.5630952380952381 0.23777089783281732 0.6297619047619047 0.23777089783281732 0.6547619047619048 0.2631578947368421 0.694047619047619 0.265015479876161 0.694047619047619 0.26687306501547986 0.6928571428571428 0.27678018575851393 0.6845238095238095 0.286687306501548 0.6654761904761904 0.291640866873065 0.6535714285714286 0.3015479876160991 0.6273809523809524 0.3015479876160991 0.5952380952380952 0.30092879256965943 0.5904761904761905 0.29659442724458207 0.580952380952381 0.291640866873065 0.5726190476190476 0.29040247678018577 0.5714285714285714 0.26687306501547986 0.5523809523809524 0.2582043343653251 0.5523809523809524 