2 0.3027863777089783 0.3333333333333333 0.3021671826625387 0.3345238095238095 0.2823529411764706 0.46785714285714286 0.2823529411764706 0.5095238095238095 0.28297213622291023 0.513095238095238 0.2873065015479876 0.5226190476190476 0.33126934984520123 0.5226190476190476 0.33126934984520123 0.38333333333333336 0.3263157894736842 0.35595238095238096 0.32136222910216716 0.34285714285714286 0.31640866873065016 0.3333333333333333 0.3027863777089783 0.3333333333333333 
3 0.3281733746130031 0.3619047619047619 0.3269349845201238 0.3630952380952381 0.3269349845201238 0.5297619047619048 0.32755417956656346 0.5321428571428571 0.3368421052631579 0.5511904761904762 0.3455108359133127 0.5511904761904762 0.38080495356037153 0.5416666666666666 0.38080495356037153 0.4976190476190476 0.37089783281733746 0.3952380952380952 0.3702786377708978 0.39166666666666666 0.36594427244582045 0.37142857142857144 0.3603715170278638 0.3619047619047619 0.3281733746130031 0.3619047619047619 
4 0.38204334365325077 0.3523809523809524 0.3814241486068111 0.35595238095238096 0.3715170278637771 0.5345238095238095 0.3715170278637771 0.5380952380952381 0.3721362229102167 0.5416666666666666 0.3764705882352941 0.5595238095238095 0.37770897832817335 0.5607142857142857 0.39504643962848296 0.5607142857142857 0.4055727554179567 0.5511904761904762 0.4105263157894737 0.5404761904761904 0.4105263157894737 0.47619047619047616 0.4055727554179567 0.38095238095238093 0.4006191950464396 0.3619047619047619 0.3956656346749226 0.3535714285714286 0.39442724458204337 0.3523809523809524 0.38204334365325077 0.3523809523809524 
6 0.4068111455108359 0.3333333333333333 0.40619195046439627 0.3345238095238095 0.40123839009287926 0.5380952380952381 0.40123839009287926 0.5595238095238095 0.40619195046439627 0.5797619047619048 0.43034055727554177 0.5797619047619048 0.44024767801857584 0.569047619047619 0.44024767801857584 0.4119047619047619 0.43529411764705883 0.3821428571428571 0.42538699690402476 0.34404761904761905 0.4198142414860681 0.3333333333333333 0.4068111455108359 0.3333333333333333 
7 0.4569659442724458 0.37142857142857144 0.45572755417956656 0.3726190476190476 0.45077399380804956 0.3821428571428571 0.4458204334365325 0.42142857142857143 0.4359133126934985 0.5154761904761904 0.4359133126934985 0.569047619047619 0.4371517027863777 0.5702380952380952 0.44643962848297214 0.5785714285714286 0.448297213622291 0.5797619047619048 0.460061919504644 0.5797619047619048 0.469969040247678 0.5702380952380952 0.469969040247678 0.37142857142857144 0.4569659442724458 0.37142857142857144 
8 0.48606811145510836 0.37142857142857144 0.4804953560371517 0.38095238095238093 0.47554179566563465 0.41904761904761906 0.46563467492260063 0.5238095238095238 0.46563467492260063 0.5988095238095238 0.5046439628482973 0.5988095238095238 0.5089783281733746 0.5869047619047619 0.5095975232198142 0.580952380952381 0.5095975232198142 0.47619047619047616 0.5046439628482973 0.4 0.4996904024767802 0.3726190476190476 0.49907120743034056 0.37142857142857144 0.48606811145510836 0.37142857142857144 
9 0.525077399380805 0.37142857142857144 0.5201238390092879 0.3904761904761905 0.5151702786377709 0.42857142857142855 0.5102167182662539 0.46785714285714286 0.5052631578947369 0.5142857142857142 0.5052631578947369 0.5988095238095238 0.5343653250773994 0.5988095238095238 0.5436532507739938 0.5976190476190476 0.5442724458204334 0.5952380952380952 0.5442724458204334 0.4869047619047619 0.5393188854489164 0.37142857142857144 0.525077399380805 0.37142857142857144 
10 0.5498452012383901 0.38095238095238093 0.544891640866873 0.3904761904761905 0.5399380804953561 0.5345238095238095 0.5399380804953561 0.5773809523809523 0.5405572755417957 0.5797619047619048 0.5455108359133127 0.5892857142857143 0.5684210526315789 0.5892857142857143 0.573374613003096 0.5797619047619048 0.5739938080495356 0.5773809523809523 0.5739938080495356 0.5273809523809524 0.5690402476780185 0.4380952380952381 0.5640866873065016 0.4035714285714286 0.5634674922600619 0.4 0.5585139318885449 0.38095238095238093 0.5498452012383901 0.38095238095238093 
11 0.595046439628483 0.3619047619047619 0.5851393188854489 0.38095238095238093 0.5845201238390093 0.38333333333333336 0.5696594427244582 0.49523809523809526 0.5696594427244582 0.5547619047619048 0.5702786377708978 0.5583333333333333 0.5746130030959752 0.5797619047619048 0.5795665634674922 0.5976190476190476 0.5801857585139318 0.5988095238095238 0.5962848297213622 0.5988095238095238 0.5981424148606811 0.5976190476190476 0.6037151702786377 0.5892857142857143 0.6086687306501548 0.5797619047619048 0.6086687306501548 0.5190476190476191 0.6037151702786377 0.3619047619047619 0.595046439628483 0.3619047619047619 
12 0.6191950464396285 0.3904761904761905 0.6142414860681115 0.4 0.6092879256965944 0.42023809523809524 0.6043343653250774 0.46904761904761905 0.6043343653250774 0.5785714285714286 0.604953560371517 0.5797619047619048 0.6328173374613003 0.5797619047619048 0.6377708978328174 0.5702380952380952 0.638390092879257 0.5678571428571428 0.638390092879257 0.5547619047619048 0.628482972136223 0.4011904761904762 0.6222910216718266 0.3904761904761905 0.6191950464396285 0.3904761904761905 
14 0.6396284829721363 0.37142857142857144 0.6390092879256966 0.3726190476190476 0.6340557275541796 0.3904761904761905 0.6291021671826625 0.4107142857142857 0.6291021671826625 0.5583333333333333 0.6297213622291021 0.5607142857142857 0.6346749226006192 0.5702380952380952 0.6730650154798762 0.5702380952380952 0.6780185758513931 0.5511904761904762 0.6780185758513931 0.5142857142857142 0.6730650154798762 0.41309523809523807 0.6724458204334365 0.4095238095238095 0.6681114551083591 0.4 0.648297213622291 0.37142857142857144 0.6396284829721363 0.37142857142857144 
15 0.6786377708978328 0.37142857142857144 0.6687306501547987 0.3904761904761905 0.6687306501547987 0.5119047619047619 0.6743034055727554 0.5416666666666666 0.7027863777089783 0.5416666666666666 0.7126934984520124 0.5321428571428571 0.7176470588235294 0.5226190476190476 0.7176470588235294 0.4869047619047619 0.6978328173374613 0.3726190476190476 0.6972136222910217 0.37142857142857144 0.6786377708978328 0.37142857142857144 
18 0.6996904024767802 0.5714285714285714 0.6736842105263158 0.5904761904761905 0.6693498452012384 0.6 0.6687306501547987 0.6023809523809524 0.6687306501547987 0.6333333333333333 0.6693498452012384 0.6369047619047619 0.6885448916408669 0.694047619047619 0.713312693498452 0.7416666666666667 0.7275541795665634 0.7416666666666667 0.7374613003095976 0.7321428571428571 0.7374613003095976 0.6761904761904762 0.7226006191950465 0.5916666666666667 0.7176470588235294 0.5726190476190476 0.7157894736842105 0.5714285714285714 0.6996904024767802 0.5714285714285714 
19 0.6544891640866873 0.6 0.6191950464396285 0.6285714285714286 0.6142414860681115 0.638095238095238 0.6142414860681115 0.6511904761904762 0.614860681114551 0.655952380952381 0.6191950464396285 0.675 0.6439628482972136 0.7607142857142857 0.6538699690402476 0.7797619047619048 0.6643962848297214 0.7892857142857143 0.6780185758513931 0.7892857142857143 0.6978328173374613 0.7702380952380953 0.6978328173374613 0.725 0.6730650154798762 0.6190476190476191 0.6681114551083591 0.6 0.6544891640866873 0.6 
20 0.5944272445820433 0.638095238095238 0.5894736842105263 0.6488095238095238 0.5894736842105263 0.6821428571428572 0.6043343653250774 0.7416666666666667 0.6092879256965944 0.7607142857142857 0.6241486068111455 0.7988095238095239 0.6346749226006192 0.8178571428571428 0.6520123839009287 0.8178571428571428 0.653250773993808 0.8166666666666667 0.653250773993808 0.7916666666666666 0.6334365325077399 0.6869047619047619 0.628482972136223 0.6678571428571428 0.6185758513931888 0.6392857142857142 0.6179566563467492 0.638095238095238 0.5944272445820433 0.638095238095238 
22 0.5653250773993808 0.638095238095238 0.5597523219814241 0.6488095238095238 0.5597523219814241 0.694047619047619 0.5653250773993808 0.7226190476190476 0.5746130030959752 0.7666666666666667 0.5795665634674922 0.7892857142857143 0.5894736842105263 0.8166666666666667 0.6 0.8369047619047619 0.6136222910216719 0.8369047619047619 0.6136222910216719 0.8011904761904762 0.5938080495356037 0.6583333333333333 0.5888544891640867 0.638095238095238 0.5653250773993808 0.638095238095238 
23 0.530030959752322 0.6571428571428571 0.530030959752322 0.6928571428571428 0.5399380804953561 0.7583333333333333 0.544891640866873 0.7869047619047619 0.5498452012383901 0.8071428571428572 0.5554179566563467 0.8178571428571428 0.5684210526315789 0.8178571428571428 0.5690402476780185 0.8166666666666667 0.5690402476780185 0.7726190476190476 0.5640866873065016 0.6595238095238095 0.5634674922600619 0.6571428571428571 0.530030959752322 0.6571428571428571 
24 0.5009287925696595 0.638095238095238 0.5003095975232198 0.6404761904761904 0.5003095975232198 0.6761904761904762 0.5052631578947369 0.8035714285714286 0.5058823529411764 0.8083333333333333 0.5102167182662539 0.8261904761904761 0.5108359133126935 0.8273809523809523 0.5195046439628483 0.8273809523809523 0.5244582043343653 0.8178571428571428 0.5294117647058824 0.7797619047619048 0.5343653250773994 0.7309523809523809 0.5393188854489164 0.6654761904761904 0.5393188854489164 0.655952380952381 0.5386996904024768 0.6476190476190476 0.5281733746130031 0.638095238095238 0.5009287925696595 0.638095238095238 
25 0.47678018575851394 0.638095238095238 0.47554179566563465 0.6392857142857142 0.47554179566563465 0.8261904761904761 0.47678018575851394 0.8273809523809523 0.49411764705882355 0.8273809523809523 0.49473684210526314 0.8261904761904761 0.5095975232198142 0.6928571428571428 0.5095975232198142 0.6761904761904762 0.5046439628482973 0.6392857142857142 0.4996904024767802 0.638095238095238 0.47678018575851394 0.638095238095238 
26 0.45077399380804956 0.638095238095238 0.4458204334365325 0.6488095238095238 0.426625386996904 0.780952380952381 0.4260061919504644 0.7857142857142857 0.4260061919504644 0.8083333333333333 0.43157894736842106 0.8178571428571428 0.44458204334365325 0.8178571428571428 0.4501547987616099 0.8083333333333333 0.4551083591331269 0.7988095238095239 0.465015479876161 0.7607142857142857 0.47492260061919506 0.7 0.47492260061919506 0.6511904761904762 0.4743034055727554 0.6488095238095238 0.465015479876161 0.638095238095238 0.45077399380804956 0.638095238095238 
27 0.4309597523219814 0.6190476190476191 0.41671826625387 0.6285714285714286 0.41609907120743034 0.6297619047619047 0.41114551083591333 0.6476190476190476 0.39628482972136225 0.7726190476190476 0.39628482972136225 0.805952380952381 0.39690402476780184 0.8083333333333333 0.41424148606811145 0.8083333333333333 0.4154798761609907 0.8071428571428572 0.42043343653250775 0.7976190476190477 0.42538699690402476 0.7797619047619048 0.4501547987616099 0.6845238095238095 0.4501547987616099 0.6285714285714286 0.4452012383900929 0.6190476190476191 0.4309597523219814 0.6190476190476191 
28 0.39195046439628484 0.6095238095238096 0.3814241486068111 0.6190476190476191 0.3764705882352941 0.638095238095238 0.356656346749226 0.7845238095238095 0.356656346749226 0.794047619047619 0.3572755417956656 0.7988095238095239 0.36160990712074303 0.8178571428571428 0.37585139318885447 0.8178571428571428 0.38575851393188854 0.7988095238095239 0.4154798761609907 0.6845238095238095 0.42043343653250775 0.6547619047619048 0.42043343653250775 0.638095238095238 0.4154798761609907 0.6190476190476191 0.4043343653250774 0.6095238095238096 0.39195046439628484 0.6095238095238096 
30 0.3331269349845201 0.5904761904761905 0.3318885448916409 0.5928571428571429 0.30712074303405573 0.7357142857142858 0.30712074303405573 0.7571428571428571 0.34241486068111454 0.7892857142857143 0.3510835913312694 0.7892857142857143 0.36594427244582045 0.7595238095238095 0.38575851393188854 0.6452380952380953 0.38575851393188854 0.6107142857142858 0.3851393188854489 0.6095238095238096 0.3498452012383901 0.5904761904761905 0.3331269349845201 0.5904761904761905 
31 0.29226006191950465 0.5619047619047619 0.2873065015479876 0.5714285714285714 0.28297213622291023 0.5904761904761905 0.2773993808049536 0.638095238095238 0.2724458204334365 0.6857142857142857 0.2724458204334365 0.7511904761904762 0.28173374613003094 0.7511904761904762 0.29659442724458207 0.7309523809523809 0.31145510835913315 0.7023809523809523 0.3263157894736842 0.6642857142857143 0.33622291021671824 0.6357142857142857 0.33622291021671824 0.5821428571428572 0.33126934984520123 0.5714285714285714 0.31145510835913315 0.5619047619047619 0.29226006191950465 0.5619047619047619 