2 0.2743034055727554 0.24761904761904763 0.27306501547987616 0.2488095238095238 0.2724458204334365 0.25 0.2631578947368421 0.3333333333333333 0.2625386996904025 0.3392857142857143 0.2625386996904025 0.4357142857142857 0.2674922600619195 0.4452380952380952 0.2873065015479876 0.45595238095238094 0.3015479876160991 0.45595238095238094 0.31145510835913315 0.44642857142857145 0.31145510835913315 0.29523809523809524 0.3015479876160991 0.2571428571428571 0.2897832817337461 0.24761904761904763 0.2743034055727554 0.24761904761904763 
3 0.3170278637770898 0.2571428571428571 0.31207430340557274 0.26666666666666666 0.30712074303405573 0.39166666666666666 0.30712074303405573 0.39880952380952384 0.31207430340557274 0.43333333333333335 0.3170278637770898 0.4452380952380952 0.3176470588235294 0.44642857142857145 0.35541795665634673 0.44642857142857145 0.3653250773993808 0.4369047619047619 0.36594427244582045 0.4357142857142857 0.36594427244582045 0.3726190476190476 0.3560371517027864 0.2892857142857143 0.35541795665634673 0.2857142857142857 0.3504643962848297 0.2761904761904762 0.3256965944272446 0.2571428571428571 0.3170278637770898 0.2571428571428571 
5 0.3913312693498452 0.22857142857142856 0.3863777089783282 0.23809523809523808 0.3764705882352941 0.26666666666666666 0.36656346749226004 0.4095238095238095 0.36656346749226004 0.4452380952380952 0.3671826625386997 0.44642857142857145 0.3814241486068111 0.4654761904761905 0.39009287925696595 0.4654761904761905 0.4105263157894737 0.45595238095238094 0.4154798761609907 0.42738095238095236 0.4154798761609907 0.29523809523809524 0.4105263157894737 0.2392857142857143 0.4055727554179567 0.22857142857142856 0.3913312693498452 0.22857142857142856 
6 0.4024767801857585 0.19047619047619047 0.40123839009287926 0.19166666666666668 0.40123839009287926 0.24523809523809523 0.40619195046439627 0.4369047619047619 0.41114551083591333 0.45595238095238094 0.42105263157894735 0.475 0.42229102167182664 0.475 0.4278637770897833 0.4738095238095238 0.43034055727554177 0.4726190476190476 0.43529411764705883 0.4642857142857143 0.43529411764705883 0.3345238095238095 0.42538699690402476 0.2130952380952381 0.4247678018575851 0.20952380952380953 0.42043343653250775 0.2 0.4154798761609907 0.19166666666666668 0.4136222910216718 0.19047619047619047 0.4024767801857585 0.19047619047619047 
7 0.45077399380804956 0.24761904761904763 0.4458204334365325 0.2571428571428571 0.4309597523219814 0.4107142857142857 0.4309597523219814 0.4166666666666667 0.4359133126934985 0.45476190476190476 0.43653250773993807 0.45595238095238094 0.44643962848297214 0.4642857142857143 0.44953560371517026 0.4654761904761905 0.465015479876161 0.4654761904761905 0.465015479876161 0.25833333333333336 0.460061919504644 0.24761904761904763 0.45077399380804956 0.24761904761904763 
8 0.4613003095975232 0.2571428571428571 0.46068111455108357 0.25833333333333336 0.46068111455108357 0.4642857142857143 0.4662538699690402 0.475 0.4743034055727554 0.475 0.4885448916408669 0.4654761904761905 0.48978328173374613 0.4642857142857143 0.48978328173374613 0.3261904761904762 0.4848297213622291 0.2761904761904762 0.47987616099071206 0.2571428571428571 0.4613003095975232 0.2571428571428571 
9 0.4996904024767802 0.23809523809523808 0.49102167182662537 0.24761904761904763 0.4904024767801858 0.25 0.4804953560371517 0.45714285714285713 0.4804953560371517 0.4642857142857143 0.4904024767801858 0.475 0.5145510835913313 0.475 0.5145510835913313 0.2773809523809524 0.5046439628482973 0.24047619047619048 0.503405572755418 0.23809523809523808 0.4996904024767802 0.23809523809523808 
10 0.5114551083591331 0.2571428571428571 0.5102167182662539 0.25833333333333336 0.5058823529411764 0.2761904761904762 0.5052631578947369 0.27976190476190477 0.5052631578947369 0.2833333333333333 0.5102167182662539 0.4738095238095238 0.5114551083591331 0.475 0.5343653250773994 0.475 0.5343653250773994 0.3904761904761905 0.5294117647058824 0.26666666666666666 0.5244582043343653 0.2571428571428571 0.5114551083591331 0.2571428571428571 
11 0.5504643962848297 0.21904761904761905 0.5498452012383901 0.22023809523809523 0.534984520123839 0.2857142857142857 0.530030959752322 0.4 0.530030959752322 0.45595238095238094 0.5356037151702786 0.475 0.544891640866873 0.49404761904761907 0.5541795665634675 0.49404761904761907 0.5640866873065016 0.4654761904761905 0.5690402476780185 0.3892857142857143 0.5739938080495356 0.24642857142857144 0.5739938080495356 0.22023809523809523 0.573374613003096 0.21904761904761905 0.5504643962848297 0.21904761904761905 
12 0.5801857585139318 0.2571428571428571 0.5696594427244582 0.2761904761904762 0.5647058823529412 0.29523809523809524 0.5603715170278638 0.3142857142857143 0.5597523219814241 0.3202380952380952 0.5597523219814241 0.4642857142857143 0.5702786377708978 0.475 0.5839009287925696 0.475 0.5888544891640867 0.4654761904761905 0.5987616099071208 0.3130952380952381 0.5987616099071208 0.2571428571428571 0.5801857585139318 0.2571428571428571 
13 0.6 0.24761904761904763 0.595046439628483 0.2571428571428571 0.5944272445820433 0.25952380952380955 0.5894736842105263 0.3047619047619048 0.5845201238390093 0.35714285714285715 0.5795665634674922 0.4607142857142857 0.5795665634674922 0.4654761904761905 0.5857585139318885 0.475 0.6123839009287926 0.475 0.6179566563467492 0.4654761904761905 0.6185758513931888 0.4630952380952381 0.6235294117647059 0.2845238095238095 0.6235294117647059 0.26071428571428573 0.6229102167182663 0.2571428571428571 0.6185758513931888 0.24761904761904763 0.6 0.24761904761904763 
14 0.6643962848297214 0.24761904761904763 0.6637770897832818 0.2488095238095238 0.6489164086687307 0.2869047619047619 0.6439628482972136 0.3142857142857143 0.6390092879256966 0.35714285714285715 0.6340557275541796 0.42857142857142855 0.6340557275541796 0.45595238095238094 0.6439628482972136 0.475 0.6730650154798762 0.475 0.6965944272445821 0.4654761904761905 0.6978328173374613 0.4630952380952381 0.6978328173374613 0.39285714285714285 0.6829721362229102 0.2511904761904762 0.6823529411764706 0.24761904761904763 0.6643962848297214 0.24761904761904763 
20 0.6 0.5333333333333333 0.5993808049535604 0.5345238095238095 0.5944272445820433 0.5452380952380952 0.5944272445820433 0.7404761904761905 0.5993808049535604 0.75 0.6006191950464397 0.7511904761904762 0.6130030959752322 0.7511904761904762 0.6185758513931888 0.7309523809523809 0.628482972136223 0.6654761904761904 0.6334365325077399 0.6273809523809524 0.6334365325077399 0.544047619047619 0.6278637770897832 0.5333333333333333 0.6 0.5333333333333333 
21 0.5752321981424149 0.5333333333333333 0.5603715170278638 0.5428571428571428 0.5597523219814241 0.5452380952380952 0.5597523219814241 0.6083333333333333 0.5647058823529412 0.694047619047619 0.5696594427244582 0.7583333333333333 0.5702786377708978 0.7607142857142857 0.5746130030959752 0.7690476190476191 0.5758513931888545 0.7702380952380953 0.5938080495356037 0.7702380952380953 0.5987616099071208 0.6654761904761904 0.5987616099071208 0.5428571428571428 0.5938080495356037 0.5333333333333333 0.5752321981424149 0.5333333333333333 
22 0.530030959752322 0.5428571428571428 0.525077399380805 0.5535714285714286 0.525077399380805 0.5773809523809523 0.534984520123839 0.7785714285714286 0.5399380804953561 0.7988095238095239 0.5535603715170279 0.7988095238095239 0.5541795665634675 0.7964285714285714 0.5640866873065016 0.7416666666666667 0.5690402476780185 0.6928571428571428 0.5690402476780185 0.6 0.5640866873065016 0.5523809523809524 0.5591331269349845 0.5428571428571428 0.530030959752322 0.5428571428571428 
23 0.5058823529411764 0.5523809523809524 0.5052631578947369 0.5535714285714286 0.5003095975232198 0.6666666666666666 0.5003095975232198 0.7392857142857143 0.5009287925696595 0.7416666666666667 0.5145510835913313 0.7416666666666667 0.5244582043343653 0.7119047619047619 0.5294117647058824 0.6845238095238095 0.5343653250773994 0.6083333333333333 0.5343653250773994 0.5773809523809523 0.5337461300309597 0.5714285714285714 0.5294117647058824 0.5535714285714286 0.5281733746130031 0.5523809523809524 0.5058823529411764 0.5523809523809524 
24 0.4904024767801858 0.5523809523809524 0.4804953560371517 0.5726190476190476 0.47554179566563465 0.6095238095238096 0.47058823529411764 0.7083333333333334 0.47058823529411764 0.7226190476190476 0.4761609907120743 0.7321428571428571 0.48978328173374613 0.7321428571428571 0.49473684210526314 0.7214285714285714 0.4996904024767802 0.7035714285714286 0.5040247678018576 0.6845238095238095 0.5095975232198142 0.6547619047619048 0.5095975232198142 0.5535714285714286 0.5089783281733746 0.5523809523809524 0.4904024767801858 0.5523809523809524 
25 0.4613003095975232 0.5619047619047619 0.46068111455108357 0.5642857142857143 0.45572755417956656 0.6392857142857142 0.45572755417956656 0.7095238095238096 0.4563467492260062 0.7119047619047619 0.45758513931888545 0.7130952380952381 0.4693498452012384 0.7130952380952381 0.469969040247678 0.7119047619047619 0.47492260061919506 0.694047619047619 0.47987616099071206 0.6738095238095239 0.4848297213622291 0.6154761904761905 0.4848297213622291 0.5630952380952381 0.4842105263157895 0.5619047619047619 0.4613003095975232 0.5619047619047619 
26 0.44458204334365325 0.5523809523809524 0.4408668730650155 0.5535714285714286 0.4359133126934985 0.6333333333333333 0.4359133126934985 0.7309523809523809 0.43653250773993807 0.7321428571428571 0.44891640866873067 0.7321428571428571 0.4501547987616099 0.7309523809523809 0.4551083591331269 0.7226190476190476 0.460061919504644 0.7023809523809523 0.465015479876161 0.6369047619047619 0.465015479876161 0.5523809523809524 0.44458204334365325 0.5523809523809524 
27 0.41671826625387 0.5523809523809524 0.41114551083591333 0.5619047619047619 0.40619195046439627 0.5726190476190476 0.40123839009287926 0.6107142857142858 0.3913312693498452 0.7238095238095238 0.3913312693498452 0.7595238095238095 0.3925696594427245 0.7607142857142857 0.40990712074303404 0.7607142857142857 0.44024767801857584 0.6369047619047619 0.4452012383900929 0.6142857142857143 0.4452012383900929 0.5642857142857143 0.44458204334365325 0.5619047619047619 0.44024767801857584 0.5523809523809524 0.41671826625387 0.5523809523809524 
28 0.3863777089783282 0.5428571428571428 0.3764705882352941 0.5630952380952381 0.3715170278637771 0.580952380952381 0.36160990712074303 0.6964285714285714 0.36160990712074303 0.7309523809523809 0.3622291021671827 0.7321428571428571 0.3702786377708978 0.7321428571428571 0.38080495356037153 0.7214285714285714 0.4154798761609907 0.5797619047619048 0.4154798761609907 0.5535714285714286 0.4148606811145511 0.5523809523809524 0.40495356037151703 0.5428571428571428 0.3863777089783282 0.5428571428571428 
29 0.3473684210526316 0.5333333333333333 0.34179566563467495 0.544047619047619 0.3368421052631579 0.6309523809523809 0.3368421052631579 0.7214285714285714 0.33746130030959753 0.7226190476190476 0.3560371517027864 0.7226190476190476 0.3609907120743034 0.7035714285714286 0.36594427244582045 0.6833333333333333 0.38575851393188854 0.5702380952380952 0.38575851393188854 0.544047619047619 0.38080495356037153 0.5333333333333333 0.3473684210526316 0.5333333333333333 
30 0.29287925696594425 0.5142857142857142 0.2873065015479876 0.5238095238095238 0.2823529411764706 0.5345238095238095 0.2674922600619195 0.6583333333333333 0.2674922600619195 0.6738095238095239 0.2724458204334365 0.6928571428571428 0.27306501547987616 0.694047619047619 0.3021671826625387 0.7130952380952381 0.3108359133126935 0.7130952380952381 0.3263157894736842 0.6845238095238095 0.3461300309597523 0.5797619047619048 0.3461300309597523 0.5238095238095238 0.3411764705882353 0.5142857142857142 0.29287925696594425 0.5142857142857142 
32 0.1653250773993808 0.5142857142857142 0.1634674922600619 0.5154761904761904 0.15417956656346749 0.5428571428571428 0.14860681114551083 0.5619047619047619 0.14860681114551083 0.5976190476190476 0.15356037151702787 0.6178571428571429 0.1585139318885449 0.6273809523809524 0.16408668730650156 0.6369047619047619 0.1938080495356037 0.675 0.2173374613003096 0.675 0.23219814241486067 0.5988095238095238 0.23219814241486067 0.5714285714285714 0.22724458204334366 0.5535714285714286 0.2173374613003096 0.5428571428571428 0.17770897832817337 0.5142857142857142 0.1653250773993808 0.5142857142857142 