2 0.3318885448916409 0.3523809523809524 0.3269349845201238 0.3619047619047619 0.3219814241486068 0.3726190476190476 0.3170278637770898 0.39166666666666666 0.3170278637770898 0.43452380952380953 0.3176470588235294 0.4369047619047619 0.3318885448916409 0.45595238095238094 0.3510835913312694 0.45595238095238094 0.3560371517027864 0.44642857142857145 0.3609907120743034 0.42738095238095236 0.3609907120743034 0.3821428571428571 0.3411764705882353 0.3523809523809524 0.3318885448916409 0.3523809523809524 
3 0.356656346749226 0.3904761904761905 0.3318885448916409 0.5071428571428571 0.3318885448916409 0.530952380952381 0.3368421052631579 0.5511904761904762 0.356656346749226 0.569047619047619 0.3585139318885449 0.5702380952380952 0.3696594427244582 0.5702380952380952 0.37089783281733746 0.569047619047619 0.37585139318885447 0.5511904761904762 0.38575851393188854 0.4369047619047619 0.38575851393188854 0.4095238095238095 0.36470588235294116 0.3904761904761905 0.356656346749226 0.3904761904761905 
4 0.4068111455108359 0.3904761904761905 0.39195046439628484 0.4 0.38204334365325077 0.4095238095238095 0.3814241486068111 0.4107142857142857 0.3764705882352941 0.4297619047619048 0.3764705882352941 0.4726190476190476 0.3814241486068111 0.4928571428571429 0.38204334365325077 0.49404761904761907 0.4055727554179567 0.49404761904761907 0.4154798761609907 0.4845238095238095 0.4154798761609907 0.39285714285714285 0.41424148606811145 0.3904761904761905 0.4068111455108359 0.3904761904761905 
5 0.4117647058823529 0.4 0.41114551083591333 0.4011904761904762 0.40619195046439627 0.4773809523809524 0.40619195046439627 0.5119047619047619 0.41609907120743034 0.530952380952381 0.4173374613003096 0.5321428571428571 0.42538699690402476 0.5321428571428571 0.44024767801857584 0.4928571428571429 0.44024767801857584 0.44761904761904764 0.43034055727554177 0.4011904761904762 0.4297213622291022 0.4 0.4117647058823529 0.4 
6 0.4260061919504644 0.3142857142857143 0.42105263157894735 0.325 0.42105263157894735 0.39880952380952384 0.4260061919504644 0.43333333333333335 0.4309597523219814 0.45595238095238094 0.44148606811145513 0.475 0.4501547987616099 0.475 0.460061919504644 0.4369047619047619 0.460061919504644 0.4011904761904762 0.4551083591331269 0.3619047619047619 0.4501547987616099 0.3333333333333333 0.4452012383900929 0.31547619047619047 0.4439628482972136 0.3142857142857143 0.4260061919504644 0.3142857142857143 
7 0.45139318885448915 0.4380952380952381 0.4458204334365325 0.44761904761904764 0.4458204334365325 0.5595238095238095 0.45077399380804956 0.569047619047619 0.45758513931888545 0.5785714285714286 0.469969040247678 0.5797619047619048 0.47492260061919506 0.569047619047619 0.47492260061919506 0.5047619047619047 0.469969040247678 0.4666666666666667 0.465015479876161 0.4380952380952381 0.45139318885448915 0.4380952380952381 
8 0.4804953560371517 0.4380952380952381 0.47554179566563465 0.45714285714285713 0.46563467492260063 0.5666666666666667 0.46563467492260063 0.6178571428571429 0.47058823529411764 0.6333333333333333 0.4718266253869969 0.6369047619047619 0.4984520123839009 0.6369047619047619 0.4996904024767802 0.6357142857142857 0.5046439628482973 0.6166666666666667 0.5046439628482973 0.5238095238095238 0.4996904024767802 0.46785714285714286 0.49473684210526314 0.44047619047619047 0.49226006191950467 0.4380952380952381 0.4804953560371517 0.4380952380952381 
9 0.5108359133126935 0.4380952380952381 0.5102167182662539 0.4392857142857143 0.5052631578947369 0.4583333333333333 0.5003095975232198 0.5619047619047619 0.5003095975232198 0.5976190476190476 0.5052631578947369 0.6273809523809524 0.5386996904024768 0.6273809523809524 0.5442724458204334 0.6178571428571429 0.5442724458204334 0.5714285714285714 0.5343653250773994 0.4785714285714286 0.5244582043343653 0.4392857142857143 0.5238390092879257 0.4380952380952381 0.5108359133126935 0.4380952380952381 
10 0.5510835913312694 0.4380952380952381 0.5498452012383901 0.4392857142857143 0.544891640866873 0.4488095238095238 0.534984520123839 0.5333333333333333 0.534984520123839 0.5607142857142857 0.5399380804953561 0.5892857142857143 0.5585139318885449 0.5892857142857143 0.5640866873065016 0.5797619047619048 0.5640866873065016 0.44761904761904764 0.5591331269349845 0.4392857142857143 0.5578947368421052 0.4380952380952381 0.5510835913312694 0.4380952380952381 
11 0.5801857585139318 0.3333333333333333 0.5746130030959752 0.34285714285714286 0.5597523219814241 0.37142857142857144 0.5547987616099072 0.41904761904761906 0.5547987616099072 0.444047619047619 0.5597523219814241 0.48333333333333334 0.5603715170278638 0.4845238095238095 0.578328173374613 0.4845238095238095 0.5839009287925696 0.475 0.5888544891640867 0.4654761904761905 0.5938080495356037 0.4357142857142857 0.5938080495356037 0.34285714285714286 0.5882352941176471 0.3333333333333333 0.5801857585139318 0.3333333333333333 
12 0.5894736842105263 0.4 0.5746130030959752 0.46785714285714286 0.5746130030959752 0.5119047619047619 0.5795665634674922 0.5416666666666666 0.5894736842105263 0.5511904761904762 0.5987616099071208 0.5511904761904762 0.6037151702786377 0.5416666666666666 0.6086687306501548 0.5226190476190476 0.6086687306501548 0.4666666666666667 0.5987616099071208 0.4119047619047619 0.5981424148606811 0.4095238095238095 0.5938080495356037 0.4 0.5894736842105263 0.4 
13 0.5962848297213622 0.4 0.595046439628483 0.4011904761904762 0.5944272445820433 0.40476190476190477 0.5944272445820433 0.45357142857142857 0.604953560371517 0.513095238095238 0.614860681114551 0.5226190476190476 0.6334365325077399 0.5226190476190476 0.638390092879257 0.5035714285714286 0.638390092879257 0.45714285714285713 0.6334365325077399 0.4297619047619048 0.628482972136223 0.42023809523809524 0.6086687306501548 0.4 0.5962848297213622 0.4 
14 0.6439628482972136 0.4095238095238095 0.6291021671826625 0.4238095238095238 0.6247678018575852 0.42857142857142855 0.6241486068111455 0.43452380952380953 0.6241486068111455 0.4357142857142857 0.6390092879256966 0.5785714285714286 0.6396284829721363 0.5797619047619048 0.6501547987616099 0.5892857142857143 0.6631578947368421 0.5892857142857143 0.6829721362229102 0.5702380952380952 0.6879256965944273 0.5607142857142857 0.6879256965944273 0.525 0.6582043343653251 0.4107142857142857 0.6575851393188854 0.4095238095238095 0.6439628482972136 0.4095238095238095 
15 0.6687306501547987 0.3619047619047619 0.6643962848297214 0.37142857142857144 0.6489164086687307 0.4107142857142857 0.6495356037151703 0.4166666666666667 0.6538699690402476 0.44642857142857145 0.6594427244582043 0.4654761904761905 0.6687306501547987 0.4845238095238095 0.6811145510835913 0.4845238095238095 0.6829721362229102 0.48333333333333334 0.7021671826625387 0.45595238095238094 0.7027863777089783 0.45357142857142857 0.7027863777089783 0.4035714285714286 0.6978328173374613 0.38095238095238093 0.691640866873065 0.37142857142857144 0.6829721362229102 0.3619047619047619 0.6687306501547987 0.3619047619047619 
18 0.7089783281733746 0.6285714285714286 0.6835913312693499 0.6583333333333333 0.6835913312693499 0.7226190476190476 0.7034055727554179 0.7511904761904762 0.7126934984520124 0.7511904761904762 0.7226006191950465 0.7416666666666667 0.7368421052631579 0.7130952380952381 0.7374613003095976 0.7083333333333334 0.7374613003095976 0.6761904761904762 0.7275541795665634 0.638095238095238 0.7170278637770898 0.6285714285714286 0.7089783281733746 0.6285714285714286 
19 0.6538699690402476 0.5904761904761905 0.6253869969040248 0.6095238095238096 0.6247678018575852 0.6107142857142858 0.6241486068111455 0.6130952380952381 0.6241486068111455 0.6369047619047619 0.6390092879256966 0.7226190476190476 0.6439628482972136 0.75 0.6495356037151703 0.7607142857142857 0.6625386996904025 0.7607142857142857 0.6922600619195046 0.7511904761904762 0.6928792569659443 0.75 0.6928792569659443 0.7154761904761905 0.6780185758513931 0.6011904761904762 0.6730650154798762 0.5916666666666667 0.6718266253869969 0.5904761904761905 0.6538699690402476 0.5904761904761905 
20 0.614860681114551 0.7142857142857143 0.6043343653250774 0.7345238095238096 0.6043343653250774 0.775 0.6092879256965944 0.7988095238095239 0.6142414860681115 0.8154761904761905 0.614860681114551 0.8166666666666667 0.6167182662538699 0.8178571428571428 0.6321981424148607 0.8178571428571428 0.6334365325077399 0.8166666666666667 0.638390092879257 0.8083333333333333 0.643343653250774 0.7892857142857143 0.643343653250774 0.7333333333333333 0.6334365325077399 0.7142857142857143 0.614860681114551 0.7142857142857143 
21 0.5746130030959752 0.7238095238095238 0.5696594427244582 0.7333333333333333 0.5696594427244582 0.7797619047619048 0.5746130030959752 0.8178571428571428 0.5795665634674922 0.8273809523809523 0.5962848297213622 0.8273809523809523 0.5987616099071208 0.8261904761904761 0.6037151702786377 0.8178571428571428 0.6037151702786377 0.7523809523809524 0.5987616099071208 0.725 0.5981424148606811 0.7238095238095238 0.5746130030959752 0.7238095238095238 
22 0.5498452012383901 0.7619047619047619 0.544891640866873 0.7714285714285715 0.5405572755417957 0.780952380952381 0.5399380804953561 0.7833333333333333 0.5399380804953561 0.8273809523809523 0.5455108359133127 0.8559523809523809 0.5547987616099072 0.8845238095238095 0.5603715170278638 0.8940476190476191 0.578328173374613 0.8940476190476191 0.58328173374613 0.8845238095238095 0.5839009287925696 0.8797619047619047 0.5839009287925696 0.8476190476190476 0.5789473684210527 0.7904761904761904 0.5739938080495356 0.7619047619047619 0.5498452012383901 0.7619047619047619 
23 0.525077399380805 0.6571428571428571 0.525077399380805 0.6928571428571428 0.530030959752322 0.7857142857142857 0.5306501547987617 0.7880952380952381 0.5312693498452012 0.7892857142857143 0.5442724458204334 0.7892857142857143 0.5486068111455108 0.7797619047619048 0.5492260061919505 0.775 0.5541795665634675 0.7321428571428571 0.5541795665634675 0.6666666666666666 0.5492260061919505 0.6583333333333333 0.5467492260061919 0.6571428571428571 0.525077399380805 0.6571428571428571 
24 0.5065015479876162 0.6476190476190476 0.5052631578947369 0.6488095238095238 0.5052631578947369 0.7690476190476191 0.5102167182662539 0.7892857142857143 0.5170278637770898 0.7892857142857143 0.5195046439628483 0.7880952380952381 0.5294117647058824 0.7702380952380953 0.5343653250773994 0.6988095238095238 0.5343653250773994 0.6904761904761905 0.5294117647058824 0.6476190476190476 0.5065015479876162 0.6476190476190476 
25 0.48606811145510836 0.638095238095238 0.4804953560371517 0.6488095238095238 0.4804953560371517 0.7726190476190476 0.48173374613003095 0.7761904761904762 0.4848297213622291 0.7797619047619048 0.49473684210526314 0.7797619047619048 0.49907120743034056 0.7702380952380953 0.4996904024767802 0.7678571428571429 0.5046439628482973 0.7309523809523809 0.5095975232198142 0.6833333333333333 0.5095975232198142 0.65 0.5089783281733746 0.6476190476190476 0.4996904024767802 0.638095238095238 0.48606811145510836 0.638095238095238 
26 0.46191950464396286 0.638095238095238 0.46068111455108357 0.6392857142857142 0.46068111455108357 0.7666666666666667 0.4613003095975232 0.7702380952380953 0.46563467492260063 0.7797619047619048 0.4792569659442725 0.7797619047619048 0.47987616099071206 0.7773809523809524 0.48978328173374613 0.6845238095238095 0.48978328173374613 0.6583333333333333 0.4848297213622291 0.638095238095238 0.46191950464396286 0.638095238095238 
27 0.43653250773993807 0.7428571428571429 0.4309597523219814 0.7523809523809524 0.4260061919504644 0.7714285714285715 0.42105263157894735 0.7916666666666666 0.41114551083591333 0.8380952380952381 0.41114551083591333 0.8630952380952381 0.4117647058823529 0.8654761904761905 0.41609907120743034 0.875 0.43034055727554177 0.875 0.44458204334365325 0.8559523809523809 0.4501547987616099 0.8464285714285714 0.4551083591331269 0.8345238095238096 0.46439628482972134 0.8083333333333333 0.465015479876161 0.8047619047619048 0.465015479876161 0.7619047619047619 0.460061919504644 0.7440476190476191 0.45944272445820433 0.7428571428571429 0.43653250773993807 0.7428571428571429 
28 0.41114551083591333 0.6952380952380952 0.40123839009287926 0.7142857142857143 0.39628482972136225 0.7547619047619047 0.39628482972136225 0.7880952380952381 0.40123839009287926 0.7988095238095239 0.40495356037151703 0.7988095238095239 0.4198142414860681 0.7892857142857143 0.43034055727554177 0.7702380952380953 0.44024767801857584 0.7416666666666667 0.44024767801857584 0.7047619047619048 0.43529411764705883 0.6952380952380952 0.41114551083591333 0.6952380952380952 
29 0.3715170278637771 0.6952380952380952 0.3671826625386997 0.705952380952381 0.36656346749226004 0.7083333333333334 0.36160990712074303 0.7428571428571429 0.36160990712074303 0.7797619047619048 0.36656346749226004 0.7892857142857143 0.3851393188854489 0.7892857142857143 0.3907120743034056 0.7797619047619048 0.4006191950464396 0.7511904761904762 0.4006191950464396 0.7047619047619048 0.3956656346749226 0.6952380952380952 0.3715170278637771 0.6952380952380952 
30 0.3461300309597523 0.5619047619047619 0.3430340557275542 0.5654761904761905 0.34179566563467495 0.569047619047619 0.3170278637770898 0.6869047619047619 0.3170278637770898 0.7178571428571429 0.31826625386996904 0.7226190476190476 0.34241486068111454 0.7511904761904762 0.35356037151702785 0.7511904761904762 0.3560371517027864 0.75 0.3609907120743034 0.7404761904761905 0.37585139318885447 0.6833333333333333 0.3907120743034056 0.6178571428571429 0.3907120743034056 0.5916666666666667 0.38575851393188854 0.580952380952381 0.35975232198142415 0.5619047619047619 0.3461300309597523 0.5619047619047619 
31 0.2823529411764706 0.6095238095238096 0.2724458204334365 0.65 0.2724458204334365 0.6654761904761904 0.2823529411764706 0.6928571428571428 0.2873065015479876 0.7035714285714286 0.3021671826625387 0.7202380952380952 0.30712074303405573 0.7226190476190476 0.31145510835913315 0.7214285714285714 0.32136222910216716 0.7119047619047619 0.3263157894736842 0.694047619047619 0.33126934984520123 0.6738095238095239 0.33126934984520123 0.6416666666666667 0.3306501547987616 0.6392857142857142 0.3263157894736842 0.6285714285714286 0.3157894736842105 0.6095238095238096 0.2823529411764706 0.6095238095238096 
A 0.3746130030959752 0.4666666666666667 0.3715170278637771 0.46785714285714286 0.36656346749226004 0.5464285714285714 0.36656346749226004 0.5678571428571428 0.3671826625386997 0.5702380952380952 0.3715170278637771 0.5797619047619048 0.4043343653250774 0.5797619047619048 0.4055727554179567 0.5785714285714286 0.40990712074303404 0.5702380952380952 0.4154798761609907 0.55 0.4154798761609907 0.5071428571428571 0.4105263157894737 0.47619047619047616 0.3801857585139319 0.4666666666666667 0.3746130030959752 0.4666666666666667 
B 0.4260061919504644 0.49523809523809526 0.4117647058823529 0.5142857142857142 0.41114551083591333 0.5166666666666667 0.40123839009287926 0.5654761904761905 0.40123839009287926 0.5892857142857143 0.4117647058823529 0.6083333333333333 0.42538699690402476 0.6083333333333333 0.4346749226006192 0.5988095238095238 0.43529411764705883 0.5964285714285714 0.43529411764705883 0.49523809523809526 0.4260061919504644 0.49523809523809526 
C 0.43653250773993807 0.4666666666666667 0.4359133126934985 0.46785714285714286 0.4309597523219814 0.4869047619047619 0.4260061919504644 0.5904761904761905 0.4260061919504644 0.6047619047619047 0.43157894736842106 0.6083333333333333 0.4551083591331269 0.6083333333333333 0.4551083591331269 0.5523809523809524 0.4501547987616099 0.4857142857142857 0.4452012383900929 0.4666666666666667 0.43653250773993807 0.4666666666666667 
D 0.45077399380804956 0.5619047619047619 0.45077399380804956 0.6178571428571429 0.4743034055727554 0.6178571428571429 0.47492260061919506 0.6142857142857143 0.47492260061919506 0.6095238095238096 0.469969040247678 0.5630952380952381 0.46873065015479876 0.5619047619047619 0.45077399380804956 0.5619047619047619 
H 0.5653250773993808 0.47619047619047616 0.5647058823529412 0.4773809523809524 0.5547987616099072 0.5857142857142857 0.5547987616099072 0.6083333333333333 0.5597523219814241 0.6261904761904762 0.5609907120743034 0.6273809523809524 0.5814241486068111 0.6273809523809524 0.5826625386996904 0.6261904761904762 0.5839009287925696 0.6238095238095238 0.5839009287925696 0.5619047619047619 0.5789473684210527 0.4773809523809524 0.5770897832817338 0.47619047619047616 0.5653250773993808 0.47619047619047616 
I 0.5752321981424149 0.5047619047619047 0.5746130030959752 0.5083333333333333 0.5746130030959752 0.5607142857142857 0.5752321981424149 0.5702380952380952 0.5795665634674922 0.6154761904761905 0.5801857585139318 0.6178571428571429 0.6074303405572755 0.6178571428571429 0.6086687306501548 0.6166666666666667 0.6086687306501548 0.5857142857142857 0.6037151702786377 0.5333333333333333 0.5839009287925696 0.5047619047619047 0.5752321981424149 0.5047619047619047 
J 0.6297213622291021 0.49523809523809526 0.604953560371517 0.5047619047619047 0.5993808049535604 0.5142857142857142 0.5993808049535604 0.5785714285714286 0.6043343653250774 0.6083333333333333 0.6334365325077399 0.6083333333333333 0.643343653250774 0.5988095238095238 0.648297213622291 0.5892857142857143 0.648297213622291 0.5714285714285714 0.643343653250774 0.5166666666666667 0.638390092879257 0.49523809523809526 0.6297213622291021 0.49523809523809526 
K 0.590092879256966 0.6190476190476191 0.5894736842105263 0.6238095238095238 0.5894736842105263 0.6464285714285715 0.5944272445820433 0.7380952380952381 0.595046439628483 0.7404761904761905 0.5962848297213622 0.7416666666666667 0.6421052631578947 0.7416666666666667 0.643343653250774 0.7404761904761905 0.643343653250774 0.705952380952381 0.6334365325077399 0.6357142857142857 0.6321981424148607 0.6285714285714286 0.628482972136223 0.6202380952380953 0.6278637770897832 0.6190476190476191 0.590092879256966 0.6190476190476191 
L 0.5746130030959752 0.6285714285714286 0.5647058823529412 0.638095238095238 0.5647058823529412 0.7416666666666667 0.5987616099071208 0.7416666666666667 0.5987616099071208 0.6476190476190476 0.5938080495356037 0.6285714285714286 0.5746130030959752 0.6285714285714286 
M 0.5554179566563467 0.638095238095238 0.5498452012383901 0.6571428571428571 0.5498452012383901 0.7297619047619047 0.5547987616099072 0.7690476190476191 0.5560371517027863 0.7702380952380953 0.5690402476780185 0.7702380952380953 0.5739938080495356 0.7214285714285714 0.5739938080495356 0.6761904761904762 0.5690402476780185 0.638095238095238 0.5554179566563467 0.638095238095238 
R 0.44643962848297214 0.6285714285714286 0.44148606811145513 0.638095238095238 0.4408668730650155 0.6404761904761904 0.4408668730650155 0.7321428571428571 0.4458204334365325 0.7416666666666667 0.4551083591331269 0.7416666666666667 0.460061919504644 0.7214285714285714 0.460061919504644 0.6285714285714286 0.44643962848297214 0.6285714285714286 
S 0.42105263157894735 0.6095238095238096 0.41609907120743034 0.638095238095238 0.41114551083591333 0.669047619047619 0.41114551083591333 0.7023809523809523 0.4117647058823529 0.7035714285714286 0.4359133126934985 0.7226190476190476 0.4452012383900929 0.7226190476190476 0.4501547987616099 0.6464285714285715 0.4501547987616099 0.6273809523809524 0.44953560371517026 0.6190476190476191 0.43962848297213625 0.6095238095238096 0.42105263157894735 0.6095238095238096 
T 0.3913312693498452 0.580952380952381 0.3863777089783282 0.5904761904761905 0.3715170278637771 0.6392857142857142 0.3715170278637771 0.6904761904761905 0.3721362229102167 0.694047619047619 0.40123839009287926 0.7130952380952381 0.40928792569659445 0.7130952380952381 0.4105263157894737 0.7119047619047619 0.4154798761609907 0.694047619047619 0.42043343653250775 0.6738095238095239 0.42538699690402476 0.6464285714285715 0.43034055727554177 0.6178571428571429 0.43034055727554177 0.6011904761904762 0.4297213622291022 0.6 0.4055727554179567 0.580952380952381 0.3913312693498452 0.580952380952381 