2 0.3269349845201238 0.3904761904761905 0.3269349845201238 0.5023809523809524 0.3318885448916409 0.5511904761904762 0.34179566563467495 0.5607142857142857 0.3560371517027864 0.5607142857142857 0.36594427244582045 0.5511904761904762 0.37089783281733746 0.5404761904761904 0.37089783281733746 0.4869047619047619 0.36594427244582045 0.430952380952381 0.3609907120743034 0.4107142857142857 0.3560371517027864 0.4 0.3448916408668731 0.3904761904761905 0.3269349845201238 0.3904761904761905 
3 0.3826625386996904 0.37142857142857144 0.3814241486068111 0.3726190476190476 0.3764705882352941 0.38095238095238093 0.3764705882352941 0.569047619047619 0.37708978328173376 0.5702380952380952 0.40990712074303404 0.5702380952380952 0.42043343653250775 0.5511904761904762 0.42043343653250775 0.5238095238095238 0.4006191950464396 0.38095238095238093 0.3956656346749226 0.37142857142857144 0.3826625386996904 0.37142857142857144 
5 0.42105263157894735 0.41904761904761906 0.41609907120743034 0.5142857142857142 0.41609907120743034 0.55 0.42105263157894735 0.5607142857142857 0.426625386996904 0.5702380952380952 0.43962848297213625 0.5702380952380952 0.4452012383900929 0.5607142857142857 0.4501547987616099 0.5488095238095239 0.4501547987616099 0.5202380952380953 0.4452012383900929 0.4666666666666667 0.43529411764705883 0.41904761904761906 0.42105263157894735 0.41904761904761906 
6 0.4278637770897833 0.2761904761904762 0.4260061919504644 0.2773809523809524 0.4247678018575851 0.2857142857142857 0.4247678018575851 0.30357142857142855 0.4260061919504644 0.39880952380952384 0.4359133126934985 0.475 0.45077399380804956 0.5119047619047619 0.4538699690402477 0.513095238095238 0.46439628482972134 0.513095238095238 0.465015479876161 0.5107142857142857 0.465015479876161 0.4297619047619048 0.4501547987616099 0.34404761904761905 0.43529411764705883 0.2773809523809524 0.4346749226006192 0.2761904761904762 0.4278637770897833 0.2761904761904762 
7 0.4662538699690402 0.3904761904761905 0.46563467492260063 0.39166666666666666 0.46068111455108357 0.4119047619047619 0.45077399380804956 0.49523809523809526 0.45077399380804956 0.5607142857142857 0.45572755417956656 0.5702380952380952 0.4693498452012384 0.5702380952380952 0.469969040247678 0.569047619047619 0.47492260061919506 0.513095238095238 0.47987616099071206 0.45595238095238094 0.47987616099071206 0.3904761904761905 0.4662538699690402 0.3904761904761905 
8 0.48111455108359136 0.3904761904761905 0.4804953560371517 0.3952380952380952 0.47554179566563465 0.4380952380952381 0.46563467492260063 0.525 0.46563467492260063 0.5702380952380952 0.49473684210526314 0.5702380952380952 0.49473684210526314 0.39166666666666666 0.49411764705882355 0.3904761904761905 0.48111455108359136 0.3904761904761905 
9 0.5009287925696595 0.3904761904761905 0.5003095975232198 0.39285714285714285 0.4953560371517028 0.42023809523809524 0.4904024767801858 0.5142857142857142 0.4904024767801858 0.569047619047619 0.49102167182662537 0.5702380952380952 0.5238390092879257 0.5702380952380952 0.5244582043343653 0.5678571428571428 0.5244582043343653 0.5261904761904762 0.5145510835913313 0.4023809523809524 0.5095975232198142 0.39166666666666666 0.5089783281733746 0.3904761904761905 0.5009287925696595 0.3904761904761905 
10 0.5207430340557275 0.4095238095238095 0.5201238390092879 0.41309523809523807 0.5201238390092879 0.5702380952380952 0.5442724458204334 0.5702380952380952 0.5442724458204334 0.5345238095238095 0.5343653250773994 0.43333333333333335 0.5337461300309597 0.42857142857142855 0.5294117647058824 0.4095238095238095 0.5207430340557275 0.4095238095238095 
11 0.5461300309597523 0.37142857142857144 0.544891640866873 0.3726190476190476 0.5399380804953561 0.3904761904761905 0.534984520123839 0.4666666666666667 0.534984520123839 0.5416666666666666 0.5399380804953561 0.5607142857142857 0.5498452012383901 0.5797619047619048 0.556656346749226 0.5797619047619048 0.5578947368421052 0.5785714285714286 0.5640866873065016 0.5702380952380952 0.5640866873065016 0.45714285714285713 0.5591331269349845 0.375 0.5585139318885449 0.3726190476190476 0.5578947368421052 0.37142857142857144 0.5461300309597523 0.37142857142857144 
12 0.5746130030959752 0.38095238095238093 0.5696594427244582 0.3904761904761905 0.5647058823529412 0.4011904761904762 0.5547987616099072 0.44761904761904764 0.5547987616099072 0.45595238095238094 0.5597523219814241 0.5607142857142857 0.5653250773993808 0.5702380952380952 0.5789473684210527 0.5702380952380952 0.5839009287925696 0.5595238095238095 0.5882352941176471 0.55 0.5888544891640867 0.5476190476190477 0.5888544891640867 0.4297619047619048 0.5839009287925696 0.3904761904761905 0.5789473684210527 0.3821428571428571 0.5777089783281734 0.38095238095238093 0.5746130030959752 0.38095238095238093 
13 0.5845201238390093 0.4 0.5746130030959752 0.5535714285714286 0.5746130030959752 0.569047619047619 0.5851393188854489 0.5797619047619048 0.6030959752321982 0.5797619047619048 0.6136222910216719 0.5702380952380952 0.6136222910216719 0.4595238095238095 0.6086687306501548 0.4095238095238095 0.6037151702786377 0.4011904761904762 0.6024767801857586 0.4 0.5845201238390093 0.4 
14 0.614860681114551 0.3904761904761905 0.6142414860681115 0.39166666666666666 0.6092879256965944 0.4023809523809524 0.6043343653250774 0.430952380952381 0.6043343653250774 0.5702380952380952 0.643343653250774 0.5702380952380952 0.643343653250774 0.49642857142857144 0.638390092879257 0.45714285714285713 0.6334365325077399 0.41904761904761906 0.628482972136223 0.3976190476190476 0.6272445820433437 0.39404761904761904 0.6241486068111455 0.3904761904761905 0.614860681114551 0.3904761904761905 
15 0.6501547987616099 0.3904761904761905 0.6340557275541796 0.4 0.6291021671826625 0.42023809523809524 0.6291021671826625 0.4654761904761905 0.6390092879256966 0.5797619047619048 0.6668730650154798 0.5797619047619048 0.6873065015479877 0.5702380952380952 0.6879256965944273 0.5678571428571428 0.6879256965944273 0.5047619047619047 0.6631578947368421 0.39285714285714285 0.6625386996904025 0.3904761904761905 0.6501547987616099 0.3904761904761905 
16 0.6934984520123839 0.3523809523809524 0.6743034055727554 0.3619047619047619 0.6687306501547987 0.3726190476190476 0.6687306501547987 0.4738095238095238 0.6835913312693499 0.5416666666666666 0.6928792569659443 0.5416666666666666 0.6978328173374613 0.5392857142857143 0.7226006191950465 0.5226190476190476 0.7325077399380805 0.513095238095238 0.7325077399380805 0.4773809523809524 0.7077399380804954 0.3523809523809524 0.6934984520123839 0.3523809523809524 
18 0.6743034055727554 0.6 0.6340557275541796 0.6095238095238096 0.6340557275541796 0.675 0.6439628482972136 0.7023809523809523 0.6588235294117647 0.7309523809523809 0.6835913312693499 0.7702380952380953 0.7021671826625387 0.7702380952380953 0.7027863777089783 0.7690476190476191 0.7170278637770898 0.7321428571428571 0.7176470588235294 0.7297619047619047 0.7176470588235294 0.7047619047619048 0.6879256965944273 0.6011904761904762 0.6860681114551084 0.6 0.6743034055727554 0.6 
19 0.5795665634674922 0.6095238095238096 0.5795665634674922 0.6452380952380953 0.5993808049535604 0.7595238095238095 0.6043343653250774 0.7785714285714286 0.6142414860681115 0.8071428571428572 0.6154798761609908 0.8083333333333333 0.628482972136223 0.8083333333333333 0.6631578947368421 0.7892857142857143 0.6631578947368421 0.7619047619047619 0.638390092879257 0.6107142857142858 0.6365325077399381 0.6095238095238096 0.5795665634674922 0.6095238095238096 
20 0.5647058823529412 0.6190476190476191 0.5597523219814241 0.6285714285714286 0.5597523219814241 0.6547619047619048 0.5746130030959752 0.7595238095238095 0.5845201238390093 0.7976190476190477 0.5851393188854489 0.7988095238095239 0.5975232198142415 0.7988095238095239 0.5987616099071208 0.7976190476190477 0.5987616099071208 0.6666666666666666 0.5839009287925696 0.6190476190476191 0.5647058823529412 0.6190476190476191 
21 0.5560371517027863 0.6095238095238096 0.5547987616099072 0.6107142857142858 0.544891640866873 0.6285714285714286 0.5399380804953561 0.638095238095238 0.5399380804953561 0.655952380952381 0.5498452012383901 0.7738095238095238 0.5504643962848297 0.7797619047619048 0.5547987616099072 0.8178571428571428 0.5640866873065016 0.8178571428571428 0.5690402476780185 0.8071428571428572 0.5739938080495356 0.7869047619047619 0.5739938080495356 0.6202380952380953 0.5690402476780185 0.6095238095238096 0.5560371517027863 0.6095238095238096 
22 0.5411764705882353 0.6095238095238096 0.5399380804953561 0.6107142857142858 0.534984520123839 0.6202380952380953 0.530030959752322 0.6392857142857142 0.525077399380805 0.669047619047619 0.5201238390092879 0.7619047619047619 0.5201238390092879 0.8357142857142857 0.5207430340557275 0.8369047619047619 0.5287925696594428 0.8369047619047619 0.5343653250773994 0.8273809523809523 0.5442724458204334 0.8083333333333333 0.5541795665634675 0.7511904761904762 0.5541795665634675 0.6678571428571428 0.5492260061919505 0.6095238095238096 0.5411764705882353 0.6095238095238096 
23 0.5102167182662539 0.6095238095238096 0.5052631578947369 0.6476190476190476 0.5003095975232198 0.7714285714285715 0.5003095975232198 0.7797619047619048 0.5009287925696595 0.7988095238095239 0.5139318885448917 0.7988095238095239 0.5195046439628483 0.7892857142857143 0.5294117647058824 0.7130952380952381 0.5393188854489164 0.6357142857142857 0.5393188854489164 0.6095238095238096 0.5102167182662539 0.6095238095238096 
24 0.49597523219814244 0.6095238095238096 0.4953560371517028 0.6107142857142858 0.4953560371517028 0.7785714285714286 0.4984520123839009 0.7797619047619048 0.503405572755418 0.7797619047619048 0.5046439628482973 0.7773809523809524 0.5095975232198142 0.7583333333333333 0.5145510835913313 0.655952380952381 0.5145510835913313 0.6095238095238096 0.49597523219814244 0.6095238095238096 
25 0.4854489164086687 0.6095238095238096 0.4804953560371517 0.6202380952380953 0.4804953560371517 0.7702380952380953 0.4854489164086687 0.7785714285714286 0.4873065015479876 0.7797619047619048 0.491640866873065 0.7797619047619048 0.4934984520123839 0.7785714285714286 0.49473684210526314 0.7773809523809524 0.4996904024767802 0.6988095238095238 0.4996904024767802 0.6095238095238096 0.4854489164086687 0.6095238095238096 
26 0.46563467492260063 0.6095238095238096 0.46563467492260063 0.7416666666666667 0.47058823529411764 0.7988095238095239 0.4780185758513932 0.7988095238095239 0.47987616099071206 0.7976190476190477 0.4848297213622291 0.7702380952380953 0.4848297213622291 0.6107142857142858 0.48359133126934983 0.6095238095238096 0.46563467492260063 0.6095238095238096 
27 0.45572755417956656 0.6 0.44643962848297214 0.6190476190476191 0.4458204334365325 0.6226190476190476 0.4408668730650155 0.6761904761904762 0.4408668730650155 0.7023809523809523 0.4458204334365325 0.7892857142857143 0.45077399380804956 0.8166666666666667 0.45572755417956656 0.8273809523809523 0.4588235294117647 0.8273809523809523 0.460061919504644 0.8261904761904761 0.465015479876161 0.8166666666666667 0.469969040247678 0.7511904761904762 0.469969040247678 0.6011904761904762 0.4681114551083591 0.6 0.45572755417956656 0.6 
28 0.4309597523219814 0.6095238095238096 0.42105263157894735 0.6285714285714286 0.42105263157894735 0.7869047619047619 0.4260061919504644 0.8083333333333333 0.43343653250773995 0.8083333333333333 0.43529411764705883 0.8071428571428572 0.44024767801857584 0.7988095238095239 0.4501547987616099 0.6654761904761904 0.4501547987616099 0.6285714285714286 0.44024767801857584 0.6095238095238096 0.4309597523219814 0.6095238095238096 
29 0.40743034055727556 0.6095238095238096 0.40619195046439627 0.6107142857142858 0.39628482972136225 0.6297619047619047 0.3913312693498452 0.6988095238095238 0.3913312693498452 0.7988095238095239 0.4 0.7988095238095239 0.40495356037151703 0.7892857142857143 0.4105263157894737 0.7702380952380953 0.4154798761609907 0.75 0.42043343653250775 0.7214285714285714 0.42538699690402476 0.6833333333333333 0.43034055727554177 0.6369047619047619 0.43034055727554177 0.6214285714285714 0.4297213622291022 0.6190476190476191 0.42538699690402476 0.6107142857142858 0.4241486068111455 0.6095238095238096 0.40743034055727556 0.6095238095238096 
30 0.356656346749226 0.6 0.34674922600619196 0.7333333333333333 0.34674922600619196 0.7797619047619048 0.36656346749226004 0.7988095238095239 0.3702786377708978 0.7988095238095239 0.37585139318885447 0.7976190476190477 0.38080495356037153 0.7892857142857143 0.38575851393188854 0.7797619047619048 0.3907120743034056 0.7559523809523809 0.4055727554179567 0.6369047619047619 0.4055727554179567 0.6107142857142858 0.40495356037151703 0.6095238095238096 0.3993808049535604 0.6 0.356656346749226 0.6 
31 0.32755417956656346 0.580952380952381 0.3219814241486068 0.5904761904761905 0.30712074303405573 0.6761904761904762 0.30712074303405573 0.7404761904761905 0.3077399380804954 0.7416666666666667 0.32755417956656346 0.7511904761904762 0.34055727554179566 0.7511904761904762 0.3455108359133127 0.7404761904761905 0.3504643962848297 0.7226190476190476 0.3609907120743034 0.6738095238095239 0.37089783281733746 0.6083333333333333 0.37089783281733746 0.5904761904761905 0.36594427244582045 0.5833333333333334 0.36408668730650157 0.580952380952381 0.32755417956656346 0.580952380952381 
32 0.26811145510835915 0.580952380952381 0.25758513931888544 0.5916666666666667 0.25263157894736843 0.6285714285714286 0.25263157894736843 0.6464285714285715 0.29226006191950465 0.6845238095238095 0.3157894736842105 0.6845238095238095 0.31640866873065016 0.6833333333333333 0.32136222910216716 0.6642857142857143 0.32136222910216716 0.6107142857142858 0.31640866873065016 0.5833333333333334 0.31455108359133127 0.5821428571428572 0.31145510835913315 0.580952380952381 0.26811145510835915 0.580952380952381 