2 0.3027863777089783 0.3904761904761905 0.3021671826625387 0.39166666666666666 0.29721362229102166 0.4107142857142857 0.29226006191950465 0.4714285714285714 0.29226006191950465 0.5511904761904762 0.3411764705882353 0.5511904761904762 0.3411764705882353 0.4928571428571429 0.34055727554179566 0.4880952380952381 0.339938080495356 0.4857142857142857 0.3157894736842105 0.4 0.3108359133126935 0.3904761904761905 0.3027863777089783 0.3904761904761905 
3 0.3368421052631579 0.38095238095238093 0.3368421052631579 0.5607142857142857 0.3956656346749226 0.5607142857142857 0.4006191950464396 0.55 0.4006191950464396 0.4976190476190476 0.39504643962848296 0.47619047619047616 0.37585139318885447 0.41904761904761906 0.35541795665634673 0.38095238095238093 0.3368421052631579 0.38095238095238093 
4 0.39195046439628484 0.38095238095238093 0.3863777089783282 0.3904761904761905 0.3863777089783282 0.48095238095238096 0.3913312693498452 0.5595238095238095 0.39690402476780184 0.5702380952380952 0.43034055727554177 0.5702380952380952 0.43529411764705883 0.5607142857142857 0.43529411764705883 0.4869047619047619 0.43034055727554177 0.4666666666666667 0.40495356037151703 0.3904761904761905 0.4006191950464396 0.38095238095238093 0.39195046439628484 0.38095238095238093 
6 0.4260061919504644 0.3523809523809524 0.42105263157894735 0.3619047619047619 0.42105263157894735 0.475 0.4260061919504644 0.5857142857142857 0.426625386996904 0.5892857142857143 0.4452012383900929 0.5892857142857143 0.45944272445820433 0.5607142857142857 0.46439628482972134 0.5404761904761904 0.465015479876161 0.5369047619047619 0.465015479876161 0.5047619047619047 0.44458204334365325 0.3619047619047619 0.43962848297213625 0.3523809523809524 0.4260061919504644 0.3523809523809524 
7 0.47554179566563465 0.38095238095238093 0.47058823529411764 0.4023809523809524 0.46068111455108357 0.45714285714285713 0.45572755417956656 0.5345238095238095 0.45572755417956656 0.5785714285714286 0.4563467492260062 0.5797619047619048 0.4842105263157895 0.5797619047619048 0.4848297213622291 0.5785714285714286 0.48978328173374613 0.45595238095238094 0.48978328173374613 0.39285714285714285 0.4891640866873065 0.3904761904761905 0.4848297213622291 0.3821428571428571 0.48359133126934983 0.38095238095238093 0.47554179566563465 0.38095238095238093 
8 0.496594427244582 0.4 0.4953560371517028 0.4011904761904762 0.4804953560371517 0.5047619047619047 0.4804953560371517 0.5833333333333334 0.48111455108359136 0.5892857142857143 0.48606811145510836 0.5988095238095238 0.5145510835913313 0.5988095238095238 0.5145510835913313 0.4 0.496594427244582 0.4 
9 0.5263157894736842 0.4095238095238095 0.525077399380805 0.4107142857142857 0.5201238390092879 0.4488095238095238 0.5102167182662539 0.5357142857142857 0.5102167182662539 0.5880952380952381 0.5120743034055728 0.5892857142857143 0.5492260061919505 0.5892857142857143 0.5492260061919505 0.544047619047619 0.5393188854489164 0.4392857142857143 0.5343653250773994 0.4107142857142857 0.5331269349845201 0.4095238095238095 0.5263157894736842 0.4095238095238095 
10 0.5603715170278638 0.4095238095238095 0.5498452012383901 0.42023809523809524 0.5399380804953561 0.5369047619047619 0.5399380804953561 0.5488095238095239 0.544891640866873 0.5892857142857143 0.578328173374613 0.5892857142857143 0.5789473684210527 0.5880952380952381 0.5789473684210527 0.5142857142857142 0.5739938080495356 0.4583333333333333 0.5690402476780185 0.41904761904761906 0.5634674922600619 0.4095238095238095 0.5603715170278638 0.4095238095238095 
11 0.5845201238390093 0.38095238095238093 0.5795665634674922 0.4 0.5746130030959752 0.4988095238095238 0.5746130030959752 0.5833333333333334 0.5752321981424149 0.5869047619047619 0.5764705882352941 0.5892857142857143 0.5975232198142415 0.5892857142857143 0.6030959752321982 0.5797619047619048 0.6037151702786377 0.5785714285714286 0.6037151702786377 0.44166666666666665 0.5987616099071208 0.3821428571428571 0.5962848297213622 0.38095238095238093 0.5845201238390093 0.38095238095238093 
12 0.6191950464396285 0.4 0.6142414860681115 0.42023809523809524 0.5993808049535604 0.5142857142857142 0.5993808049535604 0.5773809523809523 0.6 0.5797619047619048 0.604953560371517 0.5892857142857143 0.6266253869969041 0.5892857142857143 0.6278637770897832 0.5880952380952381 0.6328173374613003 0.5797619047619048 0.6334365325077399 0.5773809523809523 0.6334365325077399 0.44047619047619047 0.628482972136223 0.4011904761904762 0.6278637770897832 0.4 0.6191950464396285 0.4 
14 0.6489164086687307 0.41904761904761906 0.6390092879256966 0.44761904761904764 0.6291021671826625 0.4976190476190476 0.6291021671826625 0.5857142857142857 0.6297213622291021 0.5880952380952381 0.631578947368421 0.5892857142857143 0.6631578947368421 0.5892857142857143 0.6724458204334365 0.5797619047619048 0.6730650154798762 0.575 0.6780185758513931 0.513095238095238 0.6780185758513931 0.4583333333333333 0.6724458204334365 0.4380952380952381 0.653250773993808 0.41904761904761906 0.6489164086687307 0.41904761904761906 
15 0.6848297213622291 0.4095238095238095 0.6736842105263158 0.41904761904761906 0.6687306501547987 0.5047619047619047 0.6687306501547987 0.5797619047619048 0.7021671826625387 0.5797619047619048 0.7077399380804954 0.569047619047619 0.7077399380804954 0.5142857142857142 0.6978328173374613 0.42857142857142855 0.6922600619195046 0.4095238095238095 0.6848297213622291 0.4095238095238095 
18 0.6842105263157895 0.6095238095238096 0.6588235294117647 0.6190476190476191 0.6538699690402476 0.6297619047619047 0.6538699690402476 0.6535714285714286 0.6588235294117647 0.6738095238095239 0.6786377708978328 0.7416666666666667 0.6934984520123839 0.7702380952380953 0.6996904024767802 0.7797619047619048 0.7114551083591332 0.7797619047619048 0.7263157894736842 0.7702380952380953 0.7275541795665634 0.7690476190476191 0.7275541795665634 0.7142857142857143 0.7077399380804954 0.611904761904762 0.7071207430340557 0.6095238095238096 0.6842105263157895 0.6095238095238096 
19 0.6142414860681115 0.6285714285714286 0.6092879256965944 0.638095238095238 0.6092879256965944 0.6845238095238095 0.6241486068111455 0.7583333333333333 0.6247678018575852 0.7607142857142857 0.6396284829721363 0.7988095238095239 0.6439628482972136 0.8071428571428572 0.6452012383900929 0.8083333333333333 0.6513931888544892 0.8083333333333333 0.653250773993808 0.8071428571428572 0.6730650154798762 0.7892857142857143 0.6730650154798762 0.7333333333333333 0.6631578947368421 0.6523809523809524 0.6625386996904025 0.6488095238095238 0.6582043343653251 0.6285714285714286 0.6142414860681115 0.6285714285714286 
20 0.5814241486068111 0.6285714285714286 0.5795665634674922 0.6297619047619047 0.5795665634674922 0.675 0.6092879256965944 0.7976190476190477 0.6105263157894737 0.7988095238095239 0.6278637770897832 0.7988095238095239 0.628482972136223 0.7964285714285714 0.628482972136223 0.7523809523809524 0.6136222910216719 0.6309523809523809 0.6130030959752322 0.6285714285714286 0.5814241486068111 0.6285714285714286 
22 0.5597523219814241 0.6190476190476191 0.5547987616099072 0.6297619047619047 0.5547987616099072 0.7226190476190476 0.5597523219814241 0.805952380952381 0.5603715170278638 0.8083333333333333 0.5684210526315789 0.8083333333333333 0.5739938080495356 0.7988095238095239 0.5789473684210527 0.7773809523809524 0.5839009287925696 0.7380952380952381 0.5839009287925696 0.6285714285714286 0.578328173374613 0.6190476190476191 0.5597523219814241 0.6190476190476191 
23 0.534984520123839 0.6 0.534984520123839 0.7321428571428571 0.5399380804953561 0.7785714285714286 0.5405572755417957 0.7797619047619048 0.5486068111455108 0.7797619047619048 0.5541795665634675 0.7702380952380953 0.5640866873065016 0.6369047619047619 0.5640866873065016 0.6095238095238096 0.5585139318885449 0.6 0.534984520123839 0.6 
24 0.5151702786377709 0.6095238095238096 0.5151702786377709 0.7702380952380953 0.5244582043343653 0.7702380952380953 0.5294117647058824 0.7595238095238095 0.5393188854489164 0.6726190476190477 0.5393188854489164 0.6107142857142858 0.5386996904024768 0.6095238095238096 0.5151702786377709 0.6095238095238096 
25 0.4953560371517028 0.6 0.4953560371517028 0.6547619047619048 0.5003095975232198 0.7595238095238095 0.5009287925696595 0.7607142857142857 0.5145510835913313 0.7607142857142857 0.5195046439628483 0.7 0.5195046439628483 0.6 0.4953560371517028 0.6 
26 0.47678018575851394 0.6 0.47554179566563465 0.6011904761904762 0.47554179566563465 0.6369047619047619 0.4804953560371517 0.7559523809523809 0.48111455108359136 0.7607142857142857 0.49473684210526314 0.7607142857142857 0.4996904024767802 0.7511904761904762 0.4996904024767802 0.611904761904762 0.49907120743034056 0.6095238095238096 0.49473684210526314 0.6011904761904762 0.49287925696594426 0.6 0.47678018575851394 0.6 
27 0.4563467492260062 0.6 0.45077399380804956 0.6095238095238096 0.4458204334365325 0.6630952380952381 0.4408668730650155 0.736904761904762 0.4408668730650155 0.7595238095238095 0.4458204334365325 0.7785714285714286 0.45139318885448915 0.7892857142857143 0.465015479876161 0.7892857142857143 0.469969040247678 0.7785714285714286 0.47492260061919506 0.7511904761904762 0.4848297213622291 0.65 0.4848297213622291 0.6285714285714286 0.47987616099071206 0.6 0.4563467492260062 0.6 
29 0.41671826625387 0.6 0.40619195046439627 0.6761904761904762 0.40619195046439627 0.7773809523809524 0.4068111455108359 0.7797619047619048 0.4148606811145511 0.7797619047619048 0.42043343653250775 0.7702380952380953 0.4501547987616099 0.6738095238095239 0.4544891640866873 0.655952380952381 0.4551083591331269 0.6523809523809524 0.4551083591331269 0.6011904761904762 0.4538699690402477 0.6 0.41671826625387 0.6 
30 0.36780185758513934 0.6 0.36656346749226004 0.6011904761904762 0.36160990712074303 0.6095238095238096 0.34674922600619196 0.6857142857142857 0.34674922600619196 0.7416666666666667 0.3715170278637771 0.7511904761904762 0.38390092879256965 0.7511904761904762 0.38575851393188854 0.75 0.3956656346749226 0.7404761904761905 0.4006191950464396 0.7321428571428571 0.4055727554179567 0.7226190476190476 0.40990712074303404 0.7130952380952381 0.4105263157894737 0.7107142857142857 0.42043343653250775 0.6642857142857143 0.42043343653250775 0.6095238095238096 0.41114551083591333 0.6 0.36780185758513934 0.6 
31 0.30712074303405573 0.580952380952381 0.29226006191950465 0.7071428571428572 0.29226006191950465 0.7273809523809524 0.2934984520123839 0.7321428571428571 0.29721362229102166 0.7404761904761905 0.29845201238390096 0.7416666666666667 0.3176470588235294 0.7511904761904762 0.3263157894736842 0.7511904761904762 0.3461300309597523 0.7130952380952381 0.3510835913312694 0.7023809523809523 0.36594427244582045 0.6464285714285715 0.37089783281733746 0.6142857142857143 0.37089783281733746 0.5928571428571429 0.36594427244582045 0.5821428571428572 0.3591331269349845 0.580952380952381 0.30712074303405573 0.580952380952381 