1 0.2631578947368421 0.17142857142857143 0.25263157894736843 0.18095238095238095 0.2476780185758514 0.19047619047619047 0.2476780185758514 0.21785714285714286 0.25263157894736843 0.2357142857142857 0.2724458204334365 0.2845238095238095 0.286687306501548 0.2845238095238095 0.291640866873065 0.275 0.2959752321981424 0.2654761904761905 0.29659442724458207 0.2630952380952381 0.29659442724458207 0.22976190476190475 0.286687306501548 0.19047619047619047 0.26687306501547986 0.17142857142857143 0.2631578947368421 0.17142857142857143 
2 0.30340557275541796 0.2571428571428571 0.28297213622291023 0.26666666666666666 0.2724458204334365 0.2857142857142857 0.2674922600619195 0.3047619047619048 0.2674922600619195 0.3404761904761905 0.2873065015479876 0.3880952380952381 0.28792569659442724 0.3892857142857143 0.3157894736842105 0.3892857142857143 0.3263157894736842 0.37023809523809526 0.33560371517027865 0.35119047619047616 0.3461300309597523 0.32261904761904764 0.3461300309597523 0.2976190476190476 0.3455108359133127 0.29523809523809524 0.3157894736842105 0.2571428571428571 0.30340557275541796 0.2571428571428571 
3 0.36160990712074303 0.2857142857142857 0.3368421052631579 0.29523809523809524 0.29721362229102166 0.4095238095238095 0.29721362229102166 0.46190476190476193 0.3021671826625387 0.4738095238095238 0.3027863777089783 0.475 0.3269349845201238 0.49404761904761907 0.34055727554179566 0.49404761904761907 0.3461300309597523 0.48333333333333334 0.3510835913312694 0.4654761904761905 0.3560371517027864 0.4452380952380952 0.36594427244582045 0.37023809523809526 0.37089783281733746 0.33214285714285713 0.37089783281733746 0.29523809523809524 0.36594427244582045 0.2857142857142857 0.36160990712074303 0.2857142857142857 
4 0.3764705882352941 0.2857142857142857 0.36656346749226004 0.29642857142857143 0.36160990712074303 0.325 0.356656346749226 0.3619047619047619 0.356656346749226 0.39880952380952384 0.36160990712074303 0.4083333333333333 0.3671826625386997 0.41785714285714287 0.3851393188854489 0.41785714285714287 0.3907120743034056 0.4083333333333333 0.4055727554179567 0.37976190476190474 0.4055727554179567 0.325 0.4006191950464396 0.29523809523809524 0.39504643962848296 0.2857142857142857 0.3764705882352941 0.2857142857142857 
5 0.41114551083591333 0.3047619047619048 0.39628482972136225 0.3142857142857143 0.3863777089783282 0.39166666666666666 0.3863777089783282 0.4452380952380952 0.3913312693498452 0.4654761904761905 0.4154798761609907 0.4654761904761905 0.44024767801857584 0.4261904761904762 0.44024767801857584 0.4107142857142857 0.43962848297213625 0.4 0.43529411764705883 0.3619047619047619 0.42043343653250775 0.3047619047619048 0.41114551083591333 0.3047619047619048 
6 0.4359133126934985 0.2571428571428571 0.41114551083591333 0.2857142857142857 0.41114551083591333 0.33214285714285713 0.43653250773993807 0.42738095238095236 0.44953560371517026 0.42738095238095236 0.460061919504644 0.40714285714285714 0.465015479876161 0.3892857142857143 0.465015479876161 0.3357142857142857 0.460061919504644 0.3119047619047619 0.44953560371517026 0.26666666666666666 0.44458204334365325 0.2571428571428571 0.4359133126934985 0.2571428571428571 
7 0.46563467492260063 0.3523809523809524 0.46068111455108357 0.3619047619047619 0.4458204334365325 0.41904761904761906 0.4408668730650155 0.45714285714285713 0.4359133126934985 0.5119047619047619 0.4359133126934985 0.5321428571428571 0.4408668730650155 0.55 0.4421052631578947 0.5511904761904762 0.4563467492260062 0.5607142857142857 0.465015479876161 0.5607142857142857 0.469969040247678 0.5511904761904762 0.47987616099071206 0.4642857142857143 0.4848297213622291 0.4142857142857143 0.4848297213622291 0.3523809523809524 0.46563467492260063 0.3523809523809524 
8 0.486687306501548 0.3333333333333333 0.4854489164086687 0.3345238095238095 0.48111455108359136 0.3523809523809524 0.4804953560371517 0.35714285714285715 0.46563467492260063 0.5071428571428571 0.46563467492260063 0.5511904761904762 0.47058823529411764 0.5607142857142857 0.5089783281733746 0.5607142857142857 0.5095975232198142 0.5583333333333333 0.5095975232198142 0.3547619047619048 0.5040247678018576 0.3333333333333333 0.486687306501548 0.3333333333333333 
9 0.5362229102167183 0.3345238095238095 0.5256965944272446 0.34285714285714286 0.525077399380805 0.34404761904761905 0.5201238390092879 0.3630952380952381 0.5151702786377709 0.3904761904761905 0.5102167182662539 0.4297619047619048 0.5102167182662539 0.5607142857142857 0.5213622291021672 0.5702380952380952 0.5380804953560372 0.5702380952380952 0.5486068111455108 0.5607142857142857 0.5492260061919505 0.5583333333333333 0.5492260061919505 0.49523809523809526 0.5442724458204334 0.34404761904761905 0.5436532507739938 0.34285714285714286 0.5380804953560372 0.3345238095238095 0.5362229102167183 0.3345238095238095 
10 0.5547987616099072 0.3238095238095238 0.544891640866873 0.3333333333333333 0.544891640866873 0.5511904761904762 0.5498452012383901 0.5607142857142857 0.5603715170278638 0.5702380952380952 0.5640866873065016 0.5702380952380952 0.5777089783281734 0.5607142857142857 0.5789473684210527 0.5595238095238095 0.5839009287925696 0.5392857142857143 0.5839009287925696 0.5178571428571429 0.5789473684210527 0.4392857142857143 0.5690402476780185 0.3547619047619048 0.5640866873065016 0.3238095238095238 0.5547987616099072 0.3238095238095238 
11 0.5894736842105263 0.2571428571428571 0.5795665634674922 0.29642857142857143 0.5647058823529412 0.3619047619047619 0.5647058823529412 0.3964285714285714 0.5746130030959752 0.4357142857142857 0.5795665634674922 0.4452380952380952 0.5808049535603715 0.44642857142857145 0.5888544891640867 0.44642857142857145 0.5981424148606811 0.4369047619047619 0.6086687306501548 0.41785714285714287 0.6136222910216719 0.3976190476190476 0.6235294117647059 0.29285714285714287 0.6235294117647059 0.27380952380952384 0.6179566563467492 0.2571428571428571 0.5894736842105263 0.2571428571428571 
12 0.6092879256965944 0.3142857142857143 0.5894736842105263 0.4452380952380952 0.5894736842105263 0.44642857142857145 0.595046439628483 0.4654761904761905 0.6043343653250774 0.4928571428571429 0.604953560371517 0.49404761904761907 0.621671826625387 0.49404761904761907 0.6229102167182663 0.4928571428571429 0.628482972136223 0.4845238095238095 0.6328173374613003 0.475 0.6334365325077399 0.4714285714285714 0.6334365325077399 0.4107142857142857 0.6235294117647059 0.3142857142857143 0.6092879256965944 0.3142857142857143 
13 0.6191950464396285 0.2761904761904762 0.6142414860681115 0.29285714285714287 0.6142414860681115 0.3976190476190476 0.6191950464396285 0.4083333333333333 0.6247678018575852 0.41785714285714287 0.6582043343653251 0.41785714285714287 0.6631578947368421 0.4083333333333333 0.6681114551083591 0.3880952380952381 0.6681114551083591 0.3333333333333333 0.6631578947368421 0.29642857142857143 0.6582043343653251 0.2869047619047619 0.6563467492260062 0.2857142857142857 0.6278637770897832 0.2761904761904762 0.6191950464396285 0.2761904761904762 
14 0.6687306501547987 0.34285714285714286 0.6643962848297214 0.3523809523809524 0.6637770897832818 0.3547619047619048 0.6637770897832818 0.4928571428571429 0.6687306501547987 0.5107142857142857 0.669969040247678 0.513095238095238 0.6978328173374613 0.513095238095238 0.7077399380804954 0.5035714285714286 0.7176470588235294 0.4845238095238095 0.7176470588235294 0.42857142857142855 0.7077399380804954 0.3904761904761905 0.6978328173374613 0.3535714285714286 0.6928792569659443 0.34285714285714286 0.6687306501547987 0.34285714285714286 
15 0.708359133126935 0.24761904761904763 0.6786377708978328 0.3047619047619048 0.6786377708978328 0.3416666666666667 0.6934984520123839 0.3880952380952381 0.7034055727554179 0.41785714285714287 0.7275541795665634 0.41785714285714287 0.7318885448916409 0.4083333333333333 0.7473684210526316 0.36904761904761907 0.7473684210526316 0.3238095238095238 0.7417956656346749 0.3047619047619048 0.7226006191950465 0.25833333333333336 0.7170278637770898 0.24761904761904763 0.708359133126935 0.24761904761904763 
16 0.7306501547987616 0.20952380952380953 0.7281733746130031 0.21071428571428572 0.718266253869969 0.21904761904761905 0.713312693498452 0.22857142857142856 0.708359133126935 0.2392857142857143 0.708359133126935 0.2630952380952381 0.7089783281733746 0.2654761904761905 0.7380804953560371 0.33095238095238094 0.7393188854489164 0.33214285714285713 0.7517027863777089 0.33214285714285713 0.7616099071207431 0.32261904761904764 0.7622291021671826 0.3202380952380952 0.7721362229102167 0.25595238095238093 0.7721362229102167 0.22976190476190475 0.7622291021671826 0.20952380952380953 0.7306501547987616 0.20952380952380953 
17 0.7578947368421053 0.45714285714285713 0.7380804953560371 0.49523809523809526 0.7380804953560371 0.5595238095238095 0.7529411764705882 0.5892857142857143 0.7585139318885449 0.5988095238095238 0.7708978328173375 0.5988095238095238 0.7814241486068112 0.5892857142857143 0.7869969040247679 0.569047619047619 0.7919504643962848 0.55 0.7919504643962848 0.5154761904761904 0.7869969040247679 0.4785714285714286 0.7770897832817337 0.45714285714285713 0.7578947368421053 0.45714285714285713 
18 0.7238390092879257 0.5428571428571428 0.708359133126935 0.5619047619047619 0.698452012383901 0.5916666666666667 0.698452012383901 0.6428571428571429 0.6990712074303406 0.6464285714285715 0.7034055727554179 0.655952380952381 0.7089783281733746 0.6654761904761904 0.7343653250773994 0.694047619047619 0.7455108359133127 0.694047619047619 0.746749226006192 0.6928571428571428 0.7473684210526316 0.6916666666666667 0.7622291021671826 0.6547619047619048 0.7671826625386997 0.6369047619047619 0.7671826625386997 0.6190476190476191 0.7572755417956656 0.5714285714285714 0.7473684210526316 0.5523809523809524 0.7374613003095976 0.5428571428571428 0.7238390092879257 0.5428571428571428 
19 0.6693498452012384 0.5238095238095238 0.6495356037151703 0.5333333333333333 0.6439628482972136 0.5428571428571428 0.6439628482972136 0.5869047619047619 0.6588235294117647 0.675 0.6687306501547987 0.7130952380952381 0.6842105263157895 0.7416666666666667 0.6978328173374613 0.7416666666666667 0.7126934984520124 0.7226190476190476 0.7325077399380805 0.6833333333333333 0.7325077399380805 0.6773809523809524 0.7027863777089783 0.5428571428571428 0.6978328173374613 0.5238095238095238 0.6693498452012384 0.5238095238095238 
20 0.6340557275541796 0.6285714285714286 0.6191950464396285 0.6571428571428571 0.6142414860681115 0.6857142857142857 0.6142414860681115 0.694047619047619 0.6241486068111455 0.7321428571428571 0.6489164086687307 0.7797619047619048 0.6674922600619195 0.7797619047619048 0.6730650154798762 0.7702380952380953 0.6730650154798762 0.7345238095238096 0.6681114551083591 0.6761904761904762 0.6582043343653251 0.638095238095238 0.6421052631578947 0.6285714285714286 0.6340557275541796 0.6285714285714286 
21 0.5863777089783282 0.6285714285714286 0.5845201238390093 0.6297619047619047 0.5752321981424149 0.638095238095238 0.5696594427244582 0.6583333333333333 0.5696594427244582 0.6845238095238095 0.5894736842105263 0.7785714285714286 0.6043343653250774 0.8083333333333333 0.6080495356037152 0.8083333333333333 0.6185758513931888 0.7988095238095239 0.6235294117647059 0.7892857142857143 0.628482972136223 0.7785714285714286 0.628482972136223 0.7452380952380953 0.6136222910216719 0.6392857142857142 0.6130030959752322 0.638095238095238 0.5981424148606811 0.6285714285714286 0.5863777089783282 0.6285714285714286 
22 0.5510835913312694 0.7047619047619048 0.5498452012383901 0.705952380952381 0.544891640866873 0.725 0.544891640866873 0.7892857142857143 0.5547987616099072 0.8273809523809523 0.5746130030959752 0.8654761904761905 0.5888544891640867 0.8654761904761905 0.5938080495356037 0.8547619047619047 0.5938080495356037 0.7619047619047619 0.5888544891640867 0.7345238095238096 0.5789473684210527 0.7142857142857143 0.5640866873065016 0.7047619047619048 0.5510835913312694 0.7047619047619048 
23 0.5318885448916408 0.580952380952381 0.530030959752322 0.5833333333333334 0.525077399380805 0.5916666666666667 0.525077399380805 0.6845238095238095 0.530030959752322 0.7297619047619047 0.5306501547987617 0.7321428571428571 0.534984520123839 0.7416666666666667 0.5442724458204334 0.7416666666666667 0.5492260061919505 0.7321428571428571 0.5541795665634675 0.655952380952381 0.5541795665634675 0.5904761904761905 0.5492260061919505 0.5821428571428572 0.5473684210526316 0.580952380952381 0.5318885448916408 0.580952380952381 
24 0.5052631578947369 0.5714285714285714 0.5052631578947369 0.6452380952380953 0.5102167182662539 0.7178571428571429 0.5108359133126935 0.7214285714285714 0.5151702786377709 0.7416666666666667 0.5207430340557275 0.7511904761904762 0.5238390092879257 0.7511904761904762 0.5287925696594428 0.7416666666666667 0.5294117647058824 0.7380952380952381 0.5343653250773994 0.5857142857142857 0.5343653250773994 0.580952380952381 0.5294117647058824 0.5714285714285714 0.5052631578947369 0.5714285714285714 
25 0.4804953560371517 0.580952380952381 0.4804953560371517 0.6178571428571429 0.4904024767801858 0.7416666666666667 0.4953560371517028 0.7511904761904762 0.5046439628482973 0.7511904761904762 0.5095975232198142 0.7083333333333334 0.5095975232198142 0.580952380952381 0.4804953560371517 0.580952380952381 
26 0.47058823529411764 0.5619047619047619 0.4613003095975232 0.5726190476190476 0.45572755417956656 0.580952380952381 0.45572755417956656 0.6023809523809524 0.4563467492260062 0.6107142857142858 0.46068111455108357 0.6547619047619048 0.46563467492260063 0.694047619047619 0.4712074303405573 0.7226190476190476 0.47554179566563465 0.7416666666666667 0.49411764705882355 0.7416666666666667 0.49473684210526314 0.7404761904761905 0.49473684210526314 0.7333333333333333 0.4848297213622291 0.5726190476190476 0.4792569659442725 0.5619047619047619 0.47058823529411764 0.5619047619047619 
27 0.4458204334365325 0.6761904761904762 0.4309597523219814 0.6952380952380952 0.4260061919504644 0.7142857142857143 0.41609907120743034 0.8130952380952381 0.41609907120743034 0.8321428571428572 0.41671826625387 0.8369047619047619 0.42105263157894735 0.8559523809523809 0.4538699690402477 0.8559523809523809 0.4551083591331269 0.8547619047619047 0.460061919504644 0.8345238095238096 0.469969040247678 0.7773809523809524 0.469969040247678 0.705952380952381 0.465015479876161 0.6952380952380952 0.45944272445820433 0.6857142857142857 0.4551083591331269 0.6797619047619048 0.44643962848297214 0.6761904761904762 0.4458204334365325 0.6761904761904762 
28 0.41609907120743034 0.580952380952381 0.40619195046439627 0.5904761904761905 0.40123839009287926 0.6107142857142858 0.40123839009287926 0.7595238095238095 0.40309597523219814 0.7607142857142857 0.42538699690402476 0.7607142857142857 0.43034055727554177 0.7404761904761905 0.44024767801857584 0.6535714285714286 0.44024767801857584 0.6011904761904762 0.43962848297213625 0.6 0.4241486068111455 0.580952380952381 0.41609907120743034 0.580952380952381 
29 0.3764705882352941 0.6095238095238096 0.3671826625386997 0.6190476190476191 0.36160990712074303 0.6285714285714286 0.356656346749226 0.6488095238095238 0.35170278637770896 0.6761904761904762 0.3473684210526316 0.7166666666666667 0.34674922600619196 0.725 0.3473684210526316 0.7309523809523809 0.35170278637770896 0.7607142857142857 0.356656346749226 0.7690476190476191 0.35789473684210527 0.7702380952380953 0.38080495356037153 0.7702380952380953 0.4055727554179567 0.694047619047619 0.4068111455108359 0.675 0.4068111455108359 0.6666666666666666 0.4055727554179567 0.6404761904761904 0.40495356037151703 0.638095238095238 0.39009287925696595 0.6095238095238096 0.3764705882352941 0.6095238095238096 
30 0.3269349845201238 0.5047619047619047 0.3219814241486068 0.525 0.30712074303405573 0.638095238095238 0.3021671826625387 0.6761904761904762 0.3021671826625387 0.7011904761904761 0.3027863777089783 0.7035714285714286 0.32755417956656346 0.7226190476190476 0.334984520123839 0.7226190476190476 0.3461300309597523 0.7119047619047619 0.3510835913312694 0.7035714285714286 0.3609907120743034 0.675 0.37089783281733746 0.6369047619047619 0.38575851393188854 0.5607142857142857 0.38575851393188854 0.5238095238095238 0.38080495356037153 0.5142857142857142 0.35975232198142415 0.5047619047619047 0.3269349845201238 0.5047619047619047 
31 0.26873065015479874 0.5333333333333333 0.2631578947368421 0.5523809523809524 0.2625386996904025 0.5547619047619048 0.25263157894736843 0.6297619047619047 0.25263157894736843 0.6345238095238095 0.2625386996904025 0.6654761904761904 0.2674922600619195 0.6738095238095239 0.27801857585139317 0.6845238095238095 0.29102167182662536 0.6845238095238095 0.31640866873065016 0.6452380952380953 0.32136222910216716 0.6273809523809524 0.32136222910216716 0.5619047619047619 0.29659442724458207 0.5333333333333333 0.26873065015479874 0.5333333333333333 
32 0.22786377708978328 0.45714285714285713 0.21795665634674924 0.49523809523809526 0.21795665634674924 0.5214285714285715 0.24272445820433436 0.5892857142857143 0.25386996904024767 0.5988095238095238 0.2594427244582043 0.5988095238095238 0.26687306501547986 0.5892857142857143 0.27678018575851393 0.5416666666666666 0.27678018575851393 0.5142857142857142 0.26687306501547986 0.4869047619047619 0.26191950464396285 0.47619047619047616 0.25696594427244585 0.4666666666666667 0.2513931888544892 0.45714285714285713 0.22786377708978328 0.45714285714285713 
A 0.3523219814241486 0.38095238095238093 0.34674922600619196 0.4 0.34179566563467495 0.4595238095238095 0.34179566563467495 0.4928571428571429 0.3473684210526316 0.5035714285714286 0.36656346749226004 0.513095238095238 0.3907120743034056 0.513095238095238 0.3956656346749226 0.49166666666666664 0.3956656346749226 0.4452380952380952 0.3907120743034056 0.39166666666666666 0.3894736842105263 0.3904761904761905 0.3603715170278638 0.38095238095238093 0.3523219814241486 0.38095238095238093 
B 0.41609907120743034 0.4380952380952381 0.39195046439628484 0.44761904761904764 0.3913312693498452 0.4488095238095238 0.3814241486068111 0.5083333333333333 0.3814241486068111 0.5226190476190476 0.3913312693498452 0.5321428571428571 0.39876160990712073 0.5321428571428571 0.4198142414860681 0.5226190476190476 0.42043343653250775 0.5214285714285715 0.42043343653250775 0.4380952380952381 0.41609907120743034 0.4380952380952381 
C 0.43653250773993807 0.4095238095238095 0.4260061919504644 0.41904761904761906 0.41671826625387 0.42857142857142855 0.41609907120743034 0.4297619047619048 0.4117647058823529 0.5202380952380953 0.4117647058823529 0.5214285714285715 0.41609907120743034 0.5321428571428571 0.4346749226006192 0.5321428571428571 0.43962848297213625 0.5226190476190476 0.44458204334365325 0.5119047619047619 0.4452012383900929 0.5071428571428571 0.4452012383900929 0.4857142857142857 0.44024767801857584 0.4095238095238095 0.43653250773993807 0.4095238095238095 
H 0.5869969040247678 0.42857142857142855 0.5845201238390093 0.4297619047619048 0.5746130030959752 0.49642857142857144 0.5746130030959752 0.5214285714285715 0.5795665634674922 0.5511904761904762 0.6030959752321982 0.5511904761904762 0.6037151702786377 0.55 0.6037151702786377 0.4976190476190476 0.5987616099071208 0.430952380952381 0.5975232198142415 0.42857142857142855 0.5869969040247678 0.42857142857142855 
I 0.6291021671826625 0.45714285714285713 0.6043343653250774 0.4857142857142857 0.5993808049535604 0.49523809523809526 0.5993808049535604 0.5416666666666666 0.604953560371517 0.5511904761904762 0.628482972136223 0.5511904761904762 0.6334365325077399 0.5416666666666666 0.6334365325077399 0.4583333333333333 0.6328173374613003 0.45714285714285713 0.6291021671826625 0.45714285714285713 
J 0.6544891640866873 0.4 0.6309597523219814 0.4095238095238095 0.6291021671826625 0.4107142857142857 0.6291021671826625 0.5214285714285715 0.6346749226006192 0.5321428571428571 0.6681114551083591 0.5321428571428571 0.6730650154798762 0.5226190476190476 0.6730650154798762 0.5059523809523809 0.6681114551083591 0.42857142857142855 0.6625386996904025 0.4 0.6544891640866873 0.4 
K 0.6260061919504644 0.5333333333333333 0.604953560371517 0.5428571428571428 0.5993808049535604 0.5523809523809524 0.5944272445820433 0.5630952380952381 0.5944272445820433 0.6083333333333333 0.6092879256965944 0.7107142857142857 0.6099071207430341 0.7130952380952381 0.6154798761609908 0.7130952380952381 0.6185758513931888 0.7119047619047619 0.653250773993808 0.6452380952380953 0.653250773993808 0.6190476190476191 0.648297213622291 0.5428571428571428 0.6321981424148607 0.5333333333333333 0.6260061919504644 0.5333333333333333 
L 0.5746130030959752 0.5619047619047619 0.5696594427244582 0.580952380952381 0.5696594427244582 0.6654761904761904 0.578328173374613 0.6654761904761904 0.6136222910216719 0.6464285714285715 0.6136222910216719 0.638095238095238 0.6086687306501548 0.6011904761904762 0.5987616099071208 0.5714285714285714 0.5938080495356037 0.5630952380952381 0.5925696594427244 0.5619047619047619 0.5746130030959752 0.5619047619047619 
M 0.5554179566563467 0.5714285714285714 0.5547987616099072 0.5726190476190476 0.5498452012383901 0.5833333333333334 0.5498452012383901 0.6261904761904762 0.5547987616099072 0.6738095238095239 0.5597523219814241 0.7011904761904761 0.5603715170278638 0.7035714285714286 0.5659442724458205 0.7119047619047619 0.5671826625386996 0.7130952380952381 0.5739938080495356 0.7130952380952381 0.5789473684210527 0.7023809523809523 0.5789473684210527 0.6190476190476191 0.5739938080495356 0.580952380952381 0.5690402476780185 0.5714285714285714 0.5554179566563467 0.5714285714285714 
R 0.44148606811145513 0.5523809523809524 0.4408668730650155 0.5547619047619048 0.4359133126934985 0.580952380952381 0.4359133126934985 0.6773809523809524 0.4371517027863777 0.6845238095238095 0.44272445820433437 0.7035714285714286 0.443343653250774 0.7035714285714286 0.45325077399380803 0.694047619047619 0.4551083591331269 0.6916666666666667 0.460061919504644 0.6535714285714286 0.460061919504644 0.5726190476190476 0.4501547987616099 0.5523809523809524 0.44148606811145513 0.5523809523809524 
T 0.3913312693498452 0.5333333333333333 0.3715170278637771 0.5714285714285714 0.36656346749226004 0.5904761904761905 0.36656346749226004 0.6071428571428571 0.3671826625386997 0.6083333333333333 0.39628482972136225 0.6273809523809524 0.4 0.6273809523809524 0.4154798761609907 0.5988095238095238 0.42043343653250775 0.5880952380952381 0.42043343653250775 0.5523809523809524 0.4154798761609907 0.544047619047619 0.4055727554179567 0.5333333333333333 0.3913312693498452 0.5333333333333333 