1 0.2513931888544892 0.3333333333333333 0.2476780185758514 0.3345238095238095 0.23343653250773994 0.34285714285714286 0.22291021671826625 0.3523809523809524 0.21795665634674924 0.3630952380952381 0.21795665634674924 0.39880952380952384 0.2235294117647059 0.41785714285714287 0.22786377708978328 0.42738095238095236 0.23281733746130032 0.4369047619047619 0.2513931888544892 0.4369047619047619 0.2712074303405573 0.4083333333333333 0.2718266253869969 0.40714285714285714 0.28173374613003094 0.37857142857142856 0.28173374613003094 0.3535714285714286 0.2761609907120743 0.3333333333333333 0.2513931888544892 0.3333333333333333 
2 0.2823529411764706 0.3238095238095238 0.2773993808049536 0.3333333333333333 0.2476780185758514 0.4583333333333333 0.2476780185758514 0.5035714285714286 0.25758513931888544 0.5226190476190476 0.2631578947368421 0.5321428571428571 0.3015479876160991 0.5321428571428571 0.3058823529411765 0.5226190476190476 0.3065015479876161 0.5202380952380953 0.3065015479876161 0.3619047619047619 0.2959752321981424 0.3238095238095238 0.2823529411764706 0.3238095238095238 
3 0.3170278637770898 0.3523809523809524 0.3126934984520124 0.3619047619047619 0.30712074303405573 0.38333333333333336 0.3021671826625387 0.4297619047619048 0.29226006191950465 0.5238095238095238 0.29226006191950465 0.5392857142857143 0.29287925696594425 0.5416666666666666 0.2978328173374613 0.5511904761904762 0.3393188854489164 0.5511904761904762 0.3411764705882353 0.55 0.3510835913312694 0.530952380952381 0.3510835913312694 0.4595238095238095 0.3411764705882353 0.39166666666666666 0.33622291021671824 0.37142857142857144 0.33126934984520123 0.3535714285714286 0.3306501547987616 0.3523809523809524 0.3170278637770898 0.3523809523809524 
4 0.36160990712074303 0.34285714285714286 0.35170278637770896 0.36428571428571427 0.34179566563467495 0.4488095238095238 0.34179566563467495 0.5511904761904762 0.35170278637770896 0.5607142857142857 0.36594427244582045 0.5607142857142857 0.37585139318885447 0.5416666666666666 0.37585139318885447 0.3630952380952381 0.37089783281733746 0.34404761904761905 0.3696594427244582 0.34285714285714286 0.36160990712074303 0.34285714285714286 
5 0.38204334365325077 0.34285714285714286 0.3764705882352941 0.3523809523809524 0.3715170278637771 0.3904761904761905 0.36656346749226004 0.5345238095238095 0.36656346749226004 0.5595238095238095 0.36780185758513934 0.5607142857142857 0.4006191950464396 0.5607142857142857 0.4055727554179567 0.55 0.4055727554179567 0.40476190476190477 0.4006191950464396 0.35595238095238096 0.4 0.3523809523809524 0.39504643962848296 0.34285714285714286 0.38204334365325077 0.34285714285714286 
6 0.4068111455108359 0.3047619047619048 0.4018575851393189 0.3142857142857143 0.40123839009287926 0.31666666666666665 0.40123839009287926 0.5702380952380952 0.4198142414860681 0.5702380952380952 0.43034055727554177 0.5607142857142857 0.4346749226006192 0.5511904761904762 0.43529411764705883 0.5452380952380952 0.43529411764705883 0.4869047619047619 0.43034055727554177 0.34404761904761905 0.42538699690402476 0.3238095238095238 0.42043343653250775 0.3142857142857143 0.41424148606811145 0.305952380952381 0.41114551083591333 0.3047619047619048 0.4068111455108359 0.3047619047619048 
7 0.4421052631578947 0.34285714285714286 0.4408668730650155 0.34404761904761905 0.4359133126934985 0.3619047619047619 0.4309597523219814 0.4095238095238095 0.4309597523219814 0.5607142857142857 0.43653250773993807 0.5702380952380952 0.460061919504644 0.5702380952380952 0.465015479876161 0.5583333333333333 0.465015479876161 0.45714285714285713 0.460061919504644 0.3726190476190476 0.4551083591331269 0.3523809523809524 0.4501547987616099 0.34285714285714286 0.4421052631578947 0.34285714285714286 
8 0.4712074303405573 0.37142857142857144 0.47058823529411764 0.3726190476190476 0.46068111455108357 0.44761904761904764 0.46068111455108357 0.5785714285714286 0.4613003095975232 0.5797619047619048 0.4953560371517028 0.5797619047619048 0.4984520123839009 0.5761904761904761 0.4996904024767802 0.5726190476190476 0.4996904024767802 0.5452380952380952 0.49473684210526314 0.41904761904761906 0.48978328173374613 0.38333333333333336 0.4891640866873065 0.38095238095238093 0.4848297213622291 0.37142857142857144 0.4712074303405573 0.37142857142857144 
9 0.5102167182662539 0.3619047619047619 0.5003095975232198 0.41904761904761906 0.4953560371517028 0.45714285714285713 0.4904024767801858 0.4976190476190476 0.4904024767801858 0.5785714285714286 0.491640866873065 0.5797619047619048 0.5294117647058824 0.5797619047619048 0.5343653250773994 0.5285714285714286 0.5343653250773994 0.4095238095238095 0.5294117647058824 0.37142857142857144 0.5238390092879257 0.3619047619047619 0.5102167182662539 0.3619047619047619 
10 0.5405572755417957 0.37142857142857144 0.534984520123839 0.3821428571428571 0.530030959752322 0.4 0.525077399380805 0.5261904761904762 0.525077399380805 0.5595238095238095 0.534984520123839 0.5797619047619048 0.5541795665634675 0.5797619047619048 0.5591331269349845 0.569047619047619 0.5591331269349845 0.4976190476190476 0.5541795665634675 0.3726190476190476 0.5535603715170279 0.37142857142857144 0.5405572755417957 0.37142857142857144 
11 0.5795665634674922 0.3333333333333333 0.5696594427244582 0.37142857142857144 0.5597523219814241 0.4297619047619048 0.5547987616099072 0.46785714285714286 0.5547987616099072 0.55 0.5597523219814241 0.5702380952380952 0.5647058823529412 0.5797619047619048 0.58328173374613 0.5797619047619048 0.5888544891640867 0.5702380952380952 0.5938080495356037 0.5607142857142857 0.5938080495356037 0.3333333333333333 0.5795665634674922 0.3333333333333333 
12 0.6043343653250774 0.37142857142857144 0.5993808049535604 0.38095238095238093 0.5944272445820433 0.4 0.5894736842105263 0.42023809523809524 0.5894736842105263 0.5607142857142857 0.5993808049535604 0.5797619047619048 0.6185758513931888 0.5797619047619048 0.6235294117647059 0.5702380952380952 0.6235294117647059 0.4 0.6185758513931888 0.3726190476190476 0.6179566563467492 0.37142857142857144 0.6043343653250774 0.37142857142857144 
13 0.6303405572755418 0.3619047619047619 0.6291021671826625 0.3630952380952381 0.6241486068111455 0.3726190476190476 0.6142414860681115 0.4380952380952381 0.6142414860681115 0.5404761904761904 0.6191950464396285 0.569047619047619 0.6198142414860681 0.5702380952380952 0.6291021671826625 0.5797619047619048 0.6427244582043343 0.5797619047619048 0.643343653250774 0.5785714285714286 0.648297213622291 0.5678571428571428 0.648297213622291 0.3964285714285714 0.6476780185758514 0.3904761904761905 0.643343653250774 0.3630952380952381 0.6427244582043343 0.3619047619047619 0.6303405572755418 0.3619047619047619 
14 0.6588235294117647 0.3904761904761905 0.6538699690402476 0.4 0.6489164086687307 0.41904761904761906 0.6439628482972136 0.44761904761904764 0.6439628482972136 0.5678571428571428 0.6489164086687307 0.5702380952380952 0.6873065015479877 0.5702380952380952 0.6928792569659443 0.5595238095238095 0.6928792569659443 0.5071428571428571 0.6829721362229102 0.4380952380952381 0.6780185758513931 0.4119047619047619 0.6730650154798762 0.39166666666666666 0.6724458204334365 0.3904761904761905 0.6588235294117647 0.3904761904761905 
15 0.7034055727554179 0.37142857142857144 0.6934984520123839 0.38095238095238093 0.6885448916408669 0.3904761904761905 0.6835913312693499 0.4880952380952381 0.6835913312693499 0.5119047619047619 0.6885448916408669 0.5511904761904762 0.6934984520123839 0.5607142857142857 0.7126934984520124 0.5607142857142857 0.7325077399380805 0.5511904761904762 0.7374613003095976 0.5416666666666666 0.7374613003095976 0.4857142857142857 0.7275541795665634 0.41309523809523807 0.7226006191950465 0.38095238095238093 0.7176470588235294 0.37142857142857144 0.7034055727554179 0.37142857142857144 
16 0.7188854489164087 0.34285714285714286 0.718266253869969 0.34404761904761905 0.713312693498452 0.38095238095238093 0.713312693498452 0.3880952380952381 0.7232198142414861 0.45476190476190476 0.7281733746130031 0.4654761904761905 0.7331269349845201 0.475 0.7424148606811145 0.475 0.7572755417956656 0.4654761904761905 0.7671826625386997 0.4452380952380952 0.7721362229102167 0.42738095238095236 0.7721362229102167 0.39285714285714285 0.7671826625386997 0.38095238095238093 0.756656346749226 0.3619047619047619 0.7374613003095976 0.34285714285714286 0.7188854489164087 0.34285714285714286 
18 0.6891640866873066 0.5619047619047619 0.6786377708978328 0.5726190476190476 0.6786377708978328 0.6345238095238095 0.6885448916408669 0.6845238095238095 0.698452012383901 0.7226190476190476 0.708359133126935 0.7404761904761905 0.7188854489164087 0.7511904761904762 0.7275541795665634 0.7511904761904762 0.7424148606811145 0.7309523809523809 0.7424148606811145 0.6571428571428571 0.7374613003095976 0.5714285714285714 0.730030959752322 0.5619047619047619 0.6891640866873066 0.5619047619047619 
19 0.6247678018575852 0.5714285714285714 0.6241486068111455 0.5726190476190476 0.6241486068111455 0.6273809523809524 0.6340557275541796 0.719047619047619 0.6390092879256966 0.7511904761904762 0.6445820433436532 0.7607142857142857 0.6928792569659443 0.7607142857142857 0.6928792569659443 0.7178571428571429 0.6829721362229102 0.5869047619047619 0.679876160990712 0.580952380952381 0.6730650154798762 0.5714285714285714 0.6247678018575852 0.5714285714285714 
20 0.5993808049535604 0.580952380952381 0.5993808049535604 0.6369047619047619 0.6043343653250774 0.6988095238095238 0.604953560371517 0.7035714285714286 0.6092879256965944 0.7309523809523809 0.6142414860681115 0.7595238095238095 0.6191950464396285 0.7797619047619048 0.6334365325077399 0.7797619047619048 0.6334365325077399 0.625 0.6328173374613003 0.6190476190476191 0.6278637770897832 0.580952380952381 0.5993808049535604 0.580952380952381 
21 0.5869969040247678 0.580952380952381 0.5845201238390093 0.5821428571428572 0.5746130030959752 0.5916666666666667 0.5702786377708978 0.6 0.5696594427244582 0.6023809523809524 0.5696594427244582 0.6357142857142857 0.5845201238390093 0.7702380952380953 0.5981424148606811 0.7702380952380953 0.6037151702786377 0.7607142857142857 0.6086687306501548 0.6833333333333333 0.6086687306501548 0.6309523809523809 0.6037151702786377 0.5821428571428572 0.6030959752321982 0.580952380952381 0.5869969040247678 0.580952380952381 
22 0.5498452012383901 0.580952380952381 0.544891640866873 0.6023809523809524 0.544891640866873 0.6869047619047619 0.5498452012383901 0.7321428571428571 0.5547987616099072 0.7702380952380953 0.5597523219814241 0.7797619047619048 0.5739938080495356 0.7797619047619048 0.5789473684210527 0.7404761904761905 0.5789473684210527 0.5916666666666667 0.573374613003096 0.580952380952381 0.5498452012383901 0.580952380952381 
23 0.5201238390092879 0.580952380952381 0.5201238390092879 0.694047619047619 0.525077399380805 0.7511904761904762 0.5306501547987617 0.7607142857142857 0.5442724458204334 0.7607142857142857 0.5492260061919505 0.7035714285714286 0.5492260061919505 0.594047619047619 0.5486068111455108 0.5904761904761905 0.5393188854489164 0.580952380952381 0.5201238390092879 0.580952380952381 
24 0.5009287925696595 0.5904761904761905 0.5003095975232198 0.5928571428571429 0.5003095975232198 0.7023809523809523 0.5052631578947369 0.75 0.5058823529411764 0.7511904761904762 0.5102167182662539 0.7583333333333333 0.5120743034055728 0.7607142857142857 0.5188854489164086 0.7607142857142857 0.5195046439628483 0.7595238095238095 0.5244582043343653 0.7416666666666667 0.5294117647058824 0.655952380952381 0.5294117647058824 0.6214285714285714 0.5244582043343653 0.5904761904761905 0.5009287925696595 0.5904761904761905 
25 0.4854489164086687 0.580952380952381 0.4804953560371517 0.5904761904761905 0.4804953560371517 0.719047619047619 0.48111455108359136 0.7226190476190476 0.4854489164086687 0.7416666666666667 0.49102167182662537 0.7511904761904762 0.5046439628482973 0.7511904761904762 0.5046439628482973 0.5916666666666667 0.5040247678018576 0.5904761904761905 0.49473684210526314 0.580952380952381 0.4854489164086687 0.580952380952381 
26 0.47554179566563465 0.580952380952381 0.47058823529411764 0.5821428571428572 0.46191950464396286 0.5904761904761905 0.46068111455108357 0.5928571428571429 0.46068111455108357 0.7130952380952381 0.46563467492260063 0.75 0.47058823529411764 0.7607142857142857 0.47987616099071206 0.7607142857142857 0.4848297213622291 0.7511904761904762 0.4848297213622291 0.5916666666666667 0.4842105263157895 0.5904761904761905 0.47678018575851394 0.580952380952381 0.47554179566563465 0.580952380952381 
27 0.4309597523219814 0.5714285714285714 0.4260061919504644 0.5916666666666667 0.4260061919504644 0.694047619047619 0.4359133126934985 0.7785714285714286 0.43653250773993807 0.7797619047619048 0.4501547987616099 0.7797619047619048 0.4551083591331269 0.7702380952380953 0.460061919504644 0.7226190476190476 0.460061919504644 0.5928571428571429 0.4544891640866873 0.5714285714285714 0.4309597523219814 0.5714285714285714 
28 0.39628482972136225 0.5714285714285714 0.3913312693498452 0.6285714285714286 0.3913312693498452 0.6369047619047619 0.4068111455108359 0.7702380952380953 0.4154798761609907 0.7702380952380953 0.42538699690402476 0.7511904761904762 0.43034055727554177 0.6761904761904762 0.43034055727554177 0.580952380952381 0.4198142414860681 0.5714285714285714 0.39628482972136225 0.5714285714285714 
29 0.3863777089783282 0.5619047619047619 0.3671826625386997 0.5714285714285714 0.36160990712074303 0.5821428571428572 0.36160990712074303 0.6142857142857143 0.36656346749226004 0.7488095238095238 0.3671826625386997 0.7511904761904762 0.3715170278637771 0.7583333333333333 0.3739938080495356 0.7607142857142857 0.38080495356037153 0.7607142857142857 0.38575851393188854 0.75 0.3907120743034056 0.7321428571428571 0.3956656346749226 0.694047619047619 0.4006191950464396 0.6428571428571429 0.4055727554179567 0.5797619047619048 0.4055727554179567 0.5726190476190476 0.4006191950464396 0.5619047619047619 0.3863777089783282 0.5619047619047619 
30 0.3176470588235294 0.5523809523809524 0.31207430340557274 0.5630952380952381 0.29226006191950465 0.705952380952381 0.29226006191950465 0.7309523809523809 0.29721362229102166 0.7488095238095238 0.29907120743034055 0.7511904761904762 0.33746130030959753 0.7607142857142857 0.3510835913312694 0.7607142857142857 0.3560371517027864 0.7511904761904762 0.3609907120743034 0.7226190476190476 0.37089783281733746 0.6369047619047619 0.37585139318885447 0.5797619047619048 0.37585139318885447 0.5619047619047619 0.37089783281733746 0.5523809523809524 0.3176470588235294 0.5523809523809524 
31 0.26811145510835915 0.5333333333333333 0.2625386996904025 0.5428571428571428 0.25758513931888544 0.5619047619047619 0.2476780185758514 0.6833333333333333 0.2476780185758514 0.7011904761904761 0.25263157894736843 0.7214285714285714 0.2532507739938081 0.7226190476190476 0.2724458204334365 0.7321428571428571 0.28173374613003094 0.7321428571428571 0.286687306501548 0.7226190476190476 0.29659442724458207 0.7011904761904761 0.3065015479876161 0.675 0.31640866873065016 0.6357142857142857 0.32136222910216716 0.5702380952380952 0.32136222910216716 0.5619047619047619 0.31640866873065016 0.5535714285714286 0.3065015479876161 0.5428571428571428 0.29102167182662536 0.5333333333333333 0.26811145510835915 0.5333333333333333 