3 0.3380804953560371 0.3619047619047619 0.3126934984520124 0.37142857142857144 0.31207430340557274 0.3726190476190476 0.30712074303405573 0.4023809523809524 0.29721362229102166 0.4773809523809524 0.29721362229102166 0.5297619047619048 0.2978328173374613 0.5321428571428571 0.3021671826625387 0.5416666666666666 0.30712074303405573 0.55 0.30835913312693497 0.5511904761904762 0.3504643962848297 0.5511904761904762 0.35541795665634673 0.5416666666666666 0.3560371517027864 0.5392857142857143 0.3560371517027864 0.5047619047619047 0.3510835913312694 0.3738095238095238 0.3504643962848297 0.37142857142857144 0.3455108359133127 0.3619047619047619 0.3380804953560371 0.3619047619047619 
4 0.35170278637770896 0.3619047619047619 0.34674922600619196 0.46785714285714286 0.34674922600619196 0.4845238095238095 0.35170278637770896 0.5416666666666666 0.356656346749226 0.5511904761904762 0.3696594427244582 0.5511904761904762 0.3801857585139319 0.5416666666666666 0.38080495356037153 0.5404761904761904 0.38080495356037153 0.4666666666666667 0.37585139318885447 0.3821428571428571 0.37089783281733746 0.3630952380952381 0.3702786377708978 0.3619047619047619 0.35170278637770896 0.3619047619047619 
5 0.3764705882352941 0.3619047619047619 0.3715170278637771 0.4392857142857143 0.3715170278637771 0.475 0.3764705882352941 0.5321428571428571 0.38204334365325077 0.5416666666666666 0.39504643962848296 0.5416666666666666 0.4055727554179567 0.5226190476190476 0.4055727554179567 0.4095238095238095 0.3956656346749226 0.36428571428571427 0.39504643962848296 0.3619047619047619 0.3764705882352941 0.3619047619047619 
6 0.41238390092879257 0.3619047619047619 0.41114551083591333 0.3630952380952381 0.40619195046439627 0.37142857142857144 0.40123839009287926 0.44761904761904764 0.40123839009287926 0.5214285714285715 0.4018575851393189 0.5226190476190476 0.4346749226006192 0.5226190476190476 0.43962848297213625 0.513095238095238 0.44024767801857584 0.5095238095238095 0.44024767801857584 0.4666666666666667 0.43529411764705883 0.3904761904761905 0.4297213622291022 0.37142857142857144 0.4247678018575851 0.3619047619047619 0.41238390092879257 0.3619047619047619 
7 0.4408668730650155 0.3619047619047619 0.4359133126934985 0.4785714285714286 0.4359133126934985 0.5095238095238095 0.43653250773993807 0.513095238095238 0.4631578947368421 0.513095238095238 0.46439628482972134 0.5119047619047619 0.465015479876161 0.5107142857142857 0.465015479876161 0.47023809523809523 0.460061919504644 0.36666666666666664 0.45944272445820433 0.3619047619047619 0.4408668730650155 0.3619047619047619 
8 0.4712074303405573 0.37142857142857144 0.46563467492260063 0.38095238095238093 0.46563467492260063 0.513095238095238 0.5040247678018576 0.513095238095238 0.5046439628482973 0.5107142857142857 0.5046439628482973 0.46904761904761905 0.4891640866873065 0.3904761904761905 0.4848297213622291 0.37142857142857144 0.4712074303405573 0.37142857142857144 
9 0.5102167182662539 0.3523809523809524 0.5052631578947369 0.37142857142857144 0.5003095975232198 0.4666666666666667 0.5003095975232198 0.5011904761904762 0.5009287925696595 0.5035714285714286 0.5343653250773994 0.5035714285714286 0.5343653250773994 0.45 0.5244582043343653 0.3535714285714286 0.5232198142414861 0.3523809523809524 0.5102167182662539 0.3523809523809524 
10 0.5399380804953561 0.3523809523809524 0.534984520123839 0.3619047619047619 0.5306501547987617 0.37142857142857144 0.530030959752322 0.375 0.530030959752322 0.48095238095238096 0.5306501547987617 0.4845238095238095 0.5356037151702786 0.5035714285714286 0.5510835913312694 0.513095238095238 0.5585139318885449 0.513095238095238 0.5640866873065016 0.5035714285714286 0.5640866873065016 0.4380952380952381 0.5591331269349845 0.4023809523809524 0.5541795665634675 0.3738095238095238 0.5492260061919505 0.3535714285714286 0.5486068111455108 0.3523809523809524 0.5399380804953561 0.3523809523809524 
11 0.5801857585139318 0.3142857142857143 0.5746130030959752 0.3238095238095238 0.5696594427244582 0.3333333333333333 0.5647058823529412 0.3619047619047619 0.5597523219814241 0.39166666666666666 0.5597523219814241 0.48333333333333334 0.5647058823529412 0.5119047619047619 0.5653250773993808 0.513095238095238 0.5888544891640867 0.513095238095238 0.5981424148606811 0.49404761904761907 0.5987616099071208 0.49166666666666664 0.5987616099071208 0.3535714285714286 0.5938080495356037 0.31547619047619047 0.5925696594427244 0.3142857142857143 0.5801857585139318 0.3142857142857143 
12 0.604953560371517 0.3523809523809524 0.5993808049535604 0.3630952380952381 0.5944272445820433 0.39166666666666666 0.5894736842105263 0.48928571428571427 0.5894736842105263 0.5023809523809524 0.5944272445820433 0.513095238095238 0.6185758513931888 0.513095238095238 0.6235294117647059 0.48333333333333334 0.6235294117647059 0.3523809523809524 0.604953560371517 0.3523809523809524 
13 0.6291021671826625 0.3619047619047619 0.6241486068111455 0.3726190476190476 0.6191950464396285 0.4011904761904762 0.6142414860681115 0.4773809523809524 0.6142414860681115 0.5107142857142857 0.614860681114551 0.513095238095238 0.6377708978328174 0.513095238095238 0.643343653250774 0.5035714285714286 0.648297213622291 0.45595238095238094 0.648297213622291 0.4 0.643343653250774 0.3726190476190476 0.638390092879257 0.3619047619047619 0.6291021671826625 0.3619047619047619 
14 0.6594427244582043 0.34285714285714286 0.6538699690402476 0.3523809523809524 0.6489164086687307 0.3726190476190476 0.6439628482972136 0.39404761904761904 0.6390092879256966 0.4488095238095238 0.6390092879256966 0.4928571428571429 0.6445820433436532 0.513095238095238 0.6780185758513931 0.513095238095238 0.6879256965944273 0.5023809523809524 0.6928792569659443 0.4845238095238095 0.6928792569659443 0.3726190476190476 0.6879256965944273 0.3523809523809524 0.6662538699690402 0.34285714285714286 0.6594427244582043 0.34285714285714286 
20 0.614860681114551 0.5238095238095238 0.6092879256965944 0.5333333333333333 0.6092879256965944 0.5892857142857143 0.6191950464396285 0.6904761904761905 0.6204334365325077 0.6928571428571428 0.621671826625387 0.694047619047619 0.6328173374613003 0.694047619047619 0.638390092879257 0.6833333333333333 0.643343653250774 0.6642857142857143 0.648297213622291 0.6357142857142857 0.648297213622291 0.5357142857142857 0.6476780185758514 0.5333333333333333 0.6377708978328174 0.5238095238095238 0.614860681114551 0.5238095238095238 
21 0.5845201238390093 0.5238095238095238 0.5795665634674922 0.5333333333333333 0.5795665634674922 0.5892857142857143 0.5894736842105263 0.6714285714285714 0.590092879256966 0.675 0.5944272445820433 0.6928571428571428 0.5956656346749226 0.694047619047619 0.6074303405572755 0.694047619047619 0.6086687306501548 0.6916666666666667 0.6136222910216719 0.5892857142857143 0.6136222910216719 0.5345238095238095 0.6080495356037152 0.5238095238095238 0.5845201238390093 0.5238095238095238 
22 0.5498452012383901 0.5333333333333333 0.5498452012383901 0.6273809523809524 0.5547987616099072 0.6738095238095239 0.5597523219814241 0.694047619047619 0.5647058823529412 0.7119047619047619 0.5702786377708978 0.7214285714285714 0.5721362229102167 0.7226190476190476 0.58328173374613 0.7226190476190476 0.5839009287925696 0.7202380952380952 0.5888544891640867 0.6333333333333333 0.5888544891640867 0.5833333333333334 0.5839009287925696 0.5333333333333333 0.5498452012383901 0.5333333333333333 
23 0.525077399380805 0.5428571428571428 0.525077399380805 0.569047619047619 0.530030959752322 0.6369047619047619 0.534984520123839 0.7035714285714286 0.5492260061919505 0.7035714285714286 0.5541795665634675 0.6654761904761904 0.5541795665634675 0.544047619047619 0.5535603715170279 0.5428571428571428 0.525077399380805 0.5428571428571428 
24 0.5003095975232198 0.5428571428571428 0.5003095975232198 0.5595238095238095 0.5052631578947369 0.6523809523809524 0.5102167182662539 0.6833333333333333 0.5151702786377709 0.7035714285714286 0.5287925696594428 0.7035714285714286 0.5294117647058824 0.7023809523809523 0.5294117647058824 0.544047619047619 0.5287925696594428 0.5428571428571428 0.5003095975232198 0.5428571428571428 
25 0.47554179566563465 0.5428571428571428 0.47554179566563465 0.5702380952380952 0.4854489164086687 0.655952380952381 0.49102167182662537 0.6738095238095239 0.4953560371517028 0.6833333333333333 0.5009287925696595 0.694047619047619 0.5046439628482973 0.694047619047619 0.5089783281733746 0.6845238095238095 0.5095975232198142 0.6821428571428572 0.5095975232198142 0.5535714285714286 0.5046439628482973 0.544047619047619 0.4996904024767802 0.5428571428571428 0.47554179566563465 0.5428571428571428 
26 0.45077399380804956 0.5428571428571428 0.45077399380804956 0.569047619047619 0.46068111455108357 0.655952380952381 0.46563467492260063 0.6845238095238095 0.47058823529411764 0.7011904761904761 0.4718266253869969 0.7035714285714286 0.47987616099071206 0.7035714285714286 0.4848297213622291 0.694047619047619 0.4848297213622291 0.5916666666666667 0.47987616099071206 0.5428571428571428 0.45077399380804956 0.5428571428571428 
27 0.44643962848297214 0.5428571428571428 0.41671826625387 0.5523809523809524 0.41609907120743034 0.5547619047619048 0.41609907120743034 0.5702380952380952 0.4309597523219814 0.6452380952380953 0.4408668730650155 0.6833333333333333 0.45077399380804956 0.7035714285714286 0.460061919504644 0.7035714285714286 0.460061919504644 0.5833333333333334 0.4551083591331269 0.544047619047619 0.4544891640866873 0.5428571428571428 0.44643962848297214 0.5428571428571428 
28 0.39690402476780184 0.5428571428571428 0.3913312693498452 0.5523809523809524 0.3863777089783282 0.5619047619047619 0.3863777089783282 0.5785714285714286 0.39628482972136225 0.6428571428571429 0.40619195046439627 0.694047619047619 0.41114551083591333 0.7023809523809523 0.41238390092879257 0.7035714285714286 0.4148606811145511 0.7035714285714286 0.42043343653250775 0.6845238095238095 0.42538699690402476 0.5702380952380952 0.42538699690402476 0.544047619047619 0.4241486068111455 0.5428571428571428 0.39690402476780184 0.5428571428571428 