2 0.34674922600619196 0.3619047619047619 0.3219814241486068 0.4976190476190476 0.3219814241486068 0.5119047619047619 0.3269349845201238 0.530952380952381 0.33250773993808047 0.5416666666666666 0.35294117647058826 0.5511904761904762 0.36470588235294116 0.5511904761904762 0.36594427244582045 0.55 0.37089783281733746 0.5226190476190476 0.37585139318885447 0.42738095238095236 0.37585139318885447 0.4 0.37089783281733746 0.3619047619047619 0.34674922600619196 0.3619047619047619 
3 0.3721362229102167 0.38095238095238093 0.3715170278637771 0.38333333333333336 0.36656346749226004 0.41904761904761906 0.36160990712074303 0.5178571428571429 0.36160990712074303 0.5404761904761904 0.3715170278637771 0.5607142857142857 0.4055727554179567 0.5607142857142857 0.4105263157894737 0.5511904761904762 0.4105263157894737 0.4583333333333333 0.4055727554179567 0.39166666666666666 0.4006191950464396 0.38095238095238093 0.3721362229102167 0.38095238095238093 
4 0.42105263157894735 0.38095238095238093 0.41609907120743034 0.3904761904761905 0.41114551083591333 0.4095238095238095 0.40619195046439627 0.4297619047619048 0.40123839009287926 0.5428571428571428 0.40123839009287926 0.5607142857142857 0.40619195046439627 0.5702380952380952 0.4117647058823529 0.5797619047619048 0.42043343653250775 0.5797619047619048 0.4297213622291022 0.5702380952380952 0.43529411764705883 0.5607142857142857 0.43529411764705883 0.5142857142857142 0.43034055727554177 0.38095238095238093 0.42105263157894735 0.38095238095238093 
6 0.4359133126934985 0.37142857142857144 0.4309597523219814 0.42857142857142855 0.4260061919504644 0.4880952380952381 0.4260061919504644 0.5797619047619048 0.4309597523219814 0.5976190476190476 0.43157894736842106 0.5988095238095238 0.4501547987616099 0.5988095238095238 0.4551083591331269 0.5892857142857143 0.4551083591331269 0.5142857142857142 0.4501547987616099 0.4119047619047619 0.4452012383900929 0.37142857142857144 0.4359133126934985 0.37142857142857144 
7 0.46563467492260063 0.41904761904761906 0.46068111455108357 0.42857142857142855 0.45572755417956656 0.4666666666666667 0.45077399380804956 0.5333333333333333 0.45077399380804956 0.5511904761904762 0.45572755417956656 0.5976190476190476 0.4563467492260062 0.5988095238095238 0.47492260061919506 0.5988095238095238 0.47492260061919506 0.42857142857142855 0.469969040247678 0.41904761904761906 0.46563467492260063 0.41904761904761906 
8 0.48606811145510836 0.4 0.4804953560371517 0.4095238095238095 0.47058823529411764 0.5642857142857143 0.47058823529411764 0.5702380952380952 0.47554179566563465 0.6059523809523809 0.4761609907120743 0.6083333333333333 0.4804953560371517 0.6178571428571429 0.5046439628482973 0.6178571428571429 0.5046439628482973 0.5571428571428572 0.49473684210526314 0.40476190476190477 0.49411764705882355 0.4 0.48606811145510836 0.4 
9 0.5058823529411764 0.4095238095238095 0.5052631578947369 0.4119047619047619 0.5003095975232198 0.5047619047619047 0.5003095975232198 0.6154761904761905 0.5021671826625387 0.6178571428571429 0.5294117647058824 0.6178571428571429 0.5337461300309597 0.6083333333333333 0.5343653250773994 0.6059523809523809 0.5343653250773994 0.5428571428571428 0.5244582043343653 0.4392857142857143 0.5195046439628483 0.42023809523809524 0.5139318885448917 0.4095238095238095 0.5058823529411764 0.4095238095238095 
10 0.534984520123839 0.4 0.530030959752322 0.4380952380952381 0.530030959752322 0.5988095238095238 0.534984520123839 0.6083333333333333 0.5541795665634675 0.6083333333333333 0.5585139318885449 0.5988095238095238 0.5591331269349845 0.5964285714285714 0.5591331269349845 0.544047619047619 0.5541795665634675 0.4666666666666667 0.5492260061919505 0.41904761904761906 0.5442724458204334 0.4023809523809524 0.5430340557275541 0.4011904761904762 0.5405572755417957 0.4 0.534984520123839 0.4 
11 0.5603715170278638 0.38095238095238093 0.5597523219814241 0.3821428571428571 0.5547987616099072 0.4011904761904762 0.5498452012383901 0.5083333333333333 0.5498452012383901 0.5452380952380952 0.5504643962848297 0.5511904761904762 0.5547987616099072 0.5797619047619048 0.5603715170278638 0.5988095238095238 0.578328173374613 0.5988095238095238 0.5839009287925696 0.5785714285714286 0.5839009287925696 0.5142857142857142 0.5739938080495356 0.3821428571428571 0.573374613003096 0.38095238095238093 0.5603715170278638 0.38095238095238093 
12 0.5801857585139318 0.4 0.5746130030959752 0.4095238095238095 0.5746130030959752 0.5226190476190476 0.5795665634674922 0.5666666666666667 0.5801857585139318 0.5702380952380952 0.5845201238390093 0.5797619047619048 0.6024767801857586 0.5797619047619048 0.6086687306501548 0.5702380952380952 0.6086687306501548 0.5059523809523809 0.6037151702786377 0.44761904761904764 0.5987616099071208 0.42857142857142855 0.5938080495356037 0.4119047619047619 0.5876160990712074 0.4 0.5801857585139318 0.4 
14 0.5993808049535604 0.37142857142857144 0.5944272445820433 0.39285714285714285 0.5944272445820433 0.45595238095238094 0.5993808049535604 0.5154761904761904 0.6 0.5226190476190476 0.6043343653250774 0.569047619047619 0.604953560371517 0.5702380952380952 0.6235294117647059 0.5702380952380952 0.6427244582043343 0.5607142857142857 0.643343653250774 0.555952380952381 0.643343653250774 0.4988095238095238 0.6334365325077399 0.3904761904761905 0.628482972136223 0.38095238095238093 0.6130030959752322 0.37142857142857144 0.5993808049535604 0.37142857142857144 
15 0.6489164086687307 0.34285714285714286 0.6390092879256966 0.3619047619047619 0.6340557275541796 0.3904761904761905 0.6340557275541796 0.44642857142857145 0.6390092879256966 0.5321428571428571 0.6495356037151703 0.5511904761904762 0.6582043343653251 0.5511904761904762 0.6718266253869969 0.5416666666666666 0.6780185758513931 0.5321428571428571 0.6823529411764706 0.5226190476190476 0.6829721362229102 0.5202380952380953 0.6829721362229102 0.4785714285714286 0.6780185758513931 0.42023809523809524 0.6730650154798762 0.3726190476190476 0.6681114551083591 0.3523809523809524 0.6631578947368421 0.34285714285714286 0.6489164086687307 0.34285714285714286 
18 0.6439628482972136 0.5523809523809524 0.614860681114551 0.5619047619047619 0.6142414860681115 0.5642857142857143 0.6142414860681115 0.5869047619047619 0.6191950464396285 0.6261904761904762 0.6291021671826625 0.6726190476190477 0.6340557275541796 0.694047619047619 0.6588235294117647 0.7416666666666667 0.6693498452012384 0.7511904761904762 0.6780185758513931 0.7511904761904762 0.6879256965944273 0.7321428571428571 0.6879256965944273 0.6571428571428571 0.6773993808049535 0.6 0.6730650154798762 0.580952380952381 0.6681114551083591 0.5630952380952381 0.6631578947368421 0.5523809523809524 0.6439628482972136 0.5523809523809524 
19 0.5752321981424149 0.5714285714285714 0.5746130030959752 0.5726190476190476 0.5696594427244582 0.5904761904761905 0.5696594427244582 0.5988095238095238 0.5795665634674922 0.6833333333333333 0.5845201238390093 0.7214285714285714 0.5894736842105263 0.7404761904761905 0.590092879256966 0.7416666666666667 0.6043343653250774 0.7595238095238095 0.6055727554179566 0.7607142857142857 0.6179566563467492 0.7607142857142857 0.6334365325077399 0.75 0.6334365325077399 0.6952380952380952 0.628482972136223 0.638095238095238 0.6235294117647059 0.5857142857142857 0.6229102167182663 0.580952380952381 0.6130030959752322 0.5714285714285714 0.5752321981424149 0.5714285714285714 
20 0.5554179566563467 0.6 0.5498452012383901 0.6107142857142858 0.5498452012383901 0.6357142857142857 0.5746130030959752 0.7309523809523809 0.5801857585139318 0.7511904761904762 0.595046439628483 0.7797619047619048 0.6030959752321982 0.7797619047619048 0.6037151702786377 0.7761904761904762 0.6037151702786377 0.7333333333333333 0.5839009287925696 0.6285714285714286 0.5789473684210527 0.6095238095238096 0.5739938080495356 0.6 0.5554179566563467 0.6 
21 0.5356037151702786 0.6095238095238096 0.534984520123839 0.6107142857142858 0.534984520123839 0.6654761904761904 0.5399380804953561 0.7130952380952381 0.5498452012383901 0.7702380952380953 0.5603715170278638 0.7892857142857143 0.56656346749226 0.7892857142857143 0.5690402476780185 0.7880952380952381 0.5690402476780185 0.7238095238095238 0.5591331269349845 0.6285714285714286 0.5541795665634675 0.6107142857142858 0.5535603715170279 0.6095238095238096 0.5356037151702786 0.6095238095238096 
23 0.5226006191950464 0.6190476190476191 0.5157894736842106 0.6285714285714286 0.5151702786377709 0.6297619047619047 0.5151702786377709 0.655952380952381 0.5201238390092879 0.7678571428571429 0.5207430340557275 0.7702380952380953 0.525077399380805 0.7797619047619048 0.5393188854489164 0.7797619047619048 0.5393188854489164 0.6202380952380953 0.5386996904024768 0.6190476190476191 0.5226006191950464 0.6190476190476191 
24 0.5003095975232198 0.638095238095238 0.5003095975232198 0.7607142857142857 0.5052631578947369 0.7702380952380953 0.5188854489164086 0.7702380952380953 0.5195046439628483 0.7690476190476191 0.5195046439628483 0.638095238095238 0.5003095975232198 0.638095238095238 
25 0.48606811145510836 0.6285714285714286 0.4854489164086687 0.6297619047619047 0.4804953560371517 0.6571428571428571 0.4804953560371517 0.7678571428571429 0.48111455108359136 0.7702380952380953 0.49473684210526314 0.7702380952380953 0.4996904024767802 0.7404761904761905 0.5046439628482973 0.7035714285714286 0.5046439628482973 0.6285714285714286 0.48606811145510836 0.6285714285714286 
26 0.46563467492260063 0.6285714285714286 0.46068111455108357 0.7523809523809524 0.46068111455108357 0.7785714285714286 0.46563467492260063 0.7892857142857143 0.4743034055727554 0.7892857142857143 0.47987616099071206 0.7785714285714286 0.4848297213622291 0.7511904761904762 0.48978328173374613 0.6595238095238095 0.48978328173374613 0.638095238095238 0.4842105263157895 0.6285714285714286 0.46563467492260063 0.6285714285714286 
27 0.4476780185758514 0.6095238095238096 0.4458204334365325 0.6107142857142858 0.4408668730650155 0.6190476190476191 0.4309597523219814 0.7238095238095238 0.4309597523219814 0.7797619047619048 0.4359133126934985 0.7988095238095239 0.44458204334365325 0.7988095238095239 0.44953560371517026 0.7892857142857143 0.4551083591331269 0.7607142857142857 0.460061919504644 0.7321428571428571 0.465015479876161 0.7023809523809523 0.469969040247678 0.6654761904761904 0.469969040247678 0.6404761904761904 0.465015479876161 0.6190476190476191 0.460061919504644 0.6095238095238096 0.4476780185758514 0.6095238095238096 
28 0.42105263157894735 0.6 0.40123839009287926 0.7464285714285714 0.40123839009287926 0.7714285714285715 0.4024767801857585 0.7797619047619048 0.4154798761609907 0.7797619047619048 0.42538699690402476 0.7607142857142857 0.43034055727554177 0.7404761904761905 0.44024767801857584 0.694047619047619 0.4452012383900929 0.6642857142857143 0.4501547987616099 0.6261904761904762 0.4501547987616099 0.6011904761904762 0.44891640866873067 0.6 0.42105263157894735 0.6 
30 0.38699690402476783 0.5714285714285714 0.3814241486068111 0.5916666666666667 0.3715170278637771 0.6761904761904762 0.3715170278637771 0.7416666666666667 0.3814241486068111 0.7678571428571429 0.3826625386996904 0.7702380952380953 0.3907120743034056 0.7702380952380953 0.4 0.7607142857142857 0.4055727554179567 0.75 0.4105263157894737 0.7392857142857143 0.4154798761609907 0.7226190476190476 0.42538699690402476 0.6619047619047619 0.43034055727554177 0.6071428571428571 0.43034055727554177 0.5904761904761905 0.42538699690402476 0.580952380952381 0.4105263157894737 0.5714285714285714 0.38699690402476783 0.5714285714285714 
31 0.34179566563467495 0.5523809523809524 0.3368421052631579 0.5630952380952381 0.3219814241486068 0.6761904761904762 0.3219814241486068 0.7321428571428571 0.3368421052631579 0.7511904761904762 0.3461300309597523 0.7511904761904762 0.3560371517027864 0.7321428571428571 0.37089783281733746 0.7023809523809523 0.38575851393188854 0.6369047619047619 0.3907120743034056 0.5988095238095238 0.3907120743034056 0.5726190476190476 0.3894736842105263 0.5714285714285714 0.35541795665634673 0.5523809523809524 0.34179566563467495 0.5523809523809524 