1 0.2743034055727554 0.3238095238095238 0.27306501547987616 0.325 0.2724458204334365 0.3261904761904762 0.23777089783281732 0.4583333333333333 0.23777089783281732 0.4845238095238095 0.24272445820433436 0.49404761904761907 0.248297213622291 0.5035714285714286 0.2631578947368421 0.5226190476190476 0.28606811145510835 0.5226190476190476 0.286687306501548 0.5214285714285715 0.29659442724458207 0.49404761904761907 0.3065015479876161 0.44642857142857145 0.3065015479876161 0.3904761904761905 0.3015479876160991 0.37142857142857144 0.29659442724458207 0.3535714285714286 0.28173374613003094 0.3238095238095238 0.2743034055727554 0.3238095238095238 
2 0.31207430340557274 0.34285714285714286 0.2823529411764706 0.5047619047619047 0.2823529411764706 0.5214285714285715 0.28792569659442724 0.5321428571428571 0.30340557275541796 0.5416666666666666 0.33560371517027865 0.5416666666666666 0.33622291021671824 0.5404761904761904 0.3411764705882353 0.5297619047619048 0.3461300309597523 0.5035714285714286 0.3510835913312694 0.45357142857142857 0.3510835913312694 0.38571428571428573 0.3504643962848297 0.38095238095238093 0.3461300309597523 0.36547619047619045 0.3448916408668731 0.3630952380952381 0.33560371517027865 0.3523809523809524 0.3263157894736842 0.34285714285714286 0.31207430340557274 0.34285714285714286 
3 0.36160990712074303 0.38095238095238093 0.356656346749226 0.39166666666666666 0.34241486068111454 0.44761904761904764 0.34179566563467495 0.4511904761904762 0.3318885448916409 0.5238095238095238 0.3318885448916409 0.55 0.3368421052631579 0.5607142857142857 0.3851393188854489 0.5607142857142857 0.39009287925696595 0.5511904761904762 0.3907120743034056 0.5488095238095239 0.3907120743034056 0.4666666666666667 0.38575851393188854 0.4095238095238095 0.37585139318885447 0.3821428571428571 0.3752321981424149 0.38095238095238093 0.36160990712074303 0.38095238095238093 
4 0.40804953560371515 0.37142857142857144 0.40619195046439627 0.3738095238095238 0.39628482972136225 0.3904761904761905 0.3913312693498452 0.4095238095238095 0.3814241486068111 0.4488095238095238 0.3764705882352941 0.5523809523809524 0.3764705882352941 0.569047619047619 0.38204334365325077 0.5797619047619048 0.4006191950464396 0.5797619047619048 0.4105263157894737 0.5702380952380952 0.4198142414860681 0.5607142857142857 0.42043343653250775 0.5595238095238095 0.42043343653250775 0.38333333333333336 0.4198142414860681 0.38095238095238093 0.4154798761609907 0.37142857142857144 0.40804953560371515 0.37142857142857144 
6 0.43653250773993807 0.3904761904761905 0.4260061919504644 0.4107142857142857 0.42105263157894735 0.4226190476190476 0.41609907120743034 0.4380952380952381 0.41114551083591333 0.45714285714285713 0.40619195046439627 0.5535714285714286 0.40619195046439627 0.5785714285714286 0.41114551083591333 0.5892857142857143 0.41609907120743034 0.5988095238095238 0.4340557275541796 0.5988095238095238 0.43529411764705883 0.5976190476190476 0.44024767801857584 0.5892857142857143 0.4452012383900929 0.5785714285714286 0.4501547987616099 0.4369047619047619 0.4501547987616099 0.3904761904761905 0.43653250773993807 0.3904761904761905 
7 0.45572755417956656 0.4095238095238095 0.45077399380804956 0.41904761904761906 0.4408668730650155 0.5428571428571428 0.4408668730650155 0.5892857142857143 0.44643962848297214 0.5988095238095238 0.4569659442724458 0.6083333333333333 0.4693498452012384 0.6083333333333333 0.47492260061919506 0.5988095238095238 0.47492260061919506 0.5619047619047619 0.469969040247678 0.42023809523809524 0.465015479876161 0.4095238095238095 0.45572755417956656 0.4095238095238095 
8 0.4854489164086687 0.41904761904761906 0.4804953560371517 0.4380952380952381 0.47058823529411764 0.5619047619047619 0.47058823529411764 0.6166666666666667 0.4712074303405573 0.6178571428571429 0.49226006191950467 0.6273809523809524 0.5095975232198142 0.6273809523809524 0.5095975232198142 0.5619047619047619 0.4996904024767802 0.41904761904761906 0.4854489164086687 0.41904761904761906 
9 0.5201238390092879 0.41904761904761906 0.5151702786377709 0.4297619047619048 0.5102167182662539 0.44761904761904764 0.5052631578947369 0.5523809523809524 0.5052631578947369 0.6273809523809524 0.5380804953560372 0.6273809523809524 0.5393188854489164 0.6261904761904762 0.5442724458204334 0.6178571428571429 0.5442724458204334 0.580952380952381 0.5393188854489164 0.4595238095238095 0.5343653250773994 0.42857142857142855 0.5294117647058824 0.41904761904761906 0.5201238390092879 0.41904761904761906 
10 0.5554179566563467 0.41904761904761906 0.5498452012383901 0.4297619047619048 0.544891640866873 0.4666666666666667 0.5399380804953561 0.5523809523809524 0.5399380804953561 0.6154761904761905 0.5405572755417957 0.6178571428571429 0.5622291021671827 0.6178571428571429 0.5640866873065016 0.6166666666666667 0.5690402476780185 0.6083333333333333 0.5690402476780185 0.5369047619047619 0.5640866873065016 0.42857142857142855 0.5585139318885449 0.41904761904761906 0.5554179566563467 0.41904761904761906 
11 0.590092879256966 0.3904761904761905 0.5894736842105263 0.39166666666666666 0.5851393188854489 0.4011904761904762 0.5845201238390093 0.4035714285714286 0.5746130030959752 0.4773809523809524 0.5647058823529412 0.5523809523809524 0.5647058823529412 0.5666666666666667 0.5653250773993808 0.5702380952380952 0.5696594427244582 0.5892857142857143 0.5795665634674922 0.6071428571428571 0.5808049535603715 0.6083333333333333 0.5931888544891641 0.6083333333333333 0.6037151702786377 0.5988095238095238 0.6086687306501548 0.5797619047619048 0.6086687306501548 0.5547619047619048 0.6037151702786377 0.4095238095238095 0.5987616099071208 0.3904761904761905 0.590092879256966 0.3904761904761905 
13 0.6105263157894737 0.3904761904761905 0.6043343653250774 0.4 0.5993808049535604 0.42023809523809524 0.5993808049535604 0.5785714285714286 0.6043343653250774 0.5892857142857143 0.614860681114551 0.5988095238095238 0.621671826625387 0.5988095238095238 0.6235294117647059 0.5976190476190476 0.628482972136223 0.5892857142857143 0.6328173374613003 0.5797619047619048 0.6334365325077399 0.575 0.6334365325077399 0.4880952380952381 0.6235294117647059 0.4035714285714286 0.6229102167182663 0.4 0.6185758513931888 0.3904761904761905 0.6105263157894737 0.3904761904761905 
14 0.6445820433436532 0.3904761904761905 0.6340557275541796 0.4095238095238095 0.6291021671826625 0.44761904761904764 0.6291021671826625 0.569047619047619 0.6303405572755418 0.5702380952380952 0.6538699690402476 0.5797619047619048 0.6681114551083591 0.5797619047619048 0.6730650154798762 0.569047619047619 0.6780185758513931 0.4738095238095238 0.6780185758513931 0.3964285714285714 0.6773993808049535 0.3904761904761905 0.6445820433436532 0.3904761904761905 
15 0.6904024767801857 0.3619047619047619 0.6885448916408669 0.36428571428571427 0.6842105263157895 0.37142857142857144 0.6786377708978328 0.38095238095238093 0.6736842105263158 0.4035714285714286 0.6687306501547987 0.46904761904761905 0.6687306501547987 0.55 0.6736842105263158 0.5607142857142857 0.7077399380804954 0.5607142857142857 0.7126934984520124 0.55 0.7126934984520124 0.49523809523809526 0.7027863777089783 0.37142857142857144 0.6978328173374613 0.3630952380952381 0.6965944272445821 0.3619047619047619 0.6904024767801857 0.3619047619047619 
16 0.7226006191950465 0.3523809523809524 0.7195046439628483 0.3535714285714286 0.718266253869969 0.3547619047619048 0.713312693498452 0.3619047619047619 0.7034055727554179 0.4011904761904762 0.7034055727554179 0.4845238095238095 0.708359133126935 0.5321428571428571 0.713312693498452 0.5416666666666666 0.7275541795665634 0.5416666666666666 0.7517027863777089 0.5226190476190476 0.7572755417956656 0.513095238095238 0.7572755417956656 0.49166666666666664 0.756656346749226 0.4857142857142857 0.7368421052631579 0.37142857142857144 0.7318885448916409 0.3523809523809524 0.7226006191950465 0.3523809523809524 
17 0.7238390092879257 0.5523809523809524 0.7046439628482972 0.5619047619047619 0.7034055727554179 0.5630952380952381 0.6934984520123839 0.5821428571428572 0.6934984520123839 0.6071428571428571 0.6990712074303406 0.6273809523809524 0.708359133126935 0.655952380952381 0.7232198142414861 0.694047619047619 0.7294117647058823 0.7035714285714286 0.7517027863777089 0.7035714285714286 0.7616099071207431 0.694047619047619 0.7622291021671826 0.6916666666666667 0.7622291021671826 0.6583333333333333 0.7523219814241486 0.5726190476190476 0.7424148606811145 0.5523809523809524 0.7238390092879257 0.5523809523809524 
18 0.6743034055727554 0.5714285714285714 0.6495356037151703 0.5904761904761905 0.6439628482972136 0.6 0.6439628482972136 0.6178571428571429 0.6495356037151703 0.6464285714285715 0.6588235294117647 0.6845238095238095 0.6687306501547987 0.7130952380952381 0.6786377708978328 0.7321428571428571 0.6934984520123839 0.75 0.6947368421052632 0.7511904761904762 0.7176470588235294 0.7511904761904762 0.7176470588235294 0.6964285714285714 0.7027863777089783 0.6011904761904762 0.6978328173374613 0.580952380952381 0.6922600619195046 0.5714285714285714 0.6743034055727554 0.5714285714285714 
19 0.6191950464396285 0.6 0.5993808049535604 0.6095238095238096 0.5993808049535604 0.6452380952380953 0.6099071207430341 0.694047619047619 0.6191950464396285 0.7226190476190476 0.6291021671826625 0.7511904761904762 0.6396284829721363 0.7702380952380953 0.6625386996904025 0.7702380952380953 0.6773993808049535 0.7511904761904762 0.6780185758513931 0.7476190476190476 0.6780185758513931 0.7095238095238096 0.6773993808049535 0.7047619047619048 0.6730650154798762 0.6869047619047619 0.6526315789473685 0.6095238095238096 0.648297213622291 0.6011904761904762 0.6470588235294118 0.6 0.6191950464396285 0.6 
20 0.5944272445820433 0.6095238095238096 0.5845201238390093 0.6190476190476191 0.5795665634674922 0.6392857142857142 0.5795665634674922 0.6738095238095239 0.5894736842105263 0.75 0.595046439628483 0.7702380952380953 0.6043343653250774 0.7797619047619048 0.6179566563467492 0.7797619047619048 0.6185758513931888 0.7785714285714286 0.6185758513931888 0.7523809523809524 0.6136222910216719 0.6583333333333333 0.6037151702786377 0.6107142857142858 0.6024767801857586 0.6095238095238096 0.5944272445820433 0.6095238095238096 
22 0.5609907120743034 0.6190476190476191 0.5498452012383901 0.6297619047619047 0.5498452012383901 0.675 0.5647058823529412 0.7595238095238095 0.5795665634674922 0.7892857142857143 0.5888544891640867 0.7892857142857143 0.5888544891640867 0.7047619047619048 0.5839009287925696 0.6428571428571429 0.58328173374613 0.638095238095238 0.5789473684210527 0.6297619047619047 0.5690402476780185 0.6190476190476191 0.5609907120743034 0.6190476190476191 
23 0.5399380804953561 0.6285714285714286 0.525077399380805 0.6392857142857142 0.525077399380805 0.6654761904761904 0.534984520123839 0.7869047619047619 0.5356037151702786 0.7892857142857143 0.5436532507739938 0.7892857142857143 0.5492260061919505 0.7797619047619048 0.5541795665634675 0.7511904761904762 0.5541795665634675 0.6392857142857142 0.5492260061919505 0.6285714285714286 0.5399380804953561 0.6285714285714286 
24 0.5052631578947369 0.6285714285714286 0.5003095975232198 0.638095238095238 0.5003095975232198 0.655952380952381 0.5151702786377709 0.7773809523809524 0.5157894736842106 0.7797619047619048 0.5213622291021672 0.7892857142857143 0.5294117647058824 0.7892857142857143 0.5294117647058824 0.638095238095238 0.5238390092879257 0.6285714285714286 0.5052631578947369 0.6285714285714286 
25 0.4854489164086687 0.638095238095238 0.4854489164086687 0.694047619047619 0.4953560371517028 0.7892857142857143 0.5046439628482973 0.7892857142857143 0.5095975232198142 0.7773809523809524 0.5139318885448917 0.7511904761904762 0.5145510835913313 0.7464285714285714 0.5145510835913313 0.7178571428571429 0.5095975232198142 0.638095238095238 0.4854489164086687 0.638095238095238 
26 0.46068111455108357 0.6285714285714286 0.4563467492260062 0.638095238095238 0.45572755417956656 0.6416666666666667 0.45572755417956656 0.655952380952381 0.46563467492260063 0.736904761904762 0.4662538699690402 0.7416666666666667 0.47058823529411764 0.7595238095238095 0.47554179566563465 0.7797619047619048 0.4804953560371517 0.7892857142857143 0.48978328173374613 0.7892857142857143 0.48978328173374613 0.6392857142857142 0.4885448916408669 0.638095238095238 0.46873065015479876 0.6285714285714286 0.46068111455108357 0.6285714285714286 
27 0.4359133126934985 0.6285714285714286 0.43157894736842106 0.638095238095238 0.4309597523219814 0.6428571428571429 0.4309597523219814 0.7023809523809523 0.4359133126934985 0.7702380952380953 0.4408668730650155 0.7797619047619048 0.45944272445820433 0.7797619047619048 0.465015479876161 0.7702380952380953 0.465015479876161 0.6476190476190476 0.45944272445820433 0.6285714285714286 0.4359133126934985 0.6285714285714286 
29 0.40804953560371515 0.6095238095238096 0.40619195046439627 0.6107142857142858 0.40123839009287926 0.6202380952380953 0.40123839009287926 0.7297619047619047 0.40619195046439627 0.7702380952380953 0.4117647058823529 0.7797619047619048 0.4247678018575851 0.7797619047619048 0.42538699690402476 0.7785714285714286 0.43529411764705883 0.7214285714285714 0.44024767801857584 0.6369047619047619 0.44024767801857584 0.6309523809523809 0.43962848297213625 0.6285714285714286 0.4346749226006192 0.6190476190476191 0.4247678018575851 0.6095238095238096 0.40804953560371515 0.6095238095238096 
30 0.3671826625386997 0.5904761904761905 0.3572755417956656 0.6 0.356656346749226 0.6011904761904762 0.35170278637770896 0.6190476190476191 0.3368421052631579 0.7154761904761905 0.3368421052631579 0.7488095238095238 0.34674922600619196 0.7690476190476191 0.3473684210526316 0.7702380952380953 0.3653250773993808 0.7702380952380953 0.37585139318885447 0.7595238095238095 0.4006191950464396 0.7321428571428571 0.4055727554179567 0.7130952380952381 0.42043343653250775 0.6166666666666667 0.42043343653250775 0.6154761904761905 0.4198142414860681 0.6095238095238096 0.39876160990712073 0.5904761904761905 0.3671826625386997 0.5904761904761905 
31 0.30712074303405573 0.5714285714285714 0.29226006191950465 0.6488095238095238 0.29226006191950465 0.7226190476190476 0.3021671826625387 0.7321428571428571 0.32074303405572757 0.7321428571428571 0.33126934984520123 0.7226190476190476 0.34055727554179566 0.7130952380952381 0.3461300309597523 0.7035714285714286 0.3504643962848297 0.694047619047619 0.3510835913312694 0.6916666666666667 0.3560371517027864 0.6714285714285714 0.37089783281733746 0.5988095238095238 0.37089783281733746 0.5916666666666667 0.3653250773993808 0.580952380952381 0.3411764705882353 0.5714285714285714 0.30712074303405573 0.5714285714285714 
32 0.2582043343653251 0.5428571428571428 0.24891640866873066 0.5523809523809524 0.2476780185758514 0.5547619047619048 0.24272445820433436 0.5726190476190476 0.23777089783281732 0.6476190476190476 0.23777089783281732 0.694047619047619 0.26191950464396285 0.694047619047619 0.2761609907120743 0.6845238095238095 0.28606811145510835 0.675 0.291640866873065 0.6642857142857143 0.3065015479876161 0.6166666666666667 0.3065015479876161 0.5619047619047619 0.28111455108359135 0.5428571428571428 0.2582043343653251 0.5428571428571428 