2 0.27306501547987616 0.37142857142857144 0.2724458204334365 0.3738095238095238 0.2724458204334365 0.5404761904761904 0.27801857585139317 0.5511904761904762 0.2978328173374613 0.5607142857142857 0.3157894736842105 0.5607142857142857 0.32074303405572757 0.5511904761904762 0.32136222910216716 0.5476190476190477 0.32136222910216716 0.5047619047619047 0.31640866873065016 0.4 0.31145510835913315 0.3821428571428571 0.3065015479876161 0.3726190476190476 0.30526315789473685 0.37142857142857144 0.27306501547987616 0.37142857142857144 
3 0.32755417956656346 0.3619047619047619 0.3170278637770898 0.38095238095238093 0.31207430340557274 0.3904761904761905 0.31207430340557274 0.5035714285714286 0.3170278637770898 0.5607142857142857 0.33746130030959753 0.5702380952380952 0.3609907120743034 0.5702380952380952 0.3609907120743034 0.4095238095238095 0.35541795665634673 0.3904761904761905 0.3510835913312694 0.3821428571428571 0.33560371517027865 0.3630952380952381 0.33436532507739936 0.3619047619047619 0.32755417956656346 0.3619047619047619 
4 0.356656346749226 0.4 0.35170278637770896 0.4607142857142857 0.35170278637770896 0.5190476190476191 0.356656346749226 0.5595238095238095 0.3622291021671827 0.5702380952380952 0.3851393188854489 0.5702380952380952 0.3907120743034056 0.5607142857142857 0.3907120743034056 0.5142857142857142 0.38575851393188854 0.4583333333333333 0.38080495356037153 0.42023809523809524 0.37585139318885447 0.4011904761904762 0.3746130030959752 0.4 0.356656346749226 0.4 
5 0.38328173374613 0.3523809523809524 0.3814241486068111 0.3535714285714286 0.3764705882352941 0.37142857142857144 0.3764705882352941 0.46190476190476193 0.3814241486068111 0.5178571428571429 0.3863777089783282 0.569047619047619 0.38699690402476783 0.5702380952380952 0.39628482972136225 0.5797619047619048 0.40495356037151703 0.5797619047619048 0.4198142414860681 0.5511904761904762 0.42043343653250775 0.5488095238095239 0.42043343653250775 0.5071428571428571 0.4006191950464396 0.3821428571428571 0.3956656346749226 0.3630952380952381 0.3907120743034056 0.3523809523809524 0.38328173374613 0.3523809523809524 
6 0.41238390092879257 0.3333333333333333 0.41114551083591333 0.3345238095238095 0.40619195046439627 0.34404761904761905 0.40619195046439627 0.45476190476190476 0.41609907120743034 0.5702380952380952 0.42105263157894735 0.5797619047619048 0.43839009287925695 0.5797619047619048 0.44024767801857584 0.5773809523809523 0.44458204334365325 0.5702380952380952 0.4452012383900929 0.569047619047619 0.4501547987616099 0.48214285714285715 0.4501547987616099 0.46785714285714286 0.44024767801857584 0.37857142857142856 0.43529411764705883 0.3547619047619048 0.4346749226006192 0.3523809523809524 0.42538699690402476 0.3333333333333333 0.41238390092879257 0.3333333333333333 
7 0.4458204334365325 0.37142857142857144 0.4408668730650155 0.3821428571428571 0.4408668730650155 0.49404761904761907 0.4458204334365325 0.5595238095238095 0.44643962848297214 0.5607142857142857 0.46253869969040246 0.5702380952380952 0.46873065015479876 0.5702380952380952 0.469969040247678 0.5678571428571428 0.469969040247678 0.49523809523809526 0.465015479876161 0.42857142857142855 0.460061919504644 0.3726190476190476 0.45944272445820433 0.37142857142857144 0.4458204334365325 0.37142857142857144 
8 0.4662538699690402 0.3523809523809524 0.46563467492260063 0.3535714285714286 0.4613003095975232 0.38095238095238093 0.46068111455108357 0.3904761904761905 0.46068111455108357 0.3976190476190476 0.46563467492260063 0.5773809523809523 0.4674922600619195 0.5797619047619048 0.4996904024767802 0.5797619047619048 0.4996904024767802 0.4869047619047619 0.49473684210526314 0.42857142857142855 0.48978328173374613 0.3904761904761905 0.4848297213622291 0.3619047619047619 0.4792569659442725 0.3535714285714286 0.4693498452012384 0.3523809523809524 0.4662538699690402 0.3523809523809524 
9 0.5102167182662539 0.3523809523809524 0.5052631578947369 0.37142857142857144 0.5003095975232198 0.41904761904761906 0.4953560371517028 0.48333333333333334 0.4953560371517028 0.5702380952380952 0.5294117647058824 0.5702380952380952 0.5294117647058824 0.37142857142857144 0.5244582043343653 0.3619047619047619 0.5195046439628483 0.3535714285714286 0.5176470588235295 0.3523809523809524 0.5102167182662539 0.3523809523809524 
10 0.5294117647058824 0.3619047619047619 0.5263157894736842 0.36547619047619045 0.525077399380805 0.36904761904761907 0.525077399380805 0.55 0.530030959752322 0.5607142857142857 0.5541795665634675 0.5607142857142857 0.5541795665634675 0.5095238095238095 0.5492260061919505 0.41904761904761906 0.5442724458204334 0.38333333333333336 0.5436532507739938 0.38095238095238093 0.5343653250773994 0.3630952380952381 0.5294117647058824 0.3619047619047619 
11 0.5603715170278638 0.3047619047619048 0.5597523219814241 0.305952380952381 0.5547987616099072 0.31666666666666665 0.5498452012383901 0.3523809523809524 0.544891640866873 0.4 0.544891640866873 0.4726190476190476 0.5498452012383901 0.5404761904761904 0.5554179566563467 0.5607142857142857 0.5826625386996904 0.5607142857142857 0.5839009287925696 0.5595238095238095 0.5888544891640867 0.5511904761904762 0.5888544891640867 0.5273809523809524 0.5839009287925696 0.3738095238095238 0.58328173374613 0.3619047619047619 0.5789473684210527 0.31547619047619047 0.578328173374613 0.3142857142857143 0.5721362229102167 0.3047619047619048 0.5603715170278638 0.3047619047619048 
12 0.5993808049535604 0.3238095238095238 0.5894736842105263 0.34285714285714286 0.5845201238390093 0.3619047619047619 0.5795665634674922 0.4011904761904762 0.5746130030959752 0.46785714285714286 0.5746130030959752 0.49404761904761907 0.5795665634674922 0.5321428571428571 0.5845201238390093 0.55 0.5857585139318885 0.5511904761904762 0.5962848297213622 0.5607142857142857 0.6136222910216719 0.5607142857142857 0.6185758513931888 0.5511904761904762 0.6185758513931888 0.33690476190476193 0.6179566563467492 0.3333333333333333 0.6136222910216719 0.325 0.6123839009287926 0.3238095238095238 0.5993808049535604 0.3238095238095238 
13 0.6198142414860681 0.37142857142857144 0.6142414860681115 0.38095238095238093 0.6092879256965944 0.5476190476190477 0.6092879256965944 0.5488095238095239 0.6099071207430341 0.5511904761904762 0.6297213622291021 0.5607142857142857 0.6334365325077399 0.5607142857142857 0.638390092879257 0.55 0.638390092879257 0.3726190476190476 0.6377708978328174 0.37142857142857144 0.6198142414860681 0.37142857142857144 
14 0.6489164086687307 0.34285714285714286 0.6390092879256966 0.3619047619047619 0.6340557275541796 0.40476190476190477 0.6340557275541796 0.5416666666666666 0.6390092879256966 0.5511904761904762 0.6631578947368421 0.5511904761904762 0.6829721362229102 0.5416666666666666 0.6829721362229102 0.37142857142857144 0.6575851393188854 0.34285714285714286 0.6489164086687307 0.34285714285714286 
15 0.718266253869969 0.3333333333333333 0.6990712074303406 0.3523809523809524 0.6885448916408669 0.37142857142857144 0.6835913312693499 0.4011904761904762 0.6786377708978328 0.45714285714285713 0.6786377708978328 0.5202380952380953 0.6792569659442724 0.5226190476190476 0.6897832817337461 0.5321428571428571 0.7269349845201238 0.5321428571428571 0.7318885448916409 0.5226190476190476 0.7325077399380805 0.5190476190476191 0.7374613003095976 0.36428571428571427 0.7374613003095976 0.3523809523809524 0.7275541795665634 0.3333333333333333 0.718266253869969 0.3333333333333333 
18 0.6848297213622291 0.5333333333333333 0.6594427244582043 0.5428571428571428 0.6588235294117647 0.544047619047619 0.6588235294117647 0.5797619047619048 0.6637770897832818 0.5988095238095238 0.6687306501547987 0.6166666666666667 0.6835913312693499 0.6464285714285715 0.698452012383901 0.675 0.7089783281733746 0.6845238095238095 0.718266253869969 0.6928571428571428 0.7201238390092879 0.694047619047619 0.7219814241486068 0.694047619047619 0.7368421052631579 0.675 0.7374613003095976 0.6726190476190477 0.7374613003095976 0.6178571428571429 0.7368421052631579 0.6107142857142858 0.7176470588235294 0.5345238095238095 0.7170278637770898 0.5333333333333333 0.6848297213622291 0.5333333333333333 
19 0.6303405572755418 0.5523809523809524 0.6099071207430341 0.5619047619047619 0.6092879256965944 0.5630952380952381 0.6092879256965944 0.5988095238095238 0.6340557275541796 0.7035714285714286 0.6390092879256966 0.7226190476190476 0.6489164086687307 0.7416666666666667 0.660061919504644 0.7416666666666667 0.6619195046439629 0.7404761904761905 0.7077399380804954 0.7023809523809523 0.7077399380804954 0.6773809523809524 0.6631578947368421 0.5523809523809524 0.6303405572755418 0.5523809523809524 
20 0.5894736842105263 0.5619047619047619 0.5845201238390093 0.5726190476190476 0.5845201238390093 0.6357142857142857 0.5894736842105263 0.6654761904761904 0.5993808049535604 0.7035714285714286 0.6099071207430341 0.7321428571428571 0.6142414860681115 0.7416666666666667 0.6198142414860681 0.7511904761904762 0.6321981424148607 0.7511904761904762 0.6334365325077399 0.7488095238095238 0.6334365325077399 0.6666666666666666 0.628482972136223 0.6297619047619047 0.6235294117647059 0.6011904761904762 0.6130030959752322 0.5714285714285714 0.6030959752321982 0.5619047619047619 0.5894736842105263 0.5619047619047619 
21 0.5597523219814241 0.5714285714285714 0.5597523219814241 0.6547619047619048 0.5647058823529412 0.694047619047619 0.5696594427244582 0.7214285714285714 0.5746130030959752 0.7416666666666667 0.5795665634674922 0.7595238095238095 0.590092879256966 0.7797619047619048 0.6024767801857586 0.7797619047619048 0.6037151702786377 0.7785714285714286 0.6037151702786377 0.7333333333333333 0.5938080495356037 0.5904761904761905 0.58328173374613 0.5714285714285714 0.5597523219814241 0.5714285714285714 
22 0.534984520123839 0.5714285714285714 0.534984520123839 0.6726190476190477 0.5399380804953561 0.7702380952380953 0.544891640866873 0.7892857142857143 0.5554179566563467 0.8083333333333333 0.5591331269349845 0.8083333333333333 0.5640866873065016 0.7964285714285714 0.5690402476780185 0.7797619047619048 0.5690402476780185 0.6476190476190476 0.5640866873065016 0.5833333333333334 0.5634674922600619 0.580952380952381 0.5591331269349845 0.5714285714285714 0.534984520123839 0.5714285714285714 
23 0.5219814241486068 0.580952380952381 0.5201238390092879 0.5821428571428572 0.5151702786377709 0.6392857142857142 0.5151702786377709 0.7130952380952381 0.5201238390092879 0.7690476190476191 0.525077399380805 0.7797619047619048 0.5325077399380805 0.7797619047619048 0.5343653250773994 0.7785714285714286 0.5393188854489164 0.7595238095238095 0.5442724458204334 0.7309523809523809 0.5442724458204334 0.6666666666666666 0.5393188854489164 0.5821428571428572 0.5380804953560372 0.580952380952381 0.5219814241486068 0.580952380952381 
24 0.49597523219814244 0.580952380952381 0.4953560371517028 0.5833333333333334 0.4953560371517028 0.6261904761904762 0.5003095975232198 0.7226190476190476 0.5052631578947369 0.7702380952380953 0.5188854489164086 0.7702380952380953 0.5195046439628483 0.7690476190476191 0.5195046439628483 0.580952380952381 0.49597523219814244 0.580952380952381 
25 0.47554179566563465 0.580952380952381 0.47554179566563465 0.6178571428571429 0.4854489164086687 0.7535714285714286 0.486687306501548 0.7571428571428571 0.48978328173374613 0.7607142857142857 0.49907120743034056 0.7607142857142857 0.4996904024767802 0.7595238095238095 0.4996904024767802 0.5821428571428572 0.49907120743034056 0.580952380952381 0.47554179566563465 0.580952380952381 
26 0.46068111455108357 0.580952380952381 0.46068111455108357 0.6928571428571428 0.46563467492260063 0.7416666666666667 0.47058823529411764 0.7666666666666667 0.47554179566563465 0.7880952380952381 0.4761609907120743 0.7892857142857143 0.4891640866873065 0.7892857142857143 0.48978328173374613 0.7869047619047619 0.48978328173374613 0.7547619047619047 0.4848297213622291 0.6107142857142858 0.47987616099071206 0.5821428571428572 0.4792569659442725 0.580952380952381 0.46068111455108357 0.580952380952381 
27 0.4359133126934985 0.5714285714285714 0.4309597523219814 0.5904761904761905 0.4309597523219814 0.7178571428571429 0.43157894736842106 0.7226190476190476 0.4408668730650155 0.7797619047619048 0.44643962848297214 0.7988095238095239 0.45077399380804956 0.8083333333333333 0.46191950464396286 0.8178571428571428 0.465015479876161 0.8178571428571428 0.469969040247678 0.8071428571428572 0.469969040247678 0.6952380952380952 0.465015479876161 0.638095238095238 0.460061919504644 0.6011904761904762 0.4551083591331269 0.5821428571428572 0.4501547987616099 0.5714285714285714 0.4359133126934985 0.5714285714285714 
28 0.4117647058823529 0.580952380952381 0.40619195046439627 0.5904761904761905 0.40123839009287926 0.6 0.40123839009287926 0.655952380952381 0.41114551083591333 0.7976190476190477 0.41238390092879257 0.7988095238095239 0.42538699690402476 0.7988095238095239 0.43034055727554177 0.7880952380952381 0.43529411764705883 0.7702380952380953 0.43529411764705883 0.5916666666666667 0.43034055727554177 0.580952380952381 0.4117647058823529 0.580952380952381 
29 0.38204334365325077 0.5714285714285714 0.3764705882352941 0.580952380952381 0.3715170278637771 0.5904761904761905 0.36656346749226004 0.6107142857142858 0.356656346749226 0.6571428571428571 0.35170278637770896 0.6869047619047619 0.34674922600619196 0.7273809523809524 0.34674922600619196 0.7607142857142857 0.35170278637770896 0.7702380952380953 0.3603715170278638 0.7702380952380953 0.37089783281733746 0.7607142857142857 0.3907120743034056 0.6833333333333333 0.4055727554179567 0.6166666666666667 0.4055727554179567 0.6011904761904762 0.4006191950464396 0.5821428571428572 0.3956656346749226 0.5726190476190476 0.39442724458204337 0.5714285714285714 0.38204334365325077 0.5714285714285714 
30 0.3219814241486068 0.5619047619047619 0.2873065015479876 0.6857142857142857 0.2873065015479876 0.7321428571428571 0.3269349845201238 0.7702380952380953 0.34055727554179566 0.7702380952380953 0.3510835913312694 0.75 0.37585139318885447 0.6083333333333333 0.37585139318885447 0.580952380952381 0.3702786377708978 0.5714285714285714 0.3504643962848297 0.5619047619047619 0.3219814241486068 0.5619047619047619 
31 0.27306501547987616 0.5428571428571428 0.2724458204334365 0.5452380952380952 0.25263157894736843 0.6309523809523809 0.25263157894736843 0.6845238095238095 0.27801857585139317 0.7130952380952381 0.286687306501548 0.7130952380952381 0.29659442724458207 0.6928571428571428 0.31145510835913315 0.6547619047619048 0.31640866873065016 0.6369047619047619 0.3263157894736842 0.5892857142857143 0.3263157894736842 0.5630952380952381 0.32074303405572757 0.5523809523809524 0.3015479876160991 0.5428571428571428 0.27306501547987616 0.5428571428571428 