2 0.25386996904024767 0.41904761904761906 0.24272445820433436 0.42857142857142855 0.22291021671826625 0.5535714285714286 0.22291021671826625 0.5773809523809523 0.2235294117647059 0.5797619047619048 0.22786377708978328 0.5892857142857143 0.25386996904024767 0.6083333333333333 0.27678018575851393 0.6083333333333333 0.28173374613003094 0.5988095238095238 0.28173374613003094 0.4523809523809524 0.28111455108359135 0.44761904761904764 0.27678018575851393 0.4297619047619048 0.2718266253869969 0.41904761904761906 0.25386996904024767 0.41904761904761906 
3 0.28297213622291023 0.4095238095238095 0.2823529411764706 0.4107142857142857 0.2773993808049536 0.5333333333333333 0.2773993808049536 0.5845238095238096 0.27801857585139317 0.5892857142857143 0.2823529411764706 0.5988095238095238 0.28792569659442724 0.6083333333333333 0.3065015479876161 0.6083333333333333 0.3263157894736842 0.5988095238095238 0.33560371517027865 0.5892857142857143 0.33622291021671824 0.5869047619047619 0.33622291021671824 0.5428571428571428 0.32136222910216716 0.4773809523809524 0.3065015479876161 0.42023809523809524 0.30092879256965943 0.4095238095238095 0.28297213622291023 0.4095238095238095 
4 0.3269349845201238 0.4095238095238095 0.3219814241486068 0.41904761904761906 0.3219814241486068 0.5238095238095238 0.32260061919504646 0.5321428571428571 0.3318885448916409 0.5988095238095238 0.3560371517027864 0.5988095238095238 0.3653250773993808 0.5892857142857143 0.36594427244582045 0.5880952380952381 0.36594427244582045 0.5142857142857142 0.3510835913312694 0.42857142857142855 0.34055727554179566 0.4095238095238095 0.3269349845201238 0.4095238095238095 
5 0.35789473684210527 0.38095238095238093 0.3523219814241486 0.3904761904761905 0.35170278637770896 0.39166666666666666 0.35170278637770896 0.4738095238095238 0.3523219814241486 0.5035714285714286 0.36160990712074303 0.5988095238095238 0.39009287925696595 0.5988095238095238 0.4 0.5892857142857143 0.4006191950464396 0.5869047619047619 0.4006191950464396 0.5238095238095238 0.38575851393188854 0.4095238095238095 0.38080495356037153 0.39285714285714285 0.37585139318885447 0.38095238095238093 0.35789473684210527 0.38095238095238093 
6 0.3925696594427245 0.34285714285714286 0.3913312693498452 0.34404761904761905 0.3863777089783282 0.3547619047619048 0.3814241486068111 0.38333333333333336 0.3814241486068111 0.4261904761904762 0.3913312693498452 0.5321428571428571 0.39628482972136225 0.5607142857142857 0.40123839009287926 0.5880952380952381 0.4018575851393189 0.5892857142857143 0.43034055727554177 0.5892857142857143 0.43529411764705883 0.5797619047619048 0.43529411764705883 0.5261904761904762 0.43034055727554177 0.4857142857142857 0.4055727554179567 0.34285714285714286 0.3925696594427245 0.34285714285714286 
7 0.43653250773993807 0.34285714285714286 0.4309597523219814 0.3535714285714286 0.4309597523219814 0.55 0.43653250773993807 0.5702380952380952 0.44148606811145513 0.5797619047619048 0.469969040247678 0.5797619047619048 0.47492260061919506 0.5702380952380952 0.47492260061919506 0.5047619047619047 0.469969040247678 0.46785714285714286 0.4551083591331269 0.37142857142857144 0.44953560371517026 0.3523809523809524 0.44458204334365325 0.34404761904761905 0.443343653250774 0.34285714285714286 0.43653250773993807 0.34285714285714286 
8 0.4674922600619195 0.3047619047619048 0.46563467492260063 0.305952380952381 0.46563467492260063 0.5119047619047619 0.4712074303405573 0.5226190476190476 0.5089783281733746 0.5226190476190476 0.5095975232198142 0.5190476190476191 0.5095975232198142 0.4857142857142857 0.48978328173374613 0.34285714285714286 0.4848297213622291 0.3142857142857143 0.47987616099071206 0.3047619047619048 0.4674922600619195 0.3047619047619048 
9 0.5108359133126935 0.3142857142857143 0.5058823529411764 0.3238095238095238 0.5052631578947369 0.32976190476190476 0.5003095975232198 0.5142857142857142 0.5003095975232198 0.5416666666666666 0.5052631578947369 0.5702380952380952 0.5151702786377709 0.5773809523809523 0.5318885448916408 0.5797619047619048 0.5337461300309597 0.5797619047619048 0.5436532507739938 0.5702380952380952 0.5442724458204334 0.5678571428571428 0.5442724458204334 0.4666666666666667 0.5343653250773994 0.4011904761904762 0.5195046439628483 0.325 0.5139318885448917 0.3142857142857143 0.5108359133126935 0.3142857142857143 
10 0.5504643962848297 0.3238095238095238 0.544891640866873 0.3523809523809524 0.5399380804953561 0.3904761904761905 0.534984520123839 0.47619047619047616 0.534984520123839 0.4845238095238095 0.5399380804953561 0.5392857142857143 0.5405572755417957 0.5416666666666666 0.5504643962848297 0.5607142857142857 0.573374613003096 0.5607142857142857 0.578328173374613 0.5511904761904762 0.5789473684210527 0.5416666666666666 0.5789473684210527 0.5154761904761904 0.5739938080495356 0.34404761904761905 0.5690402476780185 0.3238095238095238 0.5504643962848297 0.3238095238095238 
11 0.595046439628483 0.29523809523809524 0.5894736842105263 0.3047619047619048 0.5851393188854489 0.3238095238095238 0.5795665634674922 0.3547619047619048 0.5746130030959752 0.4023809523809524 0.5696594427244582 0.49642857142857144 0.5696594427244582 0.5190476190476191 0.5746130030959752 0.5511904761904762 0.5894736842105263 0.5797619047619048 0.6018575851393189 0.5797619047619048 0.6037151702786377 0.5785714285714286 0.6086687306501548 0.5702380952380952 0.6136222910216719 0.5607142857142857 0.6136222910216719 0.4023809523809524 0.6086687306501548 0.30833333333333335 0.6074303405572755 0.3047619047619048 0.6037151702786377 0.29523809523809524 0.595046439628483 0.29523809523809524 
12 0.6099071207430341 0.3523809523809524 0.6043343653250774 0.3630952380952381 0.6043343653250774 0.5702380952380952 0.628482972136223 0.5702380952380952 0.643343653250774 0.5416666666666666 0.643343653250774 0.4 0.6334365325077399 0.3535714285714286 0.6321981424148607 0.3523809523809524 0.6099071207430341 0.3523809523809524 
13 0.6637770897832818 0.4857142857142857 0.6489164086687307 0.49523809523809526 0.6390092879256966 0.5047619047619047 0.6340557275541796 0.5357142857142857 0.6340557275541796 0.569047619047619 0.6365325077399381 0.5702380952380952 0.6724458204334365 0.5702380952380952 0.6780185758513931 0.5607142857142857 0.6829721362229102 0.5416666666666666 0.6829721362229102 0.4869047619047619 0.6804953560371517 0.4857142857142857 0.6637770897832818 0.4857142857142857 
14 0.6786377708978328 0.4857142857142857 0.6687306501547987 0.5547619047619048 0.6687306501547987 0.5607142857142857 0.7213622291021672 0.5607142857142857 0.7275541795665634 0.5511904761904762 0.7275541795665634 0.5154761904761904 0.7226006191950465 0.49642857142857144 0.7176470588235294 0.4857142857142857 0.6786377708978328 0.4857142857142857 
15 0.7380804953560371 0.38095238095238093 0.7281733746130031 0.4011904761904762 0.7232198142414861 0.42857142857142855 0.718266253869969 0.4976190476190476 0.718266253869969 0.5511904761904762 0.7238390092879257 0.5607142857142857 0.7721362229102167 0.5607142857142857 0.7814241486068112 0.5511904761904762 0.7820433436532508 0.5488095238095239 0.7820433436532508 0.5154761904761904 0.7671826625386997 0.3904761904761905 0.7622291021671826 0.38095238095238093 0.7380804953560371 0.38095238095238093 
18 0.7386996904024767 0.5523809523809524 0.7145510835913312 0.5619047619047619 0.7034055727554179 0.5726190476190476 0.7034055727554179 0.6166666666666667 0.718266253869969 0.7035714285714286 0.7281733746130031 0.7404761904761905 0.7331269349845201 0.7511904761904762 0.7380804953560371 0.7607142857142857 0.7523219814241486 0.7607142857142857 0.7770897832817337 0.7416666666666667 0.7770897832817337 0.6964285714285714 0.7622291021671826 0.5619047619047619 0.756656346749226 0.5523809523809524 0.7386996904024767 0.5523809523809524 
19 0.6551083591331269 0.580952380952381 0.6439628482972136 0.5916666666666667 0.6439628482972136 0.6261904761904762 0.6637770897832818 0.7404761904761905 0.6687306501547987 0.7595238095238095 0.6736842105263158 0.7702380952380953 0.6873065015479877 0.7702380952380953 0.7176470588235294 0.75 0.7176470588235294 0.6869047619047619 0.7077399380804954 0.5821428571428572 0.7071207430340557 0.580952380952381 0.6551083591331269 0.580952380952381 
20 0.6297213622291021 0.5619047619047619 0.6142414860681115 0.580952380952381 0.6142414860681115 0.6261904761904762 0.6241486068111455 0.6845238095238095 0.6390092879256966 0.7511904761904762 0.6445820433436532 0.7607142857142857 0.6582043343653251 0.7607142857142857 0.6631578947368421 0.5892857142857143 0.6631578947368421 0.5880952380952381 0.6582043343653251 0.5726190476190476 0.6575851393188854 0.5714285714285714 0.6470588235294118 0.5619047619047619 0.6297213622291021 0.5619047619047619 
21 0.595046439628483 0.5714285714285714 0.5845201238390093 0.580952380952381 0.5795665634674922 0.5904761904761905 0.5795665634674922 0.6345238095238095 0.5894736842105263 0.6738095238095239 0.6092879256965944 0.7511904761904762 0.614860681114551 0.7607142857142857 0.6278637770897832 0.7607142857142857 0.628482972136223 0.7595238095238095 0.628482972136223 0.6535714285714286 0.6278637770897832 0.6476190476190476 0.6185758513931888 0.5714285714285714 0.595046439628483 0.5714285714285714 
22 0.5647058823529412 0.5619047619047619 0.5554179566563467 0.5714285714285714 0.5504643962848297 0.580952380952381 0.5498452012383901 0.5833333333333334 0.5498452012383901 0.6178571428571429 0.5647058823529412 0.75 0.5696594427244582 0.7690476190476191 0.5752321981424149 0.7797619047619048 0.5888544891640867 0.7797619047619048 0.5938080495356037 0.7702380952380953 0.5938080495356037 0.6392857142857142 0.5839009287925696 0.5714285714285714 0.578328173374613 0.5619047619047619 0.5647058823529412 0.5619047619047619 
23 0.5256965944272446 0.5714285714285714 0.5201238390092879 0.580952380952381 0.5201238390092879 0.6083333333333333 0.530030959752322 0.7119047619047619 0.534984520123839 0.7309523809523809 0.5356037151702786 0.7321428571428571 0.5486068111455108 0.7321428571428571 0.5541795665634675 0.7226190476190476 0.5541795665634675 0.5714285714285714 0.5256965944272446 0.5714285714285714 
24 0.5052631578947369 0.5714285714285714 0.5009287925696595 0.580952380952381 0.5003095975232198 0.5857142857142857 0.5003095975232198 0.6297619047619047 0.5052631578947369 0.6904761904761905 0.5058823529411764 0.694047619047619 0.5151702786377709 0.7119047619047619 0.5176470588235295 0.7130952380952381 0.5238390092879257 0.7130952380952381 0.5294117647058824 0.7023809523809523 0.5294117647058824 0.6011904761904762 0.5244582043343653 0.5714285714285714 0.5052631578947369 0.5714285714285714 
25 0.4761609907120743 0.5714285714285714 0.47554179566563465 0.5726190476190476 0.47554179566563465 0.6369047619047619 0.4854489164086687 0.7011904761904761 0.4904024767801858 0.7309523809523809 0.49102167182662537 0.7321428571428571 0.5046439628482973 0.7321428571428571 0.5046439628482973 0.5714285714285714 0.4761609907120743 0.5714285714285714 
26 0.4470588235294118 0.580952380952381 0.4458204334365325 0.5821428571428572 0.4458204334365325 0.6178571428571429 0.45572755417956656 0.7035714285714286 0.46563467492260063 0.7416666666666667 0.47987616099071206 0.7416666666666667 0.47987616099071206 0.5928571428571429 0.47492260061919506 0.580952380952381 0.4470588235294118 0.580952380952381 
27 0.4260061919504644 0.580952380952381 0.41609907120743034 0.5904761904761905 0.41609907120743034 0.7119047619047619 0.42105263157894735 0.7416666666666667 0.4260061919504644 0.7690476190476191 0.4309597523219814 0.7892857142857143 0.4359133126934985 0.8071428571428572 0.43653250773993807 0.8083333333333333 0.4551083591331269 0.8083333333333333 0.4551083591331269 0.6095238095238096 0.4501547987616099 0.580952380952381 0.4260061919504644 0.580952380952381 
28 0.3814241486068111 0.5904761904761905 0.3764705882352941 0.6 0.3764705882352941 0.6547619047619048 0.3814241486068111 0.7773809523809524 0.38204334365325077 0.7797619047619048 0.3863777089783282 0.7892857142857143 0.4006191950464396 0.7892857142857143 0.4055727554179567 0.7797619047619048 0.4105263157894737 0.7404761904761905 0.4154798761609907 0.6535714285714286 0.4154798761609907 0.5904761904761905 0.3814241486068111 0.5904761904761905 
29 0.34179566563467495 0.5904761904761905 0.34179566563467495 0.794047619047619 0.34241486068111454 0.7988095238095239 0.35975232198142415 0.7988095238095239 0.3609907120743034 0.7976190476190477 0.36594427244582045 0.7857142857142857 0.37585139318885447 0.7035714285714286 0.38080495356037153 0.655952380952381 0.38080495356037153 0.6 0.37585139318885447 0.5916666666666667 0.3746130030959752 0.5904761904761905 0.34179566563467495 0.5904761904761905 
30 0.2835913312693498 0.6 0.2823529411764706 0.6011904761904762 0.2773993808049536 0.7357142857142858 0.2773993808049536 0.7797619047619048 0.3126934984520124 0.7892857142857143 0.3263157894736842 0.7892857142857143 0.33560371517027865 0.7702380952380953 0.33622291021671824 0.7666666666666667 0.3411764705882353 0.655952380952381 0.3411764705882353 0.6 0.2835913312693498 0.6 
31 0.21857585139318886 0.580952380952381 0.21795665634674924 0.5845238095238096 0.20804953560371517 0.6773809523809524 0.20804953560371517 0.7392857142857143 0.20928792569659443 0.7416666666666667 0.23219814241486067 0.7416666666666667 0.2520123839009288 0.7226190476190476 0.28173374613003094 0.6464285714285715 0.28173374613003094 0.6095238095238096 0.27678018575851393 0.6 0.24148606811145512 0.580952380952381 0.21857585139318886 0.580952380952381 