2 0.29226006191950465 0.4380952380952381 0.2674922600619195 0.5238095238095238 0.2674922600619195 0.575 0.26811145510835915 0.5797619047619048 0.28297213622291023 0.5988095238095238 0.3108359133126935 0.5988095238095238 0.31640866873065016 0.5880952380952381 0.31640866873065016 0.45714285714285713 0.31145510835913315 0.4392857142857143 0.31021671826625385 0.4380952380952381 0.29226006191950465 0.4380952380952381 
3 0.3269349845201238 0.41904761904761906 0.3219814241486068 0.4297619047619048 0.3170278637770898 0.46904761904761905 0.31207430340557274 0.5142857142857142 0.31207430340557274 0.6071428571428571 0.3139318885448916 0.6083333333333333 0.35541795665634673 0.6083333333333333 0.3609907120743034 0.5988095238095238 0.3609907120743034 0.5333333333333333 0.3510835913312694 0.45714285714285713 0.3461300309597523 0.4392857142857143 0.33622291021671824 0.41904761904761906 0.3269349845201238 0.41904761904761906 
4 0.3721362229102167 0.44761904761904764 0.3715170278637771 0.4488095238095238 0.3690402476780186 0.45714285714285713 0.3671826625386997 0.4642857142857143 0.356656346749226 0.5059523809523809 0.356656346749226 0.6083333333333333 0.36160990712074303 0.6166666666666667 0.3628482972136223 0.6178571428571429 0.38080495356037153 0.6178571428571429 0.3907120743034056 0.5988095238095238 0.3907120743034056 0.44761904761904764 0.3721362229102167 0.44761904761904764 
5 0.39195046439628484 0.4380952380952381 0.38699690402476783 0.44761904761904764 0.3863777089783282 0.45 0.38204334365325077 0.47619047619047616 0.3814241486068111 0.48095238095238096 0.3814241486068111 0.6178571428571429 0.40990712074303404 0.6178571428571429 0.42043343653250775 0.5988095238095238 0.42043343653250775 0.5238095238095238 0.4105263157894737 0.4488095238095238 0.4055727554179567 0.4380952380952381 0.39195046439628484 0.4380952380952381 
6 0.41609907120743034 0.41904761904761906 0.4117647058823529 0.42857142857142855 0.40619195046439627 0.4488095238095238 0.40619195046439627 0.49404761904761907 0.41114551083591333 0.6154761904761905 0.4117647058823529 0.6178571428571429 0.41609907120743034 0.6273809523809524 0.4346749226006192 0.6273809523809524 0.43529411764705883 0.6261904761904762 0.44024767801857584 0.6071428571428571 0.44024767801857584 0.5488095238095239 0.43529411764705883 0.47619047619047616 0.43034055727554177 0.42857142857142855 0.42538699690402476 0.42023809523809524 0.4241486068111455 0.41904761904761906 0.41609907120743034 0.41904761904761906 
7 0.4452012383900929 0.45714285714285713 0.4421052631578947 0.4607142857142857 0.4408668730650155 0.4642857142857143 0.4359133126934985 0.5333333333333333 0.4359133126934985 0.6178571428571429 0.44148606811145513 0.6273809523809524 0.46439628482972134 0.6273809523809524 0.469969040247678 0.6178571428571429 0.469969040247678 0.5857142857142857 0.465015479876161 0.5166666666666667 0.460061919504644 0.46904761904761905 0.45944272445820433 0.4666666666666667 0.4544891640866873 0.45714285714285713 0.4452012383900929 0.45714285714285713 
8 0.4761609907120743 0.44761904761904764 0.47058823529411764 0.46785714285714286 0.46563467492260063 0.5047619047619047 0.46068111455108357 0.5619047619047619 0.46068111455108357 0.6273809523809524 0.47058823529411764 0.6452380952380953 0.4724458204334365 0.6464285714285715 0.48978328173374613 0.6464285714285715 0.49473684210526314 0.6369047619047619 0.49473684210526314 0.5619047619047619 0.48978328173374613 0.4488095238095238 0.4891640866873065 0.44761904761904764 0.4761609907120743 0.44761904761904764 
9 0.4953560371517028 0.44761904761904764 0.4904024767801858 0.4583333333333333 0.4904024767801858 0.6321428571428571 0.49102167182662537 0.6369047619047619 0.5238390092879257 0.6369047619047619 0.5244582043343653 0.6345238095238095 0.5244582043343653 0.5547619047619048 0.5145510835913313 0.46785714285714286 0.5046439628482973 0.44761904761904764 0.4953560371517028 0.44761904761904764 
10 0.525077399380805 0.44761904761904764 0.5201238390092879 0.4880952380952381 0.5201238390092879 0.6261904761904762 0.5207430340557275 0.6273809523809524 0.541795665634675 0.6273809523809524 0.5529411764705883 0.6178571428571429 0.5541795665634675 0.6166666666666667 0.5541795665634675 0.5845238095238096 0.5442724458204334 0.4773809523809524 0.5393188854489164 0.44761904761904764 0.525077399380805 0.44761904761904764 
11 0.5547987616099072 0.4095238095238095 0.5498452012383901 0.4380952380952381 0.544891640866873 0.5178571428571429 0.544891640866873 0.5892857142857143 0.5547987616099072 0.6261904761904762 0.5554179566563467 0.6273809523809524 0.5678018575851393 0.6273809523809524 0.5690402476780185 0.6261904761904762 0.5739938080495356 0.6178571428571429 0.5789473684210527 0.5964285714285714 0.5789473684210527 0.5142857142857142 0.5690402476780185 0.41309523809523807 0.5684210526315789 0.4095238095238095 0.5547987616099072 0.4095238095238095 
12 0.5845201238390093 0.42857142857142855 0.5795665634674922 0.4392857142857143 0.5746130030959752 0.4583333333333333 0.5696594427244582 0.4869047619047619 0.5696594427244582 0.5988095238095238 0.5752321981424149 0.6083333333333333 0.5851393188854489 0.6178571428571429 0.5987616099071208 0.6178571428571429 0.6037151702786377 0.6071428571428571 0.6037151702786377 0.4666666666666667 0.5987616099071208 0.44047619047619047 0.5981424148606811 0.4380952380952381 0.5931888544891641 0.42857142857142855 0.5845201238390093 0.42857142857142855 
13 0.604953560371517 0.44761904761904764 0.6 0.45714285714285713 0.5993808049535604 0.4595238095238095 0.5993808049535604 0.6083333333333333 0.6303405572755418 0.6083333333333333 0.6334365325077399 0.6071428571428571 0.6334365325077399 0.5523809523809524 0.628482972136223 0.5047619047619047 0.6235294117647059 0.4857142857142857 0.6179566563467492 0.4666666666666667 0.6086687306501548 0.4488095238095238 0.6074303405572755 0.44761904761904764 0.604953560371517 0.44761904761904764 
14 0.6346749226006192 0.42857142857142855 0.6291021671826625 0.4392857142857143 0.6241486068111455 0.4785714285714286 0.6241486068111455 0.5607142857142857 0.6291021671826625 0.6059523809523809 0.6297213622291021 0.6083333333333333 0.6396284829721363 0.6178571428571429 0.6427244582043343 0.6178571428571429 0.6662538699690402 0.6083333333333333 0.6681114551083591 0.6071428571428571 0.6730650154798762 0.5976190476190476 0.6730650154798762 0.544047619047619 0.653250773993808 0.4297619047619048 0.6520123839009287 0.42857142857142855 0.6346749226006192 0.42857142857142855 
15 0.6743034055727554 0.41904761904761906 0.6693498452012384 0.42857142857142855 0.6687306501547987 0.430952380952381 0.6687306501547987 0.5797619047619048 0.6743034055727554 0.5892857142857143 0.7003095975232199 0.5892857142857143 0.7021671826625387 0.5880952380952381 0.7176470588235294 0.569047619047619 0.7176470588235294 0.525 0.6928792569659443 0.4488095238095238 0.6823529411764706 0.41904761904761906 0.6743034055727554 0.41904761904761906 
18 0.6544891640866873 0.6190476190476191 0.6489164086687307 0.6285714285714286 0.6489164086687307 0.675 0.6588235294117647 0.7309523809523809 0.6643962848297214 0.7511904761904762 0.6835913312693499 0.7880952380952381 0.6848297213622291 0.7892857142857143 0.6928792569659443 0.7892857142857143 0.6978328173374613 0.7785714285714286 0.7027863777089783 0.675 0.7027863777089783 0.6476190476190476 0.6978328173374613 0.6285714285714286 0.6928792569659443 0.6202380952380953 0.691640866873065 0.6190476190476191 0.6544891640866873 0.6190476190476191 
19 0.6507739938080496 0.6285714285714286 0.6439628482972136 0.6297619047619047 0.6055727554179566 0.638095238095238 0.5969040247678019 0.6476190476190476 0.595046439628483 0.6511904761904762 0.5944272445820433 0.6607142857142857 0.5944272445820433 0.6654761904761904 0.6241486068111455 0.7797619047619048 0.6390092879256966 0.8083333333333333 0.6520123839009287 0.8083333333333333 0.6724458204334365 0.7988095238095239 0.6730650154798762 0.7976190476190477 0.6730650154798762 0.763095238095238 0.653250773993808 0.6285714285714286 0.6507739938080496 0.6285714285714286 
20 0.5801857585139318 0.638095238095238 0.5721362229102167 0.6476190476190476 0.5702786377708978 0.6547619047619048 0.5696594427244582 0.6583333333333333 0.5696594427244582 0.694047619047619 0.5944272445820433 0.7880952380952381 0.604953560371517 0.8083333333333333 0.6136222910216719 0.8083333333333333 0.6136222910216719 0.7535714285714286 0.6086687306501548 0.6797619047619048 0.6037151702786377 0.6476190476190476 0.5925696594427244 0.638095238095238 0.5801857585139318 0.638095238095238 
21 0.5554179566563467 0.6476190476190476 0.5498452012383901 0.6583333333333333 0.5455108359133127 0.6678571428571428 0.544891640866873 0.675 0.544891640866873 0.7035714285714286 0.5498452012383901 0.7797619047619048 0.5547987616099072 0.8083333333333333 0.5597523219814241 0.8273809523809523 0.5739938080495356 0.8273809523809523 0.5789473684210527 0.7511904761904762 0.5789473684210527 0.6869047619047619 0.5739938080495356 0.6488095238095238 0.5727554179566563 0.6476190476190476 0.5554179566563467 0.6476190476190476 
22 0.534984520123839 0.638095238095238 0.5256965944272446 0.6476190476190476 0.525077399380805 0.6488095238095238 0.5201238390092879 0.6952380952380952 0.5201238390092879 0.7321428571428571 0.525077399380805 0.8083333333333333 0.530030959752322 0.8273809523809523 0.5386996904024768 0.8273809523809523 0.5442724458204334 0.8166666666666667 0.5492260061919505 0.7583333333333333 0.5541795665634675 0.6904761904761905 0.5541795665634675 0.6607142857142857 0.5529411764705883 0.6571428571428571 0.5492260061919505 0.6476190476190476 0.5442724458204334 0.638095238095238 0.534984520123839 0.638095238095238 
23 0.5009287925696595 0.6476190476190476 0.5003095975232198 0.6488095238095238 0.5003095975232198 0.7321428571428571 0.5052631578947369 0.8071428571428572 0.5108359133126935 0.8178571428571428 0.5145510835913313 0.8178571428571428 0.5195046439628483 0.8083333333333333 0.5244582043343653 0.7607142857142857 0.5244582043343653 0.6571428571428571 0.5188854489164086 0.6476190476190476 0.5009287925696595 0.6476190476190476 
24 0.48606811145510836 0.6476190476190476 0.4854489164086687 0.6488095238095238 0.4854489164086687 0.7297619047619047 0.4904024767801858 0.7952380952380952 0.49102167182662537 0.7988095238095239 0.49907120743034056 0.7988095238095239 0.5040247678018576 0.7892857142857143 0.5046439628482973 0.7869047619047619 0.5095975232198142 0.7 0.5095975232198142 0.6964285714285714 0.5046439628482973 0.6488095238095238 0.5040247678018576 0.6476190476190476 0.48606811145510836 0.6476190476190476 
25 0.4662538699690402 0.6476190476190476 0.46563467492260063 0.6571428571428571 0.46563467492260063 0.6642857142857143 0.47058823529411764 0.7511904761904762 0.47554179566563465 0.7892857142857143 0.48111455108359136 0.7988095238095239 0.48359133126934983 0.7988095238095239 0.4848297213622291 0.7976190476190477 0.4885448916408669 0.7797619047619048 0.48978328173374613 0.7690476190476191 0.48978328173374613 0.6488095238095238 0.4891640866873065 0.6476190476190476 0.4662538699690402 0.6476190476190476 
26 0.45077399380804956 0.6476190476190476 0.45077399380804956 0.7226190476190476 0.45572755417956656 0.7976190476190477 0.4563467492260062 0.7988095238095239 0.469969040247678 0.7988095238095239 0.47492260061919506 0.7678571428571429 0.47492260061919506 0.6666666666666666 0.469969040247678 0.6476190476190476 0.45077399380804956 0.6476190476190476 
27 0.4321981424148607 0.638095238095238 0.4309597523219814 0.6392857142857142 0.4260061919504644 0.6488095238095238 0.4260061919504644 0.7607142857142857 0.4309597523219814 0.8261904761904761 0.4359133126934985 0.8369047619047619 0.44953560371517026 0.8369047619047619 0.4501547987616099 0.8357142857142857 0.4544891640866873 0.7988095238095239 0.4551083591331269 0.7892857142857143 0.4551083591331269 0.6476190476190476 0.4452012383900929 0.638095238095238 0.4321981424148607 0.638095238095238 
28 0.40123839009287926 0.6476190476190476 0.39628482972136225 0.6595238095238095 0.39628482972136225 0.7035714285714286 0.40123839009287926 0.805952380952381 0.40619195046439627 0.8261904761904761 0.4068111455108359 0.8273809523809523 0.4179566563467492 0.8273809523809523 0.41919504643962846 0.8261904761904761 0.42043343653250775 0.8238095238095238 0.42538699690402476 0.7892857142857143 0.43034055727554177 0.7476190476190476 0.43034055727554177 0.6678571428571428 0.42043343653250775 0.6476190476190476 0.40123839009287926 0.6476190476190476 
29 0.3721362229102167 0.6476190476190476 0.3715170278637771 0.65 0.36656346749226004 0.6857142857142857 0.36656346749226004 0.8178571428571428 0.3752321981424149 0.8178571428571428 0.37585139318885447 0.8166666666666667 0.38080495356037153 0.8011904761904762 0.3907120743034056 0.7678571428571429 0.39504643962848296 0.7511904761904762 0.4006191950464396 0.7214285714285714 0.4055727554179567 0.6619047619047619 0.40495356037151703 0.6571428571428571 0.4006191950464396 0.6476190476190476 0.3721362229102167 0.6476190476190476 
30 0.3287925696594427 0.638095238095238 0.32755417956656346 0.6392857142857142 0.3269349845201238 0.6404761904761904 0.3219814241486068 0.6571428571428571 0.31207430340557274 0.7428571428571429 0.31207430340557274 0.7976190476190477 0.3126934984520124 0.7988095238095239 0.33250773993808047 0.8083333333333333 0.3442724458204334 0.8083333333333333 0.3461300309597523 0.8071428571428572 0.3560371517027864 0.7880952380952381 0.3609907120743034 0.7702380952380953 0.37585139318885447 0.6916666666666667 0.38080495356037153 0.6547619047619048 0.38080495356037153 0.6476190476190476 0.36594427244582045 0.638095238095238 0.3287925696594427 0.638095238095238 
31 0.28792569659442724 0.6190476190476191 0.2823529411764706 0.6285714285714286 0.2773993808049536 0.6476190476190476 0.2773993808049536 0.7023809523809523 0.2823529411764706 0.7797619047619048 0.2873065015479876 0.7892857142857143 0.3015479876160991 0.7892857142857143 0.31145510835913315 0.7690476190476191 0.32136222910216716 0.7321428571428571 0.3263157894736842 0.7023809523809523 0.33126934984520123 0.6654761904761904 0.33126934984520123 0.638095238095238 0.3263157894736842 0.6285714285714286 0.3151702786377709 0.6190476190476191 0.28792569659442724 0.6190476190476191 