1 0.29287925696594425 0.3238095238095238 0.2873065015479876 0.3333333333333333 0.2773993808049536 0.3523809523809524 0.2625386996904025 0.3904761904761905 0.2532507739938081 0.44047619047619047 0.25263157894736843 0.444047619047619 0.25263157894736843 0.4845238095238095 0.2625386996904025 0.49404761904761907 0.3065015479876161 0.49404761904761907 0.31640866873065016 0.4845238095238095 0.32136222910216716 0.475 0.3263157894736842 0.45476190476190476 0.3263157894736842 0.34285714285714286 0.3157894736842105 0.3238095238095238 0.29287925696594425 0.3238095238095238 
2 0.32260061919504646 0.38095238095238093 0.28297213622291023 0.5142857142857142 0.2823529411764706 0.5166666666666667 0.2823529411764706 0.5607142857142857 0.29721362229102166 0.5785714285714286 0.29845201238390096 0.5797619047619048 0.3263157894736842 0.5797619047619048 0.33560371517027865 0.5607142857142857 0.3411764705882353 0.5416666666666666 0.3455108359133127 0.5226190476190476 0.3461300309597523 0.5190476190476191 0.3461300309597523 0.4035714285714286 0.3455108359133127 0.4011904761904762 0.3411764705882353 0.39166666666666666 0.33126934984520123 0.38095238095238093 0.32260061919504646 0.38095238095238093 
3 0.35170278637770896 0.3904761904761905 0.34179566563467495 0.4095238095238095 0.3269349845201238 0.5547619047619048 0.3269349845201238 0.5797619047619048 0.33250773993808047 0.5892857142857143 0.38575851393188854 0.5892857142857143 0.3956656346749226 0.569047619047619 0.3956656346749226 0.5142857142857142 0.38575851393188854 0.430952380952381 0.3851393188854489 0.42857142857142855 0.38080495356037153 0.41904761904761906 0.37089783281733746 0.4 0.36470588235294116 0.39166666666666666 0.3634674922600619 0.3904761904761905 0.35170278637770896 0.3904761904761905 
4 0.37894736842105264 0.3904761904761905 0.37708978328173376 0.39285714285714285 0.3721362229102167 0.4 0.3715170278637771 0.4011904761904762 0.3715170278637771 0.42738095238095236 0.3764705882352941 0.5880952380952381 0.3814241486068111 0.5988095238095238 0.3956656346749226 0.5988095238095238 0.41919504643962846 0.5892857142857143 0.42043343653250775 0.5880952380952381 0.42043343653250775 0.4869047619047619 0.4055727554179567 0.42857142857142855 0.4 0.4107142857142857 0.3956656346749226 0.4 0.3907120743034056 0.39166666666666666 0.3894736842105263 0.3904761904761905 0.37894736842105264 0.3904761904761905 
5 0.421671826625387 0.38095238095238093 0.41609907120743034 0.3904761904761905 0.40619195046439627 0.42023809523809524 0.40123839009287926 0.44047619047619047 0.40123839009287926 0.45595238095238094 0.41609907120743034 0.5880952380952381 0.41671826625387 0.5892857142857143 0.44272445820433437 0.5892857142857143 0.4452012383900929 0.5880952380952381 0.4501547987616099 0.5785714285714286 0.4501547987616099 0.5059523809523809 0.44024767801857584 0.4011904761904762 0.43529411764705883 0.3821428571428571 0.4346749226006192 0.38095238095238093 0.421671826625387 0.38095238095238093 
6 0.4458204334365325 0.38095238095238093 0.4408668730650155 0.39166666666666666 0.4359133126934985 0.4095238095238095 0.4260061919504644 0.5821428571428572 0.4260061919504644 0.5833333333333334 0.426625386996904 0.5892857142857143 0.4309597523219814 0.5988095238095238 0.4359133126934985 0.6071428571428571 0.43839009287925695 0.6083333333333333 0.44891640866873067 0.6083333333333333 0.460061919504644 0.5892857142857143 0.465015479876161 0.5785714285714286 0.4693498452012384 0.5607142857142857 0.469969040247678 0.5571428571428572 0.469969040247678 0.4666666666666667 0.460061919504644 0.39285714285714285 0.45944272445820433 0.3904761904761905 0.4551083591331269 0.38095238095238093 0.4458204334365325 0.38095238095238093 
7 0.4854489164086687 0.3904761904761905 0.4804953560371517 0.4 0.47554179566563465 0.4107142857142857 0.47058823529411764 0.4380952380952381 0.46563467492260063 0.4666666666666667 0.45572755417956656 0.5738095238095238 0.45572755417956656 0.5976190476190476 0.46687306501547987 0.6083333333333333 0.47492260061919506 0.6083333333333333 0.4848297213622291 0.5988095238095238 0.49473684210526314 0.5511904761904762 0.4996904024767802 0.4630952380952381 0.4996904024767802 0.3952380952380952 0.49907120743034056 0.3904761904761905 0.4854489164086687 0.3904761904761905 
8 0.5065015479876162 0.4 0.5052631578947369 0.4011904761904762 0.5003095975232198 0.4095238095238095 0.49597523219814244 0.41904761904761906 0.4953560371517028 0.42142857142857143 0.4904024767801858 0.4583333333333333 0.4804953560371517 0.5726190476190476 0.4804953560371517 0.6071428571428571 0.496594427244582 0.6178571428571429 0.5139318885448917 0.6178571428571429 0.5195046439628483 0.6083333333333333 0.5195046439628483 0.4011904761904762 0.5188854489164086 0.4 0.5065015479876162 0.4 
9 0.5424148606811146 0.4095238095238095 0.5411764705882353 0.4107142857142857 0.534984520123839 0.42023809523809524 0.530030959752322 0.43214285714285716 0.525077399380805 0.4666666666666667 0.5151702786377709 0.5428571428571428 0.5151702786377709 0.6166666666666667 0.5201238390092879 0.6261904761904762 0.5213622291021672 0.6273809523809524 0.544891640866873 0.6273809523809524 0.5479876160990712 0.6238095238095238 0.5492260061919505 0.6202380952380953 0.5541795665634675 0.5857142857142857 0.5541795665634675 0.4119047619047619 0.5535603715170279 0.4095238095238095 0.5424148606811146 0.4095238095238095 
10 0.5609907120743034 0.41904761904761906 0.5547987616099072 0.42857142857142855 0.5498452012383901 0.4392857142857143 0.544891640866873 0.580952380952381 0.544891640866873 0.6059523809523809 0.5455108359133127 0.6083333333333333 0.5504643962848297 0.6166666666666667 0.5523219814241486 0.6178571428571429 0.5727554179566563 0.6178571428571429 0.5739938080495356 0.6166666666666667 0.5739938080495356 0.42857142857142855 0.5684210526315789 0.41904761904761906 0.5609907120743034 0.41904761904761906 
11 0.5851393188854489 0.4 0.5801857585139318 0.4095238095238095 0.5795665634674922 0.4119047619047619 0.5696594427244582 0.5464285714285714 0.5696594427244582 0.6083333333333333 0.5746130030959752 0.6178571428571429 0.5801857585139318 0.6273809523809524 0.5987616099071208 0.6273809523809524 0.6037151702786377 0.6166666666666667 0.6037151702786377 0.4380952380952381 0.5987616099071208 0.4095238095238095 0.5938080495356037 0.4 0.5851393188854489 0.4 
12 0.6142414860681115 0.41904761904761906 0.6043343653250774 0.45714285714285713 0.5993808049535604 0.4857142857142857 0.5993808049535604 0.6071428571428571 0.6043343653250774 0.6178571428571429 0.6092879256965944 0.6261904761904762 0.6105263157894737 0.6273809523809524 0.6235294117647059 0.6273809523809524 0.628482972136223 0.6178571428571429 0.6334365325077399 0.5773809523809523 0.6334365325077399 0.42023809523809524 0.6328173374613003 0.41904761904761906 0.6142414860681115 0.41904761904761906 
13 0.6495356037151703 0.42857142857142855 0.6390092879256966 0.4380952380952381 0.6340557275541796 0.44761904761904764 0.6297213622291021 0.45714285714285713 0.6291021671826625 0.46190476190476193 0.6191950464396285 0.6142857142857143 0.6191950464396285 0.6154761904761905 0.6204334365325077 0.6178571428571429 0.6470588235294118 0.6178571428571429 0.648297213622291 0.6166666666666667 0.6526315789473685 0.6083333333333333 0.653250773993808 0.6047619047619047 0.6631578947368421 0.45357142857142857 0.6631578947368421 0.42857142857142855 0.6495356037151703 0.42857142857142855 
14 0.6594427244582043 0.42857142857142855 0.6588235294117647 0.4297619047619048 0.6489164086687307 0.45714285714285713 0.6439628482972136 0.6 0.6439628482972136 0.6071428571428571 0.6489164086687307 0.6178571428571429 0.6823529411764706 0.6178571428571429 0.6879256965944273 0.6083333333333333 0.6928792569659443 0.5892857142857143 0.6928792569659443 0.5523809523809524 0.6829721362229102 0.4392857142857143 0.6773993808049535 0.42857142857142855 0.6594427244582043 0.42857142857142855 
15 0.6891640866873066 0.4095238095238095 0.6835913312693499 0.42857142857142855 0.6835913312693499 0.5988095238095238 0.6885448916408669 0.6083333333333333 0.7126934984520124 0.6083333333333333 0.7226006191950465 0.5988095238095238 0.7275541795665634 0.5880952380952381 0.7275541795665634 0.5333333333333333 0.7077399380804954 0.41904761904761906 0.7027863777089783 0.4095238095238095 0.6891640866873066 0.4095238095238095 
16 0.6990712074303406 0.38095238095238093 0.698452012383901 0.3821428571428571 0.698452012383901 0.4261904761904762 0.7034055727554179 0.4630952380952381 0.708359133126935 0.49404761904761907 0.713312693498452 0.5214285714285715 0.718266253869969 0.5380952380952381 0.7232198142414861 0.5511904761904762 0.7312693498452012 0.5511904761904762 0.7424148606811145 0.5416666666666666 0.7523219814241486 0.5226190476190476 0.7523219814241486 0.45714285714285713 0.7226006191950465 0.3904761904761905 0.7176470588235294 0.38095238095238093 0.6990712074303406 0.38095238095238093 
17 0.7609907120743034 0.6107142857142858 0.7380804953560371 0.6190476190476191 0.7238390092879257 0.6285714285714286 0.718266253869969 0.638095238095238 0.718266253869969 0.6833333333333333 0.7380804953560371 0.75 0.7479876160990712 0.7702380952380953 0.7578947368421053 0.7785714285714286 0.7671826625386997 0.7785714285714286 0.7764705882352941 0.7702380952380953 0.7770897832817337 0.7690476190476191 0.7770897832817337 0.6952380952380952 0.7721362229102167 0.6202380952380953 0.7622291021671826 0.6107142857142858 0.7609907120743034 0.6107142857142858 
18 0.7034055727554179 0.6285714285714286 0.6736842105263158 0.6476190476190476 0.6736842105263158 0.694047619047619 0.6934984520123839 0.7702380952380953 0.718266253869969 0.8178571428571428 0.7417956656346749 0.8178571428571428 0.7473684210526316 0.7988095238095239 0.7473684210526316 0.7476190476190476 0.746749226006192 0.7428571428571429 0.7424148606811145 0.7154761904761905 0.7226006191950465 0.6297619047619047 0.7219814241486068 0.6285714285714286 0.7034055727554179 0.6285714285714286 
19 0.6501547987616099 0.6571428571428571 0.6297213622291021 0.6666666666666666 0.6291021671826625 0.6678571428571428 0.6291021671826625 0.7119047619047619 0.6439628482972136 0.7880952380952381 0.6489164086687307 0.8071428571428572 0.6544891640866873 0.8261904761904761 0.6588235294117647 0.8369047619047619 0.6637770897832818 0.8464285714285714 0.6829721362229102 0.8464285714285714 0.6972136222910217 0.8369047619047619 0.7027863777089783 0.8178571428571428 0.7027863777089783 0.8023809523809524 0.6829721362229102 0.6869047619047619 0.6780185758513931 0.6583333333333333 0.6773993808049535 0.6571428571428571 0.6501547987616099 0.6571428571428571 
20 0.6142414860681115 0.6666666666666666 0.604953560371517 0.6761904761904762 0.6 0.6857142857142857 0.5993808049535604 0.6880952380952381 0.5993808049535604 0.7035714285714286 0.6092879256965944 0.7702380952380953 0.6241486068111455 0.8345238095238096 0.6297213622291021 0.8559523809523809 0.6346749226006192 0.8654761904761905 0.653250773993808 0.8654761904761905 0.653250773993808 0.8357142857142857 0.643343653250774 0.7214285714285714 0.6334365325077399 0.6678571428571428 0.6328173374613003 0.6666666666666666 0.6142414860681115 0.6666666666666666 
21 0.5944272445820433 0.6666666666666666 0.5851393188854489 0.6761904761904762 0.5795665634674922 0.6869047619047619 0.5795665634674922 0.7404761904761905 0.5845201238390093 0.8273809523809523 0.5894736842105263 0.8547619047619047 0.5944272445820433 0.8654761904761905 0.6043343653250774 0.875 0.6179566563467492 0.875 0.6185758513931888 0.8738095238095238 0.6185758513931888 0.8380952380952381 0.6136222910216719 0.7273809523809524 0.6086687306501548 0.6761904761904762 0.6037151702786377 0.6666666666666666 0.5944272445820433 0.6666666666666666 
22 0.5554179566563467 0.6666666666666666 0.5547987616099072 0.669047619047619 0.5547987616099072 0.7392857142857143 0.5647058823529412 0.8464285714285714 0.5696594427244582 0.8833333333333333 0.5752321981424149 0.8940476190476191 0.5882352941176471 0.8940476190476191 0.5888544891640867 0.8892857142857142 0.5888544891640867 0.6880952380952381 0.5839009287925696 0.6773809523809524 0.578328173374613 0.6666666666666666 0.5554179566563467 0.6666666666666666 
23 0.534984520123839 0.6666666666666666 0.534984520123839 0.8071428571428572 0.5356037151702786 0.8178571428571428 0.5399380804953561 0.8738095238095238 0.5411764705882353 0.875 0.5535603715170279 0.875 0.5591331269349845 0.8547619047619047 0.5591331269349845 0.6761904761904762 0.5492260061919505 0.6678571428571428 0.5467492260061919 0.6666666666666666 0.534984520123839 0.6666666666666666 
24 0.5114551083591331 0.6666666666666666 0.5108359133126935 0.6678571428571428 0.5102167182662539 0.6702380952380952 0.5102167182662539 0.6952380952380952 0.5108359133126935 0.7130952380952381 0.5201238390092879 0.8071428571428572 0.525077399380805 0.8345238095238096 0.5256965944272446 0.8369047619047619 0.5306501547987617 0.8464285714285714 0.5393188854489164 0.8464285714285714 0.5393188854489164 0.6857142857142857 0.5337461300309597 0.6761904761904762 0.5145510835913313 0.6666666666666666 0.5114551083591331 0.6666666666666666 
25 0.49102167182662537 0.6666666666666666 0.4904024767801858 0.669047619047619 0.4904024767801858 0.6928571428571428 0.4953560371517028 0.7976190476190477 0.5003095975232198 0.8369047619047619 0.5052631578947369 0.8452380952380952 0.5065015479876162 0.8464285714285714 0.508359133126935 0.8464285714285714 0.5095975232198142 0.8452380952380952 0.5145510835913313 0.825 0.5145510835913313 0.6761904761904762 0.5046439628482973 0.6666666666666666 0.49102167182662537 0.6666666666666666 
26 0.47058823529411764 0.6666666666666666 0.4662538699690402 0.6761904761904762 0.46563467492260063 0.6785714285714286 0.46563467492260063 0.6821428571428572 0.47058823529411764 0.7440476190476191 0.47554179566563465 0.7988095238095239 0.4804953560371517 0.8357142857142857 0.48111455108359136 0.8369047619047619 0.49473684210526314 0.8369047619047619 0.4996904024767802 0.8154761904761905 0.4996904024767802 0.775 0.49473684210526314 0.6666666666666666 0.47058823529411764 0.6666666666666666 
27 0.45077399380804956 0.6571428571428571 0.4408668730650155 0.6761904761904762 0.4408668730650155 0.7583333333333333 0.4458204334365325 0.8369047619047619 0.45077399380804956 0.8738095238095238 0.45139318885448915 0.875 0.469969040247678 0.875 0.47492260061919506 0.8333333333333334 0.47492260061919506 0.669047619047619 0.469969040247678 0.6571428571428571 0.45077399380804956 0.6571428571428571 
28 0.41609907120743034 0.6571428571428571 0.41114551083591333 0.6666666666666666 0.40619195046439627 0.7 0.40619195046439627 0.7607142857142857 0.41114551083591333 0.8452380952380952 0.4117647058823529 0.8464285714285714 0.4173374613003096 0.8559523809523809 0.4297213622291022 0.8559523809523809 0.44024767801857584 0.8357142857142857 0.44458204334365325 0.8178571428571428 0.4452012383900929 0.8119047619047619 0.4501547987616099 0.7607142857142857 0.4501547987616099 0.6785714285714286 0.44953560371517026 0.6761904761904762 0.44024767801857584 0.6571428571428571 0.41609907120743034 0.6571428571428571 
29 0.38699690402476783 0.6476190476190476 0.3863777089783282 0.6488095238095238 0.3814241486068111 0.6666666666666666 0.37708978328173376 0.6857142857142857 0.36160990712074303 0.8130952380952381 0.36160990712074303 0.8535714285714285 0.3622291021671827 0.8559523809523809 0.3671826625386997 0.8654761904761905 0.37894736842105264 0.8654761904761905 0.38080495356037153 0.8630952380952381 0.38575851393188854 0.8547619047619047 0.4006191950464396 0.8083333333333333 0.4055727554179567 0.7892857142857143 0.4105263157894737 0.7595238095238095 0.42043343653250775 0.6714285714285714 0.42043343653250775 0.6571428571428571 0.4154798761609907 0.6476190476190476 0.38699690402476783 0.6476190476190476 
30 0.356656346749226 0.6285714285714286 0.33622291021671824 0.638095238095238 0.3331269349845201 0.6416666666666667 0.3269349845201238 0.6583333333333333 0.31207430340557274 0.7345238095238096 0.30712074303405573 0.780952380952381 0.30712074303405573 0.8178571428571428 0.31207430340557274 0.8261904761904761 0.31331269349845203 0.8273809523809523 0.3498452012383901 0.8273809523809523 0.3510835913312694 0.8261904761904761 0.3609907120743034 0.8083333333333333 0.37089783281733746 0.7892857142857143 0.3752321981424149 0.7797619047619048 0.38080495356037153 0.7607142857142857 0.3956656346749226 0.655952380952381 0.3956656346749226 0.6476190476190476 0.3603715170278638 0.6285714285714286 0.356656346749226 0.6285714285714286 
31 0.2823529411764706 0.6095238095238096 0.2773993808049536 0.6202380952380953 0.2724458204334365 0.638095238095238 0.25263157894736843 0.7345238095238096 0.25263157894736843 0.7869047619047619 0.2532507739938081 0.7892857142857143 0.2625386996904025 0.8083333333333333 0.2761609907120743 0.8083333333333333 0.29659442724458207 0.7892857142857143 0.31640866873065016 0.7511904761904762 0.32136222910216716 0.7321428571428571 0.33126934984520123 0.6928571428571428 0.3411764705882353 0.6440476190476191 0.3411764705882353 0.6285714285714286 0.3263157894736842 0.6190476190476191 0.3065015479876161 0.6095238095238096 0.2823529411764706 0.6095238095238096 
32 0.2284829721362229 0.5904761904761905 0.22291021671826625 0.6011904761904762 0.21795665634674924 0.6202380952380953 0.2130030959752322 0.6952380952380952 0.2130030959752322 0.75 0.21424148606811144 0.7511904761904762 0.22786377708978328 0.7607142857142857 0.24210526315789474 0.7607142857142857 0.2520123839009288 0.7511904761904762 0.26687306501547986 0.7226190476190476 0.2718266253869969 0.7035714285714286 0.28173374613003094 0.6464285714285715 0.28173374613003094 0.611904761904762 0.28111455108359135 0.6095238095238096 0.27678018575851393 0.6 0.2544891640866873 0.5904761904761905 0.2284829721362229 0.5904761904761905 