2 0.32260061919504646 0.4095238095238095 0.3219814241486068 0.4107142857142857 0.29226006191950465 0.5238095238095238 0.29226006191950465 0.569047619047619 0.29721362229102166 0.5797619047619048 0.3077399380804954 0.5892857142857143 0.33622291021671824 0.5892857142857143 0.3411764705882353 0.5773809523809523 0.3411764705882353 0.42857142857142855 0.33622291021671824 0.4107142857142857 0.33560371517027865 0.4095238095238095 0.32260061919504646 0.4095238095238095 
3 0.34674922600619196 0.41904761904761906 0.34179566563467495 0.42857142857142855 0.3368421052631579 0.544047619047619 0.3368421052631579 0.5869047619047619 0.33746130030959753 0.5892857142857143 0.34179566563467495 0.5988095238095238 0.3473684210526316 0.6083333333333333 0.35541795665634673 0.6083333333333333 0.38575851393188854 0.5988095238095238 0.38575851393188854 0.5535714285714286 0.37089783281733746 0.4666666666666667 0.36594427244582045 0.4392857142857143 0.35541795665634673 0.41904761904761906 0.34674922600619196 0.41904761904761906 
4 0.3826625386996904 0.4095238095238095 0.3814241486068111 0.4107142857142857 0.3764705882352941 0.544047619047619 0.3764705882352941 0.5595238095238095 0.3814241486068111 0.5976190476190476 0.38699690402476783 0.6083333333333333 0.4006191950464396 0.6083333333333333 0.4154798761609907 0.5988095238095238 0.4154798761609907 0.5547619047619048 0.4006191950464396 0.4392857142857143 0.3956656346749226 0.42023809523809524 0.39504643962848296 0.41904761904761906 0.3894736842105263 0.4095238095238095 0.3826625386996904 0.4095238095238095 
5 0.41609907120743034 0.4 0.4117647058823529 0.4095238095238095 0.41114551083591333 0.4119047619047619 0.40619195046439627 0.4666666666666667 0.40619195046439627 0.5988095238095238 0.4117647058823529 0.6083333333333333 0.4247678018575851 0.6083333333333333 0.43529411764705883 0.5976190476190476 0.44024767801857584 0.5880952380952381 0.44024767801857584 0.544047619047619 0.43034055727554177 0.44761904761904764 0.42538699690402476 0.4107142857142857 0.42043343653250775 0.4 0.41609907120743034 0.4 
6 0.4408668730650155 0.3904761904761905 0.4359133126934985 0.4095238095238095 0.43157894736842106 0.44761904761904764 0.4260061919504644 0.4976190476190476 0.4260061919504644 0.5321428571428571 0.4309597523219814 0.5976190476190476 0.4359133126934985 0.6142857142857143 0.4371517027863777 0.6166666666666667 0.43839009287925695 0.6178571428571429 0.448297213622291 0.6178571428571429 0.4501547987616099 0.6166666666666667 0.4544891640866873 0.6083333333333333 0.460061919504644 0.5892857142857143 0.460061919504644 0.5178571428571429 0.4551083591331269 0.42023809523809524 0.4501547987616099 0.3904761904761905 0.4408668730650155 0.3904761904761905 
7 0.4662538699690402 0.4095238095238095 0.46068111455108357 0.42857142857142855 0.45572755417956656 0.5047619047619047 0.45572755417956656 0.5988095238095238 0.46068111455108357 0.6166666666666667 0.46191950464396286 0.6178571428571429 0.4786377708978328 0.6178571428571429 0.47987616099071206 0.6166666666666667 0.4848297213622291 0.5892857142857143 0.4848297213622291 0.5428571428571428 0.47987616099071206 0.4297619047619048 0.47492260061919506 0.4095238095238095 0.4662538699690402 0.4095238095238095 
8 0.48606811145510836 0.41904761904761906 0.4854489164086687 0.42023809523809524 0.4804953560371517 0.4607142857142857 0.47554179566563465 0.5238095238095238 0.47554179566563465 0.6130952380952381 0.4761609907120743 0.6178571428571429 0.4854489164086687 0.6369047619047619 0.5046439628482973 0.6369047619047619 0.5095975232198142 0.6261904761904762 0.5095975232198142 0.5738095238095238 0.5046439628482973 0.4392857142857143 0.49907120743034056 0.41904761904761906 0.48606811145510836 0.41904761904761906 
9 0.5157894736842106 0.4095238095238095 0.5102167182662539 0.42023809523809524 0.5052631578947369 0.45714285714285713 0.5003095975232198 0.5238095238095238 0.5003095975232198 0.5797619047619048 0.5052631578947369 0.6273809523809524 0.5102167182662539 0.6357142857142857 0.5151702786377709 0.6369047619047619 0.5287925696594428 0.6369047619047619 0.5343653250773994 0.6261904761904762 0.5343653250773994 0.5928571428571429 0.5294117647058824 0.42023809523809524 0.5238390092879257 0.4095238095238095 0.5157894736842106 0.4095238095238095 
10 0.530030959752322 0.4380952380952381 0.525077399380805 0.5535714285714286 0.525077399380805 0.5964285714285714 0.530030959752322 0.6178571428571429 0.5535603715170279 0.6178571428571429 0.5541795665634675 0.6154761904761905 0.5541795665634675 0.5547619047619048 0.5442724458204334 0.44047619047619047 0.5436532507739938 0.4380952380952381 0.530030959752322 0.4380952380952381 
11 0.5547987616099072 0.38095238095238093 0.5498452012383901 0.4 0.5498452012383901 0.5797619047619048 0.5597523219814241 0.6166666666666667 0.5603715170278638 0.6178571428571429 0.5715170278637771 0.6178571428571429 0.5789473684210527 0.5988095238095238 0.5789473684210527 0.5428571428571428 0.5690402476780185 0.3952380952380952 0.5684210526315789 0.39166666666666666 0.5640866873065016 0.38095238095238093 0.5547987616099072 0.38095238095238093 
12 0.5752321981424149 0.41904761904761906 0.5746130030959752 0.42023809523809524 0.5696594427244582 0.4976190476190476 0.5696594427244582 0.5511904761904762 0.5746130030959752 0.5988095238095238 0.5894736842105263 0.6083333333333333 0.5987616099071208 0.6083333333333333 0.6037151702786377 0.5988095238095238 0.6037151702786377 0.5428571428571428 0.5987616099071208 0.4773809523809524 0.5938080495356037 0.430952380952381 0.5931888544891641 0.42857142857142855 0.5888544891640867 0.41904761904761906 0.5752321981424149 0.41904761904761906 
13 0.604953560371517 0.41904761904761906 0.5993808049535604 0.4297619047619048 0.5944272445820433 0.5333333333333333 0.5944272445820433 0.5488095238095239 0.5993808049535604 0.5988095238095238 0.6160990712074303 0.6083333333333333 0.6229102167182663 0.6083333333333333 0.628482972136223 0.5976190476190476 0.628482972136223 0.5333333333333333 0.6235294117647059 0.4511904761904762 0.6229102167182663 0.44761904761904764 0.6185758513931888 0.42857142857142855 0.6136222910216719 0.41904761904761906 0.604953560371517 0.41904761904761906 
14 0.6340557275541796 0.42857142857142855 0.6291021671826625 0.45 0.6241486068111455 0.5261904761904762 0.6241486068111455 0.5964285714285714 0.6247678018575852 0.5988095238095238 0.6625386996904025 0.5988095238095238 0.6681114551083591 0.5892857142857143 0.6681114551083591 0.555952380952381 0.6631578947368421 0.45 0.6582043343653251 0.430952380952381 0.6575851393188854 0.4297619047619048 0.6563467492260062 0.42857142857142855 0.6340557275541796 0.42857142857142855 
15 0.6749226006191951 0.4 0.6736842105263158 0.4011904761904762 0.6687306501547987 0.4107142857142857 0.6637770897832818 0.430952380952381 0.6588235294117647 0.45714285714285713 0.6588235294117647 0.55 0.6637770897832818 0.5797619047619048 0.6693498452012384 0.5892857142857143 0.6879256965944273 0.5892857142857143 0.7021671826625387 0.5797619047619048 0.7027863777089783 0.5773809523809523 0.7027863777089783 0.5154761904761904 0.6879256965944273 0.42857142857142855 0.6829721362229102 0.4011904761904762 0.6823529411764706 0.4 0.6749226006191951 0.4 
18 0.6842105263157895 0.580952380952381 0.6643962848297214 0.6 0.6637770897832818 0.6035714285714285 0.6637770897832818 0.6547619047619048 0.6693498452012384 0.675 0.6885448916408669 0.7226190476190476 0.7034055727554179 0.7511904761904762 0.7176470588235294 0.7511904761904762 0.7325077399380805 0.7416666666666667 0.7325077399380805 0.6952380952380952 0.7120743034055728 0.5904761904761905 0.7077399380804954 0.580952380952381 0.6842105263157895 0.580952380952381 
19 0.6445820433436532 0.6 0.6291021671826625 0.6095238095238096 0.614860681114551 0.6190476190476191 0.6142414860681115 0.6238095238095238 0.6142414860681115 0.6392857142857142 0.6154798761609908 0.6464285714285715 0.6191950464396285 0.6642857142857143 0.6390092879256966 0.7416666666666667 0.6495356037151703 0.7702380952380953 0.6538699690402476 0.7797619047619048 0.6674922600619195 0.7797619047619048 0.6910216718266254 0.7607142857142857 0.6922600619195046 0.7595238095238095 0.6928792569659443 0.7571428571428571 0.6928792569659443 0.7333333333333333 0.6681114551083591 0.6107142857142858 0.6625386996904025 0.6 0.6445820433436532 0.6 
20 0.6012383900928793 0.6095238095238096 0.5993808049535604 0.6107142857142858 0.5956656346749226 0.6190476190476191 0.590092879256966 0.638095238095238 0.5894736842105263 0.6404761904761904 0.5894736842105263 0.6535714285714286 0.5944272445820433 0.6738095238095239 0.6142414860681115 0.7416666666666667 0.6291021671826625 0.7880952380952381 0.6297213622291021 0.7892857142857143 0.643343653250774 0.7892857142857143 0.643343653250774 0.7464285714285714 0.6235294117647059 0.6214285714285714 0.6179566563467492 0.6095238095238096 0.6012383900928793 0.6095238095238096 
21 0.5758513931888545 0.6095238095238096 0.5696594427244582 0.6190476190476191 0.5653250773993808 0.6285714285714286 0.5647058823529412 0.6595238095238095 0.5647058823529412 0.6619047619047619 0.5696594427244582 0.6928571428571428 0.5993808049535604 0.7976190476190477 0.6 0.7988095238095239 0.6136222910216719 0.7988095238095239 0.6136222910216719 0.7535714285714286 0.5987616099071208 0.6309523809523809 0.5981424148606811 0.6285714285714286 0.5888544891640867 0.6107142857142858 0.5876160990712074 0.6095238095238096 0.5758513931888545 0.6095238095238096 
22 0.5547987616099072 0.6190476190476191 0.544891640866873 0.638095238095238 0.544891640866873 0.675 0.5498452012383901 0.7214285714285714 0.5696594427244582 0.825 0.5702786377708978 0.8273809523809523 0.5746130030959752 0.8369047619047619 0.58328173374613 0.8369047619047619 0.5888544891640867 0.8273809523809523 0.5888544891640867 0.7857142857142857 0.5839009287925696 0.7261904761904762 0.578328173374613 0.6857142857142857 0.5739938080495356 0.6571428571428571 0.5690402476780185 0.6309523809523809 0.5640866873065016 0.6190476190476191 0.5547987616099072 0.6190476190476191 
23 0.5318885448916408 0.6285714285714286 0.530030959752322 0.6297619047619047 0.525077399380805 0.638095238095238 0.525077399380805 0.6845238095238095 0.530030959752322 0.7226190476190476 0.5399380804953561 0.7964285714285714 0.544891640866873 0.8178571428571428 0.5529411764705883 0.8178571428571428 0.5541795665634675 0.8166666666666667 0.5541795665634675 0.6880952380952381 0.5492260061919505 0.6404761904761904 0.5486068111455108 0.638095238095238 0.5436532507739938 0.6285714285714286 0.5318885448916408 0.6285714285714286 
24 0.5052631578947369 0.638095238095238 0.5052631578947369 0.694047619047619 0.5201238390092879 0.7869047619047619 0.5256965944272446 0.8083333333333333 0.530030959752322 0.8178571428571428 0.5386996904024768 0.8178571428571428 0.5393188854489164 0.8166666666666667 0.5393188854489164 0.7345238095238096 0.5294117647058824 0.6392857142857142 0.5256965944272446 0.638095238095238 0.5052631578947369 0.638095238095238 
25 0.48606811145510836 0.6285714285714286 0.4854489164086687 0.6297619047619047 0.4854489164086687 0.6547619047619048 0.5003095975232198 0.7785714285714286 0.5052631578947369 0.7988095238095239 0.5195046439628483 0.7988095238095239 0.5195046439628483 0.7238095238095238 0.5095975232198142 0.6309523809523809 0.5089783281733746 0.6285714285714286 0.48606811145510836 0.6285714285714286 
26 0.46563467492260063 0.6285714285714286 0.46563467492260063 0.675 0.47554179566563465 0.7511904761904762 0.4804953560371517 0.7797619047619048 0.4854489164086687 0.7988095238095239 0.4904024767801858 0.8083333333333333 0.5046439628482973 0.8083333333333333 0.5046439628482973 0.7904761904761904 0.49473684210526314 0.6523809523809524 0.49411764705882355 0.6476190476190476 0.4891640866873065 0.6285714285714286 0.46563467492260063 0.6285714285714286 
27 0.4520123839009288 0.6190476190476191 0.45077399380804956 0.6202380952380953 0.4458204334365325 0.6285714285714286 0.4408668730650155 0.6392857142857142 0.4408668730650155 0.6904761904761905 0.4458204334365325 0.7678571428571429 0.45077399380804956 0.7988095238095239 0.45572755417956656 0.8178571428571428 0.4613003095975232 0.8273809523809523 0.4724458204334365 0.8273809523809523 0.4743034055727554 0.825 0.47492260061919506 0.8226190476190476 0.47492260061919506 0.6678571428571428 0.469969040247678 0.6309523809523809 0.4693498452012384 0.6285714285714286 0.465015479876161 0.6190476190476191 0.4520123839009288 0.6190476190476191 
28 0.4321981424148607 0.6095238095238096 0.42105263157894735 0.6190476190476191 0.41671826625387 0.6285714285714286 0.41609907120743034 0.6321428571428571 0.41609907120743034 0.7976190476190477 0.42105263157894735 0.8071428571428572 0.42229102167182664 0.8083333333333333 0.42538699690402476 0.8083333333333333 0.4346749226006192 0.7988095238095239 0.44024767801857584 0.7892857142857143 0.4452012383900929 0.7488095238095238 0.4501547987616099 0.7035714285714286 0.4501547987616099 0.6297619047619047 0.4452012383900929 0.6190476190476191 0.44024767801857584 0.6095238095238096 0.4321981424148607 0.6095238095238096 
29 0.39195046439628484 0.6190476190476191 0.3863777089783282 0.6392857142857142 0.3863777089783282 0.8083333333333333 0.4006191950464396 0.8083333333333333 0.40495356037151703 0.7988095238095239 0.4105263157894737 0.7785714285714286 0.4154798761609907 0.7452380952380953 0.42043343653250775 0.7023809523809523 0.42538699690402476 0.6357142857142857 0.42538699690402476 0.6190476190476191 0.39195046439628484 0.6190476190476191 
30 0.35170278637770896 0.6095238095238096 0.34674922600619196 0.6190476190476191 0.3269349845201238 0.7440476190476191 0.3269349845201238 0.7690476190476191 0.3318885448916409 0.7797619047619048 0.3572755417956656 0.7892857142857143 0.3702786377708978 0.7892857142857143 0.37585139318885447 0.7761904761904762 0.38080495356037153 0.7595238095238095 0.38575851393188854 0.7416666666666667 0.3956656346749226 0.694047619047619 0.3956656346749226 0.6202380952380953 0.39442724458204337 0.6190476190476191 0.36594427244582045 0.6095238095238096 0.35170278637770896 0.6095238095238096 
31 0.3027863777089783 0.6 0.3021671826625387 0.6011904761904762 0.2674922600619195 0.6964285714285714 0.2674922600619195 0.7416666666666667 0.2724458204334365 0.7511904761904762 0.29473684210526313 0.7511904761904762 0.29659442724458207 0.75 0.3065015479876161 0.7404761904761905 0.3411764705882353 0.6845238095238095 0.3504643962848297 0.6654761904761904 0.3510835913312694 0.6607142857142857 0.3510835913312694 0.638095238095238 0.33622291021671824 0.6095238095238096 0.3263157894736842 0.6 0.3027863777089783 0.6 