2 0.3188854489164087 0.34285714285714286 0.3170278637770898 0.34404761904761905 0.29226006191950465 0.4297619047619048 0.2873065015479876 0.44761904761904764 0.2873065015479876 0.4738095238095238 0.29226006191950465 0.4845238095238095 0.29721362229102166 0.49404761904761907 0.3027863777089783 0.5035714285714286 0.33126934984520123 0.5035714285714286 0.33560371517027865 0.4928571428571429 0.33622291021671824 0.49047619047619045 0.33622291021671824 0.45 0.33126934984520123 0.36547619047619045 0.3306501547987616 0.3619047619047619 0.3263157894736842 0.34404761904761905 0.3256965944272446 0.34285714285714286 0.3188854489164087 0.34285714285714286 
3 0.35170278637770896 0.3619047619047619 0.34674922600619196 0.3726190476190476 0.3318885448916409 0.44761904761904764 0.3318885448916409 0.5119047619047619 0.3368421052631579 0.5226190476190476 0.3523219814241486 0.5321428571428571 0.3702786377708978 0.5321428571428571 0.37585139318885447 0.5214285714285715 0.37585139318885447 0.44761904761904764 0.37089783281733746 0.4 0.36594427244582045 0.3726190476190476 0.3603715170278638 0.3619047619047619 0.35170278637770896 0.3619047619047619 
4 0.38204334365325077 0.38095238095238093 0.3814241486068111 0.38333333333333336 0.3764705882352941 0.4095238095238095 0.3715170278637771 0.44761904761904764 0.3715170278637771 0.530952380952381 0.37708978328173376 0.5416666666666666 0.39504643962848296 0.5416666666666666 0.4055727554179567 0.5321428571428571 0.4055727554179567 0.4666666666666667 0.4006191950464396 0.4 0.3956656346749226 0.38095238095238093 0.38204334365325077 0.38095238095238093 
5 0.4068111455108359 0.3904761904761905 0.40619195046439627 0.39166666666666666 0.40123839009287926 0.41904761904761906 0.39628482972136225 0.5238095238095238 0.39628482972136225 0.5404761904761904 0.40123839009287926 0.5583333333333333 0.4018575851393189 0.5595238095238095 0.40309597523219814 0.5607142857142857 0.4154798761609907 0.5607142857142857 0.43034055727554177 0.5511904761904762 0.43034055727554177 0.4869047619047619 0.42043343653250775 0.3904761904761905 0.4068111455108359 0.3904761904761905 
6 0.4408668730650155 0.37142857142857144 0.4359133126934985 0.4023809523809524 0.4260061919504644 0.5095238095238095 0.4260061919504644 0.5226190476190476 0.4309597523219814 0.5488095238095239 0.4359133126934985 0.5678571428571428 0.44148606811145513 0.5702380952380952 0.4452012383900929 0.5702380952380952 0.4551083591331269 0.5607142857142857 0.460061919504644 0.5511904761904762 0.460061919504644 0.4011904761904762 0.4551083591331269 0.3726190476190476 0.4538699690402477 0.37142857142857144 0.4408668730650155 0.37142857142857144 
7 0.4718266253869969 0.4095238095238095 0.47058823529411764 0.4107142857142857 0.46563467492260063 0.42023809523809524 0.46068111455108357 0.45714285714285713 0.45572755417956656 0.4976190476190476 0.45572755417956656 0.5607142857142857 0.46068111455108357 0.5702380952380952 0.4693498452012384 0.5702380952380952 0.4848297213622291 0.5607142857142857 0.4848297213622291 0.44047619047619047 0.47987616099071206 0.4095238095238095 0.4718266253869969 0.4095238095238095 
8 0.5102167182662539 0.38095238095238093 0.5052631578947369 0.4 0.5003095975232198 0.42023809523809524 0.4904024767801858 0.4773809523809524 0.4904024767801858 0.5404761904761904 0.4953560371517028 0.5511904761904762 0.5003095975232198 0.5607142857142857 0.5232198142414861 0.5607142857142857 0.5244582043343653 0.5595238095238095 0.5244582043343653 0.39404761904761904 0.5238390092879257 0.3904761904761905 0.5188854489164086 0.38095238095238093 0.5102167182662539 0.38095238095238093 
9 0.5498452012383901 0.3904761904761905 0.544891640866873 0.4011904761904762 0.534984520123839 0.4666666666666667 0.530030959752322 0.5071428571428571 0.530030959752322 0.5607142857142857 0.534984520123839 0.5702380952380952 0.5628482972136223 0.5702380952380952 0.5640866873065016 0.569047619047619 0.5640866873065016 0.3904761904761905 0.5498452012383901 0.3904761904761905 
10 0.5746130030959752 0.4095238095238095 0.5696594427244582 0.4380952380952381 0.5647058823529412 0.49523809523809526 0.5647058823529412 0.5511904761904762 0.5696594427244582 0.5607142857142857 0.5882352941176471 0.5607142857142857 0.5888544891640867 0.5595238095238095 0.5938080495356037 0.5321428571428571 0.5938080495356037 0.41904761904761906 0.5888544891640867 0.4095238095238095 0.5746130030959752 0.4095238095238095 
11 0.6191950464396285 0.3523809523809524 0.6092879256965944 0.37142857142857144 0.5993808049535604 0.4 0.5944272445820433 0.41904761904761906 0.5894736842105263 0.4488095238095238 0.5845201238390093 0.5238095238095238 0.5845201238390093 0.5404761904761904 0.5894736842105263 0.5595238095238095 0.5944272445820433 0.5702380952380952 0.6173374613003096 0.5702380952380952 0.6185758513931888 0.569047619047619 0.6334365325077399 0.44642857142857145 0.6334365325077399 0.3619047619047619 0.628482972136223 0.3523809523809524 0.6191950464396285 0.3523809523809524 
12 0.6365325077399381 0.3904761904761905 0.6340557275541796 0.39166666666666666 0.6191950464396285 0.44761904761904764 0.6142414860681115 0.4738095238095238 0.6142414860681115 0.55 0.6198142414860681 0.5607142857142857 0.6402476780185758 0.5607142857142857 0.643343653250774 0.5595238095238095 0.648297213622291 0.55 0.653250773993808 0.5297619047619048 0.6582043343653251 0.4654761904761905 0.6582043343653251 0.39285714285714285 0.6569659442724458 0.3904761904761905 0.6365325077399381 0.3904761904761905 
13 0.6551083591331269 0.38095238095238093 0.6544891640866873 0.3821428571428571 0.6538699690402476 0.38452380952380955 0.6439628482972136 0.5238095238095238 0.6439628482972136 0.5404761904761904 0.6489164086687307 0.5511904761904762 0.6668730650154798 0.5511904761904762 0.676780185758514 0.5416666666666666 0.6780185758513931 0.5380952380952381 0.6780185758513931 0.5166666666666667 0.6730650154798762 0.4 0.6681114551083591 0.3821428571428571 0.6674922600619195 0.38095238095238093 0.6551083591331269 0.38095238095238093 
14 0.6786377708978328 0.38095238095238093 0.6736842105263158 0.3904761904761905 0.6687306501547987 0.43333333333333335 0.6687306501547987 0.5226190476190476 0.6736842105263158 0.5404761904761904 0.6786377708978328 0.55 0.679876160990712 0.5511904761904762 0.6972136222910217 0.5511904761904762 0.7071207430340557 0.5416666666666666 0.7077399380804954 0.5369047619047619 0.7077399380804954 0.39166666666666666 0.7027863777089783 0.3821428571428571 0.701547987616099 0.38095238095238093 0.6786377708978328 0.38095238095238093 
15 0.713312693498452 0.3523809523809524 0.708359133126935 0.3619047619047619 0.7034055727554179 0.38452380952380955 0.7034055727554179 0.5226190476190476 0.7325077399380805 0.5226190476190476 0.7517027863777089 0.5035714285714286 0.7572755417956656 0.4928571428571429 0.7572755417956656 0.44761904761904764 0.7325077399380805 0.37142857142857144 0.7275541795665634 0.3619047619047619 0.7219814241486068 0.3523809523809524 0.713312693498452 0.3523809523809524 
18 0.7492260061919505 0.4857142857142857 0.713312693498452 0.5142857142857142 0.713312693498452 0.5583333333333333 0.718266253869969 0.5797619047619048 0.7479876160990712 0.6547619047619048 0.7529411764705882 0.6654761904761904 0.7585139318885449 0.675 0.7770897832817337 0.675 0.7820433436532508 0.6654761904761904 0.7863777089783281 0.655952380952381 0.7869969040247679 0.6535714285714286 0.7869969040247679 0.6107142857142858 0.7721362229102167 0.5142857142857142 0.7671826625386997 0.49523809523809526 0.7622291021671826 0.4857142857142857 0.7492260061919505 0.4857142857142857 
19 0.7040247678018576 0.5238095238095238 0.6786377708978328 0.544047619047619 0.6687306501547987 0.5523809523809524 0.6637770897832818 0.5619047619047619 0.6637770897832818 0.5785714285714286 0.6885448916408669 0.694047619047619 0.698452012383901 0.7214285714285714 0.708359133126935 0.7404761904761905 0.7102167182662539 0.7416666666666667 0.7176470588235294 0.7416666666666667 0.7269349845201238 0.7321428571428571 0.7374613003095976 0.7130952380952381 0.7473684210526316 0.6928571428571428 0.7473684210526316 0.6571428571428571 0.7176470588235294 0.5345238095238095 0.7120743034055728 0.5238095238095238 0.7040247678018576 0.5238095238095238 
20 0.6495356037151703 0.5523809523809524 0.6390092879256966 0.5619047619047619 0.6340557275541796 0.5714285714285714 0.6340557275541796 0.5976190476190476 0.6736842105263158 0.7404761904761905 0.6786377708978328 0.7511904761904762 0.6922600619195046 0.7511904761904762 0.6928792569659443 0.7452380952380953 0.6928792569659443 0.7083333333333334 0.6879256965944273 0.6285714285714286 0.6730650154798762 0.5714285714285714 0.6625386996904025 0.5523809523809524 0.6495356037151703 0.5523809523809524 
21 0.6191950464396285 0.6476190476190476 0.614860681114551 0.6571428571428571 0.6142414860681115 0.6619047619047619 0.6142414860681115 0.7392857142857143 0.6191950464396285 0.75 0.6204334365325077 0.7511904761904762 0.6334365325077399 0.7511904761904762 0.6427244582043343 0.7416666666666667 0.6476780185758514 0.7321428571428571 0.648297213622291 0.7297619047619047 0.648297213622291 0.6476190476190476 0.6191950464396285 0.6476190476190476 
22 0.590092879256966 0.5714285714285714 0.5801857585139318 0.580952380952381 0.5795665634674922 0.5821428571428572 0.5795665634674922 0.6642857142857143 0.5944272445820433 0.7607142857142857 0.6 0.7797619047619048 0.6037151702786377 0.7797619047619048 0.6136222910216719 0.7702380952380953 0.6136222910216719 0.5928571428571429 0.6086687306501548 0.580952380952381 0.6037151702786377 0.5714285714285714 0.590092879256966 0.5714285714285714 
23 0.5603715170278638 0.580952380952381 0.5597523219814241 0.5821428571428572 0.5597523219814241 0.694047619047619 0.5647058823529412 0.7214285714285714 0.5653250773993808 0.7226190476190476 0.5826625386996904 0.7226190476190476 0.5839009287925696 0.7214285714285714 0.5888544891640867 0.7130952380952381 0.5888544891640867 0.6583333333333333 0.5839009287925696 0.580952380952381 0.5603715170278638 0.580952380952381 
24 0.5405572755417957 0.580952380952381 0.5399380804953561 0.5821428571428572 0.5399380804953561 0.7392857142857143 0.5455108359133127 0.7607142857142857 0.5591331269349845 0.7607142857142857 0.5640866873065016 0.7511904761904762 0.5640866873065016 0.580952380952381 0.5405572755417957 0.580952380952381 
25 0.4904024767801858 0.5714285714285714 0.4904024767801858 0.6547619047619048 0.4953560371517028 0.7416666666666667 0.49597523219814244 0.7511904761904762 0.5003095975232198 0.7785714285714286 0.5009287925696595 0.7797619047619048 0.5065015479876162 0.7797619047619048 0.5089783281733746 0.7785714285714286 0.5145510835913313 0.7702380952380953 0.5195046439628483 0.7321428571428571 0.5244582043343653 0.6833333333333333 0.5244582043343653 0.580952380952381 0.5195046439628483 0.5726190476190476 0.518266253869969 0.5714285714285714 0.4904024767801858 0.5714285714285714 
26 0.47058823529411764 0.5619047619047619 0.46563467492260063 0.5821428571428572 0.46563467492260063 0.6904761904761905 0.47058823529411764 0.7214285714285714 0.4718266253869969 0.7226190476190476 0.48792569659442725 0.7226190476190476 0.48978328173374613 0.7214285714285714 0.49473684210526314 0.6535714285714286 0.49473684210526314 0.5619047619047619 0.47058823529411764 0.5619047619047619 
27 0.44148606811145513 0.5714285714285714 0.4408668730650155 0.5726190476190476 0.4359133126934985 0.6095238095238096 0.43157894736842106 0.6666666666666666 0.4309597523219814 0.6797619047619048 0.4309597523219814 0.7690476190476191 0.4359133126934985 0.7797619047619048 0.44953560371517026 0.7797619047619048 0.4551083591331269 0.7690476190476191 0.465015479876161 0.7202380952380952 0.469969040247678 0.6833333333333333 0.469969040247678 0.5761904761904761 0.4693498452012384 0.5714285714285714 0.44148606811145513 0.5714285714285714 
28 0.4068111455108359 0.5619047619047619 0.40123839009287926 0.5714285714285714 0.40123839009287926 0.7607142857142857 0.40990712074303404 0.7607142857142857 0.4247678018575851 0.7321428571428571 0.43034055727554177 0.7107142857142857 0.44024767801857584 0.6273809523809524 0.44024767801857584 0.5833333333333334 0.43962848297213625 0.580952380952381 0.43529411764705883 0.5714285714285714 0.43034055727554177 0.5619047619047619 0.4068111455108359 0.5619047619047619 
29 0.3764705882352941 0.5428571428571428 0.3715170278637771 0.5535714285714286 0.356656346749226 0.6190476190476191 0.35170278637770896 0.65 0.35170278637770896 0.7119047619047619 0.3572755417956656 0.7226190476190476 0.38080495356037153 0.7226190476190476 0.38575851393188854 0.7035714285714286 0.4105263157894737 0.5797619047619048 0.4105263157894737 0.555952380952381 0.40928792569659445 0.5535714285714286 0.4006191950464396 0.5428571428571428 0.3764705882352941 0.5428571428571428 
30 0.33746130030959753 0.5714285714285714 0.3219814241486068 0.580952380952381 0.3126934984520124 0.5904761904761905 0.31207430340557274 0.5916666666666667 0.30712074303405573 0.6488095238095238 0.30712074303405573 0.6928571428571428 0.31207430340557274 0.7023809523809523 0.3151702786377709 0.7035714285714286 0.330030959752322 0.7035714285714286 0.33622291021671824 0.7 0.339938080495356 0.694047619047619 0.3411764705882353 0.6916666666666667 0.3653250773993808 0.6273809523809524 0.36594427244582045 0.625 0.36594427244582045 0.5738095238095238 0.3653250773993808 0.5714285714285714 0.33746130030959753 0.5714285714285714 
31 0.28792569659442724 0.49523809523809526 0.2823529411764706 0.5047619047619047 0.2773993808049536 0.5154761904761904 0.2724458204334365 0.5642857142857143 0.2724458204334365 0.6738095238095239 0.2773993808049536 0.694047619047619 0.2848297213622291 0.694047619047619 0.286687306501548 0.6928571428571428 0.3015479876160991 0.6642857142857143 0.31640866873065016 0.6273809523809524 0.3256965944272446 0.5988095238095238 0.3306501547987616 0.5797619047619048 0.33126934984520123 0.575 0.33126934984520123 0.5238095238095238 0.3263157894736842 0.5142857142857142 0.3108359133126935 0.49523809523809526 0.28792569659442724 0.49523809523809526 
32 0.243343653250774 0.4857142857142857 0.22291021671826625 0.49523809523809526 0.22291021671826625 0.5404761904761904 0.24272445820433436 0.5988095238095238 0.2476780185758514 0.6083333333333333 0.2544891640866873 0.6178571428571429 0.27678018575851393 0.6178571428571429 0.286687306501548 0.5226190476190476 0.286687306501548 0.5071428571428571 0.28606811145510835 0.5047619047619047 0.2761609907120743 0.4857142857142857 0.243343653250774 0.4857142857142857 