2 0.2873065015479876 0.2857142857142857 0.28297213622291023 0.29523809523809524 0.2823529411764706 0.3 0.2823529411764706 0.35714285714285715 0.2873065015479876 0.4642857142857143 0.29287925696594425 0.475 0.3021671826625387 0.4845238095238095 0.31145510835913315 0.4845238095238095 0.334984520123839 0.475 0.33622291021671824 0.4738095238095238 0.33622291021671824 0.4 0.33126934984520123 0.3619047619047619 0.31640866873065016 0.3047619047619048 0.31145510835913315 0.29642857142857143 0.31021671826625385 0.29523809523809524 0.291640866873065 0.2857142857142857 0.2873065015479876 0.2857142857142857 
3 0.3318885448916409 0.3047619047619048 0.3318885448916409 0.48095238095238096 0.3368421052631579 0.49404761904761907 0.3746130030959752 0.49404761904761907 0.37585139318885447 0.4928571428571429 0.38080495356037153 0.4845238095238095 0.38575851393188854 0.4654761904761905 0.38575851393188854 0.4380952380952381 0.37089783281733746 0.3523809523809524 0.36594427244582045 0.3333333333333333 0.3609907120743034 0.31547619047619047 0.35541795665634673 0.3047619047619048 0.3318885448916409 0.3047619047619048 
4 0.3715170278637771 0.29523809523809524 0.3715170278637771 0.3976190476190476 0.3764705882352941 0.4928571428571429 0.3814241486068111 0.5035714285714286 0.39504643962848296 0.5035714285714286 0.4055727554179567 0.4845238095238095 0.4105263157894737 0.45476190476190476 0.4105263157894737 0.4297619047619048 0.4055727554179567 0.38333333333333336 0.3956656346749226 0.3238095238095238 0.3907120743034056 0.305952380952381 0.38575851393188854 0.29523809523809524 0.3715170278637771 0.29523809523809524 
5 0.4068111455108359 0.29523809523809524 0.40123839009287926 0.3142857142857143 0.40123839009287926 0.5023809523809524 0.4024767801857585 0.5035714285714286 0.4346749226006192 0.5035714285714286 0.43529411764705883 0.5023809523809524 0.43529411764705883 0.4392857142857143 0.43034055727554177 0.38333333333333336 0.42538699690402476 0.3333333333333333 0.42043343653250775 0.29523809523809524 0.4068111455108359 0.29523809523809524 
6 0.4321981424148607 0.2761904761904762 0.4309597523219814 0.2773809523809524 0.4260061919504644 0.4107142857142857 0.4260061919504644 0.4452380952380952 0.4309597523219814 0.5119047619047619 0.4321981424148607 0.513095238095238 0.4501547987616099 0.513095238095238 0.4551083591331269 0.5035714285714286 0.45944272445820433 0.49404761904761907 0.460061919504644 0.49166666666666664 0.460061919504644 0.42857142857142855 0.4551083591331269 0.29523809523809524 0.4452012383900929 0.2761904761904762 0.4321981424148607 0.2761904761904762 
7 0.46563467492260063 0.3238095238095238 0.46068111455108357 0.3523809523809524 0.45077399380804956 0.4869047619047619 0.45077399380804956 0.5035714285714286 0.45572755417956656 0.513095238095238 0.47987616099071206 0.513095238095238 0.4842105263157895 0.5035714285714286 0.4848297213622291 0.4988095238095238 0.4848297213622291 0.3273809523809524 0.4842105263157895 0.3238095238095238 0.46563467492260063 0.3238095238095238 
8 0.4904024767801858 0.29523809523809524 0.4854489164086687 0.3047619047619048 0.47554179566563465 0.49523809523809526 0.47554179566563465 0.5119047619047619 0.4804953560371517 0.5321428571428571 0.5089783281733746 0.5321428571428571 0.5095975232198142 0.530952380952381 0.5095975232198142 0.34285714285714286 0.5046439628482973 0.305952380952381 0.4996904024767802 0.29642857142857143 0.4984520123839009 0.29523809523809524 0.4904024767801858 0.29523809523809524 
9 0.5306501547987617 0.29523809523809524 0.5256965944272446 0.3047619047619048 0.5201238390092879 0.31666666666666665 0.5151702786377709 0.34285714285714286 0.5102167182662539 0.38095238095238093 0.5052631578947369 0.4773809523809524 0.5052631578947369 0.5416666666666666 0.5343653250773994 0.5416666666666666 0.5436532507739938 0.5226190476190476 0.5442724458204334 0.5202380952380953 0.5442724458204334 0.49523809523809526 0.5393188854489164 0.3047619047619048 0.5337461300309597 0.29523809523809524 0.5306501547987617 0.29523809523809524 
10 0.5547987616099072 0.3333333333333333 0.5498452012383901 0.34285714285714286 0.544891640866873 0.3535714285714286 0.5399380804953561 0.4095238095238095 0.534984520123839 0.47619047619047616 0.534984520123839 0.5321428571428571 0.5622291021671827 0.5321428571428571 0.5634674922600619 0.530952380952381 0.5640866873065016 0.5285714285714286 0.5690402476780185 0.36904761904761907 0.5690402476780185 0.34404761904761905 0.5634674922600619 0.3333333333333333 0.5547987616099072 0.3333333333333333 
11 0.5845201238390093 0.2857142857142857 0.5795665634674922 0.2976190476190476 0.5696594427244582 0.3630952380952381 0.5647058823529412 0.4011904761904762 0.5597523219814241 0.4666666666666667 0.5597523219814241 0.5226190476190476 0.5647058823529412 0.5321428571428571 0.5746130030959752 0.5404761904761904 0.578328173374613 0.5416666666666666 0.5820433436532507 0.5416666666666666 0.5839009287925696 0.5404761904761904 0.5888544891640867 0.5321428571428571 0.5925696594427244 0.5226190476190476 0.5938080495356037 0.5178571428571429 0.5987616099071208 0.42023809523809524 0.5987616099071208 0.2857142857142857 0.5845201238390093 0.2857142857142857 
12 0.6012383900928793 0.45714285714285713 0.590092879256966 0.4666666666666667 0.5894736842105263 0.46904761904761905 0.5894736842105263 0.5226190476190476 0.5944272445820433 0.5321428571428571 0.6136222910216719 0.5321428571428571 0.6185758513931888 0.5226190476190476 0.6185758513931888 0.4595238095238095 0.6179566563467492 0.45714285714285713 0.6012383900928793 0.45714285714285713 
13 0.6291021671826625 0.3047619047619048 0.6198142414860681 0.3333333333333333 0.6191950464396285 0.3357142857142857 0.6142414860681115 0.3619047619047619 0.6092879256965944 0.3904761904761905 0.6092879256965944 0.4642857142857143 0.6142414860681115 0.513095238095238 0.6191950464396285 0.5226190476190476 0.638390092879257 0.5226190476190476 0.643343653250774 0.513095238095238 0.648297213622291 0.35833333333333334 0.648297213622291 0.30952380952380953 0.6470588235294118 0.3047619047619048 0.6291021671826625 0.3047619047619048 
14 0.6637770897832818 0.4380952380952381 0.6390092879256966 0.44761904761904764 0.6390092879256966 0.513095238095238 0.6569659442724458 0.513095238095238 0.676780185758514 0.5035714285714286 0.6780185758513931 0.5023809523809524 0.6780185758513931 0.44761904761904764 0.6730650154798762 0.4380952380952381 0.6637770897832818 0.4380952380952381 
15 0.6959752321981424 0.2857142857142857 0.6941176470588235 0.2869047619047619 0.6934984520123839 0.28809523809523807 0.6885448916408669 0.305952380952381 0.6786377708978328 0.34285714285714286 0.6736842105263158 0.3619047619047619 0.6687306501547987 0.39166666666666666 0.6637770897832818 0.42857142857142855 0.6637770897832818 0.44166666666666665 0.6643962848297214 0.44642857142857145 0.6736842105263158 0.4928571428571429 0.6743034055727554 0.49404761904761907 0.6928792569659443 0.49404761904761907 0.7027863777089783 0.4928571428571429 0.7077399380804954 0.49166666666666664 0.7126934984520124 0.4845238095238095 0.7226006191950465 0.3130952380952381 0.7226006191950465 0.2904761904761905 0.7219814241486068 0.2857142857142857 0.6959752321981424 0.2857142857142857 
16 0.7281733746130031 0.2571428571428571 0.7232198142414861 0.26785714285714285 0.713312693498452 0.34404761904761905 0.708359133126935 0.3904761904761905 0.708359133126935 0.475 0.7188854489164087 0.4845238095238095 0.7325077399380805 0.4845238095238095 0.7523219814241486 0.4654761904761905 0.7572755417956656 0.4369047619047619 0.7572755417956656 0.42023809523809524 0.7473684210526316 0.26666666666666666 0.7417956656346749 0.2571428571428571 0.7281733746130031 0.2571428571428571 
17 0.7473684210526316 0.47619047619047616 0.7281733746130031 0.4773809523809524 0.7139318885448916 0.4857142857142857 0.6990712074303406 0.5047619047619047 0.6941176470588235 0.5142857142857142 0.6934984520123839 0.5166666666666667 0.6934984520123839 0.5416666666666666 0.698452012383901 0.5607142857142857 0.7281733746130031 0.6178571428571429 0.7380804953560371 0.6273809523809524 0.7486068111455109 0.6369047619047619 0.7764705882352941 0.6369047619047619 0.7869969040247679 0.6273809523809524 0.7869969040247679 0.5976190476190476 0.7820433436532508 0.5619047619047619 0.7523219814241486 0.4869047619047619 0.7473684210526316 0.47619047619047616 
18 0.6637770897832818 0.5047619047619047 0.6439628482972136 0.5142857142857142 0.6390092879256966 0.525 0.6390092879256966 0.5392857142857143 0.6538699690402476 0.6178571428571429 0.6786377708978328 0.6845238095238095 0.6835913312693499 0.694047619047619 0.6885448916408669 0.7023809523809523 0.6904024767801857 0.7035714285714286 0.7120743034055728 0.7035714285714286 0.7176470588235294 0.694047619047619 0.7176470588235294 0.6392857142857142 0.7126934984520124 0.5916666666666667 0.7027863777089783 0.5154761904761904 0.6978328173374613 0.5047619047619047 0.6637770897832818 0.5047619047619047 
19 0.6105263157894737 0.5142857142857142 0.6092879256965944 0.5154761904761904 0.595046439628483 0.5333333333333333 0.590092879256966 0.5428571428571428 0.5894736842105263 0.5523809523809524 0.5894736842105263 0.5535714285714286 0.590092879256966 0.5607142857142857 0.5944272445820433 0.5797619047619048 0.6142414860681115 0.6642857142857143 0.6191950464396285 0.6845238095238095 0.6291021671826625 0.7119047619047619 0.6340557275541796 0.7226190476190476 0.6724458204334365 0.7226190476190476 0.6730650154798762 0.7214285714285714 0.6773993808049535 0.7119047619047619 0.6780185758513931 0.7095238095238096 0.6780185758513931 0.6666666666666666 0.6730650154798762 0.6392857142857142 0.648297213622291 0.5369047619047619 0.643343653250774 0.525 0.638390092879257 0.5142857142857142 0.6105263157894737 0.5142857142857142 
20 0.5696594427244582 0.5333333333333333 0.5696594427244582 0.5976190476190476 0.5746130030959752 0.6333333333333333 0.5845201238390093 0.6928571428571428 0.5894736842105263 0.7130952380952381 0.6179566563467492 0.7130952380952381 0.6185758513931888 0.7095238095238096 0.6185758513931888 0.6571428571428571 0.6086687306501548 0.580952380952381 0.5987616099071208 0.5523809523809524 0.5888544891640867 0.5333333333333333 0.5696594427244582 0.5333333333333333 
21 0.5461300309597523 0.5523809523809524 0.544891640866873 0.5535714285714286 0.544891640866873 0.6083333333333333 0.5498452012383901 0.6464285714285715 0.5547987616099072 0.6738095238095239 0.5597523219814241 0.6928571428571428 0.5603715170278638 0.694047619047619 0.578328173374613 0.694047619047619 0.5789473684210527 0.6928571428571428 0.58328173374613 0.675 0.5839009287925696 0.6714285714285714 0.5839009287925696 0.6285714285714286 0.5739938080495356 0.5523809523809524 0.5461300309597523 0.5523809523809524 
22 0.530030959752322 0.5619047619047619 0.5201238390092879 0.580952380952381 0.5201238390092879 0.6083333333333333 0.525077399380805 0.6369047619047619 0.530030959752322 0.6642857142857143 0.534984520123839 0.6833333333333333 0.5405572755417957 0.7035714285714286 0.5585139318885449 0.7035714285714286 0.5591331269349845 0.7011904761904761 0.5591331269349845 0.6511904761904762 0.5541795665634675 0.6011904761904762 0.5492260061919505 0.5630952380952381 0.5479876160990712 0.5619047619047619 0.530030959752322 0.5619047619047619 
23 0.5052631578947369 0.5714285714285714 0.5052631578947369 0.6904761904761905 0.5058823529411764 0.6928571428571428 0.5077399380804953 0.694047619047619 0.5188854489164086 0.694047619047619 0.5244582043343653 0.6833333333333333 0.5294117647058824 0.6464285714285715 0.5294117647058824 0.5726190476190476 0.5287925696594428 0.5714285714285714 0.5052631578947369 0.5714285714285714 
24 0.4953560371517028 0.5619047619047619 0.4904024767801858 0.5714285714285714 0.4804953560371517 0.6428571428571429 0.4804953560371517 0.6833333333333333 0.4854489164086687 0.694047619047619 0.49473684210526314 0.694047619047619 0.4996904024767802 0.6845238095238095 0.5046439628482973 0.6738095238095239 0.5095975232198142 0.6464285714285715 0.5095975232198142 0.5714285714285714 0.5040247678018576 0.5619047619047619 0.4953560371517028 0.5619047619047619 
25 0.4804953560371517 0.5619047619047619 0.47554179566563465 0.5630952380952381 0.47058823529411764 0.580952380952381 0.46068111455108357 0.6571428571428571 0.46068111455108357 0.6845238095238095 0.4848297213622291 0.6845238095238095 0.49473684210526314 0.6166666666666667 0.4996904024767802 0.5797619047619048 0.4996904024767802 0.5619047619047619 0.4804953560371517 0.5619047619047619 
26 0.4520123839009288 0.5714285714285714 0.45139318885448915 0.5726190476190476 0.45077399380804956 0.575 0.4458204334365325 0.6404761904761904 0.4458204334365325 0.6785714285714286 0.44643962848297214 0.6845238095238095 0.4693498452012384 0.6845238095238095 0.469969040247678 0.6833333333333333 0.47492260061919506 0.6345238095238095 0.47492260061919506 0.5714285714285714 0.4520123839009288 0.5714285714285714 
27 0.4390092879256966 0.5428571428571428 0.4371517027863777 0.544047619047619 0.4359133126934985 0.5452380952380952 0.4309597523219814 0.5630952380952381 0.40123839009287926 0.6857142857142857 0.40123839009287926 0.7130952380952381 0.4173374613003096 0.7130952380952381 0.42043343653250775 0.7119047619047619 0.42538699690402476 0.7035714285714286 0.43034055727554177 0.694047619047619 0.4346749226006192 0.6845238095238095 0.44953560371517026 0.6464285714285715 0.4501547987616099 0.6440476190476191 0.4551083591331269 0.6154761904761905 0.460061919504644 0.5785714285714286 0.460061919504644 0.5523809523809524 0.4551083591331269 0.5428571428571428 0.4390092879256966 0.5428571428571428 
28 0.4117647058823529 0.5238095238095238 0.41114551083591333 0.525 0.3764705882352941 0.6666666666666666 0.3764705882352941 0.6928571428571428 0.3814241486068111 0.7023809523809523 0.3826625386996904 0.7035714285714286 0.39442724458204337 0.7035714285714286 0.4055727554179567 0.6928571428571428 0.4154798761609907 0.6738095238095239 0.42043343653250775 0.655952380952381 0.42538699690402476 0.6357142857142857 0.4452012383900929 0.55 0.4452012383900929 0.5357142857142857 0.44458204334365325 0.5333333333333333 0.4346749226006192 0.5238095238095238 0.4117647058823529 0.5238095238095238 
29 0.3814241486068111 0.5142857142857142 0.34674922600619196 0.6583333333333333 0.34674922600619196 0.6845238095238095 0.3523219814241486 0.694047619047619 0.3634674922600619 0.694047619047619 0.36594427244582045 0.6928571428571428 0.3752321981424149 0.6845238095238095 0.38575851393188854 0.6654761904761904 0.3907120743034056 0.655952380952381 0.4055727554179567 0.5988095238095238 0.4105263157894737 0.5773809523809523 0.42043343653250775 0.5321428571428571 0.42043343653250775 0.525 0.4154798761609907 0.5142857142857142 0.3814241486068111 0.5142857142857142 
30 0.3473684210526316 0.49523809523809526 0.34179566563467495 0.5047619047619047 0.3368421052631579 0.5238095238095238 0.30712074303405573 0.65 0.30712074303405573 0.6833333333333333 0.30835913312693497 0.6845238095238095 0.3281733746130031 0.694047619047619 0.3448916408668731 0.694047619047619 0.3461300309597523 0.6928571428571428 0.3510835913312694 0.6845238095238095 0.3653250773993808 0.655952380952381 0.37089783281733746 0.6369047619047619 0.38575851393188854 0.5797619047619048 0.3956656346749226 0.5226190476190476 0.3956656346749226 0.5047619047619047 0.36594427244582045 0.49523809523809526 0.3473684210526316 0.49523809523809526 
31 0.29287925696594425 0.4857142857142857 0.29226006191950465 0.4869047619047619 0.2873065015479876 0.525 0.2773993808049536 0.6023809523809524 0.2773993808049536 0.6738095238095239 0.27801857585139317 0.675 0.30092879256965943 0.675 0.3065015479876161 0.6654761904761904 0.31640866873065016 0.6452380952380953 0.32136222910216716 0.6273809523809524 0.3263157894736842 0.6083333333333333 0.3455108359133127 0.5321428571428571 0.3461300309597523 0.5285714285714286 0.3461300309597523 0.4988095238095238 0.3455108359133127 0.49523809523809526 0.34055727554179566 0.4857142857142857 0.29287925696594425 0.4857142857142857 