2 0.2625386996904025 0.4095238095238095 0.25758513931888544 0.5345238095238095 0.25758513931888544 0.5797619047619048 0.2625386996904025 0.5892857142857143 0.3015479876160991 0.5892857142857143 0.3058823529411765 0.5785714285714286 0.3065015479876161 0.5761904761904761 0.3065015479876161 0.5047619047619047 0.3015479876160991 0.45 0.29659442724458207 0.41904761904761906 0.27678018575851393 0.4095238095238095 0.2625386996904025 0.4095238095238095 
3 0.3188854489164087 0.41904761904761906 0.3170278637770898 0.42142857142857143 0.31207430340557274 0.4392857142857143 0.30712074303405573 0.46904761904761905 0.3021671826625387 0.5428571428571428 0.3021671826625387 0.5976190476190476 0.3027863777089783 0.5988095238095238 0.3560371517027864 0.5988095238095238 0.3560371517027864 0.5261904761904762 0.3510835913312694 0.4869047619047619 0.3411764705882353 0.4392857142857143 0.33126934984520123 0.42023809523809524 0.32941176470588235 0.41904761904761906 0.3188854489164087 0.41904761904761906 
4 0.3746130030959752 0.42857142857142855 0.3715170278637771 0.4297619047619048 0.36656346749226004 0.4380952380952381 0.35170278637770896 0.5142857142857142 0.34674922600619196 0.5904761904761905 0.34674922600619196 0.5988095238095238 0.35170278637770896 0.6083333333333333 0.36594427244582045 0.6083333333333333 0.3752321981424149 0.5988095238095238 0.38080495356037153 0.5892857142857143 0.38575851393188854 0.569047619047619 0.38575851393188854 0.44761904761904764 0.38080495356037153 0.4297619047619048 0.37894736842105264 0.42857142857142855 0.3746130030959752 0.42857142857142855 
5 0.40309597523219814 0.4380952380952381 0.40123839009287926 0.4392857142857143 0.39628482972136225 0.4488095238095238 0.3913312693498452 0.46785714285714286 0.3863777089783282 0.49523809523809526 0.3715170278637771 0.580952380952381 0.3715170278637771 0.5976190476190476 0.3721362229102167 0.5988095238095238 0.38204334365325077 0.6083333333333333 0.40495356037151703 0.6083333333333333 0.4148606811145511 0.5988095238095238 0.42043343653250775 0.5773809523809523 0.42043343653250775 0.49642857142857144 0.4148606811145511 0.45714285714285713 0.4105263157894737 0.4380952380952381 0.40309597523219814 0.4380952380952381 
6 0.43157894736842106 0.4095238095238095 0.4260061919504644 0.41904761904761906 0.42105263157894735 0.44047619047619047 0.41609907120743034 0.47619047619047616 0.41114551083591333 0.5738095238095238 0.41114551083591333 0.6071428571428571 0.4117647058823529 0.6083333333333333 0.43962848297213625 0.6083333333333333 0.4452012383900929 0.5988095238095238 0.4452012383900929 0.42023809523809524 0.43962848297213625 0.4095238095238095 0.43157894736842106 0.4095238095238095 
7 0.4569659442724458 0.42857142857142855 0.45572755417956656 0.4297619047619048 0.45139318885448915 0.44761904761904764 0.4458204334365325 0.4880952380952381 0.4408668730650155 0.5523809523809524 0.4408668730650155 0.6083333333333333 0.4743034055727554 0.6083333333333333 0.47492260061919506 0.6071428571428571 0.47492260061919506 0.5238095238095238 0.469969040247678 0.44047619047619047 0.4693498452012384 0.4380952380952381 0.465015479876161 0.42857142857142855 0.4569659442724458 0.42857142857142855 
8 0.4804953560371517 0.4095238095238095 0.47554179566563465 0.4380952380952381 0.46563467492260063 0.6011904761904762 0.46563467492260063 0.6083333333333333 0.4712074303405573 0.6178571428571429 0.5040247678018576 0.6178571428571429 0.5046439628482973 0.6166666666666667 0.5046439628482973 0.5273809523809524 0.4996904024767802 0.4297619047619048 0.49473684210526314 0.4095238095238095 0.4804953560371517 0.4095238095238095 
9 0.5201238390092879 0.4095238095238095 0.5157894736842106 0.42142857142857143 0.5151702786377709 0.4238095238095238 0.5108359133126935 0.44761904761904764 0.5102167182662539 0.4523809523809524 0.5003095975232198 0.5726190476190476 0.5003095975232198 0.6071428571428571 0.5058823529411764 0.6178571428571429 0.5151702786377709 0.625 0.530030959752322 0.6273809523809524 0.5430340557275541 0.6178571428571429 0.5442724458204334 0.6166666666666667 0.5442724458204334 0.5428571428571428 0.5393188854489164 0.4392857142857143 0.5343653250773994 0.41904761904761906 0.5287925696594428 0.4095238095238095 0.5201238390092879 0.4095238095238095 
10 0.5560371517027863 0.4380952380952381 0.5547987616099072 0.4392857142857143 0.5498452012383901 0.4488095238095238 0.5399380804953561 0.5630952380952381 0.5399380804953561 0.6083333333333333 0.544891640866873 0.6178571428571429 0.5585139318885449 0.6178571428571429 0.5739938080495356 0.6083333333333333 0.5739938080495356 0.5619047619047619 0.5690402476780185 0.4392857142857143 0.56656346749226 0.4380952380952381 0.5560371517027863 0.4380952380952381 
11 0.5845201238390093 0.4095238095238095 0.5795665634674922 0.41904761904761906 0.5746130030959752 0.430952380952381 0.5696594427244582 0.5619047619047619 0.5696594427244582 0.5976190476190476 0.5746130030959752 0.6083333333333333 0.5795665634674922 0.6178571428571429 0.6030959752321982 0.6178571428571429 0.6037151702786377 0.6166666666666667 0.6037151702786377 0.4488095238095238 0.5987616099071208 0.4297619047619048 0.5938080495356037 0.4119047619047619 0.5931888544891641 0.4107142857142857 0.5907120743034056 0.4095238095238095 0.5845201238390093 0.4095238095238095 
12 0.6092879256965944 0.44761904761904764 0.5993808049535604 0.5083333333333333 0.5993808049535604 0.5976190476190476 0.604953560371517 0.6083333333333333 0.6204334365325077 0.6178571428571429 0.631578947368421 0.6178571428571429 0.6334365325077399 0.6166666666666667 0.638390092879257 0.6083333333333333 0.643343653250774 0.5988095238095238 0.643343653250774 0.5738095238095238 0.638390092879257 0.5059523809523809 0.6334365325077399 0.4583333333333333 0.628482972136223 0.44761904761904764 0.6092879256965944 0.44761904761904764 
13 0.6390092879256966 0.4380952380952381 0.6340557275541796 0.45714285714285713 0.6291021671826625 0.49642857142857144 0.6291021671826625 0.5119047619047619 0.6340557275541796 0.5952380952380952 0.6346749226006192 0.5988095238095238 0.6390092879256966 0.6083333333333333 0.6631578947368421 0.6083333333333333 0.6681114551083591 0.5976190476190476 0.6681114551083591 0.5738095238095238 0.6582043343653251 0.47619047619047616 0.653250773993808 0.45 0.6526315789473685 0.44761904761904764 0.6476780185758514 0.4380952380952381 0.6390092879256966 0.4380952380952381 
14 0.6736842105263158 0.4380952380952381 0.6687306501547987 0.44761904761904764 0.6588235294117647 0.5047619047619047 0.6538699690402476 0.5357142857142857 0.6538699690402476 0.5511904761904762 0.6588235294117647 0.6083333333333333 0.7021671826625387 0.6083333333333333 0.7027863777089783 0.6059523809523809 0.7077399380804954 0.5321428571428571 0.7077399380804954 0.4583333333333333 0.7021671826625387 0.44761904761904764 0.6829721362229102 0.4380952380952381 0.6736842105263158 0.4380952380952381 
15 0.7238390092879257 0.41904761904761906 0.7089783281733746 0.44761904761904764 0.708359133126935 0.45 0.7034055727554179 0.4857142857142857 0.698452012383901 0.525 0.698452012383901 0.5892857142857143 0.7095975232198143 0.5988095238095238 0.7263157894736842 0.5988095238095238 0.7424148606811145 0.5892857142857143 0.7424148606811145 0.41904761904761906 0.7238390092879257 0.41904761904761906 
18 0.6990712074303406 0.6095238095238096 0.6848297213622291 0.6190476190476191 0.6736842105263158 0.6297619047619047 0.6736842105263158 0.6654761904761904 0.6885448916408669 0.7119047619047619 0.698452012383901 0.7416666666666667 0.718266253869969 0.7797619047619048 0.7424148606811145 0.7797619047619048 0.7473684210526316 0.7702380952380953 0.7473684210526316 0.725 0.7325077399380805 0.6297619047619047 0.7226006191950465 0.6107142857142858 0.7207430340557276 0.6095238095238096 0.6990712074303406 0.6095238095238096 
19 0.6297213622291021 0.6190476190476191 0.6241486068111455 0.6285714285714286 0.6241486068111455 0.6535714285714286 0.6340557275541796 0.7309523809523809 0.6390092879256966 0.7607142857142857 0.6495356037151703 0.7988095238095239 0.6544891640866873 0.8083333333333333 0.6631578947368421 0.8083333333333333 0.6922600619195046 0.7892857142857143 0.6928792569659443 0.7880952380952381 0.6928792569659443 0.75 0.6829721362229102 0.6285714285714286 0.6724458204334365 0.6190476190476191 0.6297213622291021 0.6190476190476191 
20 0.5993808049535604 0.6285714285714286 0.5993808049535604 0.6833333333333333 0.6092879256965944 0.7607142857142857 0.6142414860681115 0.7797619047619048 0.6241486068111455 0.8071428571428572 0.6247678018575852 0.8083333333333333 0.6377708978328174 0.8083333333333333 0.638390092879257 0.8071428571428572 0.638390092879257 0.6678571428571428 0.6334365325077399 0.6476190476190476 0.628482972136223 0.6285714285714286 0.5993808049535604 0.6285714285714286 
21 0.5845201238390093 0.6285714285714286 0.5752321981424149 0.638095238095238 0.5746130030959752 0.6392857142857142 0.5746130030959752 0.6845238095238095 0.5795665634674922 0.7404761904761905 0.5845201238390093 0.7702380952380953 0.5894736842105263 0.7880952380952381 0.595046439628483 0.7988095238095239 0.6080495356037152 0.7988095238095239 0.6086687306501548 0.7976190476190477 0.6086687306501548 0.6761904761904762 0.6037151702786377 0.6285714285714286 0.5845201238390093 0.6285714285714286 
22 0.5455108359133127 0.6285714285714286 0.544891640866873 0.6321428571428571 0.544891640866873 0.6595238095238095 0.5455108359133127 0.6654761904761904 0.5498452012383901 0.7035714285714286 0.5597523219814241 0.7785714285714286 0.5647058823529412 0.805952380952381 0.5653250773993808 0.8083333333333333 0.578328173374613 0.8083333333333333 0.5789473684210527 0.8047619047619048 0.5789473684210527 0.6476190476190476 0.5690402476780185 0.6285714285714286 0.5455108359133127 0.6285714285714286 
23 0.5207430340557275 0.6285714285714286 0.5201238390092879 0.6309523809523809 0.5201238390092879 0.6535714285714286 0.525077399380805 0.7702380952380953 0.530030959752322 0.7797619047619048 0.5393188854489164 0.7797619047619048 0.5442724458204334 0.7702380952380953 0.5492260061919505 0.6845238095238095 0.5492260061919505 0.6309523809523809 0.5486068111455108 0.6285714285714286 0.5207430340557275 0.6285714285714286 
24 0.5003095975232198 0.6285714285714286 0.5003095975232198 0.655952380952381 0.5052631578947369 0.7404761904761905 0.5102167182662539 0.7690476190476191 0.5108359133126935 0.7702380952380953 0.5188854489164086 0.7773809523809524 0.5195046439628483 0.7773809523809524 0.5238390092879257 0.7607142857142857 0.5244582043343653 0.7571428571428571 0.5294117647058824 0.7023809523809523 0.5294117647058824 0.6488095238095238 0.5244582043343653 0.6297619047619047 0.5219814241486068 0.6285714285714286 0.5003095975232198 0.6285714285714286 
25 0.4823529411764706 0.6285714285714286 0.4804953560371517 0.6297619047619047 0.4804953560371517 0.7130952380952381 0.4854489164086687 0.7654761904761904 0.48606811145510836 0.7702380952380953 0.49411764705882355 0.7702380952380953 0.4996904024767802 0.7607142857142857 0.5046439628482973 0.7107142857142857 0.5046439628482973 0.6285714285714286 0.4823529411764706 0.6285714285714286 
26 0.45572755417956656 0.6285714285714286 0.45572755417956656 0.6928571428571428 0.46068111455108357 0.7702380952380953 0.46563467492260063 0.7880952380952381 0.46687306501547987 0.7892857142857143 0.47368421052631576 0.7892857142857143 0.4743034055727554 0.7880952380952381 0.47492260061919506 0.7845238095238095 0.4848297213622291 0.675 0.4848297213622291 0.6297619047619047 0.48359133126934983 0.6285714285714286 0.45572755417956656 0.6285714285714286 
27 0.4458204334365325 0.6190476190476191 0.43653250773993807 0.6285714285714286 0.4309597523219814 0.6392857142857142 0.42105263157894735 0.7726190476190476 0.42105263157894735 0.8083333333333333 0.44024767801857584 0.8083333333333333 0.4452012383900929 0.7892857142857143 0.4588235294117647 0.6928571428571428 0.45944272445820433 0.6880952380952381 0.460061919504644 0.6797619047619048 0.460061919504644 0.6226190476190476 0.45263157894736844 0.6190476190476191 0.4458204334365325 0.6190476190476191 
28 0.4018575851393189 0.6190476190476191 0.39628482972136225 0.6297619047619047 0.39628482972136225 0.7892857142857143 0.41424148606811145 0.7892857142857143 0.4154798761609907 0.7880952380952381 0.42043343653250775 0.7690476190476191 0.42538699690402476 0.7416666666666667 0.43529411764705883 0.6654761904761904 0.43529411764705883 0.638095238095238 0.42538699690402476 0.6190476190476191 0.4018575851393189 0.6190476190476191 
29 0.3863777089783282 0.6095238095238096 0.3721362229102167 0.6190476190476191 0.36656346749226004 0.6285714285714286 0.36160990712074303 0.6404761904761904 0.36160990712074303 0.6833333333333333 0.36656346749226004 0.7678571428571429 0.3715170278637771 0.7964285714285714 0.3721362229102167 0.7988095238095239 0.38575851393188854 0.7988095238095239 0.3907120743034056 0.7880952380952381 0.39504643962848296 0.7702380952380953 0.3956656346749226 0.7666666666666667 0.4006191950464396 0.7345238095238096 0.4055727554179567 0.6369047619047619 0.4055727554179567 0.6202380952380953 0.4006191950464396 0.6107142857142858 0.39876160990712073 0.6095238095238096 0.3863777089783282 0.6095238095238096 
30 0.3269349845201238 0.6095238095238096 0.3170278637770898 0.6190476190476191 0.3126934984520124 0.6285714285714286 0.31207430340557274 0.6309523809523809 0.3021671826625387 0.7380952380952381 0.3021671826625387 0.7892857142857143 0.3318885448916409 0.8083333333333333 0.3455108359133127 0.8083333333333333 0.3461300309597523 0.8071428571428572 0.3560371517027864 0.7785714285714286 0.3609907120743034 0.7607142857142857 0.36594427244582045 0.7214285714285714 0.37585139318885447 0.6369047619047619 0.37585139318885447 0.6202380952380953 0.36594427244582045 0.6107142857142858 0.3609907120743034 0.6095238095238096 0.3269349845201238 0.6095238095238096 
31 0.2724458204334365 0.5904761904761905 0.2674922600619195 0.6107142857142858 0.2476780185758514 0.7107142857142857 0.2476780185758514 0.7488095238095238 0.25263157894736843 0.7702380952380953 0.2718266253869969 0.7702380952380953 0.28173374613003094 0.7607142857142857 0.291640866873065 0.7416666666666667 0.3157894736842105 0.694047619047619 0.31640866873065016 0.6916666666666667 0.3263157894736842 0.6273809523809524 0.3263157894736842 0.6190476190476191 0.32136222910216716 0.6095238095238096 0.30526315789473685 0.6 0.2854489164086687 0.5904761904761905 0.2724458204334365 0.5904761904761905 