3 0.3368421052631579 0.3523809523809524 0.3318885448916409 0.3619047619047619 0.31207430340557274 0.4107142857142857 0.30712074303405573 0.5071428571428571 0.30712074303405573 0.5404761904761904 0.31207430340557274 0.5511904761904762 0.3269349845201238 0.5607142857142857 0.3560371517027864 0.5607142857142857 0.3609907120743034 0.55 0.3609907120743034 0.5166666666666667 0.3560371517027864 0.3761904761904762 0.35541795665634673 0.3726190476190476 0.3510835913312694 0.3523809523809524 0.3368421052631579 0.3523809523809524 
4 0.3671826625386997 0.4 0.356656346749226 0.42023809523809524 0.3541795665634675 0.42857142857142855 0.3523219814241486 0.4357142857142857 0.34674922600619196 0.4785714285714286 0.34674922600619196 0.4845238095238095 0.35170278637770896 0.5583333333333333 0.3523219814241486 0.5607142857142857 0.3671826625386997 0.5702380952380952 0.39009287925696595 0.5702380952380952 0.3907120743034056 0.569047619047619 0.3907120743034056 0.5142857142857142 0.38575851393188854 0.45714285714285713 0.38080495356037153 0.4107142857142857 0.3752321981424149 0.4 0.3671826625386997 0.4 
5 0.39690402476780184 0.38095238095238093 0.3913312693498452 0.3821428571428571 0.3826625386996904 0.3904761904761905 0.38204334365325077 0.39166666666666666 0.3764705882352941 0.4107142857142857 0.3764705882352941 0.4654761904761905 0.3814241486068111 0.5773809523809523 0.38204334365325077 0.5797619047619048 0.41919504643962846 0.5797619047619048 0.42043343653250775 0.5785714285714286 0.42043343653250775 0.4785714285714286 0.4154798761609907 0.42023809523809524 0.4105263157894737 0.4011904761904762 0.4055727554179567 0.3904761904761905 0.4006191950464396 0.3821428571428571 0.39876160990712073 0.38095238095238093 0.39690402476780184 0.38095238095238093 
6 0.42105263157894735 0.3523809523809524 0.41671826625387 0.3738095238095238 0.41114551083591333 0.4166666666666667 0.41114551083591333 0.5880952380952381 0.4117647058823529 0.5892857142857143 0.426625386996904 0.5988095238095238 0.43529411764705883 0.5988095238095238 0.44024767801857584 0.5880952380952381 0.4452012383900929 0.5702380952380952 0.4452012383900929 0.5047619047619047 0.44024767801857584 0.38095238095238093 0.43529411764705883 0.3523809523809524 0.42105263157894735 0.3523809523809524 
7 0.44643962848297214 0.3904761904761905 0.4408668730650155 0.4 0.4359133126934985 0.5619047619047619 0.4359133126934985 0.5892857142857143 0.4408668730650155 0.6083333333333333 0.44643962848297214 0.6178571428571429 0.45944272445820433 0.6178571428571429 0.465015479876161 0.6071428571428571 0.465015479876161 0.44047619047619047 0.460061919504644 0.4023809523809524 0.45944272445820433 0.4 0.4544891640866873 0.3904761904761905 0.44643962848297214 0.3904761904761905 
8 0.4718266253869969 0.38095238095238093 0.47058823529411764 0.3821428571428571 0.46563467492260063 0.4 0.46068111455108357 0.580952380952381 0.46068111455108357 0.6047619047619047 0.4613003095975232 0.6083333333333333 0.46563467492260063 0.6273809523809524 0.49411764705882355 0.6273809523809524 0.49473684210526314 0.6261904761904762 0.49473684210526314 0.45714285714285713 0.4891640866873065 0.41904761904761906 0.4848297213622291 0.39166666666666666 0.47987616099071206 0.38095238095238093 0.4718266253869969 0.38095238095238093 
9 0.5003095975232198 0.3904761904761905 0.4953560371517028 0.41309523809523807 0.4953560371517028 0.6047619047619047 0.5003095975232198 0.6273809523809524 0.5269349845201239 0.6273809523809524 0.5294117647058824 0.6261904761904762 0.5294117647058824 0.4976190476190476 0.5244582043343653 0.4583333333333333 0.5195046439628483 0.42023809523809524 0.5145510835913313 0.39166666666666666 0.5139318885448917 0.3904761904761905 0.5003095975232198 0.3904761904761905 
10 0.530030959752322 0.38095238095238093 0.5256965944272446 0.3904761904761905 0.525077399380805 0.3976190476190476 0.525077399380805 0.5797619047619048 0.530030959752322 0.6083333333333333 0.5585139318885449 0.6083333333333333 0.5591331269349845 0.6071428571428571 0.5591331269349845 0.580952380952381 0.5442724458204334 0.38095238095238093 0.530030959752322 0.38095238095238093 
11 0.5597523219814241 0.3619047619047619 0.5547987616099072 0.37142857142857144 0.5498452012383901 0.3821428571428571 0.5498452012383901 0.5869047619047619 0.5504643962848297 0.5892857142857143 0.5547987616099072 0.5988095238095238 0.5647058823529412 0.6178571428571429 0.5690402476780185 0.6178571428571429 0.5820433436532507 0.6083333333333333 0.58328173374613 0.6071428571428571 0.5839009287925696 0.6059523809523809 0.5839009287925696 0.49523809523809526 0.5789473684210527 0.4392857142857143 0.5739938080495356 0.3904761904761905 0.5690402476780185 0.3619047619047619 0.5597523219814241 0.3619047619047619 
12 0.590092879256966 0.38095238095238093 0.5845201238390093 0.3904761904761905 0.5801857585139318 0.4 0.5795665634674922 0.4023809523809524 0.5746130030959752 0.47619047619047616 0.5746130030959752 0.5023809523809524 0.5795665634674922 0.5797619047619048 0.611764705882353 0.5797619047619048 0.6130030959752322 0.5785714285714286 0.6136222910216719 0.5726190476190476 0.6136222910216719 0.42142857142857143 0.6130030959752322 0.41904761904761906 0.6086687306501548 0.4095238095238095 0.5938080495356037 0.38095238095238093 0.590092879256966 0.38095238095238093 
13 0.6092879256965944 0.3904761904761905 0.6092879256965944 0.5797619047619048 0.638390092879257 0.5797619047619048 0.643343653250774 0.513095238095238 0.643343653250774 0.4119047619047619 0.638390092879257 0.4 0.6278637770897832 0.3904761904761905 0.6092879256965944 0.3904761904761905 
14 0.6445820433436532 0.3619047619047619 0.6439628482972136 0.3630952380952381 0.6390092879256966 0.3821428571428571 0.6340557275541796 0.5095238095238095 0.6340557275541796 0.5666666666666667 0.6346749226006192 0.569047619047619 0.6390092879256966 0.5797619047619048 0.6668730650154798 0.5797619047619048 0.6780185758513931 0.5702380952380952 0.6829721362229102 0.5607142857142857 0.6829721362229102 0.42023809523809524 0.6773993808049535 0.4 0.6631578947368421 0.37142857142857144 0.6575851393188854 0.3619047619047619 0.6445820433436532 0.3619047619047619 
15 0.6835913312693499 0.3619047619047619 0.6786377708978328 0.3726190476190476 0.6736842105263158 0.4773809523809524 0.6736842105263158 0.5488095238095239 0.6743034055727554 0.5511904761904762 0.7164086687306501 0.5511904761904762 0.7219814241486068 0.5416666666666666 0.7226006191950465 0.5404761904761904 0.7226006191950465 0.5059523809523809 0.7126934984520124 0.38095238095238093 0.7077399380804954 0.3726190476190476 0.7065015479876161 0.37142857142857144 0.6922600619195046 0.3619047619047619 0.6835913312693499 0.3619047619047619 
16 0.7343653250773994 0.3619047619047619 0.7331269349845201 0.3630952380952381 0.718266253869969 0.3904761904761905 0.713312693498452 0.42857142857142855 0.713312693498452 0.513095238095238 0.718266253869969 0.530952380952381 0.7188854489164087 0.5321428571428571 0.739938080495356 0.5321428571428571 0.7424148606811145 0.530952380952381 0.7616099071207431 0.513095238095238 0.7622291021671826 0.5119047619047619 0.7622291021671826 0.46190476190476193 0.7523219814241486 0.38095238095238093 0.7473684210526316 0.3630952380952381 0.746749226006192 0.3619047619047619 0.7343653250773994 0.3619047619047619 
17 0.7578947368421053 0.49523809523809526 0.7430340557275542 0.5059523809523809 0.7195046439628483 0.5238095238095238 0.718266253869969 0.525 0.713312693498452 0.5333333333333333 0.713312693498452 0.5607142857142857 0.718266253869969 0.5785714285714286 0.7430340557275542 0.6547619047619048 0.7479876160990712 0.6654761904761904 0.7529411764705882 0.675 0.7684210526315789 0.6845238095238095 0.7820433436532508 0.6845238095238095 0.7919504643962848 0.6547619047619048 0.7919504643962848 0.6190476190476191 0.7721362229102167 0.5142857142857142 0.7671826625386997 0.49523809523809526 0.7578947368421053 0.49523809523809526 
18 0.6792569659442724 0.5428571428571428 0.6643962848297214 0.5619047619047619 0.660061919504644 0.5714285714285714 0.6588235294117647 0.575 0.6588235294117647 0.5988095238095238 0.6885448916408669 0.6833333333333333 0.698452012383901 0.7035714285714286 0.708359133126935 0.7226190476190476 0.7226006191950465 0.7226190476190476 0.7368421052631579 0.7130952380952381 0.7374613003095976 0.7107142857142857 0.7374613003095976 0.6583333333333333 0.7176470588235294 0.5452380952380952 0.7170278637770898 0.5428571428571428 0.6792569659442724 0.5428571428571428 
19 0.6346749226006192 0.5619047619047619 0.614860681114551 0.5714285714285714 0.6142414860681115 0.5738095238095238 0.6142414860681115 0.6047619047619047 0.6241486068111455 0.6916666666666667 0.6291021671826625 0.7226190476190476 0.6340557275541796 0.7416666666666667 0.6439628482972136 0.7607142857142857 0.6625386996904025 0.7607142857142857 0.6823529411764706 0.7416666666666667 0.6829721362229102 0.7404761904761905 0.6829721362229102 0.705952380952381 0.6780185758513931 0.6666666666666666 0.6681114551083591 0.5916666666666667 0.6631578947368421 0.5726190476190476 0.6619195046439629 0.5714285714285714 0.638390092879257 0.5619047619047619 0.6346749226006192 0.5619047619047619 
20 0.5845201238390093 0.5714285714285714 0.5845201238390093 0.625 0.5944272445820433 0.6845238095238095 0.5993808049535604 0.7119047619047619 0.6043343653250774 0.7321428571428571 0.6142414860681115 0.7511904761904762 0.6198142414860681 0.7607142857142857 0.628482972136223 0.7607142857142857 0.628482972136223 0.6952380952380952 0.6235294117647059 0.6 0.6185758513931888 0.5714285714285714 0.5845201238390093 0.5714285714285714 
21 0.5795665634674922 0.5714285714285714 0.5554179566563467 0.5904761904761905 0.5547987616099072 0.5928571428571429 0.5547987616099072 0.6059523809523809 0.5647058823529412 0.7130952380952381 0.5696594427244582 0.7511904761904762 0.5746130030959752 0.7702380952380953 0.5869969040247678 0.7702380952380953 0.5888544891640867 0.7690476190476191 0.5938080495356037 0.7511904761904762 0.5938080495356037 0.6190476190476191 0.5888544891640867 0.5714285714285714 0.5795665634674922 0.5714285714285714 
22 0.5554179566563467 0.580952380952381 0.5312693498452012 0.6 0.530030959752322 0.6011904761904762 0.530030959752322 0.675 0.534984520123839 0.7797619047619048 0.5405572755417957 0.8083333333333333 0.5479876160990712 0.8083333333333333 0.5492260061919505 0.8071428571428572 0.5541795665634675 0.7988095238095239 0.5591331269349845 0.7892857142857143 0.5640866873065016 0.7130952380952381 0.5640866873065016 0.6011904761904762 0.5591331269349845 0.580952380952381 0.5554179566563467 0.580952380952381 
23 0.525077399380805 0.580952380952381 0.5151702786377709 0.6202380952380953 0.5102167182662539 0.6476190476190476 0.5102167182662539 0.7595238095238095 0.5114551083591331 0.7607142857142857 0.5195046439628483 0.7607142857142857 0.5244582043343653 0.75 0.5343653250773994 0.680952380952381 0.5343653250773994 0.5821428571428572 0.5331269349845201 0.580952380952381 0.525077399380805 0.580952380952381 
24 0.4953560371517028 0.5714285714285714 0.4953560371517028 0.7404761904761905 0.5003095975232198 0.7511904761904762 0.5095975232198142 0.7511904761904762 0.5145510835913313 0.6845238095238095 0.5145510835913313 0.6202380952380953 0.4996904024767802 0.5726190476190476 0.4984520123839009 0.5714285714285714 0.4953560371517028 0.5714285714285714 
25 0.49102167182662537 0.580952380952381 0.4761609907120743 0.6202380952380953 0.47554179566563465 0.6226190476190476 0.47554179566563465 0.7202380952380952 0.4804953560371517 0.7416666666666667 0.4854489164086687 0.7511904761904762 0.49473684210526314 0.7511904761904762 0.4996904024767802 0.6333333333333333 0.4996904024767802 0.5833333333333334 0.4984520123839009 0.580952380952381 0.49102167182662537 0.580952380952381 
26 0.4613003095975232 0.580952380952381 0.46068111455108357 0.5821428571428572 0.45572755417956656 0.6011904761904762 0.45572755417956656 0.6916666666666667 0.46068111455108357 0.7214285714285714 0.4662538699690402 0.7416666666666667 0.47058823529411764 0.7511904761904762 0.4786377708978328 0.7511904761904762 0.47987616099071206 0.75 0.47987616099071206 0.6202380952380953 0.465015479876161 0.580952380952381 0.4613003095975232 0.580952380952381 
27 0.4359133126934985 0.5714285714285714 0.4309597523219814 0.580952380952381 0.4260061919504644 0.6023809523809524 0.42105263157894735 0.638095238095238 0.41609907120743034 0.6988095238095238 0.41609907120743034 0.8261904761904761 0.41671826625387 0.8273809523809523 0.4278637770897833 0.8273809523809523 0.43034055727554177 0.8261904761904761 0.44024767801857584 0.8083333333333333 0.4452012383900929 0.7869047619047619 0.460061919504644 0.6833333333333333 0.460061919504644 0.6107142857142858 0.4452012383900929 0.580952380952381 0.44024767801857584 0.5714285714285714 0.4359133126934985 0.5714285714285714 
28 0.4068111455108359 0.5714285714285714 0.40123839009287926 0.575 0.39628482972136225 0.5916666666666667 0.3863777089783282 0.725 0.3863777089783282 0.7666666666666667 0.38699690402476783 0.7690476190476191 0.3888544891640867 0.7702380952380953 0.4006191950464396 0.7702380952380953 0.40495356037151703 0.7607142857142857 0.4105263157894737 0.7404761904761905 0.43034055727554177 0.6464285714285715 0.43529411764705883 0.6083333333333333 0.43529411764705883 0.5916666666666667 0.4346749226006192 0.5904761904761905 0.42910216718266253 0.580952380952381 0.4154798761609907 0.5714285714285714 0.4068111455108359 0.5714285714285714 
29 0.3764705882352941 0.5619047619047619 0.3721362229102167 0.5714285714285714 0.34179566563467495 0.7333333333333333 0.34179566563467495 0.7785714285714286 0.34241486068111454 0.7797619047619048 0.35479876160990714 0.7797619047619048 0.3560371517027864 0.7785714285714286 0.3609907120743034 0.7702380952380953 0.36594427244582045 0.7607142857142857 0.3801857585139319 0.7226190476190476 0.3956656346749226 0.675 0.4006191950464396 0.655952380952381 0.40990712074303404 0.5797619047619048 0.4105263157894737 0.5726190476190476 0.4105263157894737 0.5714285714285714 0.3851393188854489 0.5619047619047619 0.3764705882352941 0.5619047619047619 
30 0.32321981424148605 0.5428571428571428 0.3219814241486068 0.5452380952380952 0.3176470588235294 0.5619047619047619 0.3170278637770898 0.5654761904761905 0.29721362229102166 0.6976190476190476 0.29721362229102166 0.7309523809523809 0.2978328173374613 0.7321428571428571 0.3219814241486068 0.7511904761904762 0.33560371517027865 0.7511904761904762 0.3411764705882353 0.7416666666666667 0.3461300309597523 0.7321428571428571 0.3510835913312694 0.7214285714285714 0.3609907120743034 0.6833333333333333 0.37089783281733746 0.6357142857142857 0.38080495356037153 0.5785714285714286 0.38080495356037153 0.5738095238095238 0.3801857585139319 0.5714285714285714 0.37089783281733746 0.5523809523809524 0.35479876160990714 0.5428571428571428 0.32321981424148605 0.5428571428571428 
31 0.2736842105263158 0.5142857142857142 0.2674922600619195 0.525 0.2476780185758514 0.6476190476190476 0.2476780185758514 0.6833333333333333 0.248297213622291 0.6845238095238095 0.2631578947368421 0.7035714285714286 0.2718266253869969 0.7035714285714286 0.28173374613003094 0.694047619047619 0.291640866873065 0.675 0.29659442724458207 0.6642857142857143 0.3108359133126935 0.6273809523809524 0.31640866873065016 0.6083333333333333 0.3263157894736842 0.5702380952380952 0.3263157894736842 0.544047619047619 0.3256965944272446 0.5428571428571428 0.3065015479876161 0.5154761904761904 0.3046439628482972 0.5142857142857142 0.2736842105263158 0.5142857142857142 
32 0.21795665634674924 0.4857142857142857 0.2130030959752322 0.49523809523809526 0.20804953560371517 0.580952380952381 0.20804953560371517 0.6654761904761904 0.24705882352941178 0.6654761904761904 0.25696594427244585 0.6273809523809524 0.2718266253869969 0.5511904761904762 0.2718266253869969 0.5154761904761904 0.26687306501547986 0.49523809523809526 0.24210526315789474 0.4857142857142857 0.21795665634674924 0.4857142857142857 