2 0.3077399380804954 0.4095238095238095 0.29845201238390096 0.41904761904761906 0.29721362229102166 0.42142857142857143 0.29226006191950465 0.44047619047619047 0.27801857585139317 0.5142857142857142 0.2773993808049536 0.5214285714285715 0.2773993808049536 0.5702380952380952 0.2873065015479876 0.5892857142857143 0.32136222910216716 0.5892857142857143 0.32136222910216716 0.41904761904761906 0.3157894736842105 0.4095238095238095 0.3077399380804954 0.4095238095238095 
3 0.3318885448916409 0.4380952380952381 0.3219814241486068 0.45714285714285713 0.3126934984520124 0.580952380952381 0.31207430340557274 0.6 0.31207430340557274 0.6083333333333333 0.3170278637770898 0.6178571428571429 0.35541795665634673 0.6178571428571429 0.36594427244582045 0.6083333333333333 0.36594427244582045 0.5619047619047619 0.3653250773993808 0.5523809523809524 0.3560371517027864 0.4666666666666667 0.3498452012383901 0.44761904761904764 0.3461300309597523 0.4392857142857143 0.34365325077399383 0.4380952380952381 0.3318885448916409 0.4380952380952381 
4 0.36780185758513934 0.42857142857142855 0.36656346749226004 0.4297619047619048 0.36160990712074303 0.4380952380952381 0.356656346749226 0.5464285714285714 0.356656346749226 0.5702380952380952 0.36160990712074303 0.6071428571428571 0.3622291021671827 0.6083333333333333 0.3907120743034056 0.6083333333333333 0.3907120743034056 0.5523809523809524 0.38080495356037153 0.4488095238095238 0.3752321981424149 0.42857142857142855 0.36780185758513934 0.42857142857142855 
5 0.3913312693498452 0.42857142857142855 0.3863777089783282 0.5357142857142857 0.3863777089783282 0.5976190476190476 0.3913312693498452 0.6083333333333333 0.42043343653250775 0.6083333333333333 0.42043343653250775 0.5273809523809524 0.4055727554179567 0.45 0.4 0.42857142857142855 0.3913312693498452 0.42857142857142855 
6 0.41671826625387 0.4 0.41609907120743034 0.4023809523809524 0.41609907120743034 0.5857142857142857 0.42105263157894735 0.6083333333333333 0.43529411764705883 0.6083333333333333 0.4452012383900929 0.5892857142857143 0.4501547987616099 0.5785714285714286 0.4501547987616099 0.544047619047619 0.44024767801857584 0.44761904761904764 0.43529411764705883 0.42142857142857143 0.43034055727554177 0.4 0.41671826625387 0.4 
7 0.4613003095975232 0.41904761904761906 0.46068111455108357 0.42142857142857143 0.4458204334365325 0.4857142857142857 0.44148606811145513 0.5047619047619047 0.4408668730650155 0.5083333333333333 0.4408668730650155 0.5892857142857143 0.46873065015479876 0.5892857142857143 0.469969040247678 0.5880952380952381 0.47492260061919506 0.5226190476190476 0.47492260061919506 0.4238095238095238 0.4743034055727554 0.41904761904761906 0.4613003095975232 0.41904761904761906 
8 0.48111455108359136 0.4095238095238095 0.47554179566563465 0.41904761904761906 0.4712074303405573 0.45714285714285713 0.46563467492260063 0.5154761904761904 0.46563467492260063 0.5321428571428571 0.47058823529411764 0.5869047619047619 0.4712074303405573 0.5880952380952381 0.4724458204334365 0.5892857142857143 0.5046439628482973 0.5892857142857143 0.5046439628482973 0.5178571428571429 0.49473684210526314 0.430952380952381 0.48978328173374613 0.4107142857142857 0.4891640866873065 0.4095238095238095 0.48111455108359136 0.4095238095238095 
9 0.5256965944272446 0.4095238095238095 0.5201238390092879 0.41904761904761906 0.5151702786377709 0.4380952380952381 0.5003095975232198 0.5142857142857142 0.5003095975232198 0.5869047619047619 0.5009287925696595 0.5892857142857143 0.5058823529411764 0.5988095238095238 0.5294117647058824 0.5988095238095238 0.5337461300309597 0.5892857142857143 0.5343653250773994 0.5869047619047619 0.5393188854489164 0.45476190476190476 0.5393188854489164 0.41904761904761906 0.5337461300309597 0.4095238095238095 0.5256965944272446 0.4095238095238095 
10 0.5399380804953561 0.41904761904761906 0.534984520123839 0.44761904761904764 0.530030959752322 0.5261904761904762 0.530030959752322 0.569047619047619 0.5399380804953561 0.5892857142857143 0.5535603715170279 0.5892857142857143 0.5591331269349845 0.5797619047619048 0.5640866873065016 0.5702380952380952 0.5640866873065016 0.47619047619047616 0.5541795665634675 0.430952380952381 0.5535603715170279 0.42857142857142855 0.5492260061919505 0.41904761904761906 0.5399380804953561 0.41904761904761906 
11 0.5795665634674922 0.3904761904761905 0.5746130030959752 0.4 0.5696594427244582 0.41904761904761906 0.5647058823529412 0.44761904761904764 0.5597523219814241 0.4773809523809524 0.5597523219814241 0.569047619047619 0.5746130030959752 0.5988095238095238 0.5839009287925696 0.5988095238095238 0.5888544891640867 0.5880952380952381 0.5931888544891641 0.569047619047619 0.5938080495356037 0.5642857142857143 0.5938080495356037 0.5214285714285715 0.5888544891640867 0.4 0.5839009287925696 0.3904761904761905 0.5795665634674922 0.3904761904761905 
12 0.5944272445820433 0.41904761904761906 0.5894736842105263 0.46785714285714286 0.5845201238390093 0.5619047619047619 0.5845201238390093 0.5880952380952381 0.5894736842105263 0.5976190476190476 0.5907120743034056 0.5988095238095238 0.6024767801857586 0.5988095238095238 0.6130030959752322 0.5892857142857143 0.6185758513931888 0.5797619047619048 0.6185758513931888 0.5357142857142857 0.6136222910216719 0.4511904761904762 0.6086687306501548 0.42023809523809524 0.6080495356037152 0.41904761904761906 0.5944272445820433 0.41904761904761906 
13 0.6241486068111455 0.41904761904761906 0.6142414860681115 0.45714285714285713 0.6142414860681115 0.5880952380952381 0.6154798761609908 0.5892857142857143 0.643343653250774 0.5892857142857143 0.643343653250774 0.5059523809523809 0.638390092879257 0.4297619047619048 0.6334365325077399 0.42023809523809524 0.6241486068111455 0.41904761904761906 
14 0.6662538699690402 0.42857142857142855 0.6637770897832818 0.4297619047619048 0.6588235294117647 0.4392857142857143 0.6489164086687307 0.4773809523809524 0.6390092879256966 0.5619047619047619 0.6390092879256966 0.5892857142857143 0.6489164086687307 0.6083333333333333 0.6681114551083591 0.6083333333333333 0.6873065015479877 0.5988095238095238 0.6879256965944273 0.5964285714285714 0.6879256965944273 0.544047619047619 0.6829721362229102 0.4380952380952381 0.6773993808049535 0.42857142857142855 0.6662538699690402 0.42857142857142855 
15 0.6904024767801857 0.4095238095238095 0.6885448916408669 0.4107142857142857 0.6786377708978328 0.42857142857142855 0.6786377708978328 0.475 0.6835913312693499 0.5678571428571428 0.6848297213622291 0.5702380952380952 0.6934984520123839 0.5797619047619048 0.7114551083591332 0.5797619047619048 0.7126934984520124 0.5785714285714286 0.7176470588235294 0.5702380952380952 0.7226006191950465 0.5488095238095239 0.7226006191950465 0.4976190476190476 0.7077399380804954 0.42857142857142855 0.7027863777089783 0.4095238095238095 0.6904024767801857 0.4095238095238095 
16 0.7244582043343654 0.38095238095238093 0.713312693498452 0.3904761904761905 0.698452012383901 0.41904761904761906 0.698452012383901 0.42023809523809524 0.6990712074303406 0.4369047619047619 0.7034055727554179 0.45595238095238094 0.708359133126935 0.4654761904761905 0.7275541795665634 0.4654761904761905 0.7424148606811145 0.4369047619047619 0.7424148606811145 0.41309523809523807 0.7374613003095976 0.3904761904761905 0.7325077399380805 0.38095238095238093 0.7244582043343654 0.38095238095238093 
17 0.718266253869969 0.6095238095238096 0.708359133126935 0.6297619047619047 0.7034055727554179 0.6571428571428571 0.7034055727554179 0.6726190476190477 0.7089783281733746 0.694047619047619 0.7139318885448916 0.7023809523809523 0.7232198142414861 0.7130952380952381 0.7411764705882353 0.7130952380952381 0.7424148606811145 0.7119047619047619 0.7473684210526316 0.7035714285714286 0.7523219814241486 0.6928571428571428 0.7523219814241486 0.638095238095238 0.7473684210526316 0.6202380952380953 0.7424148606811145 0.6095238095238096 0.718266253869969 0.6095238095238096 
18 0.6693498452012384 0.6095238095238096 0.6637770897832818 0.6202380952380953 0.6637770897832818 0.6642857142857143 0.6786377708978328 0.7583333333333333 0.6835913312693499 0.7785714285714286 0.6854489164086688 0.7797619047619048 0.6965944272445821 0.7797619047619048 0.7021671826625387 0.7702380952380953 0.7027863777089783 0.7690476190476191 0.7065015479876161 0.7607142857142857 0.7077399380804954 0.7488095238095238 0.7077399380804954 0.6214285714285714 0.7021671826625387 0.6095238095238096 0.6693498452012384 0.6095238095238096 
19 0.6198142414860681 0.6190476190476191 0.6191950464396285 0.6202380952380953 0.6191950464396285 0.6642857142857143 0.6241486068111455 0.7404761904761905 0.6340557275541796 0.7892857142857143 0.6390092879256966 0.7988095238095239 0.6625386996904025 0.7988095238095239 0.6631578947368421 0.7976190476190477 0.6681114551083591 0.680952380952381 0.6681114551083591 0.6190476190476191 0.6198142414860681 0.6190476190476191 
20 0.5993808049535604 0.6095238095238096 0.5894736842105263 0.6190476190476191 0.5894736842105263 0.6845238095238095 0.5944272445820433 0.7619047619047619 0.595046439628483 0.7702380952380953 0.5993808049535604 0.7892857142857143 0.6086687306501548 0.7892857142857143 0.6136222910216719 0.7797619047619048 0.6185758513931888 0.7285714285714285 0.6185758513931888 0.6190476190476191 0.6136222910216719 0.6095238095238096 0.5993808049535604 0.6095238095238096 
21 0.5746130030959752 0.6 0.5647058823529412 0.6095238095238096 0.5597523219814241 0.6857142857142857 0.5597523219814241 0.7702380952380953 0.5647058823529412 0.7892857142857143 0.5739938080495356 0.7892857142857143 0.578328173374613 0.7797619047619048 0.5789473684210527 0.7773809523809524 0.5938080495356037 0.6738095238095239 0.5938080495356037 0.6107142857142858 0.5931888544891641 0.6095238095238096 0.58328173374613 0.6 0.5746130030959752 0.6 
22 0.5479876160990712 0.5904761904761905 0.544891640866873 0.5916666666666667 0.5399380804953561 0.6 0.5399380804953561 0.6845238095238095 0.544891640866873 0.7607142857142857 0.5498452012383901 0.7880952380952381 0.5504643962848297 0.7892857142857143 0.5585139318885449 0.7892857142857143 0.5591331269349845 0.7869047619047619 0.5640866873065016 0.7035714285714286 0.5640866873065016 0.6107142857142858 0.5591331269349845 0.6 0.5541795665634675 0.5916666666666667 0.5492260061919505 0.5904761904761905 0.5479876160990712 0.5904761904761905 
23 0.5201238390092879 0.6095238095238096 0.5201238390092879 0.6464285714285715 0.530030959752322 0.7547619047619047 0.5306501547987617 0.7607142857142857 0.534984520123839 0.7702380952380953 0.5436532507739938 0.7702380952380953 0.5442724458204334 0.7690476190476191 0.5442724458204334 0.6107142857142858 0.5436532507739938 0.6095238095238096 0.5201238390092879 0.6095238095238096 
24 0.5009287925696595 0.6095238095238096 0.5003095975232198 0.6107142857142858 0.5003095975232198 0.6654761904761904 0.5052631578947369 0.7607142857142857 0.5102167182662539 0.7702380952380953 0.5195046439628483 0.7702380952380953 0.5244582043343653 0.7511904761904762 0.5244582043343653 0.6095238095238096 0.5009287925696595 0.6095238095238096 
25 0.4904024767801858 0.6095238095238096 0.4804953560371517 0.6202380952380953 0.4804953560371517 0.7130952380952381 0.4854489164086687 0.7690476190476191 0.4904024767801858 0.7773809523809524 0.491640866873065 0.7785714285714286 0.49226006191950467 0.7785714285714286 0.49473684210526314 0.775 0.4996904024767802 0.7595238095238095 0.5046439628482973 0.655952380952381 0.5046439628482973 0.6095238095238096 0.4904024767801858 0.6095238095238096 
26 0.4662538699690402 0.6095238095238096 0.46068111455108357 0.6190476190476191 0.46068111455108357 0.7595238095238095 0.46563467492260063 0.7880952380952381 0.46687306501547987 0.7892857142857143 0.4743034055727554 0.7892857142857143 0.47987616099071206 0.7785714285714286 0.4848297213622291 0.694047619047619 0.4848297213622291 0.6190476190476191 0.4792569659442725 0.6095238095238096 0.4662538699690402 0.6095238095238096 
27 0.44272445820433437 0.6190476190476191 0.4408668730650155 0.6202380952380953 0.43653250773993807 0.6285714285714286 0.4359133126934985 0.6309523809523809 0.4359133126934985 0.6726190476190477 0.4458204334365325 0.7607142857142857 0.45077399380804956 0.7892857142857143 0.45572755417956656 0.8083333333333333 0.4693498452012384 0.8083333333333333 0.469969040247678 0.8071428571428572 0.469969040247678 0.7535714285714286 0.465015479876161 0.6297619047619047 0.460061919504644 0.6190476190476191 0.44272445820433437 0.6190476190476191 
28 0.41671826625387 0.6285714285714286 0.41114551083591333 0.638095238095238 0.41114551083591333 0.6845238095238095 0.426625386996904 0.7797619047619048 0.4309597523219814 0.7976190476190477 0.43653250773993807 0.8083333333333333 0.4452012383900929 0.8083333333333333 0.4452012383900929 0.7047619047619048 0.44024767801857584 0.638095238095238 0.4297213622291022 0.6297619047619047 0.4278637770897833 0.6285714285714286 0.41671826625387 0.6285714285714286 
29 0.39628482972136225 0.6285714285714286 0.3863777089783282 0.638095238095238 0.3814241486068111 0.65 0.3814241486068111 0.6630952380952381 0.3863777089783282 0.7130952380952381 0.3913312693498452 0.75 0.39690402476780184 0.7892857142857143 0.40123839009287926 0.8083333333333333 0.40619195046439627 0.8178571428571428 0.4154798761609907 0.8178571428571428 0.4154798761609907 0.6404761904761904 0.4148606811145511 0.638095238095238 0.4055727554179567 0.6285714285714286 0.39628482972136225 0.6285714285714286 
30 0.34179566563467495 0.638095238095238 0.3368421052631579 0.6571428571428571 0.3368421052631579 0.7023809523809523 0.34179566563467495 0.8154761904761905 0.34241486068111454 0.8178571428571428 0.34674922600619196 0.8273809523809523 0.3510835913312694 0.8273809523809523 0.3752321981424149 0.8178571428571428 0.37585139318885447 0.8166666666666667 0.38080495356037153 0.7988095238095239 0.38575851393188854 0.7607142857142857 0.3907120743034056 0.6928571428571428 0.3907120743034056 0.6642857142857143 0.38575851393188854 0.6476190476190476 0.38080495356037153 0.6392857142857142 0.37894736842105264 0.638095238095238 0.34179566563467495 0.638095238095238 
31 0.3027863777089783 0.638095238095238 0.29721362229102166 0.6476190476190476 0.29226006191950465 0.6678571428571428 0.29226006191950465 0.7 0.29721362229102166 0.7952380952380952 0.2978328173374613 0.7988095238095239 0.3021671826625387 0.8083333333333333 0.31826625386996904 0.8083333333333333 0.32074303405572757 0.8071428571428572 0.33126934984520123 0.7892857142857143 0.33622291021671824 0.7583333333333333 0.3411764705882353 0.7023809523809523 0.3411764705882353 0.65 0.34055727554179566 0.6476190476190476 0.33126934984520123 0.638095238095238 0.3027863777089783 0.638095238095238 
32 0.2625386996904025 0.6571428571428571 0.2532507739938081 0.6678571428571428 0.25263157894736843 0.669047619047619 0.2476780185758514 0.6857142857142857 0.2476780185758514 0.7392857142857143 0.248297213622291 0.7416666666666667 0.2532507739938081 0.7511904761904762 0.26191950464396285 0.7607142857142857 0.286687306501548 0.7607142857142857 0.29659442724458207 0.7416666666666667 0.30092879256965943 0.7226190476190476 0.3015479876160991 0.719047619047619 0.3015479876160991 0.6976190476190476 0.30092879256965943 0.6952380952380952 0.29659442724458207 0.6797619047619048 0.291640866873065 0.6666666666666666 0.2804953560371517 0.6571428571428571 0.2625386996904025 0.6571428571428571 