2 0.2773993808049536 0.41904761904761906 0.26811145510835915 0.42857142857142855 0.2674922600619195 0.4297619047619048 0.2674922600619195 0.48095238095238096 0.2724458204334365 0.5988095238095238 0.27801857585139317 0.6083333333333333 0.3151702786377709 0.6083333333333333 0.31640866873065016 0.6071428571428571 0.32136222910216716 0.5988095238095238 0.32136222910216716 0.5785714285714286 0.32074303405572757 0.5714285714285714 0.3108359133126935 0.49523809523809526 0.3065015479876161 0.4666666666666667 0.3015479876160991 0.4380952380952381 0.291640866873065 0.41904761904761906 0.2773993808049536 0.41904761904761906 
3 0.3089783281733746 0.42857142857142855 0.30712074303405573 0.4297619047619048 0.30712074303405573 0.5071428571428571 0.31207430340557274 0.5773809523809523 0.3170278637770898 0.6083333333333333 0.3219814241486068 0.6178571428571429 0.33622291021671824 0.6178571428571429 0.35975232198142415 0.6083333333333333 0.3609907120743034 0.6071428571428571 0.3609907120743034 0.5619047619047619 0.34055727554179566 0.45714285714285713 0.33622291021671824 0.4380952380952381 0.3306501547987616 0.42857142857142855 0.3089783281733746 0.42857142857142855 
4 0.35170278637770896 0.4380952380952381 0.34674922600619196 0.44761904761904764 0.34674922600619196 0.49404761904761907 0.35170278637770896 0.5678571428571428 0.356656346749226 0.6071428571428571 0.3572755417956656 0.6083333333333333 0.37585139318885447 0.6083333333333333 0.3851393188854489 0.5988095238095238 0.3907120743034056 0.5773809523809523 0.3907120743034056 0.5523809523809524 0.37089783281733746 0.45714285714285713 0.36594427244582045 0.4380952380952381 0.35170278637770896 0.4380952380952381 
5 0.3764705882352941 0.3904761904761905 0.3715170278637771 0.4011904761904762 0.3715170278637771 0.4642857142857143 0.3814241486068111 0.5880952380952381 0.38204334365325077 0.5892857142857143 0.3913312693498452 0.5988095238095238 0.4 0.5988095238095238 0.4105263157894737 0.5892857142857143 0.42043343653250775 0.5797619047619048 0.42538699690402476 0.5702380952380952 0.42538699690402476 0.5369047619047619 0.4154798761609907 0.4857142857142857 0.40990712074303404 0.4666666666666667 0.39504643962848296 0.41904761904761906 0.38575851393188854 0.39166666666666666 0.3851393188854489 0.3904761904761905 0.3764705882352941 0.3904761904761905 
6 0.40619195046439627 0.38095238095238093 0.40619195046439627 0.44642857142857145 0.41114551083591333 0.5761904761904761 0.4117647058823529 0.5785714285714286 0.41609907120743034 0.5880952380952381 0.41857585139318887 0.5892857142857143 0.4340557275541796 0.5892857142857143 0.43962848297213625 0.5797619047619048 0.4452012383900929 0.569047619047619 0.4452012383900929 0.525 0.44024767801857584 0.4857142857142857 0.43034055727554177 0.4095238095238095 0.42043343653250775 0.3821428571428571 0.41919504643962846 0.38095238095238093 0.40619195046439627 0.38095238095238093 
7 0.44148606811145513 0.3904761904761905 0.4359133126934985 0.4011904761904762 0.4359133126934985 0.444047619047619 0.4408668730650155 0.575 0.4421052631578947 0.5797619047619048 0.4452012383900929 0.5797619047619048 0.465015479876161 0.5785714285714286 0.469969040247678 0.569047619047619 0.469969040247678 0.5071428571428571 0.460061919504644 0.42857142857142855 0.4551083591331269 0.4011904761904762 0.4501547987616099 0.3904761904761905 0.44148606811145513 0.3904761904761905 
8 0.47058823529411764 0.37142857142857144 0.46563467492260063 0.45714285714285713 0.46563467492260063 0.569047619047619 0.47058823529411764 0.5797619047619048 0.5046439628482973 0.5797619047619048 0.5046439628482973 0.5357142857142857 0.4996904024767802 0.45 0.49473684210526314 0.4107142857142857 0.4848297213622291 0.37142857142857144 0.47058823529411764 0.37142857142857144 
9 0.5151702786377709 0.3523809523809524 0.5102167182662539 0.3619047619047619 0.5052631578947369 0.3904761904761905 0.5003095975232198 0.5357142857142857 0.5003095975232198 0.5702380952380952 0.5442724458204334 0.5702380952380952 0.5442724458204334 0.5261904761904762 0.5393188854489164 0.45 0.5343653250773994 0.41904761904761906 0.5294117647058824 0.3904761904761905 0.5244582043343653 0.3630952380952381 0.5188854489164086 0.3523809523809524 0.5151702786377709 0.3523809523809524 
10 0.5461300309597523 0.37142857142857144 0.544891640866873 0.3726190476190476 0.5405572755417957 0.38095238095238093 0.5399380804953561 0.38333333333333336 0.534984520123839 0.530952380952381 0.534984520123839 0.5321428571428571 0.5399380804953561 0.5702380952380952 0.5634674922600619 0.5702380952380952 0.5640866873065016 0.569047619047619 0.5690402476780185 0.5583333333333333 0.5690402476780185 0.49523809523809526 0.5640866873065016 0.42857142857142855 0.5541795665634675 0.3726190476190476 0.5535603715170279 0.37142857142857144 0.5461300309597523 0.37142857142857144 
12 0.5851393188854489 0.37142857142857144 0.5845201238390093 0.3726190476190476 0.5752321981424149 0.4 0.5746130030959752 0.4023809523809524 0.5696594427244582 0.4392857142857143 0.5647058823529412 0.4988095238095238 0.5647058823529412 0.5666666666666667 0.5653250773993808 0.569047619047619 0.5659442724458205 0.5702380952380952 0.5752321981424149 0.5797619047619048 0.5839009287925696 0.5797619047619048 0.5931888544891641 0.5702380952380952 0.5987616099071208 0.5607142857142857 0.5987616099071208 0.5357142857142857 0.5938080495356037 0.3726190476190476 0.5931888544891641 0.37142857142857144 0.5851393188854489 0.37142857142857144 
13 0.6055727554179566 0.34285714285714286 0.6043343653250774 0.34404761904761905 0.5993808049535604 0.3523809523809524 0.5894736842105263 0.49523809523809526 0.5894736842105263 0.5416666666666666 0.5944272445820433 0.5595238095238095 0.6055727554179566 0.5702380952380952 0.6185758513931888 0.5702380952380952 0.6278637770897832 0.5607142857142857 0.6334365325077399 0.5511904761904762 0.6334365325077399 0.5154761904761904 0.6235294117647059 0.4023809523809524 0.6185758513931888 0.3619047619047619 0.6136222910216719 0.3523809523809524 0.6086687306501548 0.34404761904761905 0.6074303405572755 0.34285714285714286 0.6055727554179566 0.34285714285714286 
19 0.6390092879256966 0.5714285714285714 0.614860681114551 0.580952380952381 0.6099071207430341 0.5904761904761905 0.6092879256965944 0.594047619047619 0.6092879256965944 0.6083333333333333 0.6241486068111455 0.7119047619047619 0.6291021671826625 0.7416666666666667 0.6340557275541796 0.7511904761904762 0.648297213622291 0.7511904761904762 0.6780185758513931 0.7416666666666667 0.6780185758513931 0.7119047619047619 0.6773993808049535 0.7047619047619048 0.6631578947368421 0.6107142857142858 0.6582043343653251 0.5821428571428572 0.653250773993808 0.5714285714285714 0.6390092879256966 0.5714285714285714 
20 0.5795665634674922 0.580952380952381 0.5795665634674922 0.6166666666666667 0.5851393188854489 0.6369047619047619 0.5894736842105263 0.6464285714285715 0.6 0.655952380952381 0.6173374613003096 0.655952380952381 0.6185758513931888 0.6547619047619048 0.6185758513931888 0.6214285714285714 0.6136222910216719 0.5916666666666667 0.6080495356037152 0.580952380952381 0.5795665634674922 0.580952380952381 
21 0.5603715170278638 0.5904761904761905 0.5554179566563467 0.6 0.5547987616099072 0.6023809523809524 0.5547987616099072 0.6166666666666667 0.5597523219814241 0.655952380952381 0.5696594427244582 0.7178571428571429 0.5746130030959752 0.7416666666666667 0.5795665634674922 0.7607142857142857 0.5845201238390093 0.7702380952380953 0.6037151702786377 0.7702380952380953 0.6037151702786377 0.7440476190476191 0.5888544891640867 0.6095238095238096 0.5839009287925696 0.5916666666666667 0.58328173374613 0.5904761904761905 0.5603715170278638 0.5904761904761905 
22 0.530030959752322 0.580952380952381 0.530030959752322 0.6166666666666667 0.534984520123839 0.6464285714285715 0.544891640866873 0.7035714285714286 0.5597523219814241 0.7607142857142857 0.5647058823529412 0.7702380952380953 0.5777089783281734 0.7702380952380953 0.5789473684210527 0.7678571428571429 0.5789473684210527 0.7428571428571429 0.5640866873065016 0.5928571428571429 0.5591331269349845 0.580952380952381 0.530030959752322 0.580952380952381 
23 0.5157894736842106 0.5904761904761905 0.5151702786377709 0.5916666666666667 0.5151702786377709 0.7214285714285714 0.5201238390092879 0.7571428571428571 0.525077399380805 0.7797619047619048 0.5386996904024768 0.7797619047619048 0.5442724458204334 0.7690476190476191 0.5442724458204334 0.6869047619047619 0.5393188854489164 0.6107142857142858 0.5343653250773994 0.5904761904761905 0.5157894736842106 0.5904761904761905 
24 0.49597523219814244 0.5904761904761905 0.4953560371517028 0.5916666666666667 0.4953560371517028 0.6738095238095239 0.5003095975232198 0.7416666666666667 0.5058823529411764 0.75 0.5095975232198142 0.75 0.5145510835913313 0.7416666666666667 0.5195046439628483 0.7321428571428571 0.5195046439628483 0.5916666666666667 0.5188854489164086 0.5904761904761905 0.49597523219814244 0.5904761904761905 
25 0.4804953560371517 0.5904761904761905 0.47554179566563465 0.6011904761904762 0.47554179566563465 0.6369047619047619 0.4804953560371517 0.7023809523809523 0.4854489164086687 0.7380952380952381 0.48606811145510836 0.7416666666666667 0.4904024767801858 0.7511904761904762 0.4996904024767802 0.7511904761904762 0.5046439628482973 0.7404761904761905 0.5046439628482973 0.6571428571428571 0.4996904024767802 0.5916666666666667 0.49907120743034056 0.5904761904761905 0.4804953560371517 0.5904761904761905 
26 0.4569659442724458 0.5904761904761905 0.45572755417956656 0.5928571428571429 0.45572755417956656 0.6273809523809524 0.46068111455108357 0.6714285714285714 0.47058823529411764 0.7511904761904762 0.4848297213622291 0.7511904761904762 0.4848297213622291 0.5904761904761905 0.4569659442724458 0.5904761904761905 
27 0.4421052631578947 0.5904761904761905 0.4408668730650155 0.5916666666666667 0.4359133126934985 0.6011904761904762 0.4359133126934985 0.675 0.4408668730650155 0.7321428571428571 0.4458204334365325 0.7845238095238095 0.44643962848297214 0.7880952380952381 0.4476780185758514 0.7892857142857143 0.45944272445820433 0.7892857142857143 0.465015479876161 0.7797619047619048 0.469969040247678 0.7702380952380953 0.469969040247678 0.6857142857142857 0.465015479876161 0.6190476190476191 0.460061919504644 0.5916666666666667 0.45758513931888545 0.5904761904761905 0.4421052631578947 0.5904761904761905 
28 0.41609907120743034 0.6 0.40619195046439627 0.6107142857142858 0.40619195046439627 0.675 0.41114551083591333 0.7321428571428571 0.41609907120743034 0.7797619047619048 0.42229102167182664 0.7892857142857143 0.4297213622291022 0.7892857142857143 0.43529411764705883 0.7785714285714286 0.44024767801857584 0.6440476190476191 0.44024767801857584 0.6023809523809524 0.43962848297213625 0.6 0.41609907120743034 0.6 
29 0.3913312693498452 0.6095238095238096 0.37708978328173376 0.6190476190476191 0.3764705882352941 0.6202380952380953 0.3715170278637771 0.6488095238095238 0.3715170278637771 0.6547619047619048 0.37708978328173376 0.6845238095238095 0.38699690402476783 0.7035714285714286 0.4 0.7035714285714286 0.4055727554179567 0.6928571428571428 0.4105263157894737 0.675 0.4105263157894737 0.6095238095238096 0.3913312693498452 0.6095238095238096 
30 0.3331269349845201 0.6095238095238096 0.3318885448916409 0.611904761904762 0.3219814241486068 0.7452380952380953 0.3219814241486068 0.7869047619047619 0.32260061919504646 0.7892857142857143 0.37089783281733746 0.7892857142857143 0.37585139318885447 0.7785714285714286 0.38080495356037153 0.6833333333333333 0.38080495356037153 0.6107142857142858 0.3801857585139319 0.6095238095238096 0.3331269349845201 0.6095238095238096 
31 0.29287925696594425 0.6095238095238096 0.28792569659442724 0.6190476190476191 0.2873065015479876 0.6226190476190476 0.2724458204334365 0.7333333333333333 0.2724458204334365 0.7988095238095239 0.3058823529411765 0.7988095238095239 0.31145510835913315 0.7892857142857143 0.31640866873065016 0.7797619047619048 0.33126934984520123 0.7130952380952381 0.33622291021671824 0.675 0.33622291021671824 0.6107142857142858 0.334984520123839 0.6095238095238096 0.29287925696594425 0.6095238095238096 