6 0.39628482972136225 0.41904761904761906 0.39628482972136225 0.4738095238095238 0.40123839009287926 0.6154761904761905 0.4018575851393189 0.6178571428571429 0.4117647058823529 0.6369047619047619 0.43034055727554177 0.6369047619047619 0.43962848297213625 0.6273809523809524 0.4452012383900929 0.6178571428571429 0.4452012383900929 0.5619047619047619 0.43034055727554177 0.47619047619047616 0.4154798761609907 0.41904761904761906 0.39628482972136225 0.41904761904761906 
7 0.46068111455108357 0.44761904761904764 0.45077399380804956 0.4666666666666667 0.4408668730650155 0.5428571428571428 0.4408668730650155 0.5952380952380952 0.44148606811145513 0.5988095238095238 0.4458204334365325 0.6178571428571429 0.45077399380804956 0.6273809523809524 0.47987616099071206 0.6273809523809524 0.4848297213622291 0.5797619047619048 0.4848297213622291 0.5369047619047619 0.47987616099071206 0.4869047619047619 0.469969040247678 0.4583333333333333 0.465015479876161 0.4488095238095238 0.4631578947368421 0.44761904761904764 0.46068111455108357 0.44761904761904764 
8 0.4854489164086687 0.44761904761904764 0.4804953560371517 0.49523809523809526 0.47554179566563465 0.5726190476190476 0.47554179566563465 0.6273809523809524 0.5145510835913313 0.6273809523809524 0.5145510835913313 0.5726190476190476 0.5046439628482973 0.4869047619047619 0.4996904024767802 0.44761904761904764 0.4854489164086687 0.44761904761904764 
9 0.5399380804953561 0.42857142857142855 0.5337461300309597 0.4297619047619048 0.5325077399380805 0.430952380952381 0.530030959752322 0.4380952380952381 0.5151702786377709 0.5428571428571428 0.5151702786377709 0.6071428571428571 0.5201238390092879 0.6261904761904762 0.5213622291021672 0.6273809523809524 0.5436532507739938 0.6273809523809524 0.5541795665634675 0.6178571428571429 0.5541795665634675 0.544047619047619 0.5492260061919505 0.4392857142857143 0.5486068111455108 0.4380952380952381 0.5442724458204334 0.43214285714285716 0.5411764705882353 0.42857142857142855 0.5399380804953561 0.42857142857142855 
10 0.5702786377708978 0.5238095238095238 0.5554179566563467 0.5333333333333333 0.5547987616099072 0.5357142857142857 0.5547987616099072 0.5607142857142857 0.5597523219814241 0.6142857142857143 0.5603715170278638 0.6178571428571429 0.58328173374613 0.6178571428571429 0.5888544891640867 0.6083333333333333 0.5888544891640867 0.5738095238095238 0.5839009287925696 0.5369047619047619 0.58328173374613 0.5333333333333333 0.5789473684210527 0.5238095238095238 0.5702786377708978 0.5238095238095238 
11 0.6105263157894737 0.4 0.6092879256965944 0.4011904761904762 0.5845201238390093 0.5714285714285714 0.5845201238390093 0.6083333333333333 0.5894736842105263 0.6273809523809524 0.6229102167182663 0.6273809523809524 0.6235294117647059 0.625 0.6235294117647059 0.4 0.6105263157894737 0.4 
12 0.6359133126934985 0.44761904761904764 0.6340557275541796 0.4488095238095238 0.6291021671826625 0.4583333333333333 0.6191950464396285 0.5630952380952381 0.6191950464396285 0.6178571428571429 0.6247678018575852 0.6273809523809524 0.6582043343653251 0.6273809523809524 0.6582043343653251 0.5607142857142857 0.653250773993808 0.4869047619047619 0.648297213622291 0.4511904761904762 0.6476780185758514 0.44761904761904764 0.6359133126934985 0.44761904761904764 
13 0.6538699690402476 0.45714285714285713 0.6538699690402476 0.6178571428571429 0.6643962848297214 0.6273809523809524 0.6823529411764706 0.6273809523809524 0.6879256965944273 0.6178571428571429 0.6879256965944273 0.5630952380952381 0.6730650154798762 0.45714285714285713 0.6538699690402476 0.45714285714285713 
20 0.6538699690402476 0.6285714285714286 0.6538699690402476 0.7321428571428571 0.6588235294117647 0.7952380952380952 0.6594427244582043 0.7988095238095239 0.6730650154798762 0.7988095238095239 0.6780185758513931 0.7892857142857143 0.6829721362229102 0.7416666666666667 0.6829721362229102 0.638095238095238 0.6780185758513931 0.6285714285714286 0.6538699690402476 0.6285714285714286 
21 0.6204334365325077 0.6285714285714286 0.6191950464396285 0.6297619047619047 0.6142414860681115 0.6392857142857142 0.6142414860681115 0.675 0.6340557275541796 0.8083333333333333 0.6526315789473685 0.8083333333333333 0.653250773993808 0.8071428571428572 0.6582043343653251 0.7357142857142858 0.6582043343653251 0.638095238095238 0.648297213622291 0.6297619047619047 0.6464396284829721 0.6285714285714286 0.6204334365325077 0.6285714285714286 
22 0.5894736842105263 0.6190476190476191 0.5845201238390093 0.6297619047619047 0.5845201238390093 0.6821428571428572 0.614860681114551 0.7988095238095239 0.6260061919504644 0.7988095238095239 0.628482972136223 0.7976190476190477 0.628482972136223 0.7476190476190476 0.6185758513931888 0.6571428571428571 0.6136222910216719 0.6285714285714286 0.6086687306501548 0.6190476190476191 0.5894736842105263 0.6190476190476191 
23 0.5597523219814241 0.6190476190476191 0.5498452012383901 0.6285714285714286 0.5498452012383901 0.7309523809523809 0.5547987616099072 0.7702380952380953 0.5678018575851393 0.7702380952380953 0.5690402476780185 0.7690476190476191 0.5789473684210527 0.6988095238095238 0.5789473684210527 0.6392857142857142 0.5684210526315789 0.6190476190476191 0.5597523219814241 0.6190476190476191 
24 0.534984520123839 0.6190476190476191 0.525077399380805 0.6392857142857142 0.525077399380805 0.6833333333333333 0.5306501547987617 0.694047619047619 0.5492260061919505 0.694047619047619 0.5541795665634675 0.6845238095238095 0.5541795665634675 0.6297619047619047 0.5486068111455108 0.6190476190476191 0.534984520123839 0.6190476190476191 
25 0.5009287925696595 0.6190476190476191 0.4953560371517028 0.6357142857142857 0.4953560371517028 0.6547619047619048 0.5003095975232198 0.675 0.5052631578947369 0.694047619047619 0.5195046439628483 0.694047619047619 0.5244582043343653 0.6845238095238095 0.5294117647058824 0.6738095238095239 0.5294117647058824 0.6214285714285714 0.5287925696594428 0.6190476190476191 0.5009287925696595 0.6190476190476191 
26 0.46563467492260063 0.6190476190476191 0.46563467492260063 0.6464285714285715 0.4804953560371517 0.7690476190476191 0.48111455108359136 0.7702380952380953 0.4885448916408669 0.7702380952380953 0.49411764705882355 0.7607142857142857 0.49473684210526314 0.7583333333333333 0.4996904024767802 0.7035714285714286 0.4996904024767802 0.6190476190476191 0.46563467492260063 0.6190476190476191 
27 0.4359133126934985 0.6095238095238096 0.4309597523219814 0.6202380952380953 0.4309597523219814 0.6833333333333333 0.4359133126934985 0.8273809523809523 0.44953560371517026 0.8273809523809523 0.4551083591331269 0.8178571428571428 0.465015479876161 0.7797619047619048 0.469969040247678 0.75 0.47368421052631576 0.7226190476190476 0.47492260061919506 0.6928571428571428 0.47492260061919506 0.6476190476190476 0.4743034055727554 0.638095238095238 0.469969040247678 0.6190476190476191 0.4544891640866873 0.6095238095238096 0.4359133126934985 0.6095238095238096 