2 0.30712074303405573 0.3523809523809524 0.3021671826625387 0.37142857142857144 0.2873065015479876 0.4869047619047619 0.2873065015479876 0.5321428571428571 0.29721362229102166 0.5511904761904762 0.31207430340557274 0.5607142857142857 0.3263157894736842 0.5607142857142857 0.33560371517027865 0.5511904761904762 0.33622291021671824 0.55 0.33622291021671824 0.4107142857142857 0.33126934984520123 0.3619047619047619 0.3256965944272446 0.3523809523809524 0.30712074303405573 0.3523809523809524 
3 0.3572755417956656 0.37142857142857144 0.33250773993808047 0.38095238095238093 0.3318885448916409 0.3821428571428571 0.3318885448916409 0.5595238095238095 0.3368421052631579 0.5702380952380952 0.37585139318885447 0.5702380952380952 0.38080495356037153 0.5595238095238095 0.38080495356037153 0.4857142857142857 0.37585139318885447 0.3904761904761905 0.3702786377708978 0.37142857142857144 0.3572755417956656 0.37142857142857144 
4 0.38699690402476783 0.3904761904761905 0.3863777089783282 0.39166666666666666 0.3814241486068111 0.4119047619047619 0.3764705882352941 0.4488095238095238 0.3715170278637771 0.5523809523809524 0.3715170278637771 0.569047619047619 0.37708978328173376 0.5797619047619048 0.39690402476780184 0.5797619047619048 0.4105263157894737 0.5702380952380952 0.4105263157894737 0.5047619047619047 0.4055727554179567 0.3904761904761905 0.38699690402476783 0.3904761904761905 
5 0.41609907120743034 0.37142857142857144 0.41114551083591333 0.3821428571428571 0.40123839009287926 0.4392857142857143 0.40123839009287926 0.5797619047619048 0.4068111455108359 0.5892857142857143 0.42043343653250775 0.5892857142857143 0.44024767801857584 0.5702380952380952 0.44024767801857584 0.5238095238095238 0.43529411764705883 0.37142857142857144 0.41609907120743034 0.37142857142857144 
6 0.4309597523219814 0.3619047619047619 0.4260061919504644 0.4380952380952381 0.42105263157894735 0.5630952380952381 0.42105263157894735 0.5797619047619048 0.4260061919504644 0.5964285714285714 0.42724458204334365 0.5988095238095238 0.4452012383900929 0.5988095238095238 0.4501547987616099 0.5892857142857143 0.4551083591331269 0.5785714285714286 0.4551083591331269 0.4583333333333333 0.4501547987616099 0.38095238095238093 0.4452012383900929 0.3630952380952381 0.44458204334365325 0.3619047619047619 0.4309597523219814 0.3619047619047619 
7 0.4613003095975232 0.4 0.46068111455108357 0.4023809523809524 0.45077399380804956 0.4797619047619048 0.45077399380804956 0.5892857142857143 0.4563467492260062 0.5988095238095238 0.46563467492260063 0.6071428571428571 0.47058823529411764 0.6083333333333333 0.4718266253869969 0.6083333333333333 0.47492260061919506 0.6071428571428571 0.47987616099071206 0.5988095238095238 0.47987616099071206 0.41904761904761906 0.47492260061919506 0.4 0.4613003095975232 0.4 
8 0.49102167182662537 0.3904761904761905 0.48606811145510836 0.4 0.4804953560371517 0.41904761904761906 0.47554179566563465 0.4583333333333333 0.47058823529411764 0.5904761904761905 0.47058823529411764 0.5988095238095238 0.47554179566563465 0.6071428571428571 0.4854489164086687 0.6083333333333333 0.4996904024767802 0.6083333333333333 0.4996904024767802 0.3904761904761905 0.49102167182662537 0.3904761904761905 
9 0.5114551083591331 0.4 0.5102167182662539 0.4011904761904762 0.5003095975232198 0.4666666666666667 0.4953560371517028 0.5142857142857142 0.4953560371517028 0.5964285714285714 0.49597523219814244 0.5988095238095238 0.5003095975232198 0.6083333333333333 0.5238390092879257 0.6083333333333333 0.5244582043343653 0.6071428571428571 0.5244582043343653 0.4 0.5114551083591331 0.4 
10 0.5306501547987617 0.3904761904761905 0.525077399380805 0.4 0.5201238390092879 0.5333333333333333 0.5201238390092879 0.5964285714285714 0.5207430340557275 0.5988095238095238 0.5492260061919505 0.5988095238095238 0.5492260061919505 0.49404761904761907 0.5442724458204334 0.4 0.5393188854489164 0.3904761904761905 0.5306501547987617 0.3904761904761905 
11 0.5597523219814241 0.37142857142857144 0.5547987616099072 0.38095238095238093 0.5498452012383901 0.4023809523809524 0.544891640866873 0.45714285714285713 0.544891640866873 0.5869047619047619 0.5498452012383901 0.5976190476190476 0.5554179566563467 0.6083333333333333 0.5659442724458205 0.6083333333333333 0.5690402476780185 0.6071428571428571 0.5739938080495356 0.5988095238095238 0.5739938080495356 0.4297619047619048 0.5690402476780185 0.3726190476190476 0.5678018575851393 0.37142857142857144 0.5597523219814241 0.37142857142857144 
12 0.5938080495356037 0.3904761904761905 0.5845201238390093 0.39166666666666666 0.5746130030959752 0.4107142857142857 0.5696594427244582 0.4380952380952381 0.5696594427244582 0.5880952380952381 0.5702786377708978 0.5892857142857143 0.5808049535603715 0.5988095238095238 0.5987616099071208 0.5988095238095238 0.5987616099071208 0.5238095238095238 0.5938080495356037 0.3904761904761905 
13 0.604953560371517 0.4095238095238095 0.6043343653250774 0.4107142857142857 0.5993808049535604 0.4297619047619048 0.5944272445820433 0.4607142857142857 0.5894736842105263 0.5166666666666667 0.5894736842105263 0.5321428571428571 0.5944272445820433 0.5880952380952381 0.6111455108359133 0.5988095238095238 0.6179566563467492 0.5988095238095238 0.6278637770897832 0.5892857142857143 0.628482972136223 0.5880952380952381 0.628482972136223 0.5523809523809524 0.6235294117647059 0.4380952380952381 0.6185758513931888 0.4095238095238095 0.604953560371517 0.4095238095238095 
14 0.6297213622291021 0.4 0.6241486068111455 0.4095238095238095 0.6191950464396285 0.44761904761904764 0.6191950464396285 0.5595238095238095 0.6241486068111455 0.5785714285714286 0.6247678018575852 0.5797619047619048 0.6681114551083591 0.5797619047619048 0.6681114551083591 0.5071428571428571 0.6631578947368421 0.42142857142857143 0.6582043343653251 0.4 0.6297213622291021 0.4 
15 0.6786377708978328 0.37142857142857144 0.6736842105263158 0.38095238095238093 0.6637770897832818 0.4095238095238095 0.6588235294117647 0.42857142857142855 0.6588235294117647 0.5 0.6637770897832818 0.5595238095238095 0.6687306501547987 0.5702380952380952 0.6922600619195046 0.5702380952380952 0.7077399380804954 0.5511904761904762 0.7126934984520124 0.5416666666666666 0.7126934984520124 0.5238095238095238 0.6928792569659443 0.3726190476190476 0.6922600619195046 0.37142857142857144 0.6786377708978328 0.37142857142857144 
18 0.6619195046439629 0.580952380952381 0.6594427244582043 0.5821428571428572 0.6439628482972136 0.5904761904761905 0.6439628482972136 0.6273809523809524 0.6538699690402476 0.6654761904761904 0.6786377708978328 0.7297619047619047 0.6885448916408669 0.7511904761904762 0.701547987616099 0.7511904761904762 0.7170278637770898 0.7416666666666667 0.7176470588235294 0.7392857142857143 0.7176470588235294 0.7047619047619048 0.7027863777089783 0.5904761904761905 0.6978328173374613 0.580952380952381 0.6619195046439629 0.580952380952381 
19 0.5993808049535604 0.5904761904761905 0.5944272445820433 0.6 0.5944272445820433 0.6154761904761905 0.6142414860681115 0.7309523809523809 0.6191950464396285 0.7511904761904762 0.6340557275541796 0.7797619047619048 0.6520123839009287 0.7797619047619048 0.6668730650154798 0.7702380952380953 0.6681114551083591 0.7690476190476191 0.6730650154798762 0.7607142857142857 0.6730650154798762 0.7440476190476191 0.653250773993808 0.6214285714285714 0.648297213622291 0.6011904761904762 0.643343653250774 0.5916666666666667 0.6421052631578947 0.5904761904761905 0.5993808049535604 0.5904761904761905 
20 0.5746130030959752 0.6 0.5696594427244582 0.6107142857142858 0.5696594427244582 0.6321428571428571 0.5702786377708978 0.6369047619047619 0.5894736842105263 0.7702380952380953 0.5944272445820433 0.7869047619047619 0.5956656346749226 0.7892857142857143 0.604953560371517 0.7988095238095239 0.6086687306501548 0.7988095238095239 0.6136222910216719 0.7892857142857143 0.6136222910216719 0.7428571428571429 0.6086687306501548 0.638095238095238 0.6037151702786377 0.611904761904762 0.6030959752321982 0.6095238095238096 0.5981424148606811 0.6 0.5746130030959752 0.6 
21 0.5547987616099072 0.6095238095238096 0.544891640866873 0.6285714285714286 0.544891640866873 0.6642857142857143 0.5547987616099072 0.7702380952380953 0.5597523219814241 0.7880952380952381 0.5647058823529412 0.7976190476190477 0.5659442724458205 0.7988095238095239 0.5721362229102167 0.7988095238095239 0.573374613003096 0.7976190476190477 0.5789473684210527 0.7880952380952381 0.5839009287925696 0.7119047619047619 0.5839009287925696 0.6488095238095238 0.5789473684210527 0.6285714285714286 0.5739938080495356 0.6107142857142858 0.573374613003096 0.6095238095238096 0.5547987616099072 0.6095238095238096 
22 0.5368421052631579 0.6190476190476191 0.534984520123839 0.6202380952380953 0.5306501547987617 0.6392857142857142 0.530030959752322 0.6440476190476191 0.530030959752322 0.7892857142857143 0.534984520123839 0.8071428571428572 0.5362229102167183 0.8083333333333333 0.5479876160990712 0.8083333333333333 0.5492260061919505 0.8071428571428572 0.5535603715170279 0.7988095238095239 0.5578947368421052 0.7892857142857143 0.5591331269349845 0.7857142857142857 0.5591331269349845 0.7083333333333334 0.5541795665634675 0.6190476190476191 0.5368421052631579 0.6190476190476191 
23 0.5164086687306502 0.6190476190476191 0.5151702786377709 0.6214285714285714 0.5102167182662539 0.7 0.5102167182662539 0.7785714285714286 0.5108359133126935 0.7797619047619048 0.5244582043343653 0.7797619047619048 0.5294117647058824 0.7607142857142857 0.5343653250773994 0.7226190476190476 0.5393188854489164 0.6464285714285715 0.5393188854489164 0.6190476190476191 0.5164086687306502 0.6190476190476191 
24 0.5003095975232198 0.6190476190476191 0.4953560371517028 0.6797619047619048 0.4953560371517028 0.7095238095238096 0.5003095975232198 0.7702380952380953 0.5139318885448917 0.7702380952380953 0.5145510835913313 0.7690476190476191 0.5195046439628483 0.6535714285714286 0.5195046439628483 0.6202380952380953 0.5188854489164086 0.6190476190476191 0.5003095975232198 0.6190476190476191 
25 0.4804953560371517 0.6190476190476191 0.4804953560371517 0.6357142857142857 0.4854489164086687 0.7321428571428571 0.4904024767801858 0.7785714285714286 0.491640866873065 0.7797619047619048 0.4996904024767802 0.7797619047619048 0.5046439628482973 0.7666666666666667 0.5046439628482973 0.6202380952380953 0.5040247678018576 0.6190476190476191 0.4804953560371517 0.6190476190476191 
26 0.4613003095975232 0.6095238095238096 0.46068111455108357 0.6107142857142858 0.46068111455108357 0.6440476190476191 0.46563467492260063 0.7607142857142857 0.4712074303405573 0.7797619047619048 0.47987616099071206 0.7797619047619048 0.4848297213622291 0.7595238095238095 0.4848297213622291 0.6130952380952381 0.4842105263157895 0.6095238095238096 0.4613003095975232 0.6095238095238096 
27 0.44643962848297214 0.6095238095238096 0.44148606811145513 0.6190476190476191 0.4408668730650155 0.6214285714285714 0.4408668730650155 0.7 0.4458204334365325 0.7988095238095239 0.45944272445820433 0.7988095238095239 0.460061919504644 0.7976190476190477 0.465015479876161 0.7690476190476191 0.469969040247678 0.6928571428571428 0.469969040247678 0.6464285714285715 0.4693498452012384 0.638095238095238 0.465015479876161 0.6095238095238096 0.44643962848297214 0.6095238095238096 
28 0.426625386996904 0.5904761904761905 0.4260061919504644 0.5916666666666667 0.42105263157894735 0.6095238095238096 0.41609907120743034 0.6476190476190476 0.41609907120743034 0.7785714285714286 0.42105263157894735 0.7892857142857143 0.4297213622291022 0.7892857142857143 0.43529411764705883 0.7785714285714286 0.44024767801857584 0.7595238095238095 0.4452012383900929 0.7321428571428571 0.4501547987616099 0.6238095238095238 0.4501547987616099 0.6 0.44024767801857584 0.5904761904761905 0.426625386996904 0.5904761904761905 
29 0.40123839009287926 0.580952380952381 0.39628482972136225 0.5904761904761905 0.39195046439628484 0.6 0.3863777089783282 0.6190476190476191 0.3814241486068111 0.7238095238095238 0.3814241486068111 0.7797619047619048 0.3863777089783282 0.7892857142857143 0.39009287925696595 0.7892857142857143 0.3956656346749226 0.7797619047619048 0.4006191950464396 0.7702380952380953 0.4055727554179567 0.7595238095238095 0.4198142414860681 0.694047619047619 0.42538699690402476 0.655952380952381 0.43034055727554177 0.6178571428571429 0.43034055727554177 0.5904761904761905 0.4154798761609907 0.580952380952381 0.40123839009287926 0.580952380952381 
30 0.35170278637770896 0.580952380952381 0.3219814241486068 0.7309523809523809 0.3219814241486068 0.7511904761904762 0.35170278637770896 0.7702380952380953 0.3696594427244582 0.7702380952380953 0.37089783281733746 0.7690476190476191 0.37585139318885447 0.7595238095238095 0.38080495356037153 0.7416666666666667 0.38575851393188854 0.7130952380952381 0.39009287925696595 0.6845238095238095 0.4006191950464396 0.6059523809523809 0.4006191950464396 0.580952380952381 0.35170278637770896 0.580952380952381 
31 0.30712074303405573 0.5523809523809524 0.3027863777089783 0.5619047619047619 0.3021671826625387 0.5642857142857143 0.29721362229102166 0.5904761904761905 0.2873065015479876 0.6571428571428571 0.2823529411764706 0.6976190476190476 0.2823529411764706 0.7511904761904762 0.29845201238390096 0.7607142857142857 0.3058823529411765 0.7607142857142857 0.31640866873065016 0.7416666666666667 0.32136222910216716 0.7321428571428571 0.3263157894736842 0.7214285714285714 0.3461300309597523 0.6547619047619048 0.3560371517027864 0.6178571428571429 0.3560371517027864 0.5821428571428572 0.3510835913312694 0.5714285714285714 0.3461300309597523 0.5619047619047619 0.3195046439628483 0.5523809523809524 0.30712074303405573 0.5523809523809524 