2 0.2873065015479876 0.4095238095238095 0.2773993808049536 0.42857142857142855 0.2724458204334365 0.44761904761904764 0.2625386996904025 0.4880952380952381 0.2625386996904025 0.5666666666666667 0.2773993808049536 0.5880952380952381 0.27925696594427246 0.5892857142857143 0.30030959752321984 0.5892857142857143 0.3157894736842105 0.5797619047619048 0.32136222910216716 0.5702380952380952 0.32136222910216716 0.5047619047619047 0.31640866873065016 0.4380952380952381 0.3089783281733746 0.41904761904761906 0.3015479876160991 0.4095238095238095 0.2873065015479876 0.4095238095238095 
3 0.3176470588235294 0.41904761904761906 0.3170278637770898 0.42023809523809524 0.3170278637770898 0.5464285714285714 0.3176470588235294 0.5511904761904762 0.3269349845201238 0.569047619047619 0.32941176470588235 0.5702380952380952 0.3653250773993808 0.5702380952380952 0.37089783281733746 0.5607142857142857 0.37089783281733746 0.5142857142857142 0.3603715170278638 0.4666666666666667 0.3560371517027864 0.44761904761904764 0.3510835913312694 0.4297619047619048 0.3461300309597523 0.41904761904761906 0.3176470588235294 0.41904761904761906 
4 0.38699690402476783 0.41904761904761906 0.3814241486068111 0.42857142857142855 0.3764705882352941 0.4392857142857143 0.3715170278637771 0.4666666666666667 0.36656346749226004 0.5333333333333333 0.36656346749226004 0.5773809523809523 0.3671826625386997 0.5797619047619048 0.3764705882352941 0.5892857142857143 0.3907120743034056 0.5892857142857143 0.40495356037151703 0.5797619047619048 0.4055727554179567 0.5773809523809523 0.4055727554179567 0.5107142857142857 0.4006191950464396 0.4238095238095238 0.4 0.41904761904761906 0.38699690402476783 0.41904761904761906 
5 0.4068111455108359 0.4095238095238095 0.40123839009287926 0.430952380952381 0.39628482972136225 0.45714285714285713 0.39628482972136225 0.513095238095238 0.40123839009287926 0.569047619047619 0.4117647058823529 0.5892857142857143 0.4198142414860681 0.5892857142857143 0.43034055727554177 0.5797619047619048 0.43529411764705883 0.569047619047619 0.43529411764705883 0.42142857142857143 0.4346749226006192 0.41904761904761906 0.4297213622291022 0.4095238095238095 0.4068111455108359 0.4095238095238095 
6 0.4458204334365325 0.3619047619047619 0.4408668730650155 0.38095238095238093 0.4359133126934985 0.4035714285714286 0.4309597523219814 0.4511904761904762 0.4309597523219814 0.5595238095238095 0.44148606811145513 0.5797619047619048 0.4582043343653251 0.5797619047619048 0.460061919504644 0.5773809523809523 0.469969040247678 0.5607142857142857 0.47492260061919506 0.5416666666666666 0.47492260061919506 0.42023809523809524 0.469969040247678 0.39166666666666666 0.460061919504644 0.3630952380952381 0.4588235294117647 0.3619047619047619 0.4458204334365325 0.3619047619047619 
7 0.486687306501548 0.3619047619047619 0.4854489164086687 0.3630952380952381 0.4804953560371517 0.3726190476190476 0.47058823529411764 0.4666666666666667 0.46563467492260063 0.5345238095238095 0.46563467492260063 0.5666666666666667 0.46687306501547987 0.5702380952380952 0.47058823529411764 0.5785714285714286 0.4718266253869969 0.5797619047619048 0.4891640866873065 0.5797619047619048 0.49473684210526314 0.5595238095238095 0.4996904024767802 0.530952380952381 0.4996904024767802 0.3726190476190476 0.49473684210526314 0.3619047619047619 0.486687306501548 0.3619047619047619 
8 0.5126934984520124 0.38095238095238093 0.5102167182662539 0.3821428571428571 0.5003095975232198 0.4011904761904762 0.4953560371517028 0.41904761904761906 0.4904024767801858 0.5238095238095238 0.4904024767801858 0.5607142857142857 0.4953560371517028 0.5797619047619048 0.5238390092879257 0.5797619047619048 0.5244582043343653 0.575 0.5244582043343653 0.38452380952380955 0.5238390092879257 0.38095238095238093 0.5126934984520124 0.38095238095238093 
9 0.5591331269349845 0.37142857142857144 0.544891640866873 0.38095238095238093 0.5399380804953561 0.3904761904761905 0.534984520123839 0.41904761904761906 0.5201238390092879 0.5059523809523809 0.5201238390092879 0.5785714285714286 0.5207430340557275 0.5797619047619048 0.5386996904024768 0.5797619047619048 0.5585139318885449 0.5702380952380952 0.5591331269349845 0.569047619047619 0.5640866873065016 0.444047619047619 0.5640866873065016 0.37142857142857144 0.5591331269349845 0.37142857142857144 
10 0.5696594427244582 0.3904761904761905 0.5647058823529412 0.4119047619047619 0.5547987616099072 0.49642857142857144 0.5547987616099072 0.5607142857142857 0.5597523219814241 0.5785714285714286 0.5609907120743034 0.5797619047619048 0.58328173374613 0.5797619047619048 0.5839009287925696 0.575 0.5888544891640867 0.45595238095238094 0.5888544891640867 0.39166666666666666 0.5882352941176471 0.3904761904761905 0.5696594427244582 0.3904761904761905 
11 0.6043343653250774 0.37142857142857144 0.5944272445820433 0.4035714285714286 0.5795665634674922 0.5059523809523809 0.5795665634674922 0.5607142857142857 0.5845201238390093 0.5773809523809523 0.5894736842105263 0.5892857142857143 0.6179566563467492 0.5892857142857143 0.6185758513931888 0.5880952380952381 0.6185758513931888 0.4297619047619048 0.6136222910216719 0.3738095238095238 0.6130030959752322 0.3726190476190476 0.611764705882353 0.37142857142857144 0.6043343653250774 0.37142857142857144 
12 0.6291021671826625 0.41904761904761906 0.6191950464396285 0.4380952380952381 0.6142414860681115 0.45714285714285713 0.6142414860681115 0.5892857142857143 0.6198142414860681 0.5988095238095238 0.6328173374613003 0.5988095238095238 0.638390092879257 0.5892857142857143 0.643343653250774 0.5797619047619048 0.643343653250774 0.4238095238095238 0.6427244582043343 0.41904761904761906 0.6291021671826625 0.41904761904761906 
13 0.6538699690402476 0.41904761904761906 0.6439628482972136 0.42857142857142855 0.6390092879256966 0.45476190476190476 0.6291021671826625 0.5845238095238096 0.6291021671826625 0.5880952380952381 0.6340557275541796 0.5976190476190476 0.6352941176470588 0.5988095238095238 0.6582043343653251 0.5988095238095238 0.6631578947368421 0.5702380952380952 0.6631578947368421 0.42857142857142855 0.6582043343653251 0.41904761904761906 0.6538699690402476 0.41904761904761906 
14 0.6835913312693499 0.41904761904761906 0.6736842105263158 0.42857142857142855 0.6637770897832818 0.4488095238095238 0.6588235294117647 0.4773809523809524 0.6489164086687307 0.5904761904761905 0.6489164086687307 0.5964285714285714 0.6513931888544892 0.5988095238095238 0.6965944272445821 0.5988095238095238 0.7027863777089783 0.5892857142857143 0.7027863777089783 0.5333333333333333 0.6978328173374613 0.43333333333333335 0.6972136222910217 0.42857142857142855 0.6928792569659443 0.41904761904761906 0.6835913312693499 0.41904761904761906 
15 0.7120743034055728 0.41904761904761906 0.7089783281733746 0.42023809523809524 0.7034055727554179 0.42857142857142855 0.698452012383901 0.4380952380952381 0.6934984520123839 0.4488095238095238 0.6934984520123839 0.5392857142857143 0.698452012383901 0.5880952380952381 0.7003095975232199 0.5892857142857143 0.7170278637770898 0.5892857142857143 0.7374613003095976 0.5797619047619048 0.7424148606811145 0.5702380952380952 0.7424148606811145 0.5333333333333333 0.7269349845201238 0.42857142857142855 0.7226006191950465 0.41904761904761906 0.7120743034055728 0.41904761904761906 
16 0.7188854489164087 0.3904761904761905 0.718266253869969 0.39166666666666666 0.718266253869969 0.4357142857142857 0.7232198142414861 0.48333333333333334 0.7331269349845201 0.5226190476190476 0.7380804953560371 0.530952380952381 0.7393188854489164 0.5321428571428571 0.7622291021671826 0.5321428571428571 0.7671826625386997 0.5226190476190476 0.7764705882352941 0.4928571428571429 0.7770897832817337 0.49047619047619045 0.7770897832817337 0.4595238095238095 0.7721362229102167 0.4380952380952381 0.7417956656346749 0.3904761904761905 0.7188854489164087 0.3904761904761905 
18 0.7188854489164087 0.580952380952381 0.6786377708978328 0.5904761904761905 0.6786377708978328 0.6273809523809524 0.6934984520123839 0.6845238095238095 0.698452012383901 0.6928571428571428 0.7232198142414861 0.7321428571428571 0.7362229102167183 0.7321428571428571 0.7572755417956656 0.7130952380952381 0.7572755417956656 0.6952380952380952 0.7325077399380805 0.5821428571428572 0.7312693498452012 0.580952380952381 0.7188854489164087 0.580952380952381 
19 0.6594427244582043 0.6 0.6390092879256966 0.6095238095238096 0.6346749226006192 0.6190476190476191 0.6340557275541796 0.6226190476190476 0.6340557275541796 0.6535714285714286 0.6439628482972136 0.694047619047619 0.6538699690402476 0.7226190476190476 0.6786377708978328 0.7797619047619048 0.6928792569659443 0.7797619047619048 0.7065015479876161 0.7702380952380953 0.7077399380804954 0.7690476190476191 0.7077399380804954 0.7261904761904762 0.6829721362229102 0.6 0.6594427244582043 0.6 
20 0.6092879256965944 0.6 0.604953560371517 0.6095238095238096 0.6043343653250774 0.611904761904762 0.6043343653250774 0.7119047619047619 0.6191950464396285 0.7892857142857143 0.638390092879257 0.7892857142857143 0.643343653250774 0.6726190476190477 0.643343653250774 0.6476190476190476 0.638390092879257 0.6 0.6092879256965944 0.6 
21 0.5913312693498453 0.5904761904761905 0.5894736842105263 0.5916666666666667 0.5795665634674922 0.6 0.5795665634674922 0.7869047619047619 0.5801857585139318 0.7892857142857143 0.5826625386996904 0.7892857142857143 0.5938080495356037 0.7797619047619048 0.5987616099071208 0.7511904761904762 0.6086687306501548 0.675 0.6086687306501548 0.6011904761904762 0.6037151702786377 0.5916666666666667 0.6018575851393189 0.5904761904761905 0.5913312693498453 0.5904761904761905 
22 0.5647058823529412 0.580952380952381 0.5547987616099072 0.5916666666666667 0.5498452012383901 0.65 0.5498452012383901 0.6916666666666667 0.5547987616099072 0.7416666666666667 0.5597523219814241 0.7607142857142857 0.56656346749226 0.7607142857142857 0.5739938080495356 0.7511904761904762 0.5789473684210527 0.7297619047619047 0.5839009287925696 0.6738095238095239 0.5839009287925696 0.580952380952381 0.5647058823529412 0.580952380952381 
23 0.5362229102167183 0.5904761904761905 0.534984520123839 0.5916666666666667 0.525077399380805 0.6857142857142857 0.525077399380805 0.7607142857142857 0.530030959752322 0.7690476190476191 0.5312693498452012 0.7702380952380953 0.5393188854489164 0.7702380952380953 0.5442724458204334 0.7404761904761905 0.5591331269349845 0.6452380952380953 0.5591331269349845 0.5916666666666667 0.5578947368421052 0.5904761904761905 0.5362229102167183 0.5904761904761905 
24 0.5108359133126935 0.5904761904761905 0.5102167182662539 0.5916666666666667 0.5102167182662539 0.7130952380952381 0.5151702786377709 0.75 0.5176470588235295 0.7511904761904762 0.5219814241486068 0.7511904761904762 0.5244582043343653 0.75 0.5294117647058824 0.7309523809523809 0.5343653250773994 0.6523809523809524 0.5343653250773994 0.5928571428571429 0.5337461300309597 0.5916666666666667 0.5318885448916408 0.5904761904761905 0.5108359133126935 0.5904761904761905 
25 0.491640866873065 0.5904761904761905 0.4904024767801858 0.5916666666666667 0.4904024767801858 0.7166666666666667 0.49102167182662537 0.7202380952380952 0.4953560371517028 0.7416666666666667 0.5040247678018576 0.7416666666666667 0.5089783281733746 0.7321428571428571 0.5095975232198142 0.7297619047619047 0.5145510835913313 0.6464285714285715 0.5145510835913313 0.5904761904761905 0.491640866873065 0.5904761904761905 
26 0.4761609907120743 0.580952380952381 0.47058823529411764 0.5904761904761905 0.47058823529411764 0.6428571428571429 0.47554179566563465 0.6833333333333333 0.4854489164086687 0.7595238095238095 0.48606811145510836 0.7607142857142857 0.4891640866873065 0.7607142857142857 0.49473684210526314 0.75 0.49473684210526314 0.5880952380952381 0.49411764705882355 0.580952380952381 0.4761609907120743 0.580952380952381 
27 0.45139318885448915 0.6 0.4458204334365325 0.6107142857142858 0.4458204334365325 0.6654761904761904 0.45077399380804956 0.7511904761904762 0.45572755417956656 0.7880952380952381 0.45758513931888545 0.7892857142857143 0.469969040247678 0.7892857142857143 0.47492260061919506 0.7702380952380953 0.47492260061919506 0.6190476190476191 0.4693498452012384 0.6 0.45139318885448915 0.6 
28 0.4309597523219814 0.580952380952381 0.4260061919504644 0.5904761904761905 0.42105263157894735 0.6095238095238096 0.41671826625387 0.6321428571428571 0.41609907120743034 0.638095238095238 0.41609907120743034 0.7607142857142857 0.42105263157894735 0.7702380952380953 0.42291021671826623 0.7702380952380953 0.42538699690402476 0.7690476190476191 0.43034055727554177 0.7607142857142857 0.44024767801857584 0.7404761904761905 0.4501547987616099 0.7035714285714286 0.460061919504644 0.6083333333333333 0.460061919504644 0.6023809523809524 0.4551083591331269 0.580952380952381 0.4309597523219814 0.580952380952381 
29 0.3913312693498452 0.5904761904761905 0.3863777089783282 0.6 0.3814241486068111 0.6297619047619047 0.3814241486068111 0.7607142857142857 0.3956656346749226 0.7607142857142857 0.40495356037151703 0.7511904761904762 0.4055727554179567 0.75 0.4105263157894737 0.7309523809523809 0.4148606811145511 0.7130952380952381 0.4154798761609907 0.7095238095238096 0.43034055727554177 0.6178571428571429 0.43034055727554177 0.6011904761904762 0.42538699690402476 0.5904761904761905 0.3913312693498452 0.5904761904761905 
30 0.34179566563467495 0.580952380952381 0.3368421052631579 0.5904761904761905 0.3219814241486068 0.7095238095238096 0.3219814241486068 0.7321428571428571 0.3269349845201238 0.7511904761904762 0.34674922600619196 0.7702380952380953 0.35541795665634673 0.7702380952380953 0.36594427244582045 0.7595238095238095 0.37089783281733746 0.7511904761904762 0.4105263157894737 0.5964285714285714 0.4105263157894737 0.580952380952381 0.34179566563467495 0.580952380952381 
31 0.2978328173374613 0.5714285714285714 0.2873065015479876 0.580952380952381 0.2823529411764706 0.6666666666666666 0.2823529411764706 0.75 0.28297213622291023 0.7511904761904762 0.29040247678018577 0.7511904761904762 0.31145510835913315 0.7416666666666667 0.32074303405572757 0.7321428571428571 0.33126934984520123 0.7119047619047619 0.33622291021671824 0.6821428571428572 0.3411764705882353 0.6464285714285715 0.3411764705882353 0.5821428571428572 0.33622291021671824 0.5726190476190476 0.33374613003095976 0.5714285714285714 0.2978328173374613 0.5714285714285714 
32 0.2625386996904025 0.6190476190476191 0.22291021671826625 0.6285714285714286 0.2130030959752322 0.638095238095238 0.20309597523219813 0.6773809523809524 0.20309597523219813 0.6904761904761905 0.20371517027863778 0.694047619047619 0.2130030959752322 0.7130952380952381 0.2235294117647059 0.7226190476190476 0.25263157894736843 0.7321428571428571 0.2712074303405573 0.7321428571428571 0.286687306501548 0.7226190476190476 0.286687306501548 0.6666666666666666 0.28173374613003094 0.6202380952380953 0.28111455108359135 0.6190476190476191 0.2625386996904025 0.6190476190476191 