3 0.3176470588235294 0.3047619047619048 0.3170278637770898 0.3119047619047619 0.30712074303405573 0.4380952380952381 0.30712074303405573 0.4845238095238095 0.3126934984520124 0.49404761904761907 0.32321981424148605 0.5035714285714286 0.3510835913312694 0.5035714285714286 0.3560371517027864 0.4928571428571429 0.3609907120743034 0.43452380952380953 0.3609907120743034 0.42857142857142855 0.3510835913312694 0.325 0.34055727554179566 0.3047619047619048 0.3176470588235294 0.3047619047619048 
4 0.3684210526315789 0.2857142857142857 0.36656346749226004 0.2869047619047619 0.3622291021671827 0.29523809523809524 0.356656346749226 0.31547619047619047 0.35170278637770896 0.38333333333333336 0.35170278637770896 0.49047619047619045 0.3523219814241486 0.49404761904761907 0.356656346749226 0.5035714285714286 0.36160990712074303 0.513095238095238 0.37585139318885447 0.513095238095238 0.38080495356037153 0.5035714285714286 0.38575851393188854 0.4845238095238095 0.38575851393188854 0.38095238095238093 0.38080495356037153 0.2869047619047619 0.3801857585139319 0.2857142857142857 0.3684210526315789 0.2857142857142857 
6 0.41114551083591333 0.2630952380952381 0.40619195046439627 0.26666666666666666 0.4018575851393189 0.2773809523809524 0.40123839009287926 0.28095238095238095 0.40123839009287926 0.3880952380952381 0.40619195046439627 0.4928571428571429 0.41671826625387 0.513095238095238 0.4247678018575851 0.513095238095238 0.43034055727554177 0.5035714285714286 0.43529411764705883 0.4928571428571429 0.44024767801857584 0.4738095238095238 0.44024767801857584 0.44047619047619047 0.4247678018575851 0.2857142857142857 0.42043343653250775 0.26785714285714285 0.4198142414860681 0.26666666666666666 0.4154798761609907 0.2630952380952381 0.41114551083591333 0.2630952380952381 
7 0.4309597523219814 0.2761904761904762 0.4309597523219814 0.3130952380952381 0.4359133126934985 0.46190476190476193 0.43653250773993807 0.4642857142857143 0.4408668730650155 0.475 0.45572755417956656 0.4845238095238095 0.4563467492260062 0.4845238095238095 0.460061919504644 0.48333333333333334 0.465015479876161 0.475 0.465015479876161 0.4297619047619048 0.460061919504644 0.3345238095238095 0.4501547987616099 0.2857142857142857 0.44272445820433437 0.2761904761904762 0.4309597523219814 0.2761904761904762 
8 0.4613003095975232 0.2761904761904762 0.46068111455108357 0.2773809523809524 0.46068111455108357 0.5107142857142857 0.4613003095975232 0.513095238095238 0.4662538699690402 0.5226190476190476 0.49411764705882355 0.5226190476190476 0.4996904024767802 0.5119047619047619 0.4996904024767802 0.49642857142857144 0.48978328173374613 0.38095238095238093 0.4848297213622291 0.3333333333333333 0.47987616099071206 0.29523809523809524 0.47492260061919506 0.2773809523809524 0.4724458204334365 0.2761904761904762 0.4613003095975232 0.2761904761904762 
9 0.4904024767801858 0.26666666666666666 0.4904024767801858 0.5023809523809524 0.4953560371517028 0.5226190476190476 0.5238390092879257 0.5226190476190476 0.5294117647058824 0.513095238095238 0.5294117647058824 0.4583333333333333 0.5095975232198142 0.2773809523809524 0.5046439628482973 0.26666666666666666 0.4904024767801858 0.26666666666666666 
10 0.5535603715170279 0.2761904761904762 0.5498452012383901 0.2773809523809524 0.5399380804953561 0.2857142857142857 0.534984520123839 0.3047619047619048 0.5306501547987617 0.3238095238095238 0.530030959752322 0.3273809523809524 0.5201238390092879 0.42023809523809524 0.5201238390092879 0.4654761904761905 0.525077399380805 0.5035714285714286 0.5492260061919505 0.5035714285714286 0.5541795665634675 0.4928571428571429 0.5591331269349845 0.33690476190476193 0.5591331269349845 0.2785714285714286 0.5541795665634675 0.2761904761904762 0.5535603715170279 0.2761904761904762 
11 0.5696594427244582 0.24761904761904763 0.5653250773993808 0.2571428571428571 0.5647058823529412 0.25952380952380955 0.5597523219814241 0.2857142857142857 0.5547987616099072 0.3345238095238095 0.5498452012383901 0.4095238095238095 0.5498452012383901 0.4928571428571429 0.5597523219814241 0.513095238095238 0.5647058823529412 0.5202380952380953 0.56656346749226 0.5226190476190476 0.573374613003096 0.5226190476190476 0.5789473684210527 0.5119047619047619 0.5839009287925696 0.4928571428571429 0.5888544891640867 0.2833333333333333 0.5888544891640867 0.2511904761904762 0.5882352941176471 0.2488095238095238 0.5857585139318885 0.24761904761904763 0.5696594427244582 0.24761904761904763 
12 0.5913312693498453 0.2761904761904762 0.5894736842105263 0.2773809523809524 0.5851393188854489 0.2857142857142857 0.5845201238390093 0.2892857142857143 0.5795665634674922 0.4 0.5795665634674922 0.4928571428571429 0.5851393188854489 0.5035714285714286 0.6024767801857586 0.5035714285714286 0.6037151702786377 0.5023809523809524 0.6086687306501548 0.4928571428571429 0.6136222910216719 0.39880952380952384 0.6136222910216719 0.305952380952381 0.6037151702786377 0.2761904761904762 0.5913312693498453 0.2761904761904762 
13 0.614860681114551 0.29523809523809524 0.6092879256965944 0.3047619047619048 0.6043343653250774 0.3904761904761905 0.6043343653250774 0.48333333333333334 0.604953560371517 0.4845238095238095 0.6154798761609908 0.5023809523809524 0.6167182662538699 0.5035714285714286 0.6309597523219814 0.5035714285714286 0.6334365325077399 0.5023809523809524 0.6377708978328174 0.4845238095238095 0.638390092879257 0.475 0.638390092879257 0.4023809523809524 0.6334365325077399 0.3238095238095238 0.628482972136223 0.29523809523809524 0.614860681114551 0.29523809523809524 
14 0.648297213622291 0.2761904761904762 0.6439628482972136 0.2773809523809524 0.6390092879256966 0.2857142857142857 0.6340557275541796 0.29523809523809524 0.6291021671826625 0.4 0.6291021671826625 0.4845238095238095 0.6340557275541796 0.49404761904761907 0.6396284829721363 0.5035714285714286 0.6582043343653251 0.5035714285714286 0.6773993808049535 0.49404761904761907 0.6780185758513931 0.49166666666666664 0.6780185758513931 0.3357142857142857 0.6730650154798762 0.305952380952381 0.6681114551083591 0.29523809523809524 0.6631578947368421 0.2857142857142857 0.6520123839009287 0.2761904761904762 0.648297213622291 0.2761904761904762 
15 0.6953560371517028 0.29523809523809524 0.6786377708978328 0.3047619047619048 0.6736842105263158 0.3142857142857143 0.6736842105263158 0.48214285714285715 0.6749226006191951 0.4845238095238095 0.6835913312693499 0.49404761904761907 0.6965944272445821 0.49404761904761907 0.7170278637770898 0.475 0.7226006191950465 0.4642857142857143 0.7226006191950465 0.4011904761904762 0.7126934984520124 0.3047619047619048 0.7077399380804954 0.29523809523809524 0.6953560371517028 0.29523809523809524 
20 0.6099071207430341 0.5238095238095238 0.6092879256965944 0.5261904761904762 0.6092879256965944 0.5892857142857143 0.6142414860681115 0.6357142857142857 0.6191950464396285 0.675 0.6241486068111455 0.6928571428571428 0.6340557275541796 0.7214285714285714 0.6390092879256966 0.7321428571428571 0.6582043343653251 0.7321428571428571 0.6582043343653251 0.7154761904761905 0.643343653250774 0.5333333333333333 0.638390092879257 0.5238095238095238 0.6099071207430341 0.5238095238095238 
21 0.5845201238390093 0.5238095238095238 0.5746130030959752 0.544047619047619 0.5746130030959752 0.5571428571428572 0.5894736842105263 0.6904761904761905 0.590092879256966 0.694047619047619 0.5944272445820433 0.7130952380952381 0.6043343653250774 0.7321428571428571 0.6130030959752322 0.7321428571428571 0.6136222910216719 0.7285714285714285 0.6136222910216719 0.5404761904761904 0.6130030959752322 0.5333333333333333 0.6030959752321982 0.5238095238095238 0.5845201238390093 0.5238095238095238 
22 0.5498452012383901 0.5333333333333333 0.5498452012383901 0.5964285714285714 0.5597523219814241 0.675 0.5696594427244582 0.7321428571428571 0.5746130030959752 0.75 0.5801857585139318 0.7607142857142857 0.5931888544891641 0.7607142857142857 0.5938080495356037 0.7595238095238095 0.5938080495356037 0.6392857142857142 0.5888544891640867 0.5821428571428572 0.5839009287925696 0.5428571428571428 0.5789473684210527 0.5333333333333333 0.5498452012383901 0.5333333333333333 
23 0.525077399380805 0.5238095238095238 0.525077399380805 0.5952380952380952 0.530030959752322 0.6261904761904762 0.5498452012383901 0.7404761904761905 0.5547987616099072 0.7511904761904762 0.561609907120743 0.7511904761904762 0.5640866873065016 0.75 0.5690402476780185 0.7416666666666667 0.5690402476780185 0.6857142857142857 0.5541795665634675 0.5285714285714286 0.5529411764705883 0.5238095238095238 0.525077399380805 0.5238095238095238 
24 0.5003095975232198 0.5238095238095238 0.5003095975232198 0.6345238095238095 0.5052631578947369 0.6738095238095239 0.5102167182662539 0.694047619047619 0.5287925696594428 0.694047619047619 0.5337461300309597 0.6845238095238095 0.5343653250773994 0.680952380952381 0.5343653250773994 0.5928571428571429 0.5294117647058824 0.5333333333333333 0.5139318885448917 0.5238095238095238 0.5003095975232198 0.5238095238095238 
25 0.4761609907120743 0.5238095238095238 0.47554179566563465 0.5261904761904762 0.47554179566563465 0.5880952380952381 0.4804953560371517 0.655952380952381 0.4854489164086687 0.675 0.4904024767801858 0.6845238095238095 0.5009287925696595 0.694047619047619 0.5095975232198142 0.694047619047619 0.5145510835913313 0.675 0.5145510835913313 0.669047619047619 0.5046439628482973 0.5428571428571428 0.4996904024767802 0.5345238095238095 0.4984520123839009 0.5333333333333333 0.4848297213622291 0.5238095238095238 0.4761609907120743 0.5238095238095238 
26 0.4458204334365325 0.5333333333333333 0.4458204334365325 0.5583333333333333 0.46563467492260063 0.694047619047619 0.47058823529411764 0.7035714285714286 0.4724458204334365 0.7035714285714286 0.47492260061919506 0.7023809523809523 0.4792569659442725 0.694047619047619 0.4848297213622291 0.6738095238095239 0.4848297213622291 0.5869047619047619 0.47987616099071206 0.5345238095238095 0.4792569659442725 0.5333333333333333 0.4458204334365325 0.5333333333333333 
27 0.4309597523219814 0.5428571428571428 0.4260061919504644 0.5523809523809524 0.42105263157894735 0.5714285714285714 0.41609907120743034 0.611904761904762 0.41609907120743034 0.7321428571428571 0.4260061919504644 0.7892857142857143 0.4359133126934985 0.8083333333333333 0.44148606811145513 0.8178571428571428 0.44953560371517026 0.8178571428571428 0.4551083591331269 0.8083333333333333 0.460061919504644 0.7892857142857143 0.465015479876161 0.6369047619047619 0.465015479876161 0.6107142857142858 0.4544891640866873 0.5535714285714286 0.4501547987616099 0.5428571428571428 0.4309597523219814 0.5428571428571428 
28 0.40619195046439627 0.530952380952381 0.39690402476780184 0.5333333333333333 0.3913312693498452 0.544047619047619 0.3913312693498452 0.6488095238095238 0.39628482972136225 0.7416666666666667 0.4018575851393189 0.7511904761904762 0.4055727554179567 0.7511904761904762 0.4154798761609907 0.7321428571428571 0.42043343653250775 0.7035714285714286 0.43034055727554177 0.5761904761904761 0.43034055727554177 0.5535714285714286 0.42538699690402476 0.5428571428571428 0.4198142414860681 0.5333333333333333 0.4154798761609907 0.530952380952381 0.40619195046439627 0.530952380952381 