3 0.2476780185758514 0.37142857142857144 0.2476780185758514 0.40714285714285714 0.2674922600619195 0.5321428571428571 0.2773993808049536 0.5416666666666666 0.2953560371517028 0.5416666666666666 0.3058823529411765 0.5321428571428571 0.31640866873065016 0.5214285714285715 0.32136222910216716 0.5119047619047619 0.32136222910216716 0.4773809523809524 0.3157894736842105 0.44761904761904764 0.3065015479876161 0.4095238095238095 0.29659442724458207 0.38095238095238093 0.28606811145510835 0.37142857142857144 0.2476780185758514 0.37142857142857144 
5 0.3671826625386997 0.34285714285714286 0.36656346749226004 0.34404761904761905 0.36160990712074303 0.36428571428571427 0.34674922600619196 0.5059523809523809 0.34674922600619196 0.530952380952381 0.3523219814241486 0.5416666666666666 0.3690402476780186 0.5416666666666666 0.37894736842105264 0.5404761904761904 0.38080495356037153 0.5392857142857143 0.3907120743034056 0.5321428571428571 0.3907120743034056 0.45714285714285713 0.38575851393188854 0.38095238095238093 0.38080495356037153 0.34285714285714286 0.3671826625386997 0.34285714285714286 
6 0.3913312693498452 0.3142857142857143 0.3863777089783282 0.34404761904761905 0.3814241486068111 0.44761904761904764 0.3814241486068111 0.4654761904761905 0.38204334365325077 0.475 0.3863777089783282 0.5297619047619048 0.38699690402476783 0.5321428571428571 0.39195046439628484 0.5416666666666666 0.4105263157894737 0.5416666666666666 0.42043343653250775 0.5214285714285715 0.42538699690402476 0.5095238095238095 0.42538699690402476 0.4595238095238095 0.42043343653250775 0.3619047619047619 0.4154798761609907 0.325 0.4105263157894737 0.3142857142857143 0.3913312693498452 0.3142857142857143 
7 0.4328173374613003 0.3333333333333333 0.4309597523219814 0.3345238095238095 0.4260061919504644 0.34285714285714286 0.42105263157894735 0.37142857142857144 0.41609907120743034 0.5047619047619047 0.41609907120743034 0.5107142857142857 0.41671826625387 0.513095238095238 0.4260061919504644 0.530952380952381 0.42724458204334365 0.5321428571428571 0.45263157894736844 0.5321428571428571 0.4544891640866873 0.530952380952381 0.4551083591331269 0.5285714285714286 0.4551083591331269 0.43333333333333335 0.4501547987616099 0.3535714285714286 0.44024767801857584 0.3333333333333333 0.4328173374613003 0.3333333333333333 
8 0.4662538699690402 0.3142857142857143 0.46068111455108357 0.3333333333333333 0.45077399380804956 0.4595238095238095 0.45077399380804956 0.5226190476190476 0.45572755417956656 0.530952380952381 0.4569659442724458 0.5321428571428571 0.48978328173374613 0.5321428571428571 0.49907120743034056 0.5226190476190476 0.4996904024767802 0.5214285714285715 0.4996904024767802 0.4773809523809524 0.48978328173374613 0.34523809523809523 0.4842105263157895 0.3238095238095238 0.47987616099071206 0.31547619047619047 0.4786377708978328 0.3142857142857143 0.4662538699690402 0.3142857142857143 
9 0.5151702786377709 0.3523809523809524 0.5052631578947369 0.3904761904761905 0.4904024767801858 0.4583333333333333 0.4904024767801858 0.4726190476190476 0.4953560371517028 0.5321428571428571 0.5442724458204334 0.5321428571428571 0.5492260061919505 0.5119047619047619 0.5492260061919505 0.38095238095238093 0.5442724458204334 0.3630952380952381 0.5386996904024768 0.3523809523809524 0.5151702786377709 0.3523809523809524 
10 0.5752321981424149 0.3333333333333333 0.5746130030959752 0.3345238095238095 0.5647058823529412 0.3547619047619048 0.5597523219814241 0.3726190476190476 0.544891640866873 0.46904761904761905 0.544891640866873 0.513095238095238 0.5498452012383901 0.5321428571428571 0.5640866873065016 0.5321428571428571 0.573374613003096 0.5226190476190476 0.5739938080495356 0.5202380952380953 0.5789473684210527 0.4845238095238095 0.5789473684210527 0.3333333333333333 0.5752321981424149 0.3333333333333333 
11 0.604953560371517 0.3238095238095238 0.5993808049535604 0.3333333333333333 0.5894736842105263 0.37142857142857144 0.5696594427244582 0.47619047619047616 0.5696594427244582 0.49404761904761907 0.5746130030959752 0.5119047619047619 0.5808049535603715 0.5321428571428571 0.5845201238390093 0.5416666666666666 0.5987616099071208 0.5416666666666666 0.6080495356037152 0.5321428571428571 0.6136222910216719 0.5107142857142857 0.6185758513931888 0.37976190476190474 0.6185758513931888 0.3238095238095238 0.604953560371517 0.3238095238095238 
14 0.6885448916408669 0.37142857142857144 0.6835913312693499 0.3821428571428571 0.6743034055727554 0.4095238095238095 0.6687306501547987 0.42857142857142855 0.6538699690402476 0.5178571428571429 0.6538699690402476 0.5595238095238095 0.6588235294117647 0.569047619047619 0.660061919504644 0.5702380952380952 0.6965944272445821 0.5702380952380952 0.7077399380804954 0.5607142857142857 0.7126934984520124 0.45476190476190476 0.7126934984520124 0.3904761904761905 0.7077399380804954 0.37142857142857144 0.6885448916408669 0.37142857142857144 
15 0.7232198142414861 0.4 0.713312693498452 0.42023809523809524 0.708359133126935 0.4392857142857143 0.7034055727554179 0.4869047619047619 0.7034055727554179 0.5511904761904762 0.7275541795665634 0.5511904761904762 0.746749226006192 0.5416666666666666 0.7523219814241486 0.5321428571428571 0.7523219814241486 0.41309523809523807 0.7517027863777089 0.4107142857142857 0.7473684210526316 0.4 0.7232198142414861 0.4 
18 0.7386996904024767 0.5333333333333333 0.708359133126935 0.5523809523809524 0.708359133126935 0.5976190476190476 0.713312693498452 0.6261904761904762 0.7281733746130031 0.655952380952381 0.7430340557275542 0.6845238095238095 0.7529411764705882 0.694047619047619 0.7715170278637771 0.694047619047619 0.7869969040247679 0.6654761904761904 0.7869969040247679 0.6297619047619047 0.7671826625386997 0.5523809523809524 0.7616099071207431 0.5333333333333333 0.7386996904024767 0.5333333333333333 
20 0.6297213622291021 0.5333333333333333 0.6291021671826625 0.5345238095238095 0.6291021671826625 0.6178571428571429 0.6390092879256966 0.680952380952381 0.6439628482972136 0.7119047619047619 0.6495356037151703 0.7226190476190476 0.6631578947368421 0.7226190476190476 0.6631578947368421 0.5547619047619048 0.6582043343653251 0.5345238095238095 0.6575851393188854 0.5333333333333333 0.6297213622291021 0.5333333333333333 
21 0.595046439628483 0.5333333333333333 0.5944272445820433 0.5357142857142857 0.5944272445820433 0.5892857142857143 0.6092879256965944 0.694047619047619 0.6191950464396285 0.7130952380952381 0.6334365325077399 0.7130952380952381 0.6334365325077399 0.5619047619047619 0.628482972136223 0.5428571428571428 0.6229102167182663 0.5333333333333333 0.595046439628483 0.5333333333333333 
22 0.5702786377708978 0.5333333333333333 0.5647058823529412 0.5428571428571428 0.5647058823529412 0.6178571428571429 0.5795665634674922 0.7035714285714286 0.5894736842105263 0.7309523809523809 0.5907120743034056 0.7321428571428571 0.5987616099071208 0.7321428571428571 0.6030959752321982 0.7226190476190476 0.6037151702786377 0.719047619047619 0.6037151702786377 0.6666666666666666 0.5987616099071208 0.5619047619047619 0.5981424148606811 0.555952380952381 0.5938080495356037 0.5428571428571428 0.5882352941176471 0.5333333333333333 0.5702786377708978 0.5333333333333333 
23 0.534984520123839 0.5238095238095238 0.534984520123839 0.5607142857142857 0.544891640866873 0.6369047619047619 0.5498452012383901 0.6714285714285714 0.5504643962848297 0.675 0.5554179566563467 0.6845238095238095 0.5690402476780185 0.6845238095238095 0.5739938080495356 0.5511904761904762 0.5739938080495356 0.5428571428571428 0.5640866873065016 0.5238095238095238 0.534984520123839 0.5238095238095238 
24 0.5065015479876162 0.5238095238095238 0.5052631578947369 0.525 0.5052631578947369 0.6357142857142857 0.5102167182662539 0.6547619047619048 0.5201238390092879 0.675 0.5275541795665635 0.675 0.5386996904024768 0.6654761904761904 0.5436532507739938 0.6464285714285715 0.5442724458204334 0.6428571428571429 0.5442724458204334 0.5369047619047619 0.5436532507739938 0.5333333333333333 0.5386996904024768 0.5238095238095238 0.5065015479876162 0.5238095238095238 
25 0.4885448916408669 0.5142857142857142 0.486687306501548 0.5154761904761904 0.47554179566563465 0.5238095238095238 0.47058823529411764 0.5916666666666667 0.47058823529411764 0.6547619047619048 0.47554179566563465 0.6642857142857143 0.4786377708978328 0.6654761904761904 0.49907120743034056 0.6654761904761904 0.4996904024767802 0.6642857142857143 0.5046439628482973 0.6452380952380953 0.5095975232198142 0.5702380952380952 0.5095975232198142 0.5273809523809524 0.5089783281733746 0.5238095238095238 0.4996904024767802 0.5142857142857142 0.4885448916408669 0.5142857142857142 
26 0.43653250773993807 0.5238095238095238 0.4359133126934985 0.5261904761904762 0.4359133126934985 0.5797619047619048 0.4408668730650155 0.6666666666666666 0.44148606811145513 0.6738095238095239 0.4458204334365325 0.6833333333333333 0.44643962848297214 0.6845238095238095 0.4544891640866873 0.6845238095238095 0.465015479876161 0.6547619047619048 0.469969040247678 0.6357142857142857 0.47492260061919506 0.5880952380952381 0.47492260061919506 0.525 0.47368421052631576 0.5238095238095238 0.43653250773993807 0.5238095238095238 
27 0.41114551083591333 0.5333333333333333 0.40619195046439627 0.544047619047619 0.40123839009287926 0.5904761904761905 0.40123839009287926 0.7035714285714286 0.40743034055727556 0.7130952380952381 0.42538699690402476 0.7130952380952381 0.43034055727554177 0.6833333333333333 0.43529411764705883 0.6369047619047619 0.44024767801857584 0.5869047619047619 0.44024767801857584 0.5333333333333333 0.41114551083591333 0.5333333333333333 
28 0.3721362229102167 0.5333333333333333 0.3715170278637771 0.5345238095238095 0.3715170278637771 0.6071428571428571 0.3764705882352941 0.7119047619047619 0.37708978328173376 0.7130952380952381 0.38390092879256965 0.7130952380952381 0.3851393188854489 0.7119047619047619 0.3956656346749226 0.6833333333333333 0.4006191950464396 0.655952380952381 0.4105263157894737 0.5785714285714286 0.4105263157894737 0.5333333333333333 0.3721362229102167 0.5333333333333333 
29 0.34179566563467495 0.5333333333333333 0.3368421052631579 0.544047619047619 0.3368421052631579 0.5797619047619048 0.34179566563467495 0.6928571428571428 0.34674922600619196 0.7119047619047619 0.3473684210526316 0.7130952380952381 0.35975232198142415 0.7130952380952381 0.3609907120743034 0.7107142857142857 0.36594427244582045 0.694047619047619 0.37089783281733746 0.655952380952381 0.37089783281733746 0.5428571428571428 0.36594427244582045 0.5333333333333333 0.34179566563467495 0.5333333333333333 
31 0.25758513931888544 0.5238095238095238 0.25263157894736843 0.5333333333333333 0.21795665634674924 0.6107142857142858 0.21795665634674924 0.6452380952380953 0.23281733746130032 0.6845238095238095 0.25572755417956655 0.6845238095238095 0.27678018575851393 0.6654761904761904 0.31145510835913315 0.5988095238095238 0.31145510835913315 0.5726190476190476 0.3015479876160991 0.5428571428571428 0.28111455108359135 0.525 0.27925696594427246 0.5238095238095238 0.25758513931888544 0.5238095238095238 