3 0.3176470588235294 0.4 0.3170278637770898 0.4023809523809524 0.3170278637770898 0.5702380952380952 0.3219814241486068 0.5797619047619048 0.3318885448916409 0.5892857142857143 0.3448916408668731 0.5892857142857143 0.3752321981424149 0.5797619047619048 0.37585139318885447 0.5773809523809523 0.37585139318885447 0.5178571428571429 0.3752321981424149 0.5142857142857142 0.3560371517027864 0.4297619047619048 0.3461300309597523 0.4095238095238095 0.34055727554179566 0.4 0.3176470588235294 0.4 
5 0.3913312693498452 0.3904761904761905 0.3863777089783282 0.5059523809523809 0.3863777089783282 0.5785714285714286 0.3913312693498452 0.5880952380952381 0.3931888544891641 0.5892857142857143 0.4198142414860681 0.5892857142857143 0.43034055727554177 0.5797619047619048 0.43034055727554177 0.4976190476190476 0.42043343653250775 0.430952380952381 0.4154798761609907 0.4107142857142857 0.40990712074303404 0.3904761904761905 0.3913312693498452 0.3904761904761905 
6 0.4309597523219814 0.3904761904761905 0.4260061919504644 0.4 0.42105263157894735 0.41904761904761906 0.41609907120743034 0.5726190476190476 0.41609907120743034 0.594047619047619 0.41671826625387 0.5976190476190476 0.42105263157894735 0.6071428571428571 0.42291021671826623 0.6083333333333333 0.44458204334365325 0.6083333333333333 0.4452012383900929 0.6071428571428571 0.4551083591331269 0.5785714285714286 0.4551083591331269 0.5297619047619048 0.4501547987616099 0.46785714285714286 0.4452012383900929 0.42023809523809524 0.44024767801857584 0.39404761904761904 0.4390092879256966 0.39166666666666666 0.43777089783281736 0.3904761904761905 0.4309597523219814 0.3904761904761905 
8 0.48111455108359136 0.41904761904761906 0.4804953560371517 0.42142857142857143 0.46563467492260063 0.5619047619047619 0.46563467492260063 0.5988095238095238 0.47058823529411764 0.6178571428571429 0.48173374613003095 0.6273809523809524 0.4996904024767802 0.6273809523809524 0.5046439628482973 0.6178571428571429 0.5046439628482973 0.49523809523809526 0.4996904024767802 0.4297619047619048 0.49473684210526314 0.41904761904761906 0.48111455108359136 0.41904761904761906 
9 0.5157894736842106 0.4095238095238095 0.5102167182662539 0.41904761904761906 0.5052631578947369 0.4297619047619048 0.5003095975232198 0.4714285714285714 0.5003095975232198 0.6166666666666667 0.5009287925696595 0.6178571428571429 0.5337461300309597 0.6178571428571429 0.5343653250773994 0.6166666666666667 0.5343653250773994 0.5666666666666667 0.5294117647058824 0.44285714285714284 0.5287925696594428 0.4380952380952381 0.5244582043343653 0.4095238095238095 0.5157894736842106 0.4095238095238095 
11 0.5715170278637771 0.4095238095238095 0.5696594427244582 0.4107142857142857 0.5647058823529412 0.42857142857142855 0.5547987616099072 0.5166666666666667 0.5547987616099072 0.5892857142857143 0.5603715170278638 0.5988095238095238 0.5839009287925696 0.5988095238095238 0.5888544891640867 0.5892857142857143 0.5888544891640867 0.4380952380952381 0.5839009287925696 0.4107142857142857 0.5820433436532507 0.4095238095238095 0.5715170278637771 0.4095238095238095 
13 0.6291021671826625 0.3904761904761905 0.6241486068111455 0.4 0.6142414860681115 0.42857142857142855 0.6092879256965944 0.45714285714285713 0.6043343653250774 0.5047619047619047 0.6043343653250774 0.569047619047619 0.604953560371517 0.5702380952380952 0.6377708978328174 0.5702380952380952 0.638390092879257 0.5666666666666667 0.643343653250774 0.513095238095238 0.648297213622291 0.4369047619047619 0.648297213622291 0.4107142857142857 0.643343653250774 0.3904761904761905 0.6291021671826625 0.3904761904761905 
14 0.6538699690402476 0.38095238095238093 0.6495356037151703 0.3904761904761905 0.6439628482972136 0.4107142857142857 0.6390092879256966 0.4392857142857143 0.6340557275541796 0.5047619047619047 0.6340557275541796 0.569047619047619 0.6352941176470588 0.5702380952380952 0.6588235294117647 0.5797619047619048 0.6718266253869969 0.5797619047619048 0.6730650154798762 0.5785714285714286 0.6780185758513931 0.5595238095238095 0.6780185758513931 0.4 0.6730650154798762 0.3821428571428571 0.6718266253869969 0.38095238095238093 0.6538699690402476 0.38095238095238093 
20 0.6043343653250774 0.6 0.5944272445820433 0.6095238095238096 0.5944272445820433 0.6357142857142857 0.5993808049535604 0.6642857142857143 0.6092879256965944 0.7202380952380952 0.6142414860681115 0.7404761904761905 0.6247678018575852 0.7797619047619048 0.6340557275541796 0.7988095238095239 0.6427244582043343 0.7988095238095239 0.6476780185758514 0.7892857142857143 0.648297213622291 0.7833333333333333 0.648297213622291 0.7714285714285715 0.628482972136223 0.6107142857142858 0.6278637770897832 0.6071428571428571 0.6260061919504644 0.6 0.6043343653250774 0.6 
21 0.5795665634674922 0.6190476190476191 0.5746130030959752 0.6309523809523809 0.5746130030959752 0.6845238095238095 0.5944272445820433 0.7785714285714286 0.5993808049535604 0.7976190476190477 0.6043343653250774 0.8083333333333333 0.6185758513931888 0.8083333333333333 0.6185758513931888 0.7559523809523809 0.6136222910216719 0.7047619047619048 0.6086687306501548 0.6571428571428571 0.6037151702786377 0.6309523809523809 0.6030959752321982 0.6285714285714286 0.5987616099071208 0.6190476190476191 0.5795665634674922 0.6190476190476191 
22 0.5597523219814241 0.6095238095238096 0.544891640866873 0.6190476190476191 0.544891640866873 0.6642857142857143 0.5547987616099072 0.7226190476190476 0.5597523219814241 0.7511904761904762 0.5752321981424149 0.8083333333333333 0.5795665634674922 0.8178571428571428 0.5888544891640867 0.8178571428571428 0.5888544891640867 0.7523809523809524 0.5789473684210527 0.6297619047619047 0.5739938080495356 0.6190476190476191 0.5640866873065016 0.6095238095238096 0.5597523219814241 0.6095238095238096 
27 0.4408668730650155 0.6190476190476191 0.4359133126934985 0.6285714285714286 0.4309597523219814 0.6392857142857142 0.4260061919504644 0.7333333333333333 0.4260061919504644 0.7880952380952381 0.43157894736842106 0.8083333333333333 0.4452012383900929 0.8083333333333333 0.4551083591331269 0.7892857142857143 0.460061919504644 0.7702380952380953 0.465015479876161 0.7488095238095238 0.465015479876161 0.638095238095238 0.4551083591331269 0.6190476190476191 0.4408668730650155 0.6190476190476191 
28 0.4117647058823529 0.6095238095238096 0.40123839009287926 0.6297619047619047 0.39628482972136225 0.7142857142857143 0.39628482972136225 0.7976190476190477 0.40123839009287926 0.8071428571428572 0.4055727554179567 0.8071428571428572 0.4148606811145511 0.7988095238095239 0.42043343653250775 0.7892857142857143 0.42538699690402476 0.7797619047619048 0.43034055727554177 0.7607142857142857 0.44024767801857584 0.6428571428571429 0.44024767801857584 0.6297619047619047 0.43529411764705883 0.6190476190476191 0.43034055727554177 0.6107142857142858 0.42910216718266253 0.6095238095238096 0.4117647058823529 0.6095238095238096 
29 0.38204334365325077 0.6095238095238096 0.3764705882352941 0.6190476190476191 0.3715170278637771 0.6285714285714286 0.36160990712074303 0.7523809523809524 0.36160990712074303 0.7880952380952381 0.3622291021671827 0.7892857142857143 0.3801857585139319 0.7892857142857143 0.3907120743034056 0.7702380952380953 0.4006191950464396 0.7404761904761905 0.4055727554179567 0.7107142857142857 0.4154798761609907 0.6273809523809524 0.4154798761609907 0.6202380952380953 0.40990712074303404 0.6095238095238096 0.38204334365325077 0.6095238095238096 
30 0.33250773993808047 0.6 0.3269349845201238 0.6095238095238096 0.3219814241486068 0.6202380952380953 0.29721362229102166 0.7238095238095238 0.29721362229102166 0.7511904761904762 0.3170278637770898 0.7797619047619048 0.33560371517027865 0.7797619047619048 0.3510835913312694 0.7607142857142857 0.3609907120743034 0.7404761904761905 0.37585139318885447 0.694047619047619 0.3907120743034056 0.6178571428571429 0.3907120743034056 0.6011904761904762 0.39009287925696595 0.6 0.33250773993808047 0.6 