3 0.29226006191950465 0.3333333333333333 0.27801857585139317 0.34285714285714286 0.2773993808049536 0.34404761904761905 0.2724458204334365 0.47619047619047616 0.2724458204334365 0.5035714285714286 0.27801857585139317 0.513095238095238 0.33126934984520123 0.513095238095238 0.33622291021671824 0.5023809523809524 0.33622291021671824 0.45714285714285713 0.32136222910216716 0.3619047619047619 0.31640866873065016 0.34404761904761905 0.3108359133126935 0.3333333333333333 0.29226006191950465 0.3333333333333333 
4 0.33250773993808047 0.3142857142857143 0.3318885448916409 0.31547619047619047 0.3269349845201238 0.35595238095238096 0.3269349845201238 0.4630952380952381 0.3318885448916409 0.5119047619047619 0.33250773993808047 0.513095238095238 0.3473684210526316 0.5226190476190476 0.35975232198142415 0.5226190476190476 0.37089783281733746 0.5119047619047619 0.37089783281733746 0.45714285714285713 0.36594427244582045 0.42023809523809524 0.3560371517027864 0.3619047619047619 0.3510835913312694 0.3345238095238095 0.3461300309597523 0.31547619047619047 0.3448916408668731 0.3142857142857143 0.33250773993808047 0.3142857142857143 
5 0.37585139318885447 0.3047619047619048 0.37275541795665634 0.30833333333333335 0.3715170278637771 0.3119047619047619 0.36656346749226004 0.34404761904761905 0.36160990712074303 0.42857142857142855 0.36160990712074303 0.4654761904761905 0.36656346749226004 0.5023809523809524 0.3721362229102167 0.513095238095238 0.39442724458204337 0.513095238095238 0.40495356037151703 0.5035714285714286 0.4055727554179567 0.5 0.4055727554179567 0.42142857142857143 0.4006191950464396 0.3238095238095238 0.39009287925696595 0.3047619047619048 0.37585139318885447 0.3047619047619048 
6 0.3925696594427245 0.2857142857142857 0.3913312693498452 0.2869047619047619 0.3913312693498452 0.30714285714285716 0.39628482972136225 0.4261904761904762 0.40123839009287926 0.49404761904761907 0.41114551083591333 0.513095238095238 0.42538699690402476 0.513095238095238 0.43034055727554177 0.5095238095238095 0.4346749226006192 0.5035714285714286 0.43529411764705883 0.5023809523809524 0.44024767801857584 0.4845238095238095 0.44024767801857584 0.44047619047619047 0.43034055727554177 0.3333333333333333 0.42538699690402476 0.31547619047619047 0.4105263157894737 0.2857142857142857 0.3925696594427245 0.2857142857142857 
7 0.4613003095975232 0.3142857142857143 0.45572755417956656 0.3238095238095238 0.45077399380804956 0.3333333333333333 0.4458204334365325 0.3619047619047619 0.4359133126934985 0.42857142857142855 0.4359133126934985 0.49166666666666664 0.43653250773993807 0.49404761904761907 0.4408668730650155 0.5023809523809524 0.4421052631578947 0.5035714285714286 0.4693498452012384 0.5035714285714286 0.4743034055727554 0.49404761904761907 0.47492260061919506 0.49166666666666664 0.47987616099071206 0.42738095238095236 0.47987616099071206 0.31547619047619047 0.4786377708978328 0.3142857142857143 0.4613003095975232 0.3142857142857143 
8 0.4854489164086687 0.3047619047619048 0.48111455108359136 0.3142857142857143 0.4804953560371517 0.31666666666666665 0.47554179566563465 0.34285714285714286 0.47058823529411764 0.41904761904761906 0.47058823529411764 0.49404761904761907 0.47554179566563465 0.5023809523809524 0.4773993808049536 0.5035714285714286 0.5040247678018576 0.5035714285714286 0.5095975232198142 0.49404761904761907 0.5095975232198142 0.36428571428571427 0.5046439628482973 0.325 0.49907120743034056 0.3142857142857143 0.4934984520123839 0.3047619047619048 0.4854489164086687 0.3047619047619048 
9 0.5157894736842106 0.3142857142857143 0.5102167182662539 0.3238095238095238 0.5052631578947369 0.3630952380952381 0.5052631578947369 0.4845238095238095 0.5102167182662539 0.49404761904761907 0.5442724458204334 0.49404761904761907 0.5442724458204334 0.39285714285714285 0.5393188854489164 0.31547619047619047 0.5386996904024768 0.3142857142857143 0.5157894736842106 0.3142857142857143 
10 0.5603715170278638 0.3047619047619048 0.5547987616099072 0.3142857142857143 0.544891640866873 0.3738095238095238 0.5399380804953561 0.4095238095238095 0.5399380804953561 0.4845238095238095 0.5455108359133127 0.49404761904761907 0.5739938080495356 0.49404761904761907 0.5789473684210527 0.37857142857142856 0.5789473684210527 0.3273809523809524 0.578328173374613 0.3238095238095238 0.5739938080495356 0.305952380952381 0.5721362229102167 0.3047619047619048 0.5603715170278638 0.3047619047619048 
11 0.6012383900928793 0.2857142857142857 0.5993808049535604 0.2869047619047619 0.5944272445820433 0.3047619047619048 0.5894736842105263 0.32857142857142857 0.5845201238390093 0.3547619047619048 0.5746130030959752 0.42857142857142855 0.5746130030959752 0.48333333333333334 0.5845201238390093 0.5035714285714286 0.6024767801857586 0.5035714285714286 0.6037151702786377 0.5023809523809524 0.6080495356037152 0.49404761904761907 0.6086687306501548 0.48928571428571427 0.6136222910216719 0.4035714285714286 0.6136222910216719 0.3238095238095238 0.6086687306501548 0.2857142857142857 0.6012383900928793 0.2857142857142857 
12 0.6198142414860681 0.3047619047619048 0.6191950464396285 0.305952380952381 0.6092879256965944 0.38095238095238093 0.6043343653250774 0.4738095238095238 0.6043343653250774 0.475 0.6092879256965944 0.4845238095238095 0.6334365325077399 0.4845238095238095 0.6427244582043343 0.475 0.648297213622291 0.4642857142857143 0.648297213622291 0.44761904761904764 0.638390092879257 0.325 0.6334365325077399 0.305952380952381 0.6328173374613003 0.3047619047619048 0.6198142414860681 0.3047619047619048 
13 0.6489164086687307 0.29523809523809524 0.6439628482972136 0.34285714285714286 0.6390092879256966 0.430952380952381 0.6390092879256966 0.45476190476190476 0.6439628482972136 0.475 0.6538699690402476 0.49404761904761907 0.6724458204334365 0.49404761904761907 0.6773993808049535 0.4845238095238095 0.6780185758513931 0.48214285714285715 0.6780185758513931 0.41904761904761906 0.6681114551083591 0.3333333333333333 0.6631578947368421 0.3047619047619048 0.6582043343653251 0.29523809523809524 0.6489164086687307 0.29523809523809524 
15 0.7232198142414861 0.3333333333333333 0.713312693498452 0.34285714285714286 0.708359133126935 0.3523809523809524 0.7040247678018576 0.3619047619047619 0.698452012383901 0.38095238095238093 0.6934984520123839 0.4095238095238095 0.6934984520123839 0.4154761904761905 0.698452012383901 0.42738095238095236 0.7034055727554179 0.4369047619047619 0.7139318885448916 0.44642857142857145 0.7312693498452012 0.44642857142857145 0.7325077399380805 0.4452380952380952 0.7374613003095976 0.4369047619047619 0.7424148606811145 0.3976190476190476 0.7424148606811145 0.34404761904761905 0.7368421052631579 0.3333333333333333 0.7232198142414861 0.3333333333333333 
18 0.6996904024767802 0.47619047619047616 0.6885448916408669 0.4857142857142857 0.6885448916408669 0.530952380952381 0.698452012383901 0.5976190476190476 0.7034055727554179 0.6273809523809524 0.708359133126935 0.6547619047619048 0.713312693498452 0.6738095238095239 0.7139318885448916 0.675 0.7275541795665634 0.675 0.7325077399380805 0.6654761904761904 0.7424148606811145 0.5678571428571428 0.7424148606811145 0.4988095238095238 0.7417956656346749 0.49523809523809526 0.7374613003095976 0.4869047619047619 0.7362229102167183 0.4857142857142857 0.7108359133126935 0.47619047619047616 0.6996904024767802 0.47619047619047616 
19 0.6445820433436532 0.49523809523809526 0.6390092879256966 0.5059523809523809 0.6390092879256966 0.5297619047619048 0.6544891640866873 0.6369047619047619 0.6588235294117647 0.655952380952381 0.6637770897832818 0.675 0.6773993808049535 0.675 0.6978328173374613 0.6654761904761904 0.6978328173374613 0.6095238095238096 0.6928792569659443 0.49523809523809526 0.6445820433436532 0.49523809523809526 
20 0.6247678018575852 0.49523809523809526 0.6092879256965944 0.5059523809523809 0.6092879256965944 0.5511904761904762 0.6142414860681115 0.6071428571428571 0.6241486068111455 0.6833333333333333 0.6291021671826625 0.694047619047619 0.638390092879257 0.694047619047619 0.648297213622291 0.5702380952380952 0.648297213622291 0.5238095238095238 0.643343653250774 0.5047619047619047 0.6377708978328174 0.49642857142857144 0.6359133126934985 0.49523809523809526 0.6247678018575852 0.49523809523809526 
21 0.5752321981424149 0.5047619047619047 0.5746130030959752 0.5059523809523809 0.5746130030959752 0.55 0.595046439628483 0.6904761904761905 0.5956656346749226 0.694047619047619 0.5993808049535604 0.7035714285714286 0.6130030959752322 0.7035714285714286 0.6136222910216719 0.7023809523809523 0.6136222910216719 0.5154761904761904 0.6086687306501548 0.5047619047619047 0.5752321981424149 0.5047619047619047 
22 0.5547987616099072 0.5047619047619047 0.544891640866873 0.5142857142857142 0.544891640866873 0.5702380952380952 0.5647058823529412 0.7119047619047619 0.5696594427244582 0.7226190476190476 0.5746130030959752 0.7321428571428571 0.5888544891640867 0.7321428571428571 0.5888544891640867 0.6226190476190476 0.5839009287925696 0.5642857142857143 0.5789473684210527 0.5154761904761904 0.578328173374613 0.5142857142857142 0.5690402476780185 0.5047619047619047 0.5547987616099072 0.5047619047619047 
23 0.5201238390092879 0.5047619047619047 0.5201238390092879 0.5797619047619048 0.525077399380805 0.6428571428571429 0.530030959752322 0.6833333333333333 0.5318885448916408 0.6845238095238095 0.5436532507739938 0.6845238095238095 0.5442724458204334 0.6821428571428572 0.5492260061919505 0.6547619047619048 0.5492260061919505 0.5142857142857142 0.5442724458204334 0.5047619047619047 0.5201238390092879 0.5047619047619047 
24 0.5003095975232198 0.5142857142857142 0.5003095975232198 0.5761904761904761 0.5052631578947369 0.6345238095238095 0.5102167182662539 0.6654761904761904 0.5232198142414861 0.6654761904761904 0.5244582043343653 0.6642857142857143 0.5244582043343653 0.5142857142857142 0.5003095975232198 0.5142857142857142 
25 0.4761609907120743 0.5142857142857142 0.47554179566563465 0.5166666666666667 0.47554179566563465 0.5511904761904762 0.4804953560371517 0.5988095238095238 0.4854489164086687 0.6273809523809524 0.4904024767801858 0.6535714285714286 0.49102167182662537 0.655952380952381 0.5003095975232198 0.675 0.503405572755418 0.675 0.5046439628482973 0.6738095238095239 0.5095975232198142 0.6654761904761904 0.5095975232198142 0.6107142857142858 0.4996904024767802 0.5154761904761904 0.49907120743034056 0.5142857142857142 0.4761609907120743 0.5142857142857142 
26 0.45572755417956656 0.5047619047619047 0.45139318885448915 0.5142857142857142 0.45077399380804956 0.5166666666666667 0.45077399380804956 0.5595238095238095 0.45572755417956656 0.6059523809523809 0.46068111455108357 0.6273809523809524 0.46563467492260063 0.6464285714285715 0.4761609907120743 0.6845238095238095 0.48359133126934983 0.6845238095238095 0.4848297213622291 0.6821428571428572 0.4848297213622291 0.6095238095238096 0.47987616099071206 0.5142857142857142 0.47492260061919506 0.5059523809523809 0.47368421052631576 0.5047619047619047 0.45572755417956656 0.5047619047619047 
27 0.42724458204334365 0.5142857142857142 0.421671826625387 0.5238095238095238 0.42105263157894735 0.525 0.42105263157894735 0.6369047619047619 0.4260061919504644 0.6642857142857143 0.43157894736842106 0.6845238095238095 0.4458204334365325 0.7202380952380952 0.4470588235294118 0.7226190476190476 0.45944272445820433 0.7226190476190476 0.460061919504644 0.7214285714285714 0.460061919504644 0.6678571428571428 0.4551083591331269 0.5333333333333333 0.4501547987616099 0.5142857142857142 0.42724458204334365 0.5142857142857142 
28 0.3913312693498452 0.5142857142857142 0.3863777089783282 0.525 0.3863777089783282 0.6261904761904762 0.3913312693498452 0.675 0.39628482972136225 0.6916666666666667 0.40123839009287926 0.7035714285714286 0.4068111455108359 0.7130952380952381 0.4148606811145511 0.7130952380952381 0.42043343653250775 0.7035714285714286 0.42538699690402476 0.5797619047619048 0.42538699690402476 0.5357142857142857 0.4247678018575851 0.5333333333333333 0.42043343653250775 0.525 0.4024767801857585 0.5142857142857142 0.3913312693498452 0.5142857142857142 
29 0.35170278637770896 0.5238095238095238 0.34674922600619196 0.5333333333333333 0.34674922600619196 0.5547619047619048 0.3473684210526316 0.5607142857142857 0.356656346749226 0.6178571428571429 0.3721362229102167 0.7035714285714286 0.3764705882352941 0.7226190476190476 0.3814241486068111 0.7297619047619047 0.3863777089783282 0.7321428571428571 0.3894736842105263 0.7309523809523809 0.3907120743034056 0.7297619047619047 0.39504643962848296 0.7226190476190476 0.3956656346749226 0.7154761904761905 0.3956656346749226 0.6190476190476191 0.3907120743034056 0.5238095238095238 0.35170278637770896 0.5238095238095238 
30 0.30340557275541796 0.5238095238095238 0.3021671826625387 0.525 0.29226006191950465 0.6 0.29226006191950465 0.680952380952381 0.29287925696594425 0.6845238095238095 0.32260061919504646 0.7035714285714286 0.34055727554179566 0.7035714285714286 0.3461300309597523 0.6833333333333333 0.3510835913312694 0.6642857142857143 0.3560371517027864 0.5964285714285714 0.3560371517027864 0.5238095238095238 0.30340557275541796 0.5238095238095238 
31 0.2724458204334365 0.5142857142857142 0.24891640866873066 0.5333333333333333 0.2476780185758514 0.5345238095238095 0.24272445820433436 0.544047619047619 0.24272445820433436 0.5785714285714286 0.2631578947368421 0.6845238095238095 0.2674922600619195 0.7023809523809523 0.26811145510835915 0.7035714285714286 0.291640866873065 0.7035714285714286 0.2959752321981424 0.694047619047619 0.29659442724458207 0.6916666666666667 0.3015479876160991 0.5797619047619048 0.3015479876160991 0.5238095238095238 0.29102167182662536 0.5142857142857142 0.2724458204334365 0.5142857142857142 