1 0.2241486068111455 0.22857142857142856 0.22291021671826625 0.22976190476190475 0.21795665634674924 0.3464285714285714 0.21795665634674924 0.37023809523809526 0.22786377708978328 0.3892857142857143 0.243343653250774 0.39880952380952384 0.26625386996904027 0.39880952380952384 0.26687306501547986 0.39285714285714285 0.26687306501547986 0.2857142857142857 0.26191950464396285 0.25833333333333336 0.2513931888544892 0.23809523809523808 0.23591331269349844 0.22857142857142856 0.2241486068111455 0.22857142857142856 
2 0.2674922600619195 0.22857142857142856 0.2625386996904025 0.35595238095238096 0.2625386996904025 0.3773809523809524 0.2674922600619195 0.41785714285714287 0.2873065015479876 0.42738095238095236 0.3108359133126935 0.42738095238095236 0.31640866873065016 0.4166666666666667 0.31640866873065016 0.325 0.31145510835913315 0.26785714285714285 0.3058823529411765 0.24761904761904763 0.30092879256965943 0.23809523809523808 0.28111455108359135 0.22857142857142856 0.2674922600619195 0.22857142857142856 
3 0.334984520123839 0.24761904761904763 0.3318885448916409 0.2488095238095238 0.31207430340557274 0.2571428571428571 0.31207430340557274 0.4083333333333333 0.3176470588235294 0.41785714285714287 0.3368421052631579 0.42738095238095236 0.3498452012383901 0.42738095238095236 0.3510835913312694 0.4261904761904762 0.3560371517027864 0.41785714285714287 0.3609907120743034 0.39880952380952384 0.3609907120743034 0.3535714285714286 0.35541795665634673 0.3142857142857143 0.3510835913312694 0.2857142857142857 0.3461300309597523 0.26071428571428573 0.3411764705882353 0.24761904761904763 0.334984520123839 0.24761904761904763 
4 0.36780185758513934 0.24761904761904763 0.36656346749226004 0.2488095238095238 0.36160990712074303 0.2785714285714286 0.356656346749226 0.34404761904761905 0.356656346749226 0.42142857142857143 0.3572755417956656 0.4261904761904762 0.3585139318885449 0.42738095238095236 0.38575851393188854 0.42738095238095236 0.3907120743034056 0.4083333333333333 0.3907120743034056 0.3333333333333333 0.38080495356037153 0.25833333333333336 0.37585139318885447 0.24761904761904763 0.36780185758513934 0.24761904761904763 
5 0.4018575851393189 0.23809523809523808 0.39628482972136225 0.2488095238095238 0.3913312693498452 0.2785714285714286 0.3814241486068111 0.4023809523809524 0.3814241486068111 0.41785714285714287 0.4055727554179567 0.41785714285714287 0.4154798761609907 0.4083333333333333 0.42043343653250775 0.3892857142857143 0.42043343653250775 0.3047619047619048 0.4154798761609907 0.2702380952380952 0.4105263157894737 0.23809523809523808 0.4018575851393189 0.23809523809523808 
6 0.4173374613003096 0.2 0.41609907120743034 0.2011904761904762 0.4117647058823529 0.21904761904761905 0.41114551083591333 0.2226190476190476 0.41114551083591333 0.30952380952380953 0.41609907120743034 0.4083333333333333 0.421671826625387 0.41785714285714287 0.44458204334365325 0.41785714285714287 0.4452012383900929 0.4166666666666667 0.4501547987616099 0.3964285714285714 0.4501547987616099 0.29523809523809524 0.44024767801857584 0.23809523809523808 0.43034055727554177 0.20952380952380953 0.4247678018575851 0.2 0.4173374613003096 0.2 
7 0.45077399380804956 0.21904761904761905 0.4458204334365325 0.24761904761904763 0.4458204334365325 0.3773809523809524 0.45077399380804956 0.4083333333333333 0.4563467492260062 0.41785714285714287 0.47987616099071206 0.41785714285714287 0.47987616099071206 0.3523809523809524 0.47492260061919506 0.2488095238095238 0.469969040247678 0.22857142857142856 0.465015479876161 0.21904761904761905 0.45077399380804956 0.21904761904761905 
8 0.49102167182662537 0.19047619047619047 0.4904024767801858 0.19166666666666668 0.4854489164086687 0.20952380952380953 0.4804953560371517 0.22857142857142856 0.47058823529411764 0.3607142857142857 0.47554179566563465 0.4083333333333333 0.4854489164086687 0.41785714285714287 0.508359133126935 0.41785714285714287 0.5095975232198142 0.4154761904761905 0.5095975232198142 0.21071428571428572 0.5046439628482973 0.19047619047619047 0.49102167182662537 0.19047619047619047 
9 0.5219814241486068 0.2 0.5201238390092879 0.2011904761904762 0.5151702786377709 0.20952380952380953 0.5058823529411764 0.34285714285714286 0.5052631578947369 0.3547619047619048 0.5052631578947369 0.39880952380952384 0.5151702786377709 0.4166666666666667 0.5170278637770898 0.41785714285714287 0.5424148606811146 0.41785714285714287 0.5442724458204334 0.4154761904761905 0.5442724458204334 0.2857142857142857 0.5393188854489164 0.21904761904761905 0.5343653250773994 0.20952380952380953 0.5294117647058824 0.2011904761904762 0.5281733746130031 0.2 0.5219814241486068 0.2 
10 0.5603715170278638 0.22857142857142856 0.5547987616099072 0.23809523809523808 0.544891640866873 0.2761904761904762 0.5399380804953561 0.2988095238095238 0.5399380804953561 0.40714285714285714 0.541795665634675 0.4083333333333333 0.5591331269349845 0.4083333333333333 0.5690402476780185 0.3892857142857143 0.5690402476780185 0.22976190476190475 0.5684210526315789 0.22857142857142856 0.5603715170278638 0.22857142857142856 
11 0.5894736842105263 0.20952380952380953 0.5845201238390093 0.22857142857142856 0.5795665634674922 0.2488095238095238 0.5647058823529412 0.3238095238095238 0.5647058823529412 0.3880952380952381 0.5702786377708978 0.4083333333333333 0.5746130030959752 0.41785714285714287 0.5938080495356037 0.41785714285714287 0.5987616099071208 0.4083333333333333 0.6037151702786377 0.3202380952380952 0.6037151702786377 0.21071428571428572 0.6030959752321982 0.20952380952380953 0.5894736842105263 0.20952380952380953 
12 0.614860681114551 0.23809523809523808 0.6092879256965944 0.24761904761904763 0.6043343653250774 0.26785714285714285 0.5944272445820433 0.3261904761904762 0.5944272445820433 0.40714285714285714 0.6043343653250774 0.42738095238095236 0.6235294117647059 0.42738095238095236 0.628482972136223 0.41785714285714287 0.6334365325077399 0.40714285714285714 0.6334365325077399 0.3619047619047619 0.628482972136223 0.2726190476190476 0.6278637770897832 0.26785714285714285 0.6235294117647059 0.2392857142857143 0.6222910216718266 0.23809523809523808 0.614860681114551 0.23809523809523808 
13 0.6396284829721363 0.2571428571428571 0.6340557275541796 0.2761904761904762 0.6291021671826625 0.29523809523809524 0.6241486068111455 0.3238095238095238 0.6241486068111455 0.41785714285714287 0.6291021671826625 0.42738095238095236 0.6526315789473685 0.42738095238095236 0.653250773993808 0.4261904761904762 0.653250773993808 0.2869047619047619 0.648297213622291 0.2571428571428571 0.6396284829721363 0.2571428571428571 
14 0.669969040247678 0.2571428571428571 0.6687306501547987 0.25833333333333336 0.6637770897832818 0.26666666666666666 0.6588235294117647 0.2761904761904762 0.6489164086687307 0.3047619047619048 0.6489164086687307 0.4261904761904762 0.6501547987616099 0.42738095238095236 0.6928792569659443 0.42738095238095236 0.6978328173374613 0.41785714285714287 0.7077399380804954 0.30357142857142855 0.7077399380804954 0.26071428571428573 0.7071207430340557 0.2571428571428571 0.669969040247678 0.2571428571428571 
15 0.7139318885448916 0.23809523809523808 0.7034055727554179 0.26666666666666666 0.6934984520123839 0.325 0.6934984520123839 0.40714285714285714 0.6990712074303406 0.41785714285714287 0.7170278637770898 0.41785714285714287 0.7411764705882353 0.4083333333333333 0.7424148606811145 0.40714285714285714 0.7473684210526316 0.33095238095238094 0.7473684210526316 0.24761904761904763 0.7275541795665634 0.23809523809523808 0.7139318885448916 0.23809523809523808 
16 0.7628482972136222 0.21904761904761905 0.7529411764705882 0.2392857142857143 0.7430340557275542 0.2761904761904762 0.7380804953560371 0.3238095238095238 0.7380804953560371 0.38571428571428573 0.7386996904024767 0.3892857142857143 0.76656346749226 0.3892857142857143 0.7770897832817337 0.37976190476190474 0.7820433436532508 0.36904761904761907 0.7869969040247679 0.35 0.7919504643962848 0.30238095238095236 0.7919504643962848 0.23809523809523808 0.7869969040247679 0.22976190476190475 0.7764705882352941 0.21904761904761905 0.7628482972136222 0.21904761904761905 
17 0.7752321981424148 0.37142857142857144 0.7727554179566564 0.3726190476190476 0.7591331269349845 0.38095238095238093 0.7479876160990712 0.3904761904761905 0.7430340557275542 0.4011904761904762 0.7430340557275542 0.4642857142857143 0.7479876160990712 0.4845238095238095 0.7578947368421053 0.5035714285714286 0.7777089783281734 0.5404761904761904 0.7789473684210526 0.5416666666666666 0.7962848297213623 0.5416666666666666 0.8160990712074303 0.513095238095238 0.821671826625387 0.5035714285714286 0.821671826625387 0.4607142857142857 0.8210526315789474 0.45714285714285713 0.81671826625387 0.4392857142857143 0.7969040247678019 0.3726190476190476 0.7962848297213623 0.37142857142857144 0.7752321981424148 0.37142857142857144 
18 0.6934984520123839 0.4 0.6842105263157895 0.41904761904761906 0.6835913312693499 0.42142857142857143 0.6835913312693499 0.49166666666666664 0.6885448916408669 0.513095238095238 0.698452012383901 0.55 0.708359133126935 0.5785714285714286 0.7232198142414861 0.5976190476190476 0.7244582043343654 0.5988095238095238 0.7325077399380805 0.5988095238095238 0.7523219814241486 0.5892857142857143 0.756656346749226 0.5797619047619048 0.7572755417956656 0.5773809523809523 0.7572755417956656 0.4976190476190476 0.7424148606811145 0.4011904761904762 0.7417956656346749 0.4 0.6934984520123839 0.4 
19 0.6396284829721363 0.41904761904761906 0.6390092879256966 0.42023809523809524 0.6340557275541796 0.4857142857142857 0.6340557275541796 0.5119047619047619 0.6390092879256966 0.5797619047619048 0.6445820433436532 0.5988095238095238 0.6829721362229102 0.5988095238095238 0.6879256965944273 0.5880952380952381 0.6879256965944273 0.41904761904761906 0.6396284829721363 0.41904761904761906 
20 0.6105263157894737 0.41904761904761906 0.6092879256965944 0.42023809523809524 0.6043343653250774 0.44047619047619047 0.6043343653250774 0.49166666666666664 0.6092879256965944 0.5988095238095238 0.6278637770897832 0.5988095238095238 0.6334365325077399 0.5880952380952381 0.638390092879257 0.5607142857142857 0.643343653250774 0.4928571428571429 0.643343653250774 0.41904761904761906 0.6105263157894737 0.41904761904761906 
21 0.5863777089783282 0.4095238095238095 0.5845201238390093 0.4119047619047619 0.5801857585139318 0.41904761904761906 0.5795665634674922 0.42023809523809524 0.5795665634674922 0.49404761904761907 0.5845201238390093 0.5797619047619048 0.5981424148606811 0.5797619047619048 0.5987616099071208 0.5773809523809523 0.6086687306501548 0.5226190476190476 0.6136222910216719 0.44642857142857145 0.6136222910216719 0.42023809523809524 0.6086687306501548 0.4107142857142857 0.6074303405572755 0.4095238095238095 0.5863777089783282 0.4095238095238095 
22 0.5547987616099072 0.41904761904761906 0.5498452012383901 0.42857142857142855 0.5498452012383901 0.513095238095238 0.5647058823529412 0.625 0.5653250773993808 0.6273809523809524 0.5789473684210527 0.6273809523809524 0.5839009287925696 0.6083333333333333 0.5839009287925696 0.45714285714285713 0.5789473684210527 0.42023809523809524 0.5777089783281734 0.41904761904761906 0.5547987616099072 0.41904761904761906 
23 0.5256965944272446 0.44761904761904764 0.525077399380805 0.4488095238095238 0.525077399380805 0.5119047619047619 0.530030959752322 0.5595238095238095 0.5306501547987617 0.5607142857142857 0.5473684210526316 0.5607142857142857 0.5486068111455108 0.5595238095238095 0.5492260061919505 0.5583333333333333 0.5492260061919505 0.44761904761904764 0.5256965944272446 0.44761904761904764 
24 0.5058823529411764 0.4380952380952381 0.5052631578947369 0.4392857142857143 0.5052631578947369 0.5416666666666666 0.5102167182662539 0.5607142857142857 0.5151702786377709 0.5702380952380952 0.5244582043343653 0.5702380952380952 0.5294117647058824 0.5607142857142857 0.5294117647058824 0.44166666666666665 0.5287925696594428 0.4380952380952381 0.5058823529411764 0.4380952380952381 
25 0.48606811145510836 0.4380952380952381 0.4854489164086687 0.44047619047619047 0.4823529411764706 0.45714285714285713 0.48111455108359136 0.4666666666666667 0.4804953560371517 0.5059523809523809 0.4804953560371517 0.513095238095238 0.4854489164086687 0.5702380952380952 0.4996904024767802 0.5702380952380952 0.5046439628482973 0.5511904761904762 0.5095975232198142 0.4857142857142857 0.5095975232198142 0.44285714285714284 0.5089783281733746 0.4380952380952381 0.48606811145510836 0.4380952380952381 
26 0.46563467492260063 0.42857142857142855 0.46068111455108357 0.45714285714285713 0.46068111455108357 0.5023809523809524 0.46563467492260063 0.5797619047619048 0.4773993808049536 0.5797619047619048 0.4792569659442725 0.5761904761904761 0.47987616099071206 0.5702380952380952 0.48978328173374613 0.4726190476190476 0.48978328173374613 0.4666666666666667 0.4891640866873065 0.4380952380952381 0.4848297213622291 0.42857142857142855 0.46563467492260063 0.42857142857142855 
27 0.44643962848297214 0.4095238095238095 0.4359133126934985 0.4297619047619048 0.4309597523219814 0.4785714285714286 0.4309597523219814 0.5011904761904762 0.4359133126934985 0.6154761904761905 0.4371517027863777 0.6178571428571429 0.4501547987616099 0.6178571428571429 0.4544891640866873 0.6083333333333333 0.460061919504644 0.5880952380952381 0.465015479876161 0.5511904761904762 0.465015479876161 0.4380952380952381 0.45944272445820433 0.41904761904761906 0.4551083591331269 0.4095238095238095 0.44643962848297214 0.4095238095238095 
28 0.40619195046439627 0.4095238095238095 0.40123839009287926 0.42857142857142855 0.40123839009287926 0.4726190476190476 0.41114551083591333 0.5988095238095238 0.42043343653250775 0.5988095238095238 0.42538699690402476 0.5880952380952381 0.43034055727554177 0.5571428571428572 0.43529411764705883 0.5226190476190476 0.44024767801857584 0.48214285714285715 0.44024767801857584 0.42857142857142855 0.43034055727554177 0.4095238095238095 0.40619195046439627 0.4095238095238095 
29 0.38328173374613 0.4095238095238095 0.37275541795665634 0.41904761904761906 0.3715170278637771 0.42023809523809524 0.3671826625386997 0.42857142857142855 0.36656346749226004 0.43214285714285716 0.36656346749226004 0.45357142857142857 0.3764705882352941 0.5785714285714286 0.3814241486068111 0.6071428571428571 0.38328173374613 0.6083333333333333 0.3938080495356037 0.6083333333333333 0.39504643962848296 0.6071428571428571 0.4 0.5988095238095238 0.4006191950464396 0.5976190476190476 0.4055727554179567 0.5797619047619048 0.4055727554179567 0.41904761904761906 0.4006191950464396 0.4095238095238095 0.38328173374613 0.4095238095238095 
30 0.33250773993808047 0.4095238095238095 0.3219814241486068 0.4226190476190476 0.3219814241486068 0.4869047619047619 0.3269349845201238 0.6083333333333333 0.330030959752322 0.6083333333333333 0.3696594427244582 0.5988095238095238 0.37089783281733746 0.5976190476190476 0.37585139318885447 0.5571428571428572 0.37585139318885447 0.41904761904761906 0.35975232198142415 0.4095238095238095 0.33250773993808047 0.4095238095238095 
31 0.2773993808049536 0.4095238095238095 0.27306501547987616 0.41904761904761906 0.2724458204334365 0.42142857142857143 0.2674922600619195 0.47619047619047616 0.2674922600619195 0.5797619047619048 0.2724458204334365 0.5892857142857143 0.28173374613003094 0.5892857142857143 0.3040247678018576 0.5797619047619048 0.31145510835913315 0.5702380952380952 0.32136222910216716 0.5511904761904762 0.3263157894736842 0.5321428571428571 0.3263157894736842 0.4095238095238095 0.2773993808049536 0.4095238095238095 
32 0.23405572755417955 0.38095238095238093 0.22291021671826625 0.3904761904761905 0.2130030959752322 0.4095238095238095 0.20309597523219813 0.4392857142857143 0.20309597523219813 0.5214285714285715 0.20371517027863778 0.5226190476190476 0.2390092879256966 0.5416666666666666 0.2520123839009288 0.5416666666666666 0.26687306501547986 0.5107142857142857 0.2712074303405573 0.4845238095238095 0.2718266253869969 0.4797619047619048 0.2718266253869969 0.4011904761904762 0.2712074303405573 0.4 0.24643962848297213 0.38095238095238093 0.23405572755417955 0.38095238095238093 