2 0.34674922600619196 0.34285714285714286 0.33746130030959753 0.3523809523809524 0.3318885448916409 0.3619047619047619 0.3219814241486068 0.38095238095238093 0.31207430340557274 0.4107142857142857 0.30712074303405573 0.430952380952381 0.30712074303405573 0.4654761904761905 0.31207430340557274 0.48333333333333334 0.3126934984520124 0.4845238095238095 0.32260061919504646 0.49404761904761907 0.3393188854489164 0.49404761904761907 0.3411764705882353 0.4928571428571429 0.3461300309597523 0.4845238095238095 0.3510835913312694 0.4738095238095238 0.3560371517027864 0.4083333333333333 0.3560371517027864 0.34285714285714286 0.34674922600619196 0.34285714285714286 
3 0.3715170278637771 0.37142857142857144 0.36656346749226004 0.3821428571428571 0.34674922600619196 0.44761904761904764 0.34179566563467495 0.4666666666666667 0.34179566563467495 0.513095238095238 0.34674922600619196 0.5190476190476191 0.35170278637770896 0.5226190476190476 0.3671826625386997 0.5321428571428571 0.38328173374613 0.5321428571428571 0.3851393188854489 0.530952380952381 0.38575851393188854 0.5297619047619048 0.3907120743034056 0.4928571428571429 0.3907120743034056 0.38452380952380955 0.39009287925696595 0.38095238095238093 0.38575851393188854 0.37142857142857144 0.3715170278637771 0.37142857142857144 
4 0.40123839009287926 0.38095238095238093 0.39690402476780184 0.3904761904761905 0.39628482972136225 0.39285714285714285 0.3814241486068111 0.4857142857142857 0.3814241486068111 0.5511904761904762 0.4105263157894737 0.5511904761904762 0.4154798761609907 0.475 0.4154798761609907 0.3821428571428571 0.41424148606811145 0.38095238095238093 0.40123839009287926 0.38095238095238093 
5 0.41671826625387 0.4095238095238095 0.41609907120743034 0.4119047619047619 0.41114551083591333 0.4392857142857143 0.40619195046439627 0.49642857142857144 0.40619195046439627 0.5702380952380952 0.4241486068111455 0.5702380952380952 0.42538699690402476 0.569047619047619 0.43529411764705883 0.5511904761904762 0.43529411764705883 0.42023809523809524 0.4297213622291022 0.4095238095238095 0.41671826625387 0.4095238095238095 
6 0.4359133126934985 0.3904761904761905 0.4309597523219814 0.4095238095238095 0.4309597523219814 0.5785714285714286 0.43653250773993807 0.5892857142857143 0.4501547987616099 0.5892857142857143 0.4551083591331269 0.5797619047619048 0.4551083591331269 0.4797619047619048 0.4501547987616099 0.4011904761904762 0.44458204334365325 0.3904761904761905 0.4359133126934985 0.3904761904761905 
7 0.4662538699690402 0.42857142857142855 0.46563467492260063 0.4297619047619048 0.46068111455108357 0.44761904761904764 0.45572755417956656 0.4857142857142857 0.45077399380804956 0.525 0.45077399380804956 0.5797619047619048 0.45572755417956656 0.5892857142857143 0.46563467492260063 0.5988095238095238 0.4780185758513932 0.5988095238095238 0.47987616099071206 0.5976190476190476 0.47987616099071206 0.49642857142857144 0.47492260061919506 0.42857142857142855 0.4662538699690402 0.42857142857142855 
8 0.48111455108359136 0.4 0.4804953560371517 0.4011904761904762 0.47554179566563465 0.4297619047619048 0.47554179566563465 0.5785714285714286 0.4804953560371517 0.5976190476190476 0.48173374613003095 0.5988095238095238 0.496594427244582 0.5988095238095238 0.4996904024767802 0.5976190476190476 0.4996904024767802 0.5047619047619047 0.48978328173374613 0.4035714285714286 0.4891640866873065 0.4 0.48111455108359136 0.4 
9 0.5052631578947369 0.41904761904761906 0.5003095975232198 0.4297619047619048 0.4953560371517028 0.4773809523809524 0.4953560371517028 0.5880952380952381 0.49597523219814244 0.5892857142857143 0.5244582043343653 0.5892857142857143 0.5244582043343653 0.5523809523809524 0.5195046439628483 0.47619047619047616 0.5145510835913313 0.42142857142857143 0.5139318885448917 0.41904761904761906 0.5052631578947369 0.41904761904761906 
10 0.5207430340557275 0.42857142857142855 0.5201238390092879 0.4297619047619048 0.5201238390092879 0.5869047619047619 0.5207430340557275 0.5892857142857143 0.5436532507739938 0.5892857142857143 0.5442724458204334 0.5880952380952381 0.5442724458204334 0.5333333333333333 0.5393188854489164 0.45714285714285713 0.5343653250773994 0.4297619047619048 0.5337461300309597 0.42857142857142855 0.5207430340557275 0.42857142857142855 
11 0.5405572755417957 0.4 0.5399380804953561 0.4035714285714286 0.5399380804953561 0.569047619047619 0.544891640866873 0.5892857142857143 0.5640866873065016 0.5892857142857143 0.5684210526315789 0.5797619047619048 0.5690402476780185 0.5773809523809523 0.5690402476780185 0.5345238095238095 0.5591331269349845 0.41904761904761906 0.5541795665634675 0.4011904761904762 0.5535603715170279 0.4 0.5405572755417957 0.4 
12 0.5647058823529412 0.4 0.5597523219814241 0.4107142857142857 0.5597523219814241 0.5392857142857143 0.5647058823529412 0.569047619047619 0.5653250773993808 0.5702380952380952 0.5876160990712074 0.5702380952380952 0.5888544891640867 0.569047619047619 0.5931888544891641 0.5607142857142857 0.5938080495356037 0.5583333333333333 0.5938080495356037 0.5273809523809524 0.5789473684210527 0.4107142857142857 0.5739938080495356 0.4 0.5647058823529412 0.4 
13 0.5851393188854489 0.38095238095238093 0.5845201238390093 0.3821428571428571 0.5795665634674922 0.49523809523809526 0.5795665634674922 0.513095238095238 0.5894736842105263 0.5488095238095239 0.5907120743034056 0.5511904761904762 0.6136222910216719 0.5511904761904762 0.6185758513931888 0.5416666666666666 0.6185758513931888 0.5059523809523809 0.5987616099071208 0.4 0.5938080495356037 0.38095238095238093 0.5851393188854489 0.38095238095238093 
14 0.6 0.3619047619047619 0.5993808049535604 0.3630952380952381 0.5993808049535604 0.4452380952380952 0.6043343653250774 0.49404761904761907 0.6092879256965944 0.513095238095238 0.6142414860681115 0.530952380952381 0.6198142414860681 0.5416666666666666 0.638390092879257 0.5416666666666666 0.6582043343653251 0.5226190476190476 0.6582043343653251 0.47619047619047616 0.653250773993808 0.45714285714285713 0.648297213622291 0.4392857142857143 0.628482972136223 0.39166666666666666 0.6235294117647059 0.38095238095238093 0.6136222910216719 0.3619047619047619 0.6 0.3619047619047619 
15 0.6303405572755418 0.3333333333333333 0.6291021671826625 0.3345238095238095 0.6291021671826625 0.39880952380952384 0.6340557275541796 0.4357142857142857 0.6489164086687307 0.4845238095238095 0.6594427244582043 0.5035714285714286 0.6780185758513931 0.5035714285714286 0.6829721362229102 0.4928571428571429 0.6928792569659443 0.45595238095238094 0.6928792569659443 0.42857142857142855 0.6873065015479877 0.4095238095238095 0.6780185758513931 0.3904761904761905 0.6526315789473685 0.34285714285714286 0.6427244582043343 0.3333333333333333 0.6303405572755418 0.3333333333333333 
18 0.669969040247678 0.5142857142857142 0.6557275541795665 0.5238095238095238 0.6439628482972136 0.5333333333333333 0.6439628482972136 0.569047619047619 0.6736842105263158 0.6547619047619048 0.6885448916408669 0.6845238095238095 0.7071207430340557 0.6845238095238095 0.7226006191950465 0.6654761904761904 0.7226006191950465 0.6404761904761904 0.6978328173374613 0.5142857142857142 0.669969040247678 0.5142857142857142 
19 0.6204334365325077 0.5523809523809524 0.6 0.5619047619047619 0.5993808049535604 0.5630952380952381 0.5993808049535604 0.6083333333333333 0.6241486068111455 0.6833333333333333 0.6291021671826625 0.694047619047619 0.6489164086687307 0.7321428571428571 0.6582043343653251 0.7321428571428571 0.6780185758513931 0.7035714285714286 0.6823529411764706 0.694047619047619 0.6829721362229102 0.669047619047619 0.6829721362229102 0.6678571428571428 0.6780185758513931 0.6476190476190476 0.653250773993808 0.5630952380952381 0.6476780185758514 0.5523809523809524 0.6204334365325077 0.5523809523809524 
20 0.5894736842105263 0.580952380952381 0.5746130030959752 0.6 0.5746130030959752 0.625 0.5894736842105263 0.6845238095238095 0.6043343653250774 0.7416666666666667 0.6142414860681115 0.7607142857142857 0.6247678018575852 0.7702380952380953 0.6334365325077399 0.7702380952380953 0.6334365325077399 0.7345238095238096 0.6185758513931888 0.638095238095238 0.6136222910216719 0.6107142857142858 0.6037151702786377 0.5904761904761905 0.5987616099071208 0.580952380952381 0.5894736842105263 0.580952380952381 
21 0.5628482972136223 0.6095238095238096 0.5603715170278638 0.6107142857142858 0.5547987616099072 0.6214285714285714 0.5547987616099072 0.6654761904761904 0.5696594427244582 0.7297619047619047 0.5746130030959752 0.75 0.5801857585139318 0.7702380952380953 0.5845201238390093 0.7785714285714286 0.5857585139318885 0.7797619047619048 0.5938080495356037 0.7797619047619048 0.5938080495356037 0.7380952380952381 0.5888544891640867 0.6285714285714286 0.578328173374613 0.6095238095238096 0.5628482972136223 0.6095238095238096 
22 0.5455108359133127 0.6285714285714286 0.534984520123839 0.6583333333333333 0.534984520123839 0.6726190476190477 0.544891640866873 0.75 0.5504643962848297 0.7702380952380953 0.5634674922600619 0.7702380952380953 0.5684210526315789 0.7607142857142857 0.5690402476780185 0.7535714285714286 0.5690402476780185 0.6773809523809524 0.5591331269349845 0.6309523809523809 0.5585139318885449 0.6285714285714286 0.5455108359133127 0.6285714285714286 
23 0.5256965944272446 0.6190476190476191 0.525077399380805 0.6202380952380953 0.5201238390092879 0.6678571428571428 0.5201238390092879 0.7511904761904762 0.5337461300309597 0.7511904761904762 0.5343653250773994 0.7488095238095238 0.5393188854489164 0.719047619047619 0.5442724458204334 0.6845238095238095 0.5442724458204334 0.6309523809523809 0.5436532507739938 0.6285714285714286 0.5393188854489164 0.6190476190476191 0.5256965944272446 0.6190476190476191 
24 0.5058823529411764 0.6285714285714286 0.5052631578947369 0.6297619047619047 0.5052631578947369 0.75 0.5108359133126935 0.7607142857142857 0.518266253869969 0.7607142857142857 0.5195046439628483 0.7595238095238095 0.5238390092879257 0.7511904761904762 0.5244582043343653 0.7464285714285714 0.5244582043343653 0.6297619047619047 0.5232198142414861 0.6285714285714286 0.5058823529411764 0.6285714285714286 
25 0.4904024767801858 0.6285714285714286 0.4854489164086687 0.6857142857142857 0.4854489164086687 0.7416666666666667 0.49907120743034056 0.7416666666666667 0.4996904024767802 0.7404761904761905 0.5046439628482973 0.7226190476190476 0.5089783281733746 0.7035714285714286 0.5095975232198142 0.6988095238095238 0.5095975232198142 0.6297619047619047 0.5089783281733746 0.6285714285714286 0.4904024767801858 0.6285714285714286 
26 0.47058823529411764 0.6285714285714286 0.47058823529411764 0.7511904761904762 0.4842105263157895 0.7511904761904762 0.4848297213622291 0.75 0.48978328173374613 0.7309523809523809 0.49473684210526314 0.675 0.49473684210526314 0.638095238095238 0.48978328173374613 0.6285714285714286 0.47058823529411764 0.6285714285714286 
27 0.4551083591331269 0.6190476190476191 0.4520123839009288 0.6226190476190476 0.45077399380804956 0.6261904761904762 0.4458204334365325 0.6773809523809524 0.4408668730650155 0.7333333333333333 0.4408668730650155 0.7607142857142857 0.4588235294117647 0.7607142857142857 0.460061919504644 0.7595238095238095 0.465015479876161 0.7511904761904762 0.4693498452012384 0.7416666666666667 0.469969040247678 0.7392857142857143 0.47492260061919506 0.7023809523809523 0.47492260061919506 0.6297619047619047 0.4743034055727554 0.6285714285714286 0.465015479876161 0.6190476190476191 0.4551083591331269 0.6190476190476191 
28 0.42724458204334365 0.6095238095238096 0.4260061919504644 0.6107142857142858 0.42105263157894735 0.6285714285714286 0.41609907120743034 0.7142857142857143 0.41609907120743034 0.7797619047619048 0.43034055727554177 0.7797619047619048 0.43529411764705883 0.7702380952380953 0.4452012383900929 0.7226190476190476 0.4501547987616099 0.6845238095238095 0.4501547987616099 0.6190476190476191 0.4452012383900929 0.6095238095238096 0.42724458204334365 0.6095238095238096 
29 0.4018575851393189 0.580952380952381 0.39628482972136225 0.6095238095238096 0.3764705882352941 0.7238095238095238 0.3764705882352941 0.7511904761904762 0.3814241486068111 0.7595238095238095 0.3826625386996904 0.7607142857142857 0.38575851393188854 0.7607142857142857 0.39504643962848296 0.7511904761904762 0.40990712074303404 0.7130952380952381 0.42043343653250775 0.6845238095238095 0.42538699690402476 0.6630952380952381 0.43529411764705883 0.6154761904761905 0.43529411764705883 0.594047619047619 0.4346749226006192 0.5904761904761905 0.42538699690402476 0.580952380952381 0.4018575851393189 0.580952380952381 
30 0.3628482972136223 0.5523809523809524 0.36160990712074303 0.5535714285714286 0.3318885448916409 0.6488095238095238 0.3318885448916409 0.694047619047619 0.3572755417956656 0.7321428571428571 0.37089783281733746 0.7321428571428571 0.37585139318885447 0.7226190476190476 0.38080495356037153 0.7119047619047619 0.38575851393188854 0.694047619047619 0.4006191950464396 0.6369047619047619 0.4055727554179567 0.6154761904761905 0.4105263157894737 0.5892857142857143 0.4105263157894737 0.5738095238095238 0.40990712074303404 0.5714285714285714 0.4055727554179567 0.5619047619047619 0.3801857585139319 0.5523809523809524 0.3628482972136223 0.5523809523809524 
31 0.3219814241486068 0.5047619047619047 0.3170278637770898 0.5142857142857142 0.31207430340557274 0.5333333333333333 0.29721362229102166 0.6095238095238096 0.29721362229102166 0.655952380952381 0.30712074303405573 0.675 0.3201238390092879 0.675 0.3306501547987616 0.6654761904761904 0.3411764705882353 0.6464285714285715 0.3461300309597523 0.6357142857142857 0.36594427244582045 0.5797619047619048 0.36594427244582045 0.5428571428571428 0.3609907120743034 0.5333333333333333 0.35541795665634673 0.5238095238095238 0.33560371517027865 0.5047619047619047 0.3219814241486068 0.5047619047619047 