2 0.3170278637770898 0.3333333333333333 0.30712074303405573 0.3523809523809524 0.29721362229102166 0.3821428571428571 0.29721362229102166 0.444047619047619 0.2978328173374613 0.44642857142857145 0.3021671826625387 0.45595238095238094 0.3170278637770898 0.4845238095238095 0.32445820433436534 0.4845238095238095 0.3263157894736842 0.48333333333333334 0.33560371517027865 0.475 0.3411764705882353 0.4654761904761905 0.3461300309597523 0.44642857142857145 0.3609907120743034 0.3880952380952381 0.3609907120743034 0.3619047619047619 0.3560371517027864 0.3523809523809524 0.33622291021671824 0.3333333333333333 0.3170278637770898 0.3333333333333333 
3 0.3430340557275542 0.4 0.34179566563467495 0.4011904761904762 0.3318885448916409 0.4666666666666667 0.3318885448916409 0.5392857142857143 0.3368421052631579 0.5607142857142857 0.35294117647058826 0.5702380952380952 0.3752321981424149 0.5702380952380952 0.3801857585139319 0.5607142857142857 0.38080495356037153 0.5583333333333333 0.38080495356037153 0.45714285714285713 0.37585139318885447 0.41904761904761906 0.37089783281733746 0.4119047619047619 0.3690402476780186 0.4095238095238095 0.35541795665634673 0.4 0.3430340557275542 0.4 
4 0.37708978328173376 0.4 0.3715170278637771 0.4095238095238095 0.3715170278637771 0.45476190476190476 0.3764705882352941 0.5964285714285714 0.37770897832817335 0.5988095238095238 0.38699690402476783 0.6083333333333333 0.3975232198142415 0.6178571428571429 0.4136222910216718 0.6178571428571429 0.42043343653250775 0.6142857142857143 0.42538699690402476 0.5880952380952381 0.42538699690402476 0.5714285714285714 0.4154798761609907 0.49523809523809526 0.4006191950464396 0.4095238095238095 0.3956656346749226 0.4011904761904762 0.39442724458204337 0.4 0.37708978328173376 0.4 
5 0.41238390092879257 0.4 0.41114551083591333 0.4011904761904762 0.41114551083591333 0.5595238095238095 0.41609907120743034 0.5797619047619048 0.421671826625387 0.5892857142857143 0.43529411764705883 0.5892857142857143 0.44024767801857584 0.569047619047619 0.44024767801857584 0.5166666666666667 0.43034055727554177 0.44761904761904764 0.42043343653250775 0.4011904761904762 0.4198142414860681 0.4 0.41238390092879257 0.4 
6 0.421671826625387 0.2857142857142857 0.42105263157894735 0.28809523809523807 0.41609907120743034 0.37142857142857144 0.41609907120743034 0.44642857142857145 0.43157894736842106 0.475 0.43962848297213625 0.475 0.44953560371517026 0.4654761904761905 0.4544891640866873 0.45595238095238094 0.4551083591331269 0.45357142857142857 0.4551083591331269 0.4011904761904762 0.4452012383900929 0.3333333333333333 0.43962848297213625 0.3047619047619048 0.4297213622291022 0.2857142857142857 0.421671826625387 0.2857142857142857 
7 0.4563467492260062 0.4095238095238095 0.45077399380804956 0.41904761904761906 0.4458204334365325 0.4488095238095238 0.4408668730650155 0.4857142857142857 0.4408668730650155 0.5976190476190476 0.4421052631578947 0.5988095238095238 0.465015479876161 0.5988095238095238 0.465015479876161 0.4107142857142857 0.46439628482972134 0.4095238095238095 0.4563467492260062 0.4095238095238095 
8 0.47058823529411764 0.41904761904761906 0.46563467492260063 0.4583333333333333 0.46068111455108357 0.5428571428571428 0.46068111455108357 0.5511904761904762 0.46563467492260063 0.6059523809523809 0.47058823529411764 0.6178571428571429 0.47492260061919506 0.6178571428571429 0.49473684210526314 0.6166666666666667 0.4996904024767802 0.6071428571428571 0.4996904024767802 0.5726190476190476 0.49473684210526314 0.4595238095238095 0.48978328173374613 0.4297619047619048 0.4842105263157895 0.41904761904761906 0.47058823529411764 0.41904761904761906 
9 0.5102167182662539 0.41904761904761906 0.5052631578947369 0.4297619047619048 0.5003095975232198 0.4511904761904762 0.4953560371517028 0.5166666666666667 0.4953560371517028 0.6178571428571429 0.5287925696594428 0.6178571428571429 0.5294117647058824 0.6166666666666667 0.5294117647058824 0.575 0.5244582043343653 0.4583333333333333 0.5195046439628483 0.42023809523809524 0.518266253869969 0.41904761904761906 0.5102167182662539 0.41904761904761906 
10 0.5201238390092879 0.42857142857142855 0.5201238390092879 0.5773809523809523 0.525077399380805 0.6178571428571429 0.5535603715170279 0.6178571428571429 0.5541795665634675 0.6130952380952381 0.5541795665634675 0.5535714285714286 0.5492260061919505 0.5154761904761904 0.5393188854489164 0.44047619047619047 0.5386996904024768 0.4380952380952381 0.5337461300309597 0.42857142857142855 0.5201238390092879 0.42857142857142855 
11 0.544891640866873 0.3047619047619048 0.5399380804953561 0.3238095238095238 0.534984520123839 0.38095238095238093 0.534984520123839 0.475 0.5405572755417957 0.4845238095238095 0.5585139318885449 0.4845238095238095 0.5634674922600619 0.475 0.5690402476780185 0.45595238095238094 0.5690402476780185 0.3619047619047619 0.5640866873065016 0.3047619047619048 0.544891640866873 0.3047619047619048 
12 0.5758513931888545 0.4 0.5746130030959752 0.4023809523809524 0.5399380804953561 0.5059523809523809 0.5399380804953561 0.5202380952380953 0.544891640866873 0.5607142857142857 0.5547987616099072 0.5797619047619048 0.5789473684210527 0.5797619047619048 0.5839009287925696 0.5607142857142857 0.5839009287925696 0.44761904761904764 0.58328173374613 0.43214285714285716 0.5789473684210527 0.4011904761904762 0.578328173374613 0.4 0.5758513931888545 0.4 
13 0.5894736842105263 0.3619047619047619 0.5845201238390093 0.37142857142857144 0.5746130030959752 0.4107142857142857 0.5746130030959752 0.5035714285714286 0.5801857585139318 0.5226190476190476 0.5981424148606811 0.5226190476190476 0.6086687306501548 0.5119047619047619 0.6086687306501548 0.39166666666666666 0.6037151702786377 0.3619047619047619 0.5894736842105263 0.3619047619047619 
14 0.6396284829721363 0.4095238095238095 0.6092879256965944 0.41904761904761906 0.6043343653250774 0.4511904761904762 0.6043343653250774 0.4845238095238095 0.6092879256965944 0.5869047619047619 0.6099071207430341 0.5892857142857143 0.6191950464396285 0.5988095238095238 0.628482972136223 0.5988095238095238 0.6575851393188854 0.5797619047619048 0.6582043343653251 0.5785714285714286 0.6631578947368421 0.5595238095238095 0.6631578947368421 0.5047619047619047 0.648297213622291 0.41904761904761906 0.643343653250774 0.4095238095238095 0.6396284829721363 0.4095238095238095 
15 0.660061919504644 0.3333333333333333 0.6445820433436532 0.34285714285714286 0.6439628482972136 0.34404761904761905 0.6390092879256966 0.3619047619047619 0.6390092879256966 0.4107142857142857 0.6439628482972136 0.475 0.6489164086687307 0.4845238095238095 0.6674922600619195 0.4845238095238095 0.6829721362229102 0.4738095238095238 0.6879256965944273 0.4654761904761905 0.6928792569659443 0.444047619047619 0.6928792569659443 0.40476190476190477 0.6922600619195046 0.4 0.6879256965944273 0.3821428571428571 0.6730650154798762 0.34285714285714286 0.6681114551083591 0.3333333333333333 0.660061919504644 0.3333333333333333 
17 0.7232198142414861 0.5238095238095238 0.713312693498452 0.5428571428571428 0.7089783281733746 0.5523809523809524 0.708359133126935 0.5678571428571428 0.708359133126935 0.6083333333333333 0.713312693498452 0.6261904761904762 0.7188854489164087 0.6369047619047619 0.7411764705882353 0.6369047619047619 0.7424148606811145 0.6345238095238095 0.7523219814241486 0.6083333333333333 0.7523219814241486 0.5428571428571428 0.746749226006192 0.5333333333333333 0.7362229102167183 0.5238095238095238 0.7232198142414861 0.5238095238095238 
18 0.6835913312693499 0.5523809523809524 0.6643962848297214 0.5714285714285714 0.6588235294117647 0.580952380952381 0.6588235294117647 0.6154761904761905 0.6637770897832818 0.6369047619047619 0.6885448916408669 0.6845238095238095 0.7077399380804954 0.6845238095238095 0.7226006191950465 0.655952380952381 0.7226006191950465 0.6238095238095238 0.7219814241486068 0.6190476190476191 0.7126934984520124 0.5619047619047619 0.7071207430340557 0.5523809523809524 0.6835913312693499 0.5523809523809524 
19 0.6439628482972136 0.580952380952381 0.6092879256965944 0.5904761904761905 0.604953560371517 0.6 0.6043343653250774 0.6023809523809524 0.6043343653250774 0.6547619047619048 0.6340557275541796 0.7690476190476191 0.6346749226006192 0.7702380952380953 0.6526315789473685 0.7702380952380953 0.6780185758513931 0.7511904761904762 0.6823529411764706 0.7416666666666667 0.6829721362229102 0.7380952380952381 0.6829721362229102 0.7154761904761905 0.6681114551083591 0.6202380952380953 0.6631578947368421 0.6 0.653250773993808 0.580952380952381 0.6439628482972136 0.580952380952381 
20 0.6092879256965944 0.6857142857142857 0.6043343653250774 0.6869047619047619 0.5944272445820433 0.6952380952380952 0.5944272445820433 0.7892857142857143 0.5993808049535604 0.8154761904761905 0.6 0.8178571428571428 0.604953560371517 0.8273809523809523 0.6179566563467492 0.8273809523809523 0.6235294117647059 0.8166666666666667 0.628482972136223 0.7892857142857143 0.6297213622291021 0.7511904761904762 0.6297213622291021 0.7238095238095238 0.628482972136223 0.6964285714285714 0.6278637770897832 0.6952380952380952 0.6136222910216719 0.6857142857142857 0.6092879256965944 0.6857142857142857 
21 0.5647058823529412 0.6952380952380952 0.5597523219814241 0.705952380952381 0.5547987616099072 0.7535714285714286 0.5547987616099072 0.8238095238095238 0.5554179566563467 0.8261904761904761 0.5597523219814241 0.8357142857142857 0.5603715170278638 0.8369047619047619 0.573374613003096 0.8369047619047619 0.5789473684210527 0.8261904761904761 0.5888544891640867 0.7988095238095239 0.5931888544891641 0.7785714285714286 0.5938080495356037 0.775 0.5938080495356037 0.6964285714285714 0.5931888544891641 0.6952380952380952 0.5647058823529412 0.6952380952380952 
22 0.5504643962848297 0.6285714285714286 0.5405572755417957 0.6392857142857142 0.534984520123839 0.6583333333333333 0.534984520123839 0.7988095238095239 0.5455108359133127 0.8178571428571428 0.5541795665634675 0.8178571428571428 0.5585139318885449 0.7988095238095239 0.5640866873065016 0.7488095238095238 0.5640866873065016 0.638095238095238 0.5585139318885449 0.6285714285714286 0.5504643962848297 0.6285714285714286 
23 0.5207430340557275 0.638095238095238 0.5157894736842106 0.6476190476190476 0.5151702786377709 0.6511904761904762 0.5151702786377709 0.7416666666666667 0.5201238390092879 0.7892857142857143 0.5244582043343653 0.7892857142857143 0.5294117647058824 0.7797619047619048 0.5343653250773994 0.7607142857142857 0.5393188854489164 0.694047619047619 0.5393188854489164 0.6392857142857142 0.5362229102167183 0.638095238095238 0.5207430340557275 0.638095238095238 
24 0.5003095975232198 0.6285714285714286 0.5003095975232198 0.7797619047619048 0.5089783281733746 0.7797619047619048 0.5095975232198142 0.7785714285714286 0.5145510835913313 0.7583333333333333 0.5195046439628483 0.694047619047619 0.5195046439628483 0.6285714285714286 0.5003095975232198 0.6285714285714286 
25 0.4904024767801858 0.6190476190476191 0.48173374613003095 0.6285714285714286 0.48111455108359136 0.6297619047619047 0.4804953560371517 0.6321428571428571 0.4804953560371517 0.7702380952380953 0.48606811145510836 0.7797619047619048 0.48978328173374613 0.7797619047619048 0.49473684210526314 0.7702380952380953 0.4996904024767802 0.7130952380952381 0.4996904024767802 0.6190476190476191 0.4904024767801858 0.6190476190476191 
26 0.4613003095975232 0.6285714285714286 0.46068111455108357 0.6309523809523809 0.46068111455108357 0.7214285714285714 0.46563467492260063 0.7595238095238095 0.47058823529411764 0.7797619047619048 0.4792569659442725 0.7797619047619048 0.47987616099071206 0.7785714285714286 0.4848297213622291 0.7 0.4848297213622291 0.6321428571428571 0.4842105263157895 0.6285714285714286 0.4613003095975232 0.6285714285714286 
27 0.44148606811145513 0.6285714285714286 0.4359133126934985 0.6392857142857142 0.4359133126934985 0.7130952380952381 0.4408668730650155 0.8071428571428572 0.4458204334365325 0.8178571428571428 0.4538699690402477 0.8178571428571428 0.4551083591331269 0.8166666666666667 0.460061919504644 0.8083333333333333 0.465015479876161 0.6928571428571428 0.465015479876161 0.6488095238095238 0.460061919504644 0.638095238095238 0.44953560371517026 0.6285714285714286 0.44148606811145513 0.6285714285714286 
28 0.40123839009287926 0.6857142857142857 0.39690402476780184 0.6964285714285714 0.39628482972136225 0.6988095238095238 0.39628482972136225 0.7416666666666667 0.42105263157894735 0.8273809523809523 0.4390092879256966 0.8273809523809523 0.44024767801857584 0.8261904761904761 0.44024767801857584 0.8 0.43034055727554177 0.6952380952380952 0.4247678018575851 0.6869047619047619 0.4235294117647059 0.6857142857142857 0.40123839009287926 0.6857142857142857 
29 0.3764705882352941 0.6761904761904762 0.36656346749226004 0.6964285714285714 0.36656346749226004 0.8071428571428572 0.3715170278637771 0.8261904761904761 0.373374613003096 0.8273809523809523 0.38575851393188854 0.8273809523809523 0.3907120743034056 0.8178571428571428 0.4006191950464396 0.7785714285714286 0.4055727554179567 0.7380952380952381 0.4055727554179567 0.736904761904762 0.4006191950464396 0.680952380952381 0.4 0.6761904761904762 0.3764705882352941 0.6761904761904762 
30 0.34674922600619196 0.5714285714285714 0.3368421052631579 0.5916666666666667 0.3219814241486068 0.6952380952380952 0.3219814241486068 0.7416666666666667 0.35170278637770896 0.7702380952380953 0.3560371517027864 0.7702380952380953 0.37089783281733746 0.7416666666666667 0.4006191950464396 0.6357142857142857 0.4006191950464396 0.611904761904762 0.4 0.6095238095238096 0.3956656346749226 0.6 0.3907120743034056 0.5904761904761905 0.3702786377708978 0.5714285714285714 0.34674922600619196 0.5714285714285714 
31 0.3040247678018576 0.5523809523809524 0.3021671826625387 0.5535714285714286 0.29287925696594425 0.5619047619047619 0.2724458204334365 0.6190476190476191 0.2724458204334365 0.6547619047619048 0.2873065015479876 0.6845238095238095 0.29659442724458207 0.6845238095238095 0.3263157894736842 0.6654761904761904 0.33622291021671824 0.6464285714285715 0.3411764705882353 0.6357142857142857 0.3411764705882353 0.6 0.33622291021671824 0.5821428571428572 0.32136222910216716 0.5535714285714286 0.3201238390092879 0.5523809523809524 0.3040247678018576 0.5523809523809524 
32 0.25263157894736843 0.5238095238095238 0.25263157894736843 0.5892857142857143 0.25758513931888544 0.6178571428571429 0.286687306501548 0.6178571428571429 0.29102167182662536 0.6083333333333333 0.291640866873065 0.6059523809523809 0.291640866873065 0.5619047619047619 0.286687306501548 0.5345238095238095 0.28111455108359135 0.5238095238095238 0.25263157894736843 0.5238095238095238 
J 0.6043343653250774 0.4857142857142857 0.5795665634674922 0.5047619047619047 0.5653250773993808 0.5714285714285714 0.5647058823529412 0.575 0.5647058823529412 0.6083333333333333 0.5746130030959752 0.6178571428571429 0.5931888544891641 0.6178571428571429 0.6136222910216719 0.6083333333333333 0.6136222910216719 0.4869047619047619 0.6130030959752322 0.4857142857142857 0.6043343653250774 0.4857142857142857 