1 0.25758513931888544 0.3047619047619048 0.25263157894736843 0.31547619047619047 0.25263157894736843 0.40714285714285714 0.25758513931888544 0.41785714285714287 0.2625386996904025 0.42738095238095236 0.26811145510835915 0.4369047619047619 0.27801857585139317 0.44642857142857145 0.291640866873065 0.44642857142857145 0.29659442724458207 0.4261904761904762 0.29659442724458207 0.3904761904761905 0.286687306501548 0.3523809523809524 0.2718266253869969 0.305952380952381 0.27058823529411763 0.3047619047619048 0.25758513931888544 0.3047619047619048 
2 0.3027863777089783 0.3523809523809524 0.2873065015479876 0.3619047619047619 0.2724458204334365 0.45714285714285713 0.2724458204334365 0.5107142857142857 0.27306501547987616 0.513095238095238 0.2773993808049536 0.5214285714285715 0.2934984520123839 0.5321428571428571 0.31640866873065016 0.5321428571428571 0.32136222910216716 0.5202380952380953 0.3256965944272446 0.45595238095238094 0.3263157894736842 0.40714285714285714 0.3263157894736842 0.4023809523809524 0.32074303405572757 0.37142857142857144 0.31640866873065016 0.3547619047619048 0.3151702786377709 0.3523809523809524 0.3027863777089783 0.3523809523809524 
3 0.3287925696594427 0.38095238095238093 0.3269349845201238 0.3821428571428571 0.3219814241486068 0.3904761904761905 0.3170278637770898 0.45714285714285713 0.3170278637770898 0.5404761904761904 0.31826625386996904 0.5416666666666666 0.3318885448916409 0.5511904761904762 0.3603715170278638 0.5511904761904762 0.3653250773993808 0.5416666666666666 0.36594427244582045 0.5392857142857143 0.36594427244582045 0.4 0.3609907120743034 0.38095238095238093 0.3287925696594427 0.38095238095238093 
4 0.3671826625386997 0.3619047619047619 0.36656346749226004 0.3630952380952381 0.36160990712074303 0.44761904761904764 0.36160990712074303 0.55 0.36656346749226004 0.5607142857142857 0.38080495356037153 0.5607142857142857 0.3907120743034056 0.5511904761904762 0.3907120743034056 0.4773809523809524 0.38575851393188854 0.39166666666666666 0.38080495356037153 0.3619047619047619 0.3671826625386997 0.3619047619047619 
5 0.39628482972136225 0.37142857142857144 0.3876160990712074 0.38095238095238093 0.3863777089783282 0.3904761904761905 0.3863777089783282 0.5511904761904762 0.3913312693498452 0.5607142857142857 0.4148606811145511 0.5607142857142857 0.42043343653250775 0.55 0.42538699690402476 0.5321428571428571 0.42538699690402476 0.49642857142857144 0.4154798761609907 0.3964285714285714 0.4148606811145511 0.3904761904761905 0.4105263157894737 0.38095238095238093 0.40495356037151703 0.37142857142857144 0.39628482972136225 0.37142857142857144 
6 0.42105263157894735 0.3523809523809524 0.41609907120743034 0.3821428571428571 0.41609907120743034 0.5607142857142857 0.42105263157894735 0.5702380952380952 0.443343653250774 0.5702380952380952 0.4452012383900929 0.569047619047619 0.4501547987616099 0.5607142857142857 0.4501547987616099 0.5059523809523809 0.44024767801857584 0.4095238095238095 0.43529411764705883 0.36428571428571427 0.4346749226006192 0.3619047619047619 0.4297213622291022 0.3523809523809524 0.42105263157894735 0.3523809523809524 
7 0.45077399380804956 0.4 0.4458204334365325 0.4226190476190476 0.4408668730650155 0.4976190476190476 0.4408668730650155 0.513095238095238 0.4458204334365325 0.5797619047619048 0.46873065015479876 0.5797619047619048 0.469969040247678 0.5785714285714286 0.469969040247678 0.430952380952381 0.465015479876161 0.4 0.45077399380804956 0.4 
8 0.4712074303405573 0.4 0.47058823529411764 0.4035714285714286 0.46563467492260063 0.4380952380952381 0.46563467492260063 0.5607142857142857 0.47058823529411764 0.5785714285714286 0.47554179566563465 0.5892857142857143 0.49287925696594426 0.5892857142857143 0.49473684210526314 0.5880952380952381 0.4996904024767802 0.5785714285714286 0.4996904024767802 0.5238095238095238 0.49473684210526314 0.4666666666666667 0.48978328173374613 0.4107142857142857 0.4842105263157895 0.4 0.4712074303405573 0.4 
9 0.49597523219814244 0.4 0.4953560371517028 0.40476190476190477 0.4953560371517028 0.569047619047619 0.5003095975232198 0.5797619047619048 0.5219814241486068 0.5797619047619048 0.5244582043343653 0.5785714285714286 0.5294117647058824 0.5702380952380952 0.5294117647058824 0.49523809523809526 0.5244582043343653 0.45714285714285713 0.5195046439628483 0.42023809523809524 0.5145510835913313 0.4 0.49597523219814244 0.4 
10 0.525077399380805 0.37142857142857144 0.5201238390092879 0.3821428571428571 0.5201238390092879 0.4511904761904762 0.525077399380805 0.5583333333333333 0.5256965944272446 0.5607142857142857 0.5306501547987617 0.5702380952380952 0.5473684210526316 0.5702380952380952 0.5492260061919505 0.569047619047619 0.5535603715170279 0.5607142857142857 0.5541795665634675 0.5583333333333333 0.5541795665634675 0.5238095238095238 0.5393188854489164 0.3821428571428571 0.5343653250773994 0.3726190476190476 0.5325077399380805 0.37142857142857144 0.525077399380805 0.37142857142857144 
11 0.5647058823529412 0.34285714285714286 0.5597523219814241 0.3523809523809524 0.5547987616099072 0.38095238095238093 0.5498452012383901 0.41904761904761906 0.544891640866873 0.4869047619047619 0.544891640866873 0.5297619047619048 0.5498452012383901 0.5583333333333333 0.5504643962848297 0.5607142857142857 0.5547987616099072 0.5702380952380952 0.5739938080495356 0.5702380952380952 0.5839009287925696 0.5511904761904762 0.5839009287925696 0.5154761904761904 0.5789473684210527 0.3619047619047619 0.5739938080495356 0.34404761904761905 0.5721362229102167 0.34285714285714286 0.5647058823529412 0.34285714285714286 
12 0.5851393188854489 0.37142857142857144 0.5845201238390093 0.3738095238095238 0.5795665634674922 0.4095238095238095 0.5746130030959752 0.46785714285714286 0.5746130030959752 0.5214285714285715 0.5795665634674922 0.5488095238095239 0.5801857585139318 0.5511904761904762 0.5851393188854489 0.5607142857142857 0.6080495356037152 0.5607142857142857 0.6136222910216719 0.5511904761904762 0.6136222910216719 0.5154761904761904 0.6086687306501548 0.37142857142857144 0.5851393188854489 0.37142857142857144 
13 0.6092879256965944 0.3619047619047619 0.6043343653250774 0.46785714285714286 0.6043343653250774 0.5119047619047619 0.6092879256965944 0.55 0.6099071207430341 0.5511904761904762 0.6191950464396285 0.5607142857142857 0.6377708978328174 0.5607142857142857 0.643343653250774 0.5511904761904762 0.643343653250774 0.5083333333333333 0.6334365325077399 0.3904761904761905 0.628482972136223 0.37142857142857144 0.6229102167182663 0.3619047619047619 0.6092879256965944 0.3619047619047619 
14 0.6439628482972136 0.3619047619047619 0.6390092879256966 0.4011904761904762 0.6340557275541796 0.47619047619047616 0.6340557275541796 0.513095238095238 0.6390092879256966 0.5511904761904762 0.6873065015479877 0.5511904761904762 0.6879256965944273 0.5488095238095239 0.6928792569659443 0.4261904761904762 0.6928792569659443 0.38333333333333336 0.6922600619195046 0.38095238095238093 0.6879256965944273 0.37142857142857144 0.6631578947368421 0.3619047619047619 0.6439628482972136 0.3619047619047619 
15 0.6934984520123839 0.3523809523809524 0.6885448916408669 0.37142857142857144 0.6835913312693499 0.4226190476190476 0.6835913312693499 0.5273809523809524 0.6842105263157895 0.5321428571428571 0.698452012383901 0.5511904761904762 0.7114551083591332 0.5511904761904762 0.7325077399380805 0.5380952380952381 0.7374613003095976 0.5214285714285715 0.7374613003095976 0.47619047619047616 0.7325077399380805 0.3619047619047619 0.7275541795665634 0.3523809523809524 0.6934984520123839 0.3523809523809524 
16 0.7281733746130031 0.305952380952381 0.7139318885448916 0.3238095238095238 0.713312693498452 0.325 0.708359133126935 0.37142857142857144 0.708359133126935 0.3892857142857143 0.7232198142414861 0.4452380952380952 0.7238390092879257 0.44642857142857145 0.7473684210526316 0.44642857142857145 0.7523219814241486 0.4369047619047619 0.7572755417956656 0.41785714285714287 0.7572755417956656 0.3821428571428571 0.7473684210526316 0.3238095238095238 0.7417956656346749 0.3142857142857143 0.7374613003095976 0.30952380952380953 0.7306501547987616 0.305952380952381 0.7281733746130031 0.305952380952381 
17 0.7238390092879257 0.580952380952381 0.708359133126935 0.6095238095238096 0.708359133126935 0.6642857142857143 0.7089783281733746 0.6654761904761904 0.7380804953560371 0.694047619047619 0.7492260061919505 0.7035714285714286 0.7746130030959752 0.7035714285714286 0.7770897832817337 0.7023809523809523 0.7869969040247679 0.655952380952381 0.7869969040247679 0.6190476190476191 0.7820433436532508 0.6095238095238096 0.7473684210526316 0.580952380952381 0.7238390092879257 0.580952380952381 
18 0.679876160990712 0.5523809523809524 0.6544891640866873 0.5619047619047619 0.6538699690402476 0.5630952380952381 0.6538699690402476 0.6178571428571429 0.6637770897832818 0.6821428571428572 0.6687306501547987 0.7035714285714286 0.6736842105263158 0.7130952380952381 0.6848297213622291 0.7321428571428571 0.7027863777089783 0.7321428571428571 0.7219814241486068 0.7130952380952381 0.7226006191950465 0.7107142857142857 0.7226006191950465 0.6857142857142857 0.7219814241486068 0.6761904761904762 0.7077399380804954 0.5714285714285714 0.7021671826625387 0.5619047619047619 0.6928792569659443 0.5523809523809524 0.679876160990712 0.5523809523809524 
19 0.6291021671826625 0.5619047619047619 0.604953560371517 0.5714285714285714 0.6043343653250774 0.5726190476190476 0.6043343653250774 0.625 0.6191950464396285 0.7130952380952381 0.6241486068111455 0.7321428571428571 0.6340557275541796 0.75 0.6352941176470588 0.7511904761904762 0.643343653250774 0.7511904761904762 0.6681114551083591 0.7321428571428571 0.6681114551083591 0.6785714285714286 0.6631578947368421 0.6095238095238096 0.6582043343653251 0.5619047619047619 0.6291021671826625 0.5619047619047619 
20 0.5820433436532507 0.5714285714285714 0.5795665634674922 0.5738095238095238 0.5752321981424149 0.580952380952381 0.5746130030959752 0.5833333333333334 0.5746130030959752 0.6273809523809524 0.5894736842105263 0.7011904761904761 0.5993808049535604 0.7321428571428571 0.6043343653250774 0.7416666666666667 0.6130030959752322 0.7416666666666667 0.6136222910216719 0.7404761904761905 0.6136222910216719 0.6476190476190476 0.6086687306501548 0.5761904761904761 0.6080495356037152 0.5714285714285714 0.5820433436532507 0.5714285714285714 
21 0.5647058823529412 0.5714285714285714 0.5547987616099072 0.5916666666666667 0.5547987616099072 0.6726190476190477 0.5597523219814241 0.7119047619047619 0.5647058823529412 0.7321428571428571 0.5696594427244582 0.7416666666666667 0.5789473684210527 0.7416666666666667 0.5839009287925696 0.6833333333333333 0.5839009287925696 0.6238095238095238 0.5789473684210527 0.5714285714285714 0.5647058823529412 0.5714285714285714 
22 0.5405572755417957 0.580952380952381 0.5306501547987617 0.6 0.530030959752322 0.6059523809523809 0.530030959752322 0.6369047619047619 0.534984520123839 0.7226190476190476 0.5399380804953561 0.7404761904761905 0.5405572755417957 0.7416666666666667 0.5572755417956656 0.7416666666666667 0.5591331269349845 0.7404761904761905 0.5591331269349845 0.5928571428571429 0.5585139318885449 0.5904761904761905 0.5541795665634675 0.580952380952381 0.5405572755417957 0.580952380952381 
23 0.5102167182662539 0.5904761904761905 0.5102167182662539 0.694047619047619 0.5151702786377709 0.7416666666666667 0.5287925696594428 0.7416666666666667 0.5294117647058824 0.7404761904761905 0.5343653250773994 0.7130952380952381 0.5393188854489164 0.6369047619047619 0.5393188854489164 0.6285714285714286 0.5343653250773994 0.5904761904761905 0.5102167182662539 0.5904761904761905 
24 0.491640866873065 0.5904761904761905 0.49102167182662537 0.594047619047619 0.4904024767801858 0.5988095238095238 0.4904024767801858 0.6452380952380953 0.4953560371517028 0.7321428571428571 0.5040247678018576 0.7321428571428571 0.5089783281733746 0.7226190476190476 0.5095975232198142 0.719047619047619 0.5145510835913313 0.6654761904761904 0.5145510835913313 0.5904761904761905 0.491640866873065 0.5904761904761905 
25 0.47554179566563465 0.5904761904761905 0.47554179566563465 0.7035714285714286 0.4804953560371517 0.7416666666666667 0.48978328173374613 0.7416666666666667 0.49473684210526314 0.7321428571428571 0.49473684210526314 0.5904761904761905 0.47554179566563465 0.5904761904761905 
26 0.45572755417956656 0.5904761904761905 0.45572755417956656 0.7107142857142857 0.46068111455108357 0.75 0.4613003095975232 0.7511904761904762 0.4693498452012384 0.7511904761904762 0.47492260061919506 0.7416666666666667 0.47987616099071206 0.655952380952381 0.47987616099071206 0.5916666666666667 0.4792569659442725 0.5904761904761905 0.45572755417956656 0.5904761904761905 
27 0.4359133126934985 0.580952380952381 0.4309597523219814 0.5904761904761905 0.4309597523219814 0.7416666666666667 0.4359133126934985 0.75 0.4371517027863777 0.7511904761904762 0.44458204334365325 0.7511904761904762 0.4452012383900929 0.75 0.4501547987616099 0.7226190476190476 0.460061919504644 0.6452380952380953 0.460061919504644 0.5916666666666667 0.4551083591331269 0.580952380952381 0.4359133126934985 0.580952380952381 
28 0.4117647058823529 0.580952380952381 0.40619195046439627 0.5904761904761905 0.40619195046439627 0.6369047619047619 0.41609907120743034 0.7404761904761905 0.42105263157894735 0.75 0.42229102167182664 0.7511904761904762 0.4247678018575851 0.7511904761904762 0.43034055727554177 0.7416666666666667 0.43529411764705883 0.7202380952380952 0.43529411764705883 0.5821428571428572 0.4346749226006192 0.580952380952381 0.4117647058823529 0.580952380952381 
29 0.38328173374613 0.5714285714285714 0.3814241486068111 0.5726190476190476 0.37708978328173376 0.580952380952381 0.3764705882352941 0.5845238095238096 0.3764705882352941 0.6904761904761905 0.3814241486068111 0.7214285714285714 0.3826625386996904 0.7226190476190476 0.39442724458204337 0.7226190476190476 0.3956656346749226 0.7202380952380952 0.40495356037151703 0.6654761904761904 0.4055727554179567 0.6607142857142857 0.4105263157894737 0.6178571428571429 0.4105263157894737 0.5726190476190476 0.40928792569659445 0.5714285714285714 0.38328173374613 0.5714285714285714 
30 0.33250773993808047 0.5619047619047619 0.3318885448916409 0.5630952380952381 0.3219814241486068 0.6488095238095238 0.3219814241486068 0.7107142857142857 0.32260061919504646 0.7130952380952381 0.34179566563467495 0.7321428571428571 0.3504643962848297 0.7321428571428571 0.3560371517027864 0.7226190476190476 0.3603715170278638 0.7119047619047619 0.36594427244582045 0.694047619047619 0.37089783281733746 0.6726190476190477 0.38080495356037153 0.6273809523809524 0.38080495356037153 0.5714285714285714 0.37585139318885447 0.5630952380952381 0.3739938080495356 0.5619047619047619 0.33250773993808047 0.5619047619047619 
32 0.2823529411764706 0.5904761904761905 0.24272445820433436 0.6285714285714286 0.24272445820433436 0.6654761904761904 0.25263157894736843 0.6928571428571428 0.25758513931888544 0.7035714285714286 0.28173374613003094 0.7035714285714286 0.3065015479876161 0.694047619047619 0.31145510835913315 0.6833333333333333 0.31145510835913315 0.6392857142857142 0.3015479876160991 0.6 0.29659442724458207 0.5904761904761905 0.2823529411764706 0.5904761904761905 