2 0.2873065015479876 0.38095238095238093 0.2643962848297214 0.3904761904761905 0.2625386996904025 0.39285714285714285 0.2582043343653251 0.42857142857142855 0.25263157894736843 0.5083333333333333 0.25263157894736843 0.55 0.25758513931888544 0.5607142857142857 0.2631578947368421 0.5702380952380952 0.27801857585139317 0.5797619047619048 0.3015479876160991 0.5797619047619048 0.3065015479876161 0.5607142857142857 0.3065015479876161 0.4 0.3015479876160991 0.38095238095238093 0.2873065015479876 0.38095238095238093 
3 0.3170278637770898 0.4095238095238095 0.3021671826625387 0.5166666666666667 0.3021671826625387 0.5797619047619048 0.31207430340557274 0.5988095238095238 0.34055727554179566 0.5988095238095238 0.3560371517027864 0.5892857142857143 0.3609907120743034 0.5785714285714286 0.3609907120743034 0.5333333333333333 0.3510835913312694 0.45714285714285713 0.3461300309597523 0.4297619047619048 0.33622291021671824 0.4095238095238095 0.3170278637770898 0.4095238095238095 
4 0.37708978328173376 0.4095238095238095 0.3671826625386997 0.42857142857142855 0.36160990712074303 0.4488095238095238 0.356656346749226 0.47619047619047616 0.3523219814241486 0.5047619047619047 0.35170278637770896 0.5095238095238095 0.34674922600619196 0.5880952380952381 0.34674922600619196 0.5892857142857143 0.3523219814241486 0.5988095238095238 0.38575851393188854 0.5988095238095238 0.3907120743034056 0.5880952380952381 0.3907120743034056 0.41904761904761906 0.38575851393188854 0.4095238095238095 0.37708978328173376 0.4095238095238095 
5 0.40123839009287926 0.38095238095238093 0.3913312693498452 0.4 0.3863777089783282 0.430952380952381 0.3814241486068111 0.580952380952381 0.3814241486068111 0.5988095238095238 0.3913312693498452 0.6166666666666667 0.3925696594427245 0.6178571428571429 0.4006191950464396 0.6178571428571429 0.42538699690402476 0.5988095238095238 0.42538699690402476 0.5369047619047619 0.42043343653250775 0.4095238095238095 0.4148606811145511 0.38095238095238093 0.40123839009287926 0.38095238095238093 
6 0.4309597523219814 0.3619047619047619 0.41609907120743034 0.39166666666666666 0.41609907120743034 0.6071428571428571 0.41671826625387 0.6083333333333333 0.44024767801857584 0.6083333333333333 0.4452012383900929 0.5988095238095238 0.4501547987616099 0.5880952380952381 0.4501547987616099 0.5154761904761904 0.4452012383900929 0.3630952380952381 0.44458204334365325 0.3619047619047619 0.4309597523219814 0.3619047619047619 
7 0.46068111455108357 0.38095238095238093 0.45572755417956656 0.3904761904761905 0.45139318885448915 0.4 0.45077399380804956 0.4023809523809524 0.4458204334365325 0.42857142857142855 0.4458204334365325 0.5988095238095238 0.45077399380804956 0.6083333333333333 0.47492260061919506 0.6083333333333333 0.4792569659442725 0.5988095238095238 0.47987616099071206 0.5964285714285714 0.47987616099071206 0.544047619047619 0.47492260061919506 0.4095238095238095 0.469969040247678 0.38095238095238093 0.46068111455108357 0.38095238095238093 
8 0.486687306501548 0.4095238095238095 0.4854489164086687 0.4107142857142857 0.4804953560371517 0.4297619047619048 0.47554179566563465 0.49642857142857144 0.47554179566563465 0.6071428571428571 0.47678018575851394 0.6083333333333333 0.5145510835913313 0.6083333333333333 0.5145510835913313 0.5619047619047619 0.5046439628482973 0.41904761904761906 0.49907120743034056 0.4095238095238095 0.486687306501548 0.4095238095238095 
9 0.5207430340557275 0.3904761904761905 0.5201238390092879 0.39285714285714285 0.5102167182662539 0.4380952380952381 0.5052631578947369 0.544047619047619 0.5052631578947369 0.569047619047619 0.5102167182662539 0.6071428571428571 0.5108359133126935 0.6083333333333333 0.5436532507739938 0.6083333333333333 0.5442724458204334 0.6047619047619047 0.5442724458204334 0.42023809523809524 0.5393188854489164 0.4 0.5337461300309597 0.3904761904761905 0.5207430340557275 0.3904761904761905 
10 0.5455108359133127 0.3904761904761905 0.5405572755417957 0.4 0.5399380804953561 0.40476190476190477 0.5399380804953561 0.569047619047619 0.5405572755417957 0.5892857142857143 0.544891640866873 0.6083333333333333 0.5690402476780185 0.6083333333333333 0.573374613003096 0.5988095238095238 0.5739938080495356 0.5964285714285714 0.5739938080495356 0.5261904761904762 0.5640866873065016 0.44761904761904764 0.5591331269349845 0.4095238095238095 0.5541795665634675 0.3904761904761905 0.5455108359133127 0.3904761904761905 
11 0.5808049535603715 0.3523809523809524 0.5795665634674922 0.3535714285714286 0.5752321981424149 0.37142857142857144 0.5746130030959752 0.375 0.5696594427244582 0.5333333333333333 0.5696594427244582 0.5702380952380952 0.5746130030959752 0.5880952380952381 0.5795665634674922 0.5988095238095238 0.6086687306501548 0.5988095238095238 0.6086687306501548 0.5452380952380952 0.5987616099071208 0.39166666666666666 0.5938080495356037 0.3619047619047619 0.5888544891640867 0.3523809523809524 0.5808049535603715 0.3523809523809524 
12 0.6043343653250774 0.38095238095238093 0.5993808049535604 0.42857142857142855 0.5993808049535604 0.5511904761904762 0.6043343653250774 0.5892857142857143 0.6142414860681115 0.5988095238095238 0.6235294117647059 0.5988095238095238 0.6328173374613003 0.5892857142857143 0.638390092879257 0.5797619047619048 0.638390092879257 0.5642857142857143 0.6334365325077399 0.4666666666666667 0.628482972136223 0.42857142857142855 0.6235294117647059 0.4011904761904762 0.6136222910216719 0.38095238095238093 0.6043343653250774 0.38095238095238093 
13 0.6291021671826625 0.38095238095238093 0.6291021671826625 0.5666666666666667 0.6297213622291021 0.5702380952380952 0.6346749226006192 0.5797619047619048 0.6489164086687307 0.5880952380952381 0.6513931888544892 0.5892857142857143 0.6606811145510836 0.5892857142857143 0.6619195046439629 0.5880952380952381 0.6668730650154798 0.5797619047619048 0.6681114551083591 0.5773809523809523 0.6681114551083591 0.544047619047619 0.6582043343653251 0.46785714285714286 0.653250773993808 0.4392857142857143 0.643343653250774 0.4011904761904762 0.6377708978328174 0.38095238095238093 0.6291021671826625 0.38095238095238093 
14 0.6736842105263158 0.38095238095238093 0.6687306501547987 0.3904761904761905 0.6637770897832818 0.42023809523809524 0.6637770897832818 0.5702380952380952 0.7027863777089783 0.5702380952380952 0.7077399380804954 0.5607142857142857 0.7077399380804954 0.49642857142857144 0.6928792569659443 0.3904761904761905 0.6873065015479877 0.38095238095238093 0.6736842105263158 0.38095238095238093 
15 0.6990712074303406 0.37142857142857144 0.6934984520123839 0.38095238095238093 0.6885448916408669 0.3904761904761905 0.6885448916408669 0.47023809523809523 0.6891640866873066 0.475 0.7034055727554179 0.55 0.7040247678018576 0.5511904761904762 0.7157894736842105 0.5511904761904762 0.7417956656346749 0.5416666666666666 0.7424148606811145 0.5380952380952381 0.7424148606811145 0.5071428571428571 0.7325077399380805 0.38333333333333336 0.7318885448916409 0.38095238095238093 0.7269349845201238 0.37142857142857144 0.6990712074303406 0.37142857142857144 
18 0.7151702786377709 0.5523809523809524 0.6941176470588235 0.5619047619047619 0.6786377708978328 0.5821428571428572 0.6786377708978328 0.6142857142857143 0.6792569659442724 0.6178571428571429 0.6835913312693499 0.6357142857142857 0.7281733746130031 0.75 0.7331269349845201 0.7607142857142857 0.7417956656346749 0.7607142857142857 0.7572755417956656 0.7321428571428571 0.7572755417956656 0.6785714285714286 0.7374613003095976 0.5726190476190476 0.7325077399380805 0.5619047619047619 0.7275541795665634 0.5535714285714286 0.7256965944272445 0.5523809523809524 0.7151702786377709 0.5523809523809524 
19 0.6340557275541796 0.5904761904761905 0.6291021671826625 0.6 0.6291021671826625 0.6333333333333333 0.6297213622291021 0.6369047619047619 0.6489164086687307 0.7226190476190476 0.6588235294117647 0.7607142857142857 0.6743034055727554 0.7988095238095239 0.6879256965944273 0.7988095238095239 0.7120743034055728 0.7607142857142857 0.7126934984520124 0.7595238095238095 0.7126934984520124 0.725 0.6879256965944273 0.6107142857142858 0.6829721362229102 0.5904761904761905 0.6340557275541796 0.5904761904761905 
20 0.6241486068111455 0.5904761904761905 0.6043343653250774 0.6 0.6043343653250774 0.6511904761904762 0.6340557275541796 0.7976190476190477 0.6346749226006192 0.7988095238095239 0.648297213622291 0.7988095238095239 0.648297213622291 0.7142857142857143 0.643343653250774 0.6523809523809524 0.6427244582043343 0.6476190476190476 0.6334365325077399 0.6011904761904762 0.628482972136223 0.5904761904761905 0.6241486068111455 0.5904761904761905 
21 0.5894736842105263 0.6 0.5795665634674922 0.6190476190476191 0.5795665634674922 0.6654761904761904 0.5944272445820433 0.7785714285714286 0.5993808049535604 0.805952380952381 0.6 0.8083333333333333 0.6136222910216719 0.8083333333333333 0.6185758513931888 0.7309523809523809 0.6185758513931888 0.6857142857142857 0.6086687306501548 0.6107142857142858 0.6030959752321982 0.6 0.5894736842105263 0.6 
22 0.5609907120743034 0.6095238095238096 0.5597523219814241 0.6107142857142858 0.5547987616099072 0.6285714285714286 0.5547987616099072 0.694047619047619 0.5597523219814241 0.7785714285714286 0.5647058823529412 0.8345238095238096 0.5653250773993808 0.8369047619047619 0.5696594427244582 0.8452380952380952 0.5708978328173374 0.8464285714285714 0.5789473684210527 0.8464285714285714 0.5839009287925696 0.8357142857142857 0.5888544891640867 0.8083333333333333 0.5888544891640867 0.6571428571428571 0.5839009287925696 0.6202380952380953 0.5789473684210527 0.6095238095238096 0.5609907120743034 0.6095238095238096 
23 0.530030959752322 0.6190476190476191 0.530030959752322 0.655952380952381 0.534984520123839 0.7976190476190477 0.5399380804953561 0.8166666666666667 0.5405572755417957 0.8178571428571428 0.5492260061919505 0.8178571428571428 0.5541795665634675 0.8071428571428572 0.5591331269349845 0.7488095238095238 0.5591331269349845 0.6190476190476191 0.530030959752322 0.6190476190476191 
24 0.5114551083591331 0.6190476190476191 0.5102167182662539 0.6202380952380953 0.5102167182662539 0.6845238095238095 0.5151702786377709 0.7595238095238095 0.5201238390092879 0.7869047619047619 0.5256965944272446 0.8083333333333333 0.5343653250773994 0.8083333333333333 0.5343653250773994 0.6214285714285714 0.5331269349845201 0.6190476190476191 0.5114551083591331 0.6190476190476191 
25 0.49597523219814244 0.6190476190476191 0.4904024767801858 0.6285714285714286 0.4904024767801858 0.694047619047619 0.5003095975232198 0.8166666666666667 0.503405572755418 0.8178571428571428 0.5095975232198142 0.8178571428571428 0.5145510835913313 0.8083333333333333 0.5195046439628483 0.7416666666666667 0.5195046439628483 0.6880952380952381 0.5145510835913313 0.6190476190476191 0.49597523219814244 0.6190476190476191 
26 0.46563467492260063 0.6190476190476191 0.46563467492260063 0.6904761904761905 0.47554179566563465 0.7595238095238095 0.4854489164086687 0.8238095238095238 0.48606811145510836 0.8273809523809523 0.49907120743034056 0.8273809523809523 0.5046439628482973 0.805952380952381 0.5046439628482973 0.7904761904761904 0.49473684210526314 0.6297619047619047 0.48978328173374613 0.6190476190476191 0.46563467492260063 0.6190476190476191 
27 0.4408668730650155 0.6190476190476191 0.4359133126934985 0.6416666666666667 0.4359133126934985 0.7107142857142857 0.4408668730650155 0.7773809523809524 0.4458204334365325 0.8071428571428572 0.45077399380804956 0.825 0.46068111455108357 0.8464285714285714 0.46563467492260063 0.8559523809523809 0.4743034055727554 0.8559523809523809 0.47492260061919506 0.8547619047619047 0.47492260061919506 0.6904761904761905 0.469969040247678 0.6214285714285714 0.46873065015479876 0.6190476190476191 0.4408668730650155 0.6190476190476191 
28 0.421671826625387 0.6095238095238096 0.41609907120743034 0.6190476190476191 0.4068111455108359 0.638095238095238 0.40619195046439627 0.6416666666666667 0.40619195046439627 0.6654761904761904 0.41114551083591333 0.7511904761904762 0.41609907120743034 0.8273809523809523 0.43529411764705883 0.8273809523809523 0.44024767801857584 0.8083333333333333 0.4452012383900929 0.6916666666666667 0.4452012383900929 0.6297619047619047 0.43529411764705883 0.6095238095238096 0.421671826625387 0.6095238095238096 
29 0.38204334365325077 0.6095238095238096 0.3814241486068111 0.611904761904762 0.3764705882352941 0.6392857142857142 0.3764705882352941 0.7511904761904762 0.3814241486068111 0.7869047619047619 0.3863777089783282 0.8166666666666667 0.38699690402476783 0.8178571428571428 0.39504643962848296 0.8178571428571428 0.4006191950464396 0.7964285714285714 0.4105263157894737 0.7404761904761905 0.42043343653250775 0.6357142857142857 0.42043343653250775 0.6095238095238096 0.38204334365325077 0.6095238095238096 
30 0.3461300309597523 0.5904761904761905 0.3269349845201238 0.6 0.3219814241486068 0.6202380952380953 0.30712074303405573 0.7440476190476191 0.30712074303405573 0.7892857142857143 0.31207430340557274 0.7988095238095239 0.34241486068111454 0.8178571428571428 0.35541795665634673 0.8178571428571428 0.3609907120743034 0.8083333333333333 0.37089783281733746 0.7690476190476191 0.3907120743034056 0.6166666666666667 0.3907120743034056 0.6095238095238096 0.3851393188854489 0.6 0.3609907120743034 0.5904761904761905 0.3461300309597523 0.5904761904761905 
32 0.27306501547987616 0.580952380952381 0.2724458204334365 0.5821428571428572 0.2674922600619195 0.6 0.2476780185758514 0.6964285714285714 0.2476780185758514 0.7595238095238095 0.248297213622291 0.7607142857142857 0.26811145510835915 0.7797619047619048 0.2718266253869969 0.7797619047619048 0.29659442724458207 0.7321428571428571 0.3058823529411765 0.7130952380952381 0.32136222910216716 0.6738095238095239 0.3263157894736842 0.6547619047619048 0.3306501547987616 0.6273809523809524 0.33126934984520123 0.6226190476190476 0.33126934984520123 0.6 0.3201238390092879 0.5904761904761905 0.2959752321981424 0.580952380952381 0.27306501547987616 0.580952380952381 