20 0.544891640866873 0.5904761904761905 0.544891640866873 0.6083333333333333 0.5845201238390093 0.7130952380952381 0.5993808049535604 0.75 0.6043343653250774 0.7607142857142857 0.6142414860681115 0.7797619047619048 0.6198142414860681 0.7892857142857143 0.6334365325077399 0.7892857142857143 0.638390092879257 0.7797619047619048 0.638390092879257 0.7464285714285714 0.6185758513931888 0.6285714285714286 0.6136222910216719 0.6011904761904762 0.6130030959752322 0.6 0.5938080495356037 0.5904761904761905 0.544891640866873 0.5904761904761905 
21 0.5405572755417957 0.6 0.530030959752322 0.6095238095238096 0.525077399380805 0.6202380952380953 0.525077399380805 0.6261904761904762 0.534984520123839 0.7202380952380952 0.5399380804953561 0.7440476190476191 0.5498452012383901 0.7797619047619048 0.5547987616099072 0.7892857142857143 0.5690402476780185 0.7892857142857143 0.5690402476780185 0.7333333333333333 0.5640866873065016 0.611904761904762 0.5634674922600619 0.6095238095238096 0.5591331269349845 0.6011904761904762 0.5578947368421052 0.6 0.5405572755417957 0.6 
22 0.5108359133126935 0.6190476190476191 0.5102167182662539 0.6202380952380953 0.5102167182662539 0.7404761904761905 0.5151702786377709 0.7678571428571429 0.5201238390092879 0.7880952380952381 0.525077399380805 0.7988095238095239 0.5436532507739938 0.7988095238095239 0.5442724458204334 0.794047619047619 0.5442724458204334 0.7333333333333333 0.5393188854489164 0.6511904761904762 0.5343653250773994 0.6202380952380953 0.5337461300309597 0.6190476190476191 0.5108359133126935 0.6190476190476191 
23 0.4953560371517028 0.6285714285714286 0.4904024767801858 0.638095238095238 0.4904024767801858 0.7773809523809524 0.49102167182662537 0.7797619047619048 0.5040247678018576 0.7797619047619048 0.5095975232198142 0.7690476190476191 0.5145510835913313 0.7511904761904762 0.5195046439628483 0.7297619047619047 0.5195046439628483 0.6761904761904762 0.5145510835913313 0.6297619047619047 0.513312693498452 0.6285714285714286 0.4953560371517028 0.6285714285714286 
24 0.4724458204334365 0.638095238095238 0.47058823529411764 0.6392857142857142 0.47058823529411764 0.6547619047619048 0.47554179566563465 0.7595238095238095 0.48111455108359136 0.7702380952380953 0.4842105263157895 0.7702380952380953 0.48978328173374613 0.7595238095238095 0.49473684210526314 0.7214285714285714 0.49473684210526314 0.6392857142857142 0.4934984520123839 0.638095238095238 0.4724458204334365 0.638095238095238 
25 0.46068111455108357 0.638095238095238 0.4458204334365325 0.7261904761904762 0.4458204334365325 0.7690476190476191 0.4470588235294118 0.7702380952380953 0.4544891640866873 0.7702380952380953 0.460061919504644 0.7595238095238095 0.465015479876161 0.7416666666666667 0.47987616099071206 0.6833333333333333 0.47987616099071206 0.6476190476190476 0.4743034055727554 0.638095238095238 0.46068111455108357 0.638095238095238 
26 0.43653250773993807 0.6285714285714286 0.4359133126934985 0.6297619047619047 0.4309597523219814 0.7142857142857143 0.4309597523219814 0.7785714285714286 0.43157894736842106 0.7797619047619048 0.43962848297213625 0.7797619047619048 0.4452012383900929 0.7702380952380953 0.460061919504644 0.675 0.460061919504644 0.638095238095238 0.4551083591331269 0.6285714285714286 0.43653250773993807 0.6285714285714286 
27 0.41114551083591333 0.6285714285714286 0.40619195046439627 0.638095238095238 0.39628482972136225 0.7821428571428571 0.39628482972136225 0.8071428571428572 0.39876160990712073 0.8083333333333333 0.4105263157894737 0.8083333333333333 0.42043343653250775 0.7785714285714286 0.42538699690402476 0.7511904761904762 0.43034055727554177 0.7226190476190476 0.43529411764705883 0.675 0.43529411764705883 0.6321428571428571 0.4346749226006192 0.6285714285714286 0.41114551083591333 0.6285714285714286 
28 0.3814241486068111 0.6190476190476191 0.3764705882352941 0.6595238095238095 0.3715170278637771 0.7642857142857142 0.3715170278637771 0.7976190476190477 0.3721362229102167 0.7988095238095239 0.39009287925696595 0.7988095238095239 0.3956656346749226 0.7892857142857143 0.4 0.7702380952380953 0.4105263157894737 0.675 0.4105263157894737 0.6392857142857142 0.4055727554179567 0.6285714285714286 0.4006191950464396 0.6190476190476191 0.3814241486068111 0.6190476190476191 
29 0.3572755417956656 0.6095238095238096 0.35170278637770896 0.6190476190476191 0.34674922600619196 0.6571428571428571 0.34179566563467495 0.7333333333333333 0.34179566563467495 0.7880952380952381 0.34241486068111454 0.7892857142857143 0.3523219814241486 0.7892857142857143 0.3560371517027864 0.7880952380952381 0.3609907120743034 0.7797619047619048 0.37089783281733746 0.7416666666666667 0.37585139318885447 0.7202380952380952 0.38080495356037153 0.6928571428571428 0.38575851393188854 0.6642857142857143 0.38575851393188854 0.6107142857142858 0.3851393188854489 0.6095238095238096 0.3572755417956656 0.6095238095238096 
30 0.29287925696594425 0.5523809523809524 0.28297213622291023 0.5714285714285714 0.25263157894736843 0.6488095238095238 0.2476780185758514 0.6678571428571428 0.2476780185758514 0.694047619047619 0.2625386996904025 0.7226190476190476 0.2712074303405573 0.7226190476190476 0.286687306501548 0.7130952380952381 0.29659442724458207 0.7023809523809523 0.3256965944272446 0.655952380952381 0.3263157894736842 0.6547619047619048 0.33126934984520123 0.6440476190476191 0.33622291021671824 0.625 0.33622291021671824 0.580952380952381 0.31640866873065016 0.5523809523809524 0.29287925696594425 0.5523809523809524 