2 0.29721362229102166 0.4666666666666667 0.29226006191950465 0.4773809523809524 0.2873065015479876 0.5726190476190476 0.2873065015479876 0.6238095238095238 0.28792569659442724 0.6261904761904762 0.29226006191950465 0.6357142857142857 0.29287925696594425 0.6369047619047619 0.33560371517027865 0.6369047619047619 0.3455108359133127 0.6178571428571429 0.3461300309597523 0.6130952380952381 0.3461300309597523 0.6 0.3263157894736842 0.4857142857142857 0.31640866873065016 0.46785714285714286 0.3151702786377709 0.4666666666666667 0.29721362229102166 0.4666666666666667 
15 0.6594427244582043 0.44761904761904764 0.6538699690402476 0.45714285714285713 0.6489164086687307 0.46785714285714286 0.6439628482972136 0.4869047619047619 0.6340557275541796 0.5333333333333333 0.6241486068111455 0.5904761904761905 0.6241486068111455 0.6071428571428571 0.6291021671826625 0.6178571428571429 0.6346749226006192 0.6273809523809524 0.6674922600619195 0.6273809523809524 0.6879256965944273 0.6178571428571429 0.6879256965944273 0.5523809523809524 0.6829721362229102 0.46904761904761905 0.6823529411764706 0.4666666666666667 0.676780185758514 0.4511904761904762 0.6736842105263158 0.44761904761904764 0.6594427244582043 0.44761904761904764 
19 0.6588235294117647 0.6190476190476191 0.6340557275541796 0.6285714285714286 0.6291021671826625 0.638095238095238 0.6291021671826625 0.6928571428571428 0.6439628482972136 0.75 0.6588235294117647 0.7892857142857143 0.6724458204334365 0.7892857142857143 0.6922600619195046 0.7797619047619048 0.6928792569659443 0.7785714285714286 0.6928792569659443 0.725 0.6879256965944273 0.6857142857142857 0.6829721362229102 0.6476190476190476 0.6780185758513931 0.6285714285714286 0.6724458204334365 0.6190476190476191 0.6588235294117647 0.6190476190476191 
21 0.590092879256966 0.6190476190476191 0.5845201238390093 0.6285714285714286 0.5696594427244582 0.6571428571428571 0.5696594427244582 0.7976190476190477 0.5752321981424149 0.8083333333333333 0.5925696594427244 0.8083333333333333 0.5931888544891641 0.8071428571428572 0.5987616099071208 0.7880952380952381 0.6136222910216719 0.694047619047619 0.6136222910216719 0.6476190476190476 0.6086687306501548 0.6214285714285714 0.6080495356037152 0.6190476190476191 0.590092879256966 0.6190476190476191 
22 0.5504643962848297 0.6095238095238096 0.5498452012383901 0.6107142857142858 0.544891640866873 0.65 0.544891640866873 0.8178571428571428 0.5535603715170279 0.8178571428571428 0.5628482972136223 0.8071428571428572 0.5640866873065016 0.8047619047619048 0.5839009287925696 0.655952380952381 0.5839009287925696 0.6190476190476191 0.5789473684210527 0.6095238095238096 0.5504643962848297 0.6095238095238096 
23 0.5201238390092879 0.6095238095238096 0.5151702786377709 0.65 0.5102167182662539 0.7452380952380953 0.5102167182662539 0.7976190476190477 0.5114551083591331 0.7988095238095239 0.5195046439628483 0.7988095238095239 0.5294117647058824 0.7797619047619048 0.5343653250773994 0.7511904761904762 0.5492260061919505 0.6452380952380953 0.5492260061919505 0.6190476190476191 0.5337461300309597 0.6095238095238096 0.5201238390092879 0.6095238095238096 
24 0.4953560371517028 0.6095238095238096 0.4953560371517028 0.7690476190476191 0.49597523219814244 0.7702380952380953 0.5046439628482973 0.7702380952380953 0.5145510835913313 0.7119047619047619 0.5195046439628483 0.675 0.5195046439628483 0.6107142857142858 0.5188854489164086 0.6095238095238096 0.4953560371517028 0.6095238095238096 
25 0.47554179566563465 0.6095238095238096 0.4712074303405573 0.6190476190476191 0.47058823529411764 0.6226190476190476 0.47058823529411764 0.6535714285714286 0.47554179566563465 0.7702380952380953 0.4848297213622291 0.7702380952380953 0.48978328173374613 0.7595238095238095 0.49473684210526314 0.7023809523809523 0.4996904024767802 0.6369047619047619 0.4996904024767802 0.6190476190476191 0.49473684210526314 0.6095238095238096 0.47554179566563465 0.6095238095238096 
26 0.4520123839009288 0.6095238095238096 0.45077399380804956 0.6107142857142858 0.4458204334365325 0.6190476190476191 0.4458204334365325 0.7857142857142857 0.44643962848297214 0.7892857142857143 0.45077399380804956 0.8047619047619048 0.4520123839009288 0.8083333333333333 0.45944272445820433 0.8083333333333333 0.469969040247678 0.7880952380952381 0.47492260061919506 0.7488095238095238 0.47987616099071206 0.6821428571428572 0.47987616099071206 0.65 0.47492260061919506 0.6190476190476191 0.469969040247678 0.6107142857142858 0.4681114551083591 0.6095238095238096 0.4520123839009288 0.6095238095238096 
27 0.4260061919504644 0.638095238095238 0.42105263157894735 0.6476190476190476 0.42105263157894735 0.7214285714285714 0.4260061919504644 0.825 0.42724458204334365 0.8273809523809523 0.44024767801857584 0.8273809523809523 0.4452012383900929 0.8166666666666667 0.4501547987616099 0.7678571428571429 0.4501547987616099 0.6392857142857142 0.44891640866873067 0.638095238095238 0.4260061919504644 0.638095238095238 
31 0.27925696594427246 0.6285714285714286 0.2773993808049536 0.6297619047619047 0.23839009287925697 0.6952380952380952 0.23777089783281732 0.6976190476190476 0.23777089783281732 0.7392857142857143 0.2532507739938081 0.7607142857142857 0.291640866873065 0.7607142857142857 0.3151702786377709 0.7226190476190476 0.31640866873065016 0.7202380952380952 0.32136222910216716 0.7035714285714286 0.32136222910216716 0.6666666666666666 0.31145510835913315 0.6476190476190476 0.3058823529411765 0.638095238095238 0.2959752321981424 0.6285714285714286 0.27925696594427246 0.6285714285714286 