2 0.3318885448916409 0.26666666666666666 0.3219814241486068 0.29523809523809524 0.3170278637770898 0.31547619047619047 0.29287925696594425 0.41904761904761906 0.29226006191950465 0.4226190476190476 0.2873065015479876 0.4666666666666667 0.2873065015479876 0.48333333333333334 0.29226006191950465 0.49404761904761907 0.30712074303405573 0.5214285714285715 0.30835913312693497 0.5226190476190476 0.33126934984520123 0.5226190476190476 0.33622291021671824 0.513095238095238 0.3411764705882353 0.5023809523809524 0.3461300309597523 0.3130952380952381 0.3461300309597523 0.26785714285714285 0.3455108359133127 0.26666666666666666 0.3318885448916409 0.26666666666666666 
3 0.35170278637770896 0.37142857142857144 0.34674922600619196 0.39166666666666666 0.3318885448916409 0.49523809523809526 0.3318885448916409 0.5226190476190476 0.3368421052631579 0.5321428571428571 0.34674922600619196 0.5416666666666666 0.35789473684210527 0.5511904761904762 0.37894736842105264 0.5511904761904762 0.3801857585139319 0.55 0.38080495356037153 0.5488095238095239 0.38575851393188854 0.5202380952380953 0.38575851393188854 0.4095238095238095 0.38080495356037153 0.3904761904761905 0.3752321981424149 0.37142857142857144 0.35170278637770896 0.37142857142857144 
4 0.3913312693498452 0.37142857142857144 0.38699690402476783 0.38095238095238093 0.3863777089783282 0.38333333333333336 0.38204334365325077 0.4095238095238095 0.3814241486068111 0.4142857142857143 0.3764705882352941 0.5166666666666667 0.3764705882352941 0.5595238095238095 0.38204334365325077 0.5702380952380952 0.3956656346749226 0.5702380952380952 0.40495356037151703 0.5607142857142857 0.4055727554179567 0.5595238095238095 0.4055727554179567 0.3738095238095238 0.40495356037151703 0.37142857142857144 0.3913312693498452 0.37142857142857144 
5 0.4117647058823529 0.37142857142857144 0.40619195046439627 0.3821428571428571 0.40123839009287926 0.42857142857142855 0.40123839009287926 0.5702380952380952 0.40619195046439627 0.5797619047619048 0.42043343653250775 0.5797619047619048 0.43034055727554177 0.5607142857142857 0.43034055727554177 0.47619047619047616 0.42043343653250775 0.37142857142857144 0.4117647058823529 0.37142857142857144 
6 0.4309597523219814 0.3333333333333333 0.4260061919504644 0.34285714285714286 0.42105263157894735 0.37142857142857144 0.42105263157894735 0.48333333333333334 0.4260061919504644 0.5666666666666667 0.4309597523219814 0.5892857142857143 0.44458204334365325 0.5892857142857143 0.4501547987616099 0.5785714285714286 0.4544891640866873 0.5607142857142857 0.4551083591331269 0.5571428571428572 0.4551083591331269 0.544047619047619 0.4452012383900929 0.34404761904761905 0.44024767801857584 0.3345238095238095 0.4390092879256966 0.3333333333333333 0.4309597523219814 0.3333333333333333 
7 0.45139318885448915 0.37142857142857144 0.4458204334365325 0.3821428571428571 0.4458204334365325 0.5773809523809523 0.44643962848297214 0.5797619047619048 0.4693498452012384 0.5797619047619048 0.469969040247678 0.5726190476190476 0.469969040247678 0.47619047619047616 0.465015479876161 0.4119047619047619 0.460061919504644 0.37142857142857144 0.45139318885448915 0.37142857142857144 
8 0.47554179566563465 0.38095238095238093 0.47058823529411764 0.3904761904761905 0.46563467492260063 0.5321428571428571 0.46563467492260063 0.5892857142857143 0.49907120743034056 0.5892857142857143 0.4996904024767802 0.5880952380952381 0.4996904024767802 0.4226190476190476 0.49907120743034056 0.41904761904761906 0.49411764705882355 0.4 0.48978328173374613 0.3904761904761905 0.4848297213622291 0.3821428571428571 0.48359133126934983 0.38095238095238093 0.47554179566563465 0.38095238095238093 
9 0.5058823529411764 0.37142857142857144 0.5052631578947369 0.3726190476190476 0.5003095975232198 0.4011904761904762 0.4953560371517028 0.5238095238095238 0.4953560371517028 0.5892857142857143 0.5003095975232198 0.5976190476190476 0.5015479876160991 0.5988095238095238 0.5195046439628483 0.5988095238095238 0.5287925696594428 0.5892857142857143 0.5294117647058824 0.5880952380952381 0.5294117647058824 0.4 0.5244582043343653 0.38095238095238093 0.5188854489164086 0.37142857142857144 0.5058823529411764 0.37142857142857144 
10 0.534984520123839 0.37142857142857144 0.5306501547987617 0.4 0.530030959752322 0.40476190476190477 0.525077399380805 0.45714285714285713 0.525077399380805 0.5785714285714286 0.5256965944272446 0.5797619047619048 0.534984520123839 0.5880952380952381 0.5368421052631579 0.5892857142857143 0.5492260061919505 0.5892857142857143 0.5541795665634675 0.5797619047619048 0.5541795665634675 0.4095238095238095 0.5492260061919505 0.3726190476190476 0.5486068111455108 0.37142857142857144 0.534984520123839 0.37142857142857144 
11 0.5696594427244582 0.3142857142857143 0.5647058823529412 0.325 0.5597523219814241 0.34285714285714286 0.5498452012383901 0.4380952380952381 0.5498452012383901 0.5773809523809523 0.5504643962848297 0.5797619047619048 0.5547987616099072 0.5880952380952381 0.556656346749226 0.5892857142857143 0.5739938080495356 0.5892857142857143 0.5789473684210527 0.5785714285714286 0.5789473684210527 0.3142857142857143 0.5696594427244582 0.3142857142857143 
12 0.5758513931888545 0.38095238095238093 0.5752321981424149 0.3821428571428571 0.5746130030959752 0.38452380952380955 0.5746130030959752 0.569047619047619 0.5795665634674922 0.5797619047619048 0.5975232198142415 0.5797619047619048 0.5987616099071208 0.5785714285714286 0.5987616099071208 0.44761904761904764 0.5938080495356037 0.4 0.5888544891640867 0.3821428571428571 0.5882352941176471 0.38095238095238093 0.5758513931888545 0.38095238095238093 
13 0.6043343653250774 0.3619047619047619 0.5993808049535604 0.37142857142857144 0.5944272445820433 0.4488095238095238 0.5944272445820433 0.5595238095238095 0.6 0.569047619047619 0.6012383900928793 0.5702380952380952 0.6123839009287926 0.5702380952380952 0.628482972136223 0.5607142857142857 0.638390092879257 0.5511904761904762 0.638390092879257 0.5238095238095238 0.6235294117647059 0.39166666666666666 0.6179566563467492 0.37142857142857144 0.6136222910216719 0.3619047619047619 0.6043343653250774 0.3619047619047619 
14 0.6352941176470588 0.34285714285714286 0.6340557275541796 0.34404761904761905 0.6291021671826625 0.3523809523809524 0.6241486068111455 0.41904761904761906 0.6241486068111455 0.49404761904761907 0.6291021671826625 0.544047619047619 0.6328173374613003 0.5511904761904762 0.643343653250774 0.5511904761904762 0.6613003095975232 0.5416666666666666 0.6631578947368421 0.5404761904761904 0.6681114551083591 0.5321428571428571 0.6681114551083591 0.4773809523809524 0.6631578947368421 0.4 0.6582043343653251 0.38095238095238093 0.643343653250774 0.34404761904761905 0.6421052631578947 0.34285714285714286 0.6352941176470588 0.34285714285714286 
15 0.6687306501547987 0.34285714285714286 0.6637770897832818 0.3523809523809524 0.6588235294117647 0.4107142857142857 0.6588235294117647 0.4642857142857143 0.6637770897832818 0.5226190476190476 0.6687306501547987 0.5321428571428571 0.6829721362229102 0.5321428571428571 0.7126934984520124 0.5035714285714286 0.7126934984520124 0.4380952380952381 0.6928792569659443 0.3523809523809524 0.6873065015479877 0.34285714285714286 0.6687306501547987 0.34285714285714286 
18 0.698452012383901 0.5142857142857142 0.6743034055727554 0.5333333333333333 0.6687306501547987 0.5428571428571428 0.6687306501547987 0.5892857142857143 0.7232198142414861 0.694047619047619 0.7424148606811145 0.694047619047619 0.7424148606811145 0.6523809523809524 0.7417956656346749 0.6476190476190476 0.7226006191950465 0.5357142857142857 0.7219814241486068 0.5333333333333333 0.7126934984520124 0.5142857142857142 0.698452012383901 0.5142857142857142 
19 0.6489164086687307 0.5428571428571428 0.6241486068111455 0.5523809523809524 0.614860681114551 0.5619047619047619 0.6142414860681115 0.5642857142857143 0.6142414860681115 0.5988095238095238 0.6191950464396285 0.6369047619047619 0.6340557275541796 0.694047619047619 0.6439628482972136 0.7130952380952381 0.6489164086687307 0.7214285714285714 0.6594427244582043 0.7321428571428571 0.6829721362229102 0.7321428571428571 0.7027863777089783 0.694047619047619 0.7027863777089783 0.6607142857142857 0.6978328173374613 0.638095238095238 0.6724458204334365 0.5428571428571428 0.6489164086687307 0.5428571428571428 
20 0.5956656346749226 0.5619047619047619 0.5808049535603715 0.5714285714285714 0.5795665634674922 0.5738095238095238 0.5795665634674922 0.6178571428571429 0.5845201238390093 0.6369047619047619 0.5894736842105263 0.6547619047619048 0.6092879256965944 0.7107142857142857 0.6291021671826625 0.7607142857142857 0.6476780185758514 0.7607142857142857 0.6476780185758514 0.7047619047619048 0.6179566563467492 0.5619047619047619 0.5956656346749226 0.5619047619047619 
21 0.5708978328173374 0.5714285714285714 0.5547987616099072 0.580952380952381 0.5547987616099072 0.6142857142857143 0.5597523219814241 0.6452380952380953 0.5696594427244582 0.7035714285714286 0.5752321981424149 0.7226190476190476 0.5845201238390093 0.7511904761904762 0.595046439628483 0.7702380952380953 0.6068111455108359 0.7702380952380953 0.6080495356037152 0.7690476190476191 0.6086687306501548 0.7678571428571429 0.6086687306501548 0.7345238095238096 0.5987616099071208 0.6488095238095238 0.5839009287925696 0.5714285714285714 0.5708978328173374 0.5714285714285714 
22 0.5306501547987617 0.580952380952381 0.530030959752322 0.5821428571428572 0.530030959752322 0.6428571428571429 0.534984520123839 0.6821428571428572 0.544891640866873 0.7226190476190476 0.5547987616099072 0.7607142857142857 0.5597523219814241 0.7702380952380953 0.5727554179566563 0.7702380952380953 0.5739938080495356 0.7690476190476191 0.5739938080495356 0.7047619047619048 0.5690402476780185 0.6571428571428571 0.5640866873065016 0.6107142857142858 0.5591331269349845 0.580952380952381 0.5306501547987617 0.580952380952381 
23 0.5151702786377709 0.580952380952381 0.5058823529411764 0.5904761904761905 0.5052631578947369 0.5916666666666667 0.5052631578947369 0.6535714285714286 0.5102167182662539 0.6916666666666667 0.5151702786377709 0.7226190476190476 0.5318885448916408 0.7226190476190476 0.5331269349845201 0.7214285714285714 0.5343653250773994 0.719047619047619 0.5343653250773994 0.580952380952381 0.5151702786377709 0.580952380952381 
24 0.4804953560371517 0.5904761904761905 0.47058823529411764 0.6761904761904762 0.47058823529411764 0.7404761904761905 0.4712074303405573 0.7416666666666667 0.4848297213622291 0.7416666666666667 0.48978328173374613 0.7309523809523809 0.49473684210526314 0.7130952380952381 0.5095975232198142 0.6166666666666667 0.5095975232198142 0.5904761904761905 0.4804953560371517 0.5904761904761905 
25 0.46191950464396286 0.580952380952381 0.46068111455108357 0.5833333333333334 0.45572755417956656 0.6583333333333333 0.45572755417956656 0.75 0.4563467492260062 0.7511904761904762 0.4693498452012384 0.7511904761904762 0.469969040247678 0.75 0.47492260061919506 0.7321428571428571 0.4792569659442725 0.694047619047619 0.4848297213622291 0.6369047619047619 0.4848297213622291 0.5821428571428572 0.4842105263157895 0.580952380952381 0.46191950464396286 0.580952380952381 
26 0.4408668730650155 0.580952380952381 0.4359133126934985 0.5916666666666667 0.4309597523219814 0.6571428571428571 0.4309597523219814 0.7416666666666667 0.4359133126934985 0.7607142857142857 0.4439628482972136 0.7607142857142857 0.4452012383900929 0.7595238095238095 0.4501547987616099 0.7511904761904762 0.4551083591331269 0.7309523809523809 0.465015479876161 0.6642857142857143 0.465015479876161 0.5821428571428572 0.46439628482972134 0.580952380952381 0.4408668730650155 0.580952380952381 
27 0.4179566563467492 0.580952380952381 0.41609907120743034 0.5833333333333334 0.40619195046439627 0.6095238095238096 0.40123839009287926 0.6297619047619047 0.39628482972136225 0.6571428571428571 0.3863777089783282 0.7452380952380953 0.3863777089783282 0.7797619047619048 0.3913312693498452 0.7976190476190477 0.3925696594427245 0.7988095238095239 0.40495356037151703 0.7988095238095239 0.4105263157894737 0.7892857142857143 0.4154798761609907 0.7702380952380953 0.43529411764705883 0.6928571428571428 0.44024767801857584 0.6654761904761904 0.4452012383900929 0.5988095238095238 0.4452012383900929 0.580952380952381 0.4179566563467492 0.580952380952381 
28 0.3913312693498452 0.5714285714285714 0.3814241486068111 0.5904761904761905 0.3764705882352941 0.6416666666666667 0.3715170278637771 0.7011904761904761 0.3715170278637771 0.7595238095238095 0.3721362229102167 0.7607142857142857 0.38575851393188854 0.7607142857142857 0.4006191950464396 0.7023809523809523 0.4154798761609907 0.6142857142857143 0.4154798761609907 0.580952380952381 0.4105263157894737 0.5726190476190476 0.40928792569659445 0.5714285714285714 0.3913312693498452 0.5714285714285714 
29 0.36780185758513934 0.5619047619047619 0.3622291021671827 0.5714285714285714 0.3572755417956656 0.580952380952381 0.35170278637770896 0.6 0.34179566563467495 0.638095238095238 0.3318885448916409 0.7142857142857143 0.3318885448916409 0.7226190476190476 0.33250773993808047 0.7321428571428571 0.3368421052631579 0.75 0.3380804953560371 0.7511904761904762 0.3498452012383901 0.7511904761904762 0.3510835913312694 0.75 0.3609907120743034 0.7321428571428571 0.37585139318885447 0.6845238095238095 0.3956656346749226 0.5869047619047619 0.3956656346749226 0.5714285714285714 0.3851393188854489 0.5619047619047619 0.36780185758513934 0.5619047619047619 
30 0.3176470588235294 0.5333333333333333 0.3126934984520124 0.5428571428571428 0.2823529411764706 0.6476190476190476 0.27801857585139317 0.6666666666666666 0.2773993808049536 0.675 0.27801857585139317 0.694047619047619 0.3077399380804954 0.7321428571428571 0.3263157894736842 0.7321428571428571 0.33622291021671824 0.7130952380952381 0.3461300309597523 0.6845238095238095 0.36594427244582045 0.5845238095238096 0.36594427244582045 0.5619047619047619 0.3609907120743034 0.5523809523809524 0.3461300309597523 0.5345238095238095 0.3442724458204334 0.5333333333333333 0.3176470588235294 0.5333333333333333 
31 0.2773993808049536 0.49523809523809526 0.27306501547987616 0.5047619047619047 0.2693498452012384 0.5142857142857142 0.2625386996904025 0.5345238095238095 0.248297213622291 0.6 0.2476780185758514 0.6047619047619047 0.2476780185758514 0.65 0.248297213622291 0.655952380952381 0.2532507739938081 0.6654761904761904 0.2712074303405573 0.6654761904761904 0.29102167182662536 0.6369047619047619 0.31145510835913315 0.5988095238095238 0.31640866873065016 0.5773809523809523 0.32136222910216716 0.5511904761904762 0.32136222910216716 0.5261904761904762 0.3058823529411765 0.5047619047619047 0.29659442724458207 0.49523809523809526 0.2773993808049536 0.49523809523809526 