3 0.37708978328173376 0.29523809523809524 0.36160990712074303 0.3047619047619048 0.36160990712074303 0.3202380952380952 0.3715170278637771 0.5119047619047619 0.37275541795665634 0.513095238095238 0.4006191950464396 0.513095238095238 0.4006191950464396 0.4166666666666667 0.38575851393188854 0.3142857142857143 0.38080495356037153 0.29523809523809524 0.37708978328173376 0.29523809523809524 
4 0.3925696594427245 0.29523809523809524 0.3814241486068111 0.3047619047619048 0.3814241486068111 0.32261904761904764 0.39628482972136225 0.5119047619047619 0.40123839009287926 0.5226190476190476 0.4247678018575851 0.5226190476190476 0.42538699690402476 0.5202380952380953 0.42538699690402476 0.430952380952381 0.4055727554179567 0.29642857142857143 0.40495356037151703 0.29523809523809524 0.3925696594427245 0.29523809523809524 
5 0.41609907120743034 0.305952380952381 0.4117647058823529 0.3142857142857143 0.41114551083591333 0.31785714285714284 0.41114551083591333 0.33214285714285713 0.41609907120743034 0.4357142857142857 0.42105263157894735 0.5119047619047619 0.426625386996904 0.5226190476190476 0.4501547987616099 0.5226190476190476 0.4501547987616099 0.4380952380952381 0.44024767801857584 0.34523809523809523 0.43529411764705883 0.31547619047619047 0.43034055727554177 0.305952380952381 0.41609907120743034 0.305952380952381 
6 0.4712074303405573 0.29523809523809524 0.4563467492260062 0.3047619047619048 0.45572755417956656 0.305952380952381 0.45572755417956656 0.33095238095238094 0.46563467492260063 0.513095238095238 0.47058823529411764 0.5226190476190476 0.4842105263157895 0.5226190476190476 0.48978328173374613 0.513095238095238 0.48978328173374613 0.4 0.4848297213622291 0.3523809523809524 0.47987616099071206 0.3142857142857143 0.47492260061919506 0.29642857142857143 0.4743034055727554 0.29523809523809524 0.4712074303405573 0.29523809523809524 
8 0.49597523219814244 0.29523809523809524 0.4953560371517028 0.29642857142857143 0.4953560371517028 0.3130952380952381 0.5052631578947369 0.5226190476190476 0.5157894736842106 0.5321428571428571 0.5294117647058824 0.5321428571428571 0.5294117647058824 0.41904761904761906 0.5244582043343653 0.3619047619047619 0.5195046439628483 0.3273809523809524 0.5145510835913313 0.29523809523809524 0.49597523219814244 0.29523809523809524 
12 0.5746130030959752 0.3142857142857143 0.5696594427244582 0.34523809523809523 0.5597523219814241 0.44761904761904764 0.5597523219814241 0.5202380952380953 0.5603715170278638 0.5226190476190476 0.5647058823529412 0.5321428571428571 0.5696594427244582 0.5416666666666666 0.5882352941176471 0.5416666666666666 0.5938080495356037 0.530952380952381 0.5938080495356037 0.41904761904761906 0.5888544891640867 0.3238095238095238 0.578328173374613 0.3142857142857143 0.5746130030959752 0.3142857142857143 
13 0.6012383900928793 0.3047619047619048 0.5993808049535604 0.305952380952381 0.5944272445820433 0.3345238095238095 0.5894736842105263 0.45714285714285713 0.5894736842105263 0.5321428571428571 0.5993808049535604 0.5404761904761904 0.6012383900928793 0.5416666666666666 0.6136222910216719 0.5416666666666666 0.6185758513931888 0.5297619047619048 0.6185758513931888 0.325 0.6136222910216719 0.305952380952381 0.6130030959752322 0.3047619047619048 0.6012383900928793 0.3047619047619048 
14 0.6266253869969041 0.3047619047619048 0.6247678018575852 0.30833333333333335 0.6142414860681115 0.44047619047619047 0.6142414860681115 0.5321428571428571 0.6309597523219814 0.5416666666666666 0.6476780185758514 0.5416666666666666 0.653250773993808 0.530952380952381 0.653250773993808 0.430952380952381 0.648297213622291 0.3047619047619048 0.6266253869969041 0.3047619047619048 
18 0.6439628482972136 0.5428571428571428 0.6390092879256966 0.5523809523809524 0.6390092879256966 0.5988095238095238 0.6637770897832818 0.675 0.6736842105263158 0.7023809523809523 0.6786377708978328 0.7130952380952381 0.6854489164086688 0.7130952380952381 0.6879256965944273 0.7119047619047619 0.7027863777089783 0.694047619047619 0.7077399380804954 0.6726190476190477 0.7077399380804954 0.6583333333333333 0.6978328173374613 0.5642857142857143 0.6972136222910217 0.5619047619047619 0.6928792569659443 0.5523809523809524 0.6829721362229102 0.5428571428571428 0.6439628482972136 0.5428571428571428 
19 0.5993808049535604 0.5523809523809524 0.5944272445820433 0.5619047619047619 0.5944272445820433 0.6178571428571429 0.6092879256965944 0.6845238095238095 0.6191950464396285 0.7226190476190476 0.6291021671826625 0.7416666666666667 0.6359133126934985 0.7416666666666667 0.638390092879257 0.7404761904761905 0.6582043343653251 0.7119047619047619 0.6582043343653251 0.6476190476190476 0.643343653250774 0.5619047619047619 0.638390092879257 0.5535714285714286 0.6371517027863777 0.5523809523809524 0.5993808049535604 0.5523809523809524 
20 0.5647058823529412 0.5619047619047619 0.5647058823529412 0.6083333333333333 0.5845201238390093 0.7226190476190476 0.5894736842105263 0.75 0.595046439628483 0.7607142857142857 0.6086687306501548 0.7607142857142857 0.6086687306501548 0.7178571428571429 0.6080495356037152 0.7047619047619048 0.5987616099071208 0.5714285714285714 0.5938080495356037 0.5619047619047619 0.5647058823529412 0.5619047619047619 
21 0.5554179566563467 0.5523809523809524 0.5455108359133127 0.5619047619047619 0.544891640866873 0.5642857142857143 0.544891640866873 0.6369047619047619 0.5498452012383901 0.6726190476190477 0.5547987616099072 0.7035714285714286 0.5647058823529412 0.7583333333333333 0.5659442724458205 0.7607142857142857 0.578328173374613 0.7607142857142857 0.5789473684210527 0.7595238095238095 0.5789473684210527 0.6857142857142857 0.5739938080495356 0.6011904761904762 0.5690402476780185 0.5654761904761905 0.5684210526315789 0.5619047619047619 0.5628482972136223 0.5523809523809524 0.5554179566563467 0.5523809523809524 
22 0.534984520123839 0.5619047619047619 0.530030959752322 0.580952380952381 0.530030959752322 0.7571428571428571 0.5306501547987617 0.7607142857142857 0.5405572755417957 0.7702380952380953 0.5492260061919505 0.7702380952380953 0.5541795665634675 0.7511904761904762 0.5541795665634675 0.5630952380952381 0.5535603715170279 0.5619047619047619 0.534984520123839 0.5619047619047619 
23 0.5102167182662539 0.5428571428571428 0.5102167182662539 0.7130952380952381 0.5151702786377709 0.7214285714285714 0.5164086687306502 0.7226190476190476 0.5188854489164086 0.7226190476190476 0.5244582043343653 0.7119047619047619 0.5393188854489164 0.5773809523809523 0.5393188854489164 0.5523809523809524 0.5195046439628483 0.5428571428571428 0.5102167182662539 0.5428571428571428 
24 0.491640866873065 0.5523809523809524 0.4904024767801858 0.5535714285714286 0.4904024767801858 0.5607142857142857 0.4953560371517028 0.6928571428571428 0.5009287925696595 0.7130952380952381 0.5145510835913313 0.7130952380952381 0.5195046439628483 0.5869047619047619 0.5195046439628483 0.5619047619047619 0.5145510835913313 0.5523809523809524 0.491640866873065 0.5523809523809524 
25 0.4761609907120743 0.5523809523809524 0.47554179566563465 0.5547619047619048 0.47554179566563465 0.5785714285714286 0.4804953560371517 0.7130952380952381 0.4854489164086687 0.7226190476190476 0.4891640866873065 0.7226190476190476 0.49907120743034056 0.7035714285714286 0.4996904024767802 0.7011904761904761 0.4996904024767802 0.5535714285714286 0.49907120743034056 0.5523809523809524 0.4761609907120743 0.5523809523809524 
26 0.4613003095975232 0.5428571428571428 0.46068111455108357 0.544047619047619 0.46068111455108357 0.7321428571428571 0.47368421052631576 0.7321428571428571 0.47492260061919506 0.7309523809523809 0.47987616099071206 0.7214285714285714 0.4848297213622291 0.6928571428571428 0.4848297213622291 0.5428571428571428 0.4613003095975232 0.5428571428571428 
27 0.45077399380804956 0.5523809523809524 0.4458204334365325 0.5642857142857143 0.43653250773993807 0.7333333333333333 0.4359133126934985 0.7523809523809524 0.4359133126934985 0.7535714285714286 0.4371517027863777 0.7607142857142857 0.4408668730650155 0.7666666666666667 0.443343653250774 0.7690476190476191 0.4452012383900929 0.7690476190476191 0.4551083591331269 0.7511904761904762 0.460061919504644 0.7321428571428571 0.465015479876161 0.7023809523809523 0.469969040247678 0.6357142857142857 0.469969040247678 0.5523809523809524 0.45077399380804956 0.5523809523809524 
28 0.4359133126934985 0.5523809523809524 0.4309597523219814 0.555952380952381 0.426625386996904 0.5619047619047619 0.42105263157894735 0.580952380952381 0.41609907120743034 0.6773809523809524 0.41609907120743034 0.7511904761904762 0.43034055727554177 0.7511904761904762 0.43529411764705883 0.7214285714285714 0.4501547987616099 0.6166666666666667 0.4501547987616099 0.5678571428571428 0.44953560371517026 0.5619047619047619 0.4439628482972136 0.5523809523809524 0.4359133126934985 0.5523809523809524 
29 0.40123839009287926 0.5523809523809524 0.3863777089783282 0.705952380952381 0.3863777089783282 0.7416666666666667 0.4006191950464396 0.7416666666666667 0.4105263157894737 0.7321428571428571 0.4154798761609907 0.7011904761904761 0.43529411764705883 0.5702380952380952 0.43529411764705883 0.5619047619047619 0.4247678018575851 0.5523809523809524 0.40123839009287926 0.5523809523809524 
30 0.3702786377708978 0.5333333333333333 0.36656346749226004 0.5345238095238095 0.356656346749226 0.5428571428571428 0.34179566563467495 0.6583333333333333 0.34179566563467495 0.6916666666666667 0.34241486068111454 0.694047619047619 0.3628482972136223 0.7226190476190476 0.37585139318885447 0.7226190476190476 0.3801857585139319 0.7130952380952381 0.38575851393188854 0.694047619047619 0.3907120743034056 0.6726190476190477 0.4055727554179567 0.5988095238095238 0.4055727554179567 0.5535714285714286 0.40495356037151703 0.5523809523809524 0.37089783281733746 0.5333333333333333 0.3702786377708978 0.5333333333333333 
31 0.3170278637770898 0.5142857142857142 0.31207430340557274 0.5333333333333333 0.29721362229102166 0.6321428571428571 0.29721362229102166 0.6833333333333333 0.3077399380804954 0.694047619047619 0.32074303405572757 0.694047619047619 0.3263157894736842 0.6833333333333333 0.3510835913312694 0.6178571428571429 0.3609907120743034 0.5892857142857143 0.36594427244582045 0.5488095238095239 0.36594427244582045 0.5345238095238095 0.36470588235294116 0.5333333333333333 0.34055727554179566 0.5142857142857142 0.3170278637770898 0.5142857142857142 