1 0.2241486068111455 0.3523809523809524 0.22291021671826625 0.3535714285714286 0.22291021671826625 0.4083333333333333 0.22786377708978328 0.4654761904761905 0.23281733746130032 0.513095238095238 0.23777089783281732 0.5392857142857143 0.24272445820433436 0.5595238095238095 0.243343653250774 0.5607142857142857 0.25386996904024767 0.5702380952380952 0.28111455108359135 0.5702380952380952 0.29102167182662536 0.5607142857142857 0.291640866873065 0.5595238095238095 0.29659442724458207 0.5404761904761904 0.29659442724458207 0.49523809523809526 0.291640866873065 0.45 0.286687306501548 0.4297619047619048 0.25696594427244585 0.3619047619047619 0.2520123839009288 0.3535714285714286 0.24953560371517028 0.3523809523809524 0.2241486068111455 0.3523809523809524 
2 0.29721362229102166 0.2857142857142857 0.29287925696594425 0.29523809523809524 0.29226006191950465 0.2976190476190476 0.2873065015479876 0.3333333333333333 0.2823529411764706 0.44761904761904764 0.2823529411764706 0.45595238095238094 0.2873065015479876 0.5023809523809524 0.29226006191950465 0.5321428571428571 0.3065015479876161 0.5321428571428571 0.34055727554179566 0.5226190476190476 0.3411764705882353 0.5214285714285715 0.3461300309597523 0.5011904761904762 0.3461300309597523 0.4583333333333333 0.3411764705882353 0.4095238095238095 0.33622291021671824 0.38333333333333336 0.33126934984520123 0.3619047619047619 0.3108359133126935 0.29523809523809524 0.3065015479876161 0.2869047619047619 0.30526315789473685 0.2857142857142857 0.29721362229102166 0.2857142857142857 
3 0.3473684210526316 0.3142857142857143 0.3219814241486068 0.34404761904761905 0.3219814241486068 0.37023809523809526 0.34179566563467495 0.5095238095238095 0.34241486068111454 0.513095238095238 0.38390092879256965 0.513095238095238 0.38575851393188854 0.5119047619047619 0.39442724458204337 0.5 0.3956656346749226 0.49642857142857144 0.3956656346749226 0.45 0.38575851393188854 0.4 0.37585139318885447 0.35714285714285715 0.36594427244582045 0.325 0.3609907120743034 0.3142857142857143 0.3473684210526316 0.3142857142857143 
4 0.3913312693498452 0.26666666666666666 0.3814241486068111 0.2869047619047619 0.3814241486068111 0.44166666666666665 0.3863777089783282 0.5095238095238095 0.38699690402476783 0.513095238095238 0.4198142414860681 0.513095238095238 0.42538699690402476 0.5035714285714286 0.42538699690402476 0.4095238095238095 0.42043343653250775 0.37142857142857144 0.4055727554179567 0.2857142857142857 0.4 0.26666666666666666 0.3913312693498452 0.26666666666666666 
5 0.4179566563467492 0.2761904761904762 0.41609907120743034 0.2773809523809524 0.41114551083591333 0.2869047619047619 0.41114551083591333 0.3761904761904762 0.41609907120743034 0.5095238095238095 0.41671826625387 0.5119047619047619 0.42105263157894735 0.5226190476190476 0.4346749226006192 0.5226190476190476 0.44024767801857584 0.513095238095238 0.4551083591331269 0.4845238095238095 0.4551083591331269 0.4511904761904762 0.4501547987616099 0.4095238095238095 0.44024767801857584 0.34404761904761905 0.43529411764705883 0.31547619047619047 0.43034055727554177 0.28809523809523807 0.4297213622291022 0.2857142857142857 0.42538699690402476 0.2773809523809524 0.4241486068111455 0.2761904761904762 0.4179566563467492 0.2761904761904762 
6 0.4520123839009288 0.26666666666666666 0.45077399380804956 0.26785714285714285 0.4458204334365325 0.2761904761904762 0.4408668730650155 0.2869047619047619 0.4359133126934985 0.3238095238095238 0.4359133126934985 0.38452380952380955 0.4408668730650155 0.5035714285714286 0.46439628482972134 0.5035714285714286 0.469969040247678 0.4845238095238095 0.4743034055727554 0.45595238095238094 0.47492260061919506 0.4511904761904762 0.47492260061919506 0.3821428571428571 0.469969040247678 0.3047619047619048 0.465015479876161 0.2785714285714286 0.460061919504644 0.26666666666666666 0.4520123839009288 0.26666666666666666 
7 0.46563467492260063 0.3142857142857143 0.46563467492260063 0.5035714285714286 0.4891640866873065 0.5035714285714286 0.48978328173374613 0.5023809523809524 0.48978328173374613 0.42857142857142855 0.4891640866873065 0.35595238095238096 0.4848297213622291 0.3142857142857143 0.46563467492260063 0.3142857142857143 
8 0.49597523219814244 0.3238095238095238 0.4953560371517028 0.3261904761904762 0.4904024767801858 0.3547619047619048 0.4854489164086687 0.39166666666666666 0.4804953560371517 0.4297619047619048 0.4804953560371517 0.4357142857142857 0.4854489164086687 0.513095238095238 0.49102167182662537 0.5226190476190476 0.5046439628482973 0.5226190476190476 0.5095975232198142 0.513095238095238 0.5145510835913313 0.49166666666666664 0.5195046439628483 0.4357142857142857 0.5195046439628483 0.3357142857142857 0.5145510835913313 0.3238095238095238 0.49597523219814244 0.3238095238095238 
9 0.530030959752322 0.3238095238095238 0.5201238390092879 0.3619047619047619 0.5157894736842106 0.38095238095238093 0.5151702786377709 0.38452380952380955 0.5102167182662539 0.42857142857142855 0.5052631578947369 0.4857142857142857 0.5052631578947369 0.5226190476190476 0.5343653250773994 0.5226190476190476 0.5393188854489164 0.5035714285714286 0.5442724458204334 0.4238095238095238 0.5442724458204334 0.3238095238095238 0.530030959752322 0.3238095238095238 
10 0.5547987616099072 0.3333333333333333 0.5504643962848297 0.34285714285714286 0.5399380804953561 0.3821428571428571 0.534984520123839 0.42142857142857143 0.534984520123839 0.5119047619047619 0.5399380804953561 0.5226190476190476 0.5535603715170279 0.5226190476190476 0.5591331269349845 0.5119047619047619 0.5640866873065016 0.40714285714285714 0.5640866873065016 0.3345238095238095 0.5628482972136223 0.3333333333333333 0.5547987616099072 0.3333333333333333 
11 0.5746130030959752 0.2857142857142857 0.5702786377708978 0.29523809523809524 0.5696594427244582 0.2976190476190476 0.5647058823529412 0.3345238095238095 0.5597523219814241 0.4011904761904762 0.5547987616099072 0.4773809523809524 0.5547987616099072 0.513095238095238 0.5609907120743034 0.5226190476190476 0.5789473684210527 0.5226190476190476 0.5839009287925696 0.513095238095238 0.5882352941176471 0.5035714285714286 0.5888544891640867 0.5011904761904762 0.5938080495356037 0.3892857142857143 0.5938080495356037 0.2869047619047619 0.5931888544891641 0.2857142857142857 0.5746130030959752 0.2857142857142857 
12 0.5993808049535604 0.2857142857142857 0.595046439628483 0.29523809523809524 0.5944272445820433 0.2976190476190476 0.5894736842105263 0.3238095238095238 0.5845201238390093 0.3952380952380952 0.5795665634674922 0.49642857142857144 0.5795665634674922 0.513095238095238 0.5845201238390093 0.5226190476190476 0.595046439628483 0.5321428571428571 0.6130030959752322 0.5321428571428571 0.6136222910216719 0.5297619047619048 0.6136222910216719 0.3238095238095238 0.6086687306501548 0.28809523809523807 0.6080495356037152 0.2869047619047619 0.6068111455108359 0.2857142857142857 0.5993808049535604 0.2857142857142857 
13 0.6198142414860681 0.3238095238095238 0.6142414860681115 0.3333333333333333 0.6092879256965944 0.38452380952380955 0.6092879256965944 0.5226190476190476 0.6142414860681115 0.5321428571428571 0.6309597523219814 0.5321428571428571 0.6328173374613003 0.530952380952381 0.6377708978328174 0.5226190476190476 0.643343653250774 0.5023809523809524 0.643343653250774 0.4011904761904762 0.638390092879257 0.325 0.6377708978328174 0.3238095238095238 0.6198142414860681 0.3238095238095238 
14 0.6544891640866873 0.34285714285714286 0.6489164086687307 0.3523809523809524 0.6439628482972136 0.38095238095238093 0.6390092879256966 0.4107142857142857 0.6340557275541796 0.49523809523809526 0.6340557275541796 0.5202380952380953 0.6390092879256966 0.5321428571428571 0.6594427244582043 0.5416666666666666 0.676780185758514 0.5416666666666666 0.6780185758513931 0.5404761904761904 0.6780185758513931 0.38095238095238093 0.6681114551083591 0.34285714285714286 0.6544891640866873 0.34285714285714286 
15 0.7040247678018576 0.3142857142857143 0.6941176470588235 0.3333333333333333 0.6885448916408669 0.3535714285714286 0.6786377708978328 0.4 0.6736842105263158 0.44047619047619047 0.6736842105263158 0.5321428571428571 0.7120743034055728 0.5321428571428571 0.7226006191950465 0.5226190476190476 0.7275541795665634 0.5071428571428571 0.7275541795665634 0.325 0.7219814241486068 0.3142857142857143 0.7040247678018576 0.3142857142857143 
16 0.7380804953560371 0.3047619047619048 0.7281733746130031 0.3238095238095238 0.7232198142414861 0.3547619047619048 0.718266253869969 0.42857142857142855 0.718266253869969 0.5107142857142857 0.7188854489164087 0.513095238095238 0.7232198142414861 0.5226190476190476 0.7473684210526316 0.5226190476190476 0.7671826625386997 0.5035714285714286 0.7721362229102167 0.4928571428571429 0.7721362229102167 0.4880952380952381 0.7715170278637771 0.4666666666666667 0.7671826625386997 0.325 0.7622291021671826 0.3142857142857143 0.7504643962848297 0.3047619047619048 0.7380804953560371 0.3047619047619048 
17 0.7535603715170278 0.5047619047619047 0.7256965944272445 0.5238095238095238 0.718266253869969 0.5333333333333333 0.718266253869969 0.5785714285714286 0.7331269349845201 0.6547619047619048 0.7380804953560371 0.6738095238095239 0.7479876160990712 0.694047619047619 0.7578947368421053 0.7130952380952381 0.7634674922600619 0.7226190476190476 0.7820433436532508 0.7226190476190476 0.8018575851393189 0.6833333333333333 0.8018575851393189 0.6392857142857142 0.7770897832817337 0.5154761904761904 0.7721362229102167 0.5047619047619047 0.7535603715170278 0.5047619047619047 
18 0.6743034055727554 0.5333333333333333 0.6687306501547987 0.544047619047619 0.6687306501547987 0.6273809523809524 0.6835913312693499 0.6845238095238095 0.6891640866873066 0.7035714285714286 0.6934984520123839 0.7130952380952381 0.698452012383901 0.7226190476190476 0.7040247678018576 0.7321428571428571 0.7263157894736842 0.7321428571428571 0.7275541795665634 0.7309523809523809 0.7275541795665634 0.6 0.7226006191950465 0.544047619047619 0.7170278637770898 0.5333333333333333 0.6743034055727554 0.5333333333333333 
19 0.6247678018575852 0.5333333333333333 0.6191950464396285 0.5428571428571428 0.6191950464396285 0.6833333333333333 0.6241486068111455 0.7035714285714286 0.6291021671826625 0.7226190476190476 0.6340557275541796 0.7321428571428571 0.6390092879256966 0.7404761904761905 0.6414860681114551 0.7416666666666667 0.6637770897832818 0.7511904761904762 0.6780185758513931 0.7511904761904762 0.6780185758513931 0.5928571428571429 0.6730650154798762 0.5428571428571428 0.6631578947368421 0.5333333333333333 0.6247678018575852 0.5333333333333333 
20 0.5993808049535604 0.5333333333333333 0.5944272445820433 0.5428571428571428 0.5944272445820433 0.6738095238095239 0.5993808049535604 0.7309523809523809 0.6043343653250774 0.75 0.6092879256965944 0.7607142857142857 0.6229102167182663 0.7607142857142857 0.6235294117647059 0.7595238095238095 0.628482972136223 0.6333333333333333 0.628482972136223 0.6 0.6235294117647059 0.5535714285714286 0.6185758513931888 0.5428571428571428 0.6136222910216719 0.5333333333333333 0.5993808049535604 0.5333333333333333 
21 0.5752321981424149 0.5428571428571428 0.5696594427244582 0.5535714285714286 0.5696594427244582 0.6047619047619047 0.5746130030959752 0.7416666666666667 0.5801857585139318 0.75 0.5820433436532507 0.7511904761904762 0.5981424148606811 0.7511904761904762 0.5987616099071208 0.75 0.5987616099071208 0.5452380952380952 0.5981424148606811 0.5428571428571428 0.5752321981424149 0.5428571428571428 
22 0.5498452012383901 0.5333333333333333 0.544891640866873 0.5535714285714286 0.544891640866873 0.7476190476190476 0.5455108359133127 0.7511904761904762 0.5498452012383901 0.7607142857142857 0.5640866873065016 0.7607142857142857 0.5690402476780185 0.75 0.5739938080495356 0.7226190476190476 0.5739938080495356 0.5535714285714286 0.5640866873065016 0.5333333333333333 0.5498452012383901 0.5333333333333333 
23 0.525077399380805 0.5333333333333333 0.525077399380805 0.7130952380952381 0.5386996904024768 0.7130952380952381 0.5436532507739938 0.7035714285714286 0.5442724458204334 0.7011904761904761 0.5492260061919505 0.6273809523809524 0.5492260061919505 0.5333333333333333 0.525077399380805 0.5333333333333333 
24 0.5157894736842106 0.5333333333333333 0.5151702786377709 0.5357142857142857 0.5102167182662539 0.6285714285714286 0.5102167182662539 0.6369047619047619 0.5151702786377709 0.6845238095238095 0.5201238390092879 0.694047619047619 0.5294117647058824 0.694047619047619 0.5343653250773994 0.6166666666666667 0.5343653250773994 0.5642857142857143 0.5294117647058824 0.5333333333333333 0.5157894736842106 0.5333333333333333 
25 0.49597523219814244 0.5428571428571428 0.4953560371517028 0.5452380952380952 0.4953560371517028 0.6595238095238095 0.49597523219814244 0.6654761904761904 0.5003095975232198 0.694047619047619 0.5052631578947369 0.7035714285714286 0.5139318885448917 0.7035714285714286 0.5145510835913313 0.7023809523809523 0.5195046439628483 0.6642857142857143 0.5195046439628483 0.5428571428571428 0.49597523219814244 0.5428571428571428 
26 0.48111455108359136 0.5428571428571428 0.4804953560371517 0.5452380952380952 0.4804953560371517 0.5988095238095238 0.48111455108359136 0.6369047619047619 0.4854489164086687 0.6738095238095239 0.4904024767801858 0.7011904761904761 0.49102167182662537 0.7035714285714286 0.4953560371517028 0.7130952380952381 0.5046439628482973 0.7130952380952381 0.5046439628482973 0.6666666666666666 0.4996904024767802 0.5452380952380952 0.49907120743034056 0.5428571428571428 0.48111455108359136 0.5428571428571428 
27 0.4613003095975232 0.5333333333333333 0.46068111455108357 0.5345238095238095 0.46068111455108357 0.7035714285714286 0.46563467492260063 0.7226190476190476 0.47058823529411764 0.7321428571428571 0.4823529411764706 0.7321428571428571 0.4848297213622291 0.7309523809523809 0.4848297213622291 0.5619047619047619 0.47987616099071206 0.5380952380952381 0.4786377708978328 0.5333333333333333 0.4613003095975232 0.5333333333333333 
28 0.4359133126934985 0.5333333333333333 0.4309597523219814 0.5535714285714286 0.4309597523219814 0.5928571428571429 0.4359133126934985 0.675 0.4408668730650155 0.7023809523809523 0.4458204334365325 0.7226190476190476 0.45139318885448915 0.7321428571428571 0.465015479876161 0.7321428571428571 0.465015479876161 0.5547619047619048 0.46439628482972134 0.5523809523809524 0.45944272445820433 0.5345238095238095 0.45758513931888545 0.5333333333333333 0.4359133126934985 0.5333333333333333 
29 0.41114551083591333 0.5238095238095238 0.40123839009287926 0.5333333333333333 0.39628482972136225 0.544047619047619 0.39628482972136225 0.5785714285714286 0.40619195046439627 0.675 0.41114551083591333 0.7130952380952381 0.41609907120743034 0.7416666666666667 0.43529411764705883 0.7416666666666667 0.44024767801857584 0.6654761904761904 0.44024767801857584 0.5238095238095238 0.41114551083591333 0.5238095238095238 
30 0.39690402476780184 0.5142857142857142 0.3671826625386997 0.5238095238095238 0.3479876160990712 0.5333333333333333 0.34674922600619196 0.5345238095238095 0.34674922600619196 0.7416666666666667 0.3560371517027864 0.7416666666666667 0.4 0.7321428571428571 0.4006191950464396 0.7309523809523809 0.4055727554179567 0.7023809523809523 0.4105263157894737 0.6654761904761904 0.4105263157894737 0.525 0.40928792569659445 0.5142857142857142 0.39690402476780184 0.5142857142857142 
31 0.3176470588235294 0.5238095238095238 0.3021671826625387 0.5333333333333333 0.29226006191950465 0.5523809523809524 0.2823529411764706 0.6571428571428571 0.2823529411764706 0.7309523809523809 0.28297213622291023 0.7321428571428571 0.30835913312693497 0.7416666666666667 0.31640866873065016 0.7416666666666667 0.33126934984520123 0.7130952380952381 0.3411764705882353 0.6845238095238095 0.3510835913312694 0.6464285714285715 0.3510835913312694 0.5261904761904762 0.3498452012383901 0.5238095238095238 0.3176470588235294 0.5238095238095238 