2 0.29721362229102166 0.38095238095238093 0.29226006191950465 0.3904761904761905 0.25263157894736843 0.5178571428571429 0.2476780185758514 0.5428571428571428 0.2476780185758514 0.5702380952380952 0.25263157894736843 0.5797619047619048 0.2674922600619195 0.5976190476190476 0.2693498452012384 0.5988095238095238 0.30092879256965943 0.5988095238095238 0.3058823529411765 0.5892857142857143 0.3065015479876161 0.5869047619047619 0.31145510835913315 0.513095238095238 0.31145510835913315 0.4261904761904762 0.3065015479876161 0.3904761904761905 0.3015479876160991 0.3821428571428571 0.2978328173374613 0.38095238095238093 0.29721362229102166 0.38095238095238093 
3 0.3219814241486068 0.4095238095238095 0.3170278637770898 0.41904761904761906 0.31207430340557274 0.4380952380952381 0.3021671826625387 0.5333333333333333 0.3021671826625387 0.5976190476190476 0.3077399380804954 0.6083333333333333 0.3498452012383901 0.6083333333333333 0.3504643962848297 0.6071428571428571 0.3510835913312694 0.6035714285714285 0.3510835913312694 0.5369047619047619 0.3461300309597523 0.45714285714285713 0.33622291021671824 0.42023809523809524 0.3306501547987616 0.4095238095238095 0.3219814241486068 0.4095238095238095 
4 0.3684210526315789 0.4 0.36656346749226004 0.4011904761904762 0.3572755417956656 0.41904761904761906 0.34674922600619196 0.47619047619047616 0.34674922600619196 0.5964285714285714 0.3473684210526316 0.5988095238095238 0.356656346749226 0.6083333333333333 0.37585139318885447 0.6083333333333333 0.38575851393188854 0.5976190476190476 0.38575851393188854 0.5357142857142857 0.38080495356037153 0.4107142857142857 0.37585139318885447 0.4 0.3684210526315789 0.4 
5 0.3863777089783282 0.4 0.38204334365325077 0.4166666666666667 0.3814241486068111 0.42142857142857143 0.3764705882352941 0.5333333333333333 0.3764705882352941 0.5416666666666666 0.3814241486068111 0.5988095238095238 0.38699690402476783 0.6083333333333333 0.4055727554179567 0.6083333333333333 0.4154798761609907 0.5988095238095238 0.4154798761609907 0.5142857142857142 0.4055727554179567 0.430952380952381 0.4006191950464396 0.4107142857142857 0.39504643962848296 0.4 0.3863777089783282 0.4 
6 0.4117647058823529 0.38095238095238093 0.41114551083591333 0.38333333333333336 0.41114551083591333 0.5869047619047619 0.41609907120743034 0.6083333333333333 0.43777089783281736 0.6083333333333333 0.43962848297213625 0.6071428571428571 0.4452012383900929 0.5988095238095238 0.4501547987616099 0.5797619047619048 0.4501547987616099 0.5428571428571428 0.43034055727554177 0.4119047619047619 0.42538699690402476 0.3904761904761905 0.42043343653250775 0.38095238095238093 0.4117647058823529 0.38095238095238093 
7 0.4408668730650155 0.4 0.4408668730650155 0.4654761904761905 0.4458204334365325 0.5607142857142857 0.45077399380804956 0.5880952380952381 0.4520123839009288 0.5892857142857143 0.47987616099071206 0.5892857142857143 0.47987616099071206 0.5166666666666667 0.47492260061919506 0.4773809523809524 0.469969040247678 0.45 0.465015479876161 0.4297619047619048 0.460061919504644 0.4107142857142857 0.4551083591331269 0.4 0.4408668730650155 0.4 
8 0.4761609907120743 0.4 0.47554179566563465 0.4011904761904762 0.47554179566563465 0.5773809523809523 0.4804953560371517 0.5988095238095238 0.5188854489164086 0.5988095238095238 0.5195046439628483 0.5964285714285714 0.5195046439628483 0.544047619047619 0.5046439628482973 0.44761904761904764 0.4996904024767802 0.4226190476190476 0.49473684210526314 0.4011904761904762 0.49411764705882355 0.4 0.4761609907120743 0.4 
9 0.5405572755417957 0.4 0.530030959752322 0.41904761904761906 0.5151702786377709 0.49642857142857144 0.5151702786377709 0.5988095238095238 0.5486068111455108 0.5988095238095238 0.5492260061919505 0.5976190476190476 0.5541795665634675 0.5797619047619048 0.5591331269349845 0.5607142857142857 0.5640866873065016 0.45595238095238094 0.5640866873065016 0.40714285714285714 0.5628482972136223 0.4035714285714286 0.5597523219814241 0.4 0.5405572755417957 0.4 
10 0.5659442724458205 0.42857142857142855 0.5647058823529412 0.4297619047619048 0.5498452012383901 0.5523809523809524 0.5498452012383901 0.5892857142857143 0.5603715170278638 0.5988095238095238 0.5671826625386996 0.5988095238095238 0.5690402476780185 0.5976190476190476 0.5739938080495356 0.5892857142857143 0.578328173374613 0.5607142857142857 0.5789473684210527 0.5523809523809524 0.5789473684210527 0.4297619047619048 0.578328173374613 0.42857142857142855 0.5659442724458205 0.42857142857142855 
11 0.6061919504643963 0.4 0.6043343653250774 0.4011904761904762 0.595046439628483 0.4095238095238095 0.5795665634674922 0.49523809523809526 0.5746130030959752 0.525 0.5746130030959752 0.5726190476190476 0.5845201238390093 0.6071428571428571 0.5851393188854489 0.6083333333333333 0.6037151702786377 0.6083333333333333 0.6086687306501548 0.5976190476190476 0.6136222910216719 0.5416666666666666 0.6136222910216719 0.49523809523809526 0.6130030959752322 0.42857142857142855 0.6086687306501548 0.4 0.6061919504643963 0.4 
12 0.6191950464396285 0.4 0.6142414860681115 0.42857142857142855 0.6043343653250774 0.5345238095238095 0.5993808049535604 0.594047619047619 0.5993808049535604 0.5976190476190476 0.6043343653250774 0.6083333333333333 0.638390092879257 0.6083333333333333 0.638390092879257 0.4035714285714286 0.6377708978328174 0.4 0.6191950464396285 0.4 
13 0.6396284829721363 0.41904761904761906 0.6340557275541796 0.4297619047619048 0.6340557275541796 0.5988095238095238 0.6631578947368421 0.5988095238095238 0.6674922600619195 0.5892857142857143 0.6681114551083591 0.5869047619047619 0.6681114551083591 0.5357142857142857 0.6631578947368421 0.49166666666666664 0.653250773993808 0.41904761904761906 0.6396284829721363 0.41904761904761906 
14 0.6743034055727554 0.4095238095238095 0.6687306501547987 0.42023809523809524 0.6637770897832818 0.4392857142857143 0.6588235294117647 0.47619047619047616 0.6588235294117647 0.5392857142857143 0.6637770897832818 0.5964285714285714 0.6643962848297214 0.5976190476190476 0.6656346749226006 0.5988095238095238 0.701547987616099 0.5988095238095238 0.7027863777089783 0.5976190476190476 0.7077399380804954 0.5880952380952381 0.7077399380804954 0.5261904761904762 0.6978328173374613 0.430952380952381 0.6928792569659443 0.4095238095238095 0.6743034055727554 0.4095238095238095 
15 0.7139318885448916 0.38095238095238093 0.7089783281733746 0.3904761904761905 0.7034055727554179 0.4107142857142857 0.7034055727554179 0.569047619047619 0.7139318885448916 0.5892857142857143 0.7374613003095976 0.5892857142857143 0.7517027863777089 0.5797619047619048 0.7523219814241486 0.5785714285714286 0.7572755417956656 0.5607142857142857 0.7572755417956656 0.5273809523809524 0.7325077399380805 0.3904761904761905 0.7275541795665634 0.38095238095238093 0.7139318885448916 0.38095238095238093 
18 0.7232198142414861 0.5904761904761905 0.6996904024767802 0.6 0.698452012383901 0.6011904761904762 0.698452012383901 0.6654761904761904 0.7034055727554179 0.694047619047619 0.7139318885448916 0.7297619047619047 0.718266253869969 0.7416666666666667 0.7436532507739938 0.7892857142857143 0.7523219814241486 0.7892857142857143 0.7671826625386997 0.7702380952380953 0.7671826625386997 0.7166666666666667 0.7572755417956656 0.6238095238095238 0.7523219814241486 0.6023809523809524 0.7473684210526316 0.5904761904761905 0.7232198142414861 0.5904761904761905 
19 0.6538699690402476 0.6095238095238096 0.6489164086687307 0.6202380952380953 0.6489164086687307 0.6642857142857143 0.6538699690402476 0.7309523809523809 0.6637770897832818 0.7892857142857143 0.6687306501547987 0.7988095238095239 0.6829721362229102 0.7988095238095239 0.7126934984520124 0.7892857142857143 0.7126934984520124 0.7333333333333333 0.7027863777089783 0.6214285714285714 0.7021671826625387 0.6190476190476191 0.6928792569659443 0.6095238095238096 0.6538699690402476 0.6095238095238096 
20 0.6241486068111455 0.6190476190476191 0.6142414860681115 0.6392857142857142 0.6142414860681115 0.6654761904761904 0.6241486068111455 0.7321428571428571 0.6291021671826625 0.7607142857142857 0.6439628482972136 0.8083333333333333 0.6489164086687307 0.8178571428571428 0.6582043343653251 0.8178571428571428 0.6631578947368421 0.8071428571428572 0.6631578947368421 0.7726190476190476 0.6625386996904025 0.7619047619047619 0.653250773993808 0.6416666666666667 0.6526315789473685 0.638095238095238 0.6476780185758514 0.6190476190476191 0.6241486068111455 0.6190476190476191 
21 0.5944272445820433 0.6190476190476191 0.5894736842105263 0.638095238095238 0.5894736842105263 0.6904761904761905 0.5944272445820433 0.7380952380952381 0.6043343653250774 0.7976190476190477 0.6092879256965944 0.8071428571428572 0.6123839009287926 0.8083333333333333 0.6229102167182663 0.8083333333333333 0.6235294117647059 0.805952380952381 0.6235294117647059 0.6595238095238095 0.6185758513931888 0.6202380952380953 0.6179566563467492 0.6190476190476191 0.5944272445820433 0.6190476190476191 
22 0.5702786377708978 0.6 0.5597523219814241 0.6202380952380953 0.5597523219814241 0.7285714285714285 0.5647058823529412 0.7785714285714286 0.5696594427244582 0.7988095238095239 0.5752321981424149 0.8083333333333333 0.5888544891640867 0.8083333333333333 0.5938080495356037 0.7571428571428571 0.5938080495356037 0.6190476190476191 0.5882352941176471 0.6095238095238096 0.578328173374613 0.6 0.5702786377708978 0.6 
23 0.5356037151702786 0.6 0.534984520123839 0.6011904761904762 0.534984520123839 0.6547619047619048 0.544891640866873 0.7797619047619048 0.5591331269349845 0.7797619047619048 0.5640866873065016 0.7690476190476191 0.5640866873065016 0.6107142857142858 0.5591331269349845 0.6011904761904762 0.5547987616099072 0.6 0.5356037151702786 0.6 
24 0.5108359133126935 0.5904761904761905 0.5102167182662539 0.5916666666666667 0.5102167182662539 0.6059523809523809 0.5151702786377709 0.7011904761904761 0.5201238390092879 0.7476190476190476 0.5207430340557275 0.7511904761904762 0.525077399380805 0.7690476190476191 0.530030959752322 0.7892857142857143 0.5386996904024768 0.7892857142857143 0.5442724458204334 0.7678571428571429 0.5442724458204334 0.6952380952380952 0.5393188854489164 0.6011904761904762 0.5343653250773994 0.5916666666666667 0.5312693498452012 0.5904761904761905 0.5108359133126935 0.5904761904761905 
25 0.491640866873065 0.6 0.4904024767801858 0.6011904761904762 0.4904024767801858 0.6726190476190477 0.4953560371517028 0.7226190476190476 0.5003095975232198 0.7595238095238095 0.5052631578947369 0.7797619047619048 0.5139318885448917 0.7797619047619048 0.5195046439628483 0.7690476190476191 0.5195046439628483 0.6488095238095238 0.5145510835913313 0.6011904761904762 0.5126934984520124 0.6 0.491640866873065 0.6 
26 0.48111455108359136 0.6 0.4662538699690402 0.6095238095238096 0.46563467492260063 0.6107142857142858 0.46563467492260063 0.6845238095238095 0.47058823529411764 0.7214285714285714 0.47554179566563465 0.7511904761904762 0.4804953560371517 0.7702380952380953 0.4854489164086687 0.7785714285714286 0.486687306501548 0.7797619047619048 0.49411764705882355 0.7797619047619048 0.49473684210526314 0.7785714285714286 0.4996904024767802 0.6654761904761904 0.4996904024767802 0.6571428571428571 0.49473684210526314 0.6095238095238096 0.48978328173374613 0.6011904761904762 0.4885448916408669 0.6 0.48111455108359136 0.6 
27 0.4458204334365325 0.6095238095238096 0.4359133126934985 0.6285714285714286 0.4359133126934985 0.8071428571428572 0.4371517027863777 0.8083333333333333 0.44891640866873067 0.8083333333333333 0.4501547987616099 0.8071428571428572 0.4551083591331269 0.7988095238095239 0.460061919504644 0.7773809523809524 0.465015479876161 0.75 0.469969040247678 0.7119047619047619 0.469969040247678 0.6297619047619047 0.45944272445820433 0.6095238095238096 0.4458204334365325 0.6095238095238096 
28 0.4018575851393189 0.6190476190476191 0.40123839009287926 0.6202380952380953 0.40123839009287926 0.7797619047619048 0.40619195046439627 0.7988095238095239 0.4117647058823529 0.8083333333333333 0.4198142414860681 0.8083333333333333 0.42043343653250775 0.8071428571428572 0.42538699690402476 0.7785714285714286 0.43529411764705883 0.6928571428571428 0.43529411764705883 0.6392857142857142 0.4247678018575851 0.6190476190476191 0.4018575851393189 0.6190476190476191 
29 0.3739938080495356 0.6190476190476191 0.3721362229102167 0.6202380952380953 0.3671826625386997 0.6285714285714286 0.36656346749226004 0.6297619047619047 0.3622291021671827 0.6488095238095238 0.36160990712074303 0.655952380952381 0.36160990712074303 0.8273809523809523 0.36470588235294116 0.8273809523809523 0.37585139318885447 0.8261904761904761 0.38080495356037153 0.8178571428571428 0.3851393188854489 0.8083333333333333 0.3907120743034056 0.7880952380952381 0.3956656346749226 0.763095238095238 0.4006191950464396 0.7321428571428571 0.4006191950464396 0.6392857142857142 0.3956656346749226 0.6285714285714286 0.39009287925696595 0.6190476190476191 0.3739938080495356 0.6190476190476191 
30 0.3126934984520124 0.6190476190476191 0.31207430340557274 0.6202380952380953 0.30712074303405573 0.638095238095238 0.29226006191950465 0.7714285714285715 0.29226006191950465 0.7964285714285714 0.29287925696594425 0.7988095238095239 0.29721362229102166 0.8083333333333333 0.3368421052631579 0.8261904761904761 0.3411764705882353 0.8273809523809523 0.3510835913312694 0.8083333333333333 0.3560371517027864 0.7785714285714286 0.37089783281733746 0.655952380952381 0.37089783281733746 0.6309523809523809 0.3702786377708978 0.6285714285714286 0.36594427244582045 0.6202380952380953 0.36470588235294116 0.6190476190476191 0.3126934984520124 0.6190476190476191 
31 0.2674922600619195 0.6 0.2625386996904025 0.6095238095238096 0.2582043343653251 0.6190476190476191 0.2476780185758514 0.6964285714285714 0.243343653250774 0.7333333333333333 0.24272445820433436 0.7404761904761905 0.24272445820433436 0.7869047619047619 0.243343653250774 0.7892857142857143 0.2674922600619195 0.7988095238095239 0.28111455108359135 0.7988095238095239 0.286687306501548 0.7880952380952381 0.3015479876160991 0.7404761904761905 0.31640866873065016 0.6654761904761904 0.31640866873065016 0.6571428571428571 0.31145510835913315 0.6190476190476191 0.2761609907120743 0.6 0.2674922600619195 0.6 