3 0.3021671826625387 0.41904761904761906 0.29721362229102166 0.42857142857142855 0.2873065015479876 0.5428571428571428 0.2873065015479876 0.5797619047619048 0.29287925696594425 0.5880952380952381 0.3021671826625387 0.5988095238095238 0.334984520123839 0.5988095238095238 0.33622291021671824 0.5976190476190476 0.3411764705882353 0.5892857142857143 0.3411764705882353 0.5428571428571428 0.34055727554179566 0.5333333333333333 0.33622291021671824 0.4857142857142857 0.33126934984520123 0.4583333333333333 0.3263157894736842 0.4392857142857143 0.32074303405572757 0.41904761904761906 0.3021671826625387 0.41904761904761906 
4 0.356656346749226 0.4095238095238095 0.35170278637770896 0.41904761904761906 0.34674922600619196 0.4511904761904762 0.3368421052631579 0.5238095238095238 0.3368421052631579 0.5976190476190476 0.3380804953560371 0.5988095238095238 0.36594427244582045 0.5988095238095238 0.37089783281733746 0.5892857142857143 0.37089783281733746 0.4107142857142857 0.3696594427244582 0.4095238095238095 0.356656346749226 0.4095238095238095 
5 0.3814241486068111 0.4011904761904762 0.3764705882352941 0.42023809523809524 0.3715170278637771 0.4488095238095238 0.36160990712074303 0.5333333333333333 0.36160990712074303 0.5988095238095238 0.38080495356037153 0.5988095238095238 0.3993808049535604 0.5892857142857143 0.4006191950464396 0.5880952380952381 0.4055727554179567 0.5785714285714286 0.4055727554179567 0.55 0.3956656346749226 0.4095238095238095 0.3907120743034056 0.4011904761904762 0.3814241486068111 0.4011904761904762 
6 0.40123839009287926 0.38095238095238093 0.3913312693498452 0.49523809523809526 0.3913312693498452 0.513095238095238 0.39628482972136225 0.5607142857142857 0.40123839009287926 0.5797619047619048 0.40619195046439627 0.5976190476190476 0.4068111455108359 0.5988095238095238 0.4247678018575851 0.5988095238095238 0.43034055727554177 0.5892857142857143 0.43034055727554177 0.5428571428571428 0.42043343653250775 0.38333333333333336 0.4198142414860681 0.38095238095238093 0.40123839009287926 0.38095238095238093 
7 0.44148606811145513 0.4380952380952381 0.4359133126934985 0.44761904761904764 0.4309597523219814 0.47619047619047616 0.4260061919504644 0.5333333333333333 0.4260061919504644 0.5607142857142857 0.4309597523219814 0.5797619047619048 0.4359133126934985 0.5880952380952381 0.4408668730650155 0.5952380952380952 0.44272445820433437 0.5976190476190476 0.4452012383900929 0.5976190476190476 0.4551083591331269 0.5797619047619048 0.4551083591331269 0.5035714285714286 0.4501547987616099 0.4380952380952381 0.44148606811145513 0.4380952380952381 
8 0.47058823529411764 0.4095238095238095 0.4662538699690402 0.41904761904761906 0.46563467492260063 0.42142857142857143 0.45077399380804956 0.5428571428571428 0.45077399380804956 0.569047619047619 0.45572755417956656 0.5988095238095238 0.49411764705882355 0.5988095238095238 0.49473684210526314 0.5976190476190476 0.49473684210526314 0.5535714285714286 0.4848297213622291 0.42857142857142855 0.47987616099071206 0.4095238095238095 0.47058823529411764 0.4095238095238095 
9 0.5003095975232198 0.3904761904761905 0.4904024767801858 0.5523809523809524 0.4904024767801858 0.569047619047619 0.4953560371517028 0.5988095238095238 0.5287925696594428 0.5988095238095238 0.5294117647058824 0.5976190476190476 0.5294117647058824 0.5464285714285714 0.5244582043343653 0.47619047619047616 0.5195046439628483 0.41309523809523807 0.5188854489164086 0.4095238095238095 0.5145510835913313 0.3904761904761905 0.5003095975232198 0.3904761904761905 
10 0.5201238390092879 0.3904761904761905 0.5201238390092879 0.4523809523809524 0.525077399380805 0.5678571428571428 0.530030959752322 0.5988095238095238 0.5343653250773994 0.5988095238095238 0.5541795665634675 0.5976190476190476 0.5591331269349845 0.5892857142857143 0.5591331269349845 0.5261904761904762 0.5442724458204334 0.41904761904761906 0.5393188854489164 0.4 0.5343653250773994 0.39166666666666666 0.5312693498452012 0.3904761904761905 0.5201238390092879 0.3904761904761905 
11 0.5498452012383901 0.38095238095238093 0.5498452012383901 0.4642857142857143 0.5597523219814241 0.5785714285714286 0.5647058823529412 0.5976190476190476 0.5653250773993808 0.5988095238095238 0.5938080495356037 0.5988095238095238 0.5938080495356037 0.5261904761904762 0.5839009287925696 0.4583333333333333 0.5789473684210527 0.430952380952381 0.5739938080495356 0.4095238095238095 0.5690402476780185 0.3904761904761905 0.5640866873065016 0.3821428571428571 0.5628482972136223 0.38095238095238093 0.5498452012383901 0.38095238095238093 
12 0.5857585139318885 0.4 0.5845201238390093 0.4011904761904762 0.5845201238390093 0.530952380952381 0.5894736842105263 0.5797619047619048 0.6092879256965944 0.5892857142857143 0.6173374613003096 0.5892857142857143 0.628482972136223 0.5797619047619048 0.628482972136223 0.544047619047619 0.6235294117647059 0.5142857142857142 0.6037151702786377 0.42142857142857143 0.6030959752321982 0.41904761904761906 0.5987616099071208 0.4095238095238095 0.5938080495356037 0.4011904761904762 0.5907120743034056 0.4 0.5857585139318885 0.4 
14 0.6749226006191951 0.38095238095238093 0.6736842105263158 0.3821428571428571 0.6637770897832818 0.4011904761904762 0.6588235294117647 0.42023809523809524 0.6538699690402476 0.444047619047619 0.6445820433436532 0.49523809523809526 0.6439628482972136 0.4988095238095238 0.6439628482972136 0.5702380952380952 0.6965944272445821 0.5702380952380952 0.6978328173374613 0.569047619047619 0.6978328173374613 0.5047619047619047 0.6928792569659443 0.4095238095238095 0.6879256965944273 0.39166666666666666 0.6829721362229102 0.38095238095238093 0.6749226006191951 0.38095238095238093 
15 0.7034055727554179 0.38095238095238093 0.698452012383901 0.3976190476190476 0.6934984520123839 0.4988095238095238 0.6934984520123839 0.5595238095238095 0.698452012383901 0.5702380952380952 0.7269349845201238 0.5702380952380952 0.7374613003095976 0.5511904761904762 0.7417956656346749 0.5416666666666666 0.7424148606811145 0.5369047619047619 0.7424148606811145 0.5071428571428571 0.7325077399380805 0.4 0.7275541795665634 0.38095238095238093 0.7034055727554179 0.38095238095238093 
17 0.7640866873065015 0.5333333333333333 0.7430340557275542 0.5428571428571428 0.7281733746130031 0.5523809523809524 0.7281733746130031 0.5892857142857143 0.7331269349845201 0.6083333333333333 0.7479876160990712 0.6452380952380953 0.7529411764705882 0.6547619047619048 0.7678018575851393 0.6738095238095239 0.778328173374613 0.6845238095238095 0.8117647058823529 0.6845238095238095 0.8117647058823529 0.669047619047619 0.8068111455108359 0.6392857142857142 0.7869969040247679 0.5428571428571428 0.7814241486068112 0.5333333333333333 0.7640866873065015 0.5333333333333333 
18 0.698452012383901 0.5714285714285714 0.679876160990712 0.580952380952381 0.6786377708978328 0.5821428571428572 0.6786377708978328 0.6154761904761905 0.6885448916408669 0.6452380952380953 0.698452012383901 0.6738095238095239 0.7034055727554179 0.6845238095238095 0.713312693498452 0.7035714285714286 0.7436532507739938 0.7511904761904762 0.7616099071207431 0.7511904761904762 0.7671826625386997 0.7416666666666667 0.7671826625386997 0.7309523809523809 0.76656346749226 0.7238095238095238 0.7572755417956656 0.6761904761904762 0.7473684210526316 0.6297619047619047 0.7374613003095976 0.5904761904761905 0.7325077399380805 0.5726190476190476 0.7318885448916409 0.5714285714285714 0.698452012383901 0.5714285714285714 
19 0.6594427244582043 0.5714285714285714 0.6291021671826625 0.580952380952381 0.6291021671826625 0.6357142857142857 0.6594427244582043 0.7416666666666667 0.6637770897832818 0.7511904761904762 0.6736842105263158 0.7690476190476191 0.6761609907120743 0.7702380952380953 0.6792569659442724 0.7702380952380953 0.6829721362229102 0.7690476190476191 0.6922600619195046 0.7511904761904762 0.6978328173374613 0.7392857142857143 0.6978328173374613 0.7154761904761905 0.6879256965944273 0.5833333333333334 0.6873065015479877 0.580952380952381 0.6829721362229102 0.5714285714285714 0.6594427244582043 0.5714285714285714 
20 0.5993808049535604 0.5904761904761905 0.5993808049535604 0.6166666666666667 0.6241486068111455 0.7976190476190477 0.6253869969040248 0.7988095238095239 0.6421052631578947 0.7988095238095239 0.643343653250774 0.7976190476190477 0.643343653250774 0.7440476190476191 0.638390092879257 0.6297619047619047 0.6334365325077399 0.5928571428571429 0.6328173374613003 0.5904761904761905 0.5993808049535604 0.5904761904761905 
21 0.5845201238390093 0.5904761904761905 0.5696594427244582 0.6107142857142858 0.5696594427244582 0.6464285714285715 0.5894736842105263 0.7488095238095238 0.5944272445820433 0.7702380952380953 0.6 0.7892857142857143 0.604953560371517 0.7988095238095239 0.6123839009287926 0.7988095238095239 0.6179566563467492 0.7892857142857143 0.6185758513931888 0.7869047619047619 0.6185758513931888 0.7619047619047619 0.6086687306501548 0.6130952380952381 0.6037151702786377 0.6011904761904762 0.5987616099071208 0.5916666666666667 0.5975232198142415 0.5904761904761905 0.5845201238390093 0.5904761904761905 
22 0.5547987616099072 0.6095238095238096 0.5504643962848297 0.6190476190476191 0.544891640866873 0.638095238095238 0.544891640866873 0.6547619047619048 0.5597523219814241 0.7988095238095239 0.5789473684210527 0.7988095238095239 0.5839009287925696 0.7797619047619048 0.5888544891640867 0.75 0.5888544891640867 0.6797619047619048 0.5882352941176471 0.6761904761904762 0.5739938080495356 0.6095238095238096 0.5547987616099072 0.6095238095238096 
23 0.5213622291021672 0.6095238095238096 0.5201238390092879 0.6107142857142858 0.5201238390092879 0.6595238095238095 0.525077399380805 0.75 0.5269349845201239 0.7511904761904762 0.5393188854489164 0.7511904761904762 0.5442724458204334 0.7416666666666667 0.5492260061919505 0.7226190476190476 0.5541795665634675 0.6464285714285715 0.5541795665634675 0.6095238095238096 0.5213622291021672 0.6095238095238096 
24 0.5015479876160991 0.6095238095238096 0.5003095975232198 0.6107142857142858 0.5003095975232198 0.6833333333333333 0.5102167182662539 0.7416666666666667 0.5157894736842106 0.7702380952380953 0.5244582043343653 0.7702380952380953 0.5294117647058824 0.7607142857142857 0.5294117647058824 0.6642857142857143 0.5244582043343653 0.6095238095238096 0.5015479876160991 0.6095238095238096 
25 0.4804953560371517 0.6095238095238096 0.47554179566563465 0.6190476190476191 0.47554179566563465 0.6440476190476191 0.4804953560371517 0.7119047619047619 0.4854489164086687 0.7511904761904762 0.4904024767801858 0.7702380952380953 0.49907120743034056 0.7702380952380953 0.5046439628482973 0.7607142857142857 0.5046439628482973 0.6095238095238096 0.4804953560371517 0.6095238095238096 
26 0.4563467492260062 0.6095238095238096 0.45572755417956656 0.6130952380952381 0.45572755417956656 0.694047619047619 0.4613003095975232 0.7321428571428571 0.46563467492260063 0.7595238095238095 0.47554179566563465 0.7785714285714286 0.47678018575851394 0.7797619047619048 0.48978328173374613 0.7797619047619048 0.48978328173374613 0.7333333333333333 0.47987616099071206 0.6214285714285714 0.47492260061919506 0.6107142857142858 0.4743034055727554 0.6095238095238096 0.4563467492260062 0.6095238095238096 
27 0.4309597523219814 0.6190476190476191 0.426625386996904 0.6285714285714286 0.42105263157894735 0.6488095238095238 0.42105263157894735 0.7035714285714286 0.4260061919504644 0.7321428571428571 0.4309597523219814 0.7595238095238095 0.4359133126934985 0.7702380952380953 0.4408668730650155 0.7797619047619048 0.4551083591331269 0.7797619047619048 0.45944272445820433 0.7702380952380953 0.460061919504644 0.7642857142857142 0.460061919504644 0.7333333333333333 0.4551083591331269 0.6321428571428571 0.4544891640866873 0.6297619047619047 0.4501547987616099 0.6190476190476191 0.4309597523219814 0.6190476190476191 
28 0.4024767801857585 0.6095238095238096 0.40123839009287926 0.6107142857142858 0.39628482972136225 0.6202380952380953 0.39628482972136225 0.7952380952380952 0.39690402476780184 0.7976190476190477 0.40123839009287926 0.8071428571428572 0.4018575851393189 0.8083333333333333 0.40928792569659445 0.8083333333333333 0.4105263157894737 0.8071428571428572 0.4154798761609907 0.7988095238095239 0.42043343653250775 0.7785714285714286 0.43034055727554177 0.655952380952381 0.43034055727554177 0.6190476190476191 0.4173374613003096 0.6095238095238096 0.4024767801857585 0.6095238095238096 
29 0.3634674922600619 0.6095238095238096 0.36160990712074303 0.6107142857142858 0.36160990712074303 0.8166666666666667 0.3628482972136223 0.8178571428571428 0.3801857585139319 0.8178571428571428 0.38575851393188854 0.7988095238095239 0.3907120743034056 0.7702380952380953 0.4006191950464396 0.6654761904761904 0.4006191950464396 0.6190476190476191 0.3907120743034056 0.6107142857142858 0.38823529411764707 0.6095238095238096 0.3634674922600619 0.6095238095238096 
30 0.3077399380804954 0.6 0.30712074303405573 0.6023809523809524 0.29721362229102166 0.7428571428571429 0.29721362229102166 0.7797619047619048 0.3021671826625387 0.7988095238095239 0.330030959752322 0.7988095238095239 0.34055727554179566 0.7892857142857143 0.3461300309597523 0.7797619047619048 0.3510835913312694 0.7702380952380953 0.36594427244582045 0.6642857142857143 0.36594427244582045 0.6095238095238096 0.3609907120743034 0.6 0.3077399380804954 0.6 
31 0.2582043343653251 0.5714285714285714 0.2130030959752322 0.6761904761904762 0.2130030959752322 0.7226190476190476 0.221671826625387 0.7226190476190476 0.26687306501547986 0.7130952380952381 0.27678018575851393 0.7023809523809523 0.28173374613003094 0.694047619047619 0.3065015479876161 0.6464285714285715 0.31145510835913315 0.6357142857142857 0.31145510835913315 0.6154761904761905 0.3108359133126935 0.6095238095238096 0.30092879256965943 0.5904761904761905 0.291640866873065 0.580952380952381 0.2804953560371517 0.5714285714285714 0.2582043343653251 0.5714285714285714 