2 0.2674922600619195 0.37142857142857144 0.25758513931888544 0.39166666666666666 0.25263157894736843 0.4107142857142857 0.23777089783281732 0.4880952380952381 0.23777089783281732 0.513095238095238 0.243343653250774 0.5321428571428571 0.248297213622291 0.5416666666666666 0.2674922600619195 0.5511904761904762 0.28606811145510835 0.5511904761904762 0.286687306501548 0.55 0.286687306501548 0.38095238095238093 0.28173374613003094 0.37142857142857144 0.2674922600619195 0.37142857142857144 
3 0.31207430340557274 0.37142857142857144 0.29287925696594425 0.4 0.29226006191950465 0.4011904761904762 0.2823529411764706 0.4857142857142857 0.2823529411764706 0.5511904761904762 0.2873065015479876 0.5595238095238095 0.2885448916408669 0.5607142857142857 0.3176470588235294 0.5702380952380952 0.32507739938080493 0.5702380952380952 0.33126934984520123 0.5595238095238095 0.33622291021671824 0.5416666666666666 0.33622291021671824 0.5071428571428571 0.33126934984520123 0.4488095238095238 0.3263157894736842 0.4095238095238095 0.32136222910216716 0.38095238095238093 0.31640866873065016 0.37142857142857144 0.31207430340557274 0.37142857142857144 
4 0.3368421052631579 0.34285714285714286 0.3318885448916409 0.37142857142857144 0.3269349845201238 0.4857142857142857 0.3269349845201238 0.5511904761904762 0.33250773993808047 0.5607142857142857 0.34179566563467495 0.569047619047619 0.3442724458204334 0.5702380952380952 0.3523219814241486 0.5702380952380952 0.3560371517027864 0.569047619047619 0.3653250773993808 0.5607142857142857 0.36594427244582045 0.5571428571428572 0.36594427244582045 0.5333333333333333 0.3510835913312694 0.3630952380952381 0.3461300309597523 0.34404761904761905 0.3455108359133127 0.34285714285714286 0.3368421052631579 0.34285714285714286 
5 0.3684210526315789 0.3523809523809524 0.36656346749226004 0.3535714285714286 0.356656346749226 0.5083333333333333 0.356656346749226 0.5416666666666666 0.36656346749226004 0.5607142857142857 0.37708978328173376 0.5702380952380952 0.39504643962848296 0.5702380952380952 0.3956656346749226 0.5678571428571428 0.3956656346749226 0.5059523809523809 0.3907120743034056 0.4297619047619048 0.38575851393188854 0.38095238095238093 0.38080495356037153 0.3619047619047619 0.37089783281733746 0.3523809523809524 0.3684210526315789 0.3523809523809524 
6 0.38204334365325077 0.3238095238095238 0.3814241486068111 0.325 0.3814241486068111 0.3488095238095238 0.3913312693498452 0.55 0.39628482972136225 0.5607142857142857 0.40123839009287926 0.569047619047619 0.4037151702786378 0.5702380952380952 0.4198142414860681 0.5702380952380952 0.4247678018575851 0.5607142857142857 0.42538699690402476 0.5583333333333333 0.42538699690402476 0.5142857142857142 0.42043343653250775 0.4380952380952381 0.4154798761609907 0.37142857142857144 0.40990712074303404 0.3523809523809524 0.4006191950464396 0.3333333333333333 0.3956656346749226 0.3238095238095238 0.38204334365325077 0.3238095238095238 
7 0.4309597523219814 0.37142857142857144 0.4260061919504644 0.4119047619047619 0.42105263157894735 0.5178571428571429 0.42105263157894735 0.5226190476190476 0.4260061919504644 0.5571428571428572 0.426625386996904 0.5607142857142857 0.4309597523219814 0.569047619047619 0.4321981424148607 0.5702380952380952 0.4551083591331269 0.5702380952380952 0.460061919504644 0.5607142857142857 0.460061919504644 0.49523809523809526 0.4501547987616099 0.3952380952380952 0.44953560371517026 0.3904761904761905 0.4452012383900929 0.37142857142857144 0.4309597523219814 0.37142857142857144 
8 0.4563467492260062 0.37142857142857144 0.45572755417956656 0.3726190476190476 0.45572755417956656 0.5702380952380952 0.47492260061919506 0.5702380952380952 0.4885448916408669 0.5607142857142857 0.48978328173374613 0.5595238095238095 0.48978328173374613 0.4773809523809524 0.4848297213622291 0.45 0.469969040247678 0.38095238095238093 0.465015479876161 0.37142857142857144 0.4563467492260062 0.37142857142857144 
9 0.4953560371517028 0.37142857142857144 0.4854489164086687 0.49523809523809526 0.4854489164086687 0.55 0.48606811145510836 0.5511904761904762 0.4953560371517028 0.5607142857142857 0.5052631578947369 0.5702380952380952 0.5238390092879257 0.5702380952380952 0.5244582043343653 0.5678571428571428 0.5244582043343653 0.5142857142857142 0.5145510835913313 0.3904761904761905 0.5089783281733746 0.37142857142857144 0.4953560371517028 0.37142857142857144 
10 0.5306501547987617 0.37142857142857144 0.525077399380805 0.38095238095238093 0.5201238390092879 0.4380952380952381 0.5201238390092879 0.5702380952380952 0.5486068111455108 0.5702380952380952 0.5541795665634675 0.5595238095238095 0.5541795665634675 0.49523809523809526 0.5492260061919505 0.4226190476190476 0.5442724458204334 0.38333333333333336 0.5436532507739938 0.38095238095238093 0.5386996904024768 0.37142857142857144 0.5306501547987617 0.37142857142857144 
11 0.5814241486068111 0.3523809523809524 0.5795665634674922 0.3535714285714286 0.5746130030959752 0.3619047619047619 0.5696594427244582 0.3738095238095238 0.5498452012383901 0.44761904761904764 0.544891640866873 0.46904761904761905 0.544891640866873 0.5023809523809524 0.5498452012383901 0.55 0.5597523219814241 0.5702380952380952 0.5653250773993808 0.5797619047619048 0.578328173374613 0.5797619047619048 0.58328173374613 0.5607142857142857 0.5888544891640867 0.530952380952381 0.5938080495356037 0.5035714285714286 0.5938080495356037 0.3738095238095238 0.5888544891640867 0.3535714285714286 0.5876160990712074 0.3523809523809524 0.5814241486068111 0.3523809523809524 
12 0.6092879256965944 0.3619047619047619 0.5993808049535604 0.3821428571428571 0.5944272445820433 0.4011904761904762 0.5894736842105263 0.42857142857142855 0.5795665634674922 0.5273809523809524 0.5795665634674922 0.5702380952380952 0.5851393188854489 0.5797619047619048 0.628482972136223 0.5797619047619048 0.628482972136223 0.5357142857142857 0.6185758513931888 0.3630952380952381 0.6179566563467492 0.3619047619047619 0.6092879256965944 0.3619047619047619 
13 0.6340557275541796 0.37142857142857144 0.6291021671826625 0.3821428571428571 0.6241486068111455 0.4 0.6191950464396285 0.41904761904761906 0.614860681114551 0.45714285714285713 0.6142414860681115 0.4630952380952381 0.6142414860681115 0.513095238095238 0.6241486068111455 0.5785714285714286 0.6247678018575852 0.5797619047619048 0.6575851393188854 0.5797619047619048 0.6631578947368421 0.569047619047619 0.6631578947368421 0.5142857142857142 0.648297213622291 0.37142857142857144 0.6340557275541796 0.37142857142857144 
14 0.6637770897832818 0.3904761904761905 0.6588235294117647 0.4095238095238095 0.6489164086687307 0.4666666666666667 0.6489164086687307 0.4845238095238095 0.6538699690402476 0.5785714285714286 0.6544891640866873 0.5797619047619048 0.6718266253869969 0.5797619047619048 0.7120743034055728 0.5702380952380952 0.7126934984520124 0.569047619047619 0.7126934984520124 0.5333333333333333 0.7077399380804954 0.42142857142857143 0.7071207430340557 0.41904761904761906 0.7021671826625387 0.4095238095238095 0.6773993808049535 0.3904761904761905 0.6637770897832818 0.3904761904761905 
15 0.7095975232198143 0.38095238095238093 0.708359133126935 0.3821428571428571 0.7034055727554179 0.3904761904761905 0.698452012383901 0.47023809523809523 0.698452012383901 0.5226190476190476 0.708359133126935 0.5607142857142857 0.7417956656346749 0.5607142857142857 0.7523219814241486 0.5511904761904762 0.7572755417956656 0.5297619047619048 0.7572755417956656 0.5047619047619047 0.7325077399380805 0.39285714285714285 0.7318885448916409 0.3904761904761905 0.7275541795665634 0.38095238095238093 0.7095975232198143 0.38095238095238093 
16 0.7585139318885449 0.3619047619047619 0.7529411764705882 0.3726190476190476 0.7479876160990712 0.39285714285714285 0.7479876160990712 0.5119047619047619 0.7529411764705882 0.5416666666666666 0.7628482972136222 0.55 0.76656346749226 0.5511904761904762 0.7814241486068112 0.5511904761904762 0.8018575851393189 0.5226190476190476 0.8018575851393189 0.4857142857142857 0.7770897832817337 0.37142857142857144 0.7715170278637771 0.3619047619047619 0.7585139318885449 0.3619047619047619 
17 0.7529411764705882 0.5428571428571428 0.7479876160990712 0.5535714285714286 0.7479876160990712 0.5964285714285714 0.7529411764705882 0.6178571428571429 0.7678018575851393 0.6738095238095239 0.7727554179566564 0.6845238095238095 0.778328173374613 0.6928571428571428 0.7795665634674923 0.694047619047619 0.7969040247678019 0.694047619047619 0.8117647058823529 0.6845238095238095 0.8117647058823529 0.5523809523809524 0.8068111455108359 0.5428571428571428 0.7529411764705882 0.5428571428571428 
18 0.730030959752322 0.5523809523809524 0.6904024767801857 0.5714285714285714 0.6891640866873066 0.5726190476190476 0.6835913312693499 0.580952380952381 0.6835913312693499 0.6273809523809524 0.713312693498452 0.7023809523809523 0.7287925696594427 0.7321428571428571 0.7473684210526316 0.7321428571428571 0.7715170278637771 0.7130952380952381 0.7721362229102167 0.7119047619047619 0.7721362229102167 0.6785714285714286 0.7523219814241486 0.5619047619047619 0.7374613003095976 0.5523809523809524 0.730030959752322 0.5523809523809524 
19 0.6792569659442724 0.5714285714285714 0.6253869969040248 0.580952380952381 0.6241486068111455 0.5833333333333334 0.6241486068111455 0.6142857142857143 0.6594427244582043 0.7416666666666667 0.6693498452012384 0.7607142857142857 0.6817337461300309 0.7607142857142857 0.7077399380804954 0.7511904761904762 0.7077399380804954 0.6761904761904762 0.6922600619195046 0.580952380952381 0.6873065015479877 0.5714285714285714 0.6792569659442724 0.5714285714285714 
20 0.5993808049535604 0.580952380952381 0.5993808049535604 0.6714285714285714 0.6092879256965944 0.7202380952380952 0.6241486068111455 0.7797619047619048 0.6291021671826625 0.7892857142857143 0.638390092879257 0.7892857142857143 0.643343653250774 0.7797619047619048 0.643343653250774 0.6357142857142857 0.6334365325077399 0.5821428571428572 0.6328173374613003 0.580952380952381 0.5993808049535604 0.580952380952381 
21 0.5863777089783282 0.5714285714285714 0.5845201238390093 0.5726190476190476 0.5746130030959752 0.580952380952381 0.5647058823529412 0.6011904761904762 0.5647058823529412 0.6464285714285715 0.5845201238390093 0.7869047619047619 0.5851393188854489 0.7892857142857143 0.5981424148606811 0.7892857142857143 0.6037151702786377 0.7797619047619048 0.6086687306501548 0.694047619047619 0.6086687306501548 0.6583333333333333 0.6037151702786377 0.5904761904761905 0.5931888544891641 0.5726190476190476 0.5913312693498453 0.5714285714285714 0.5863777089783282 0.5714285714285714 
22 0.544891640866873 0.5904761904761905 0.5399380804953561 0.6095238095238096 0.5399380804953561 0.6738095238095239 0.544891640866873 0.7773809523809524 0.5455108359133127 0.7797619047619048 0.5498452012383901 0.7892857142857143 0.5597523219814241 0.8083333333333333 0.5628482972136223 0.8083333333333333 0.5640866873065016 0.8071428571428572 0.5690402476780185 0.7976190476190477 0.5739938080495356 0.7690476190476191 0.5739938080495356 0.6035714285714285 0.573374613003096 0.6 0.5690402476780185 0.5904761904761905 0.544891640866873 0.5904761904761905 
23 0.5114551083591331 0.580952380952381 0.5102167182662539 0.5821428571428572 0.5102167182662539 0.655952380952381 0.5151702786377709 0.7702380952380953 0.5244582043343653 0.7702380952380953 0.5294117647058824 0.7595238095238095 0.5343653250773994 0.7297619047619047 0.5442724458204334 0.6452380952380953 0.5442724458204334 0.5916666666666667 0.5393188854489164 0.580952380952381 0.5114551083591331 0.580952380952381 
24 0.4904024767801858 0.5714285714285714 0.4854489164086687 0.6107142857142858 0.4854489164086687 0.6714285714285714 0.4904024767801858 0.7380952380952381 0.49102167182662537 0.7404761904761905 0.49226006191950467 0.7416666666666667 0.5046439628482973 0.7416666666666667 0.5095975232198142 0.7119047619047619 0.5145510835913313 0.655952380952381 0.5145510835913313 0.580952380952381 0.4996904024767802 0.5714285714285714 0.4904024767801858 0.5714285714285714 
25 0.46068111455108357 0.580952380952381 0.46068111455108357 0.655952380952381 0.46563467492260063 0.7404761904761905 0.47058823529411764 0.75 0.4743034055727554 0.7511904761904762 0.47492260061919506 0.7511904761904762 0.47987616099071206 0.7321428571428571 0.48978328173374613 0.6654761904761904 0.48978328173374613 0.5821428571428572 0.4891640866873065 0.580952380952381 0.46068111455108357 0.580952380952381 
26 0.43653250773993807 0.580952380952381 0.4359133126934985 0.5845238095238096 0.4359133126934985 0.694047619047619 0.4408668730650155 0.7702380952380953 0.4501547987616099 0.7702380952380953 0.4551083591331269 0.7607142857142857 0.460061919504644 0.719047619047619 0.465015479876161 0.6642857142857143 0.465015479876161 0.5833333333333334 0.46439628482972134 0.580952380952381 0.43653250773993807 0.580952380952381 
27 0.42105263157894735 0.580952380952381 0.41114551083591333 0.5904761904761905 0.40619195046439627 0.6095238095238096 0.40123839009287926 0.6761904761904762 0.40123839009287926 0.7797619047619048 0.41114551083591333 0.7988095238095239 0.4154798761609907 0.7988095238095239 0.4198142414860681 0.7892857142857143 0.42538699690402476 0.7702380952380953 0.43034055727554177 0.7416666666666667 0.43529411764705883 0.7119047619047619 0.44024767801857584 0.655952380952381 0.44024767801857584 0.6190476190476191 0.43034055727554177 0.5821428571428572 0.4297213622291022 0.580952380952381 0.42105263157894735 0.580952380952381 
28 0.37770897832817335 0.5714285714285714 0.3764705882352941 0.5726190476190476 0.3715170278637771 0.5904761904761905 0.3715170278637771 0.6928571428571428 0.3764705882352941 0.7785714285714286 0.37708978328173376 0.7797619047619048 0.38575851393188854 0.7797619047619048 0.3956656346749226 0.75 0.4006191950464396 0.7321428571428571 0.4105263157894737 0.6452380952380953 0.4105263157894737 0.6011904761904762 0.4006191950464396 0.580952380952381 0.39504643962848296 0.5714285714285714 0.37770897832817335 0.5714285714285714 
30 0.3077399380804954 0.5523809523809524 0.3021671826625387 0.5619047619047619 0.29721362229102166 0.5726190476190476 0.2873065015479876 0.6404761904761904 0.2823529411764706 0.6773809523809524 0.2823529411764706 0.719047619047619 0.28297213622291023 0.7226190476190476 0.3077399380804954 0.7416666666666667 0.32074303405572757 0.7416666666666667 0.33126934984520123 0.7226190476190476 0.33622291021671824 0.7035714285714286 0.3603715170278638 0.6083333333333333 0.3609907120743034 0.6047619047619047 0.3609907120743034 0.5821428571428572 0.3560371517027864 0.5714285714285714 0.3201238390092879 0.5523809523809524 0.3077399380804954 0.5523809523809524 
31 0.2476780185758514 0.5333333333333333 0.24272445820433436 0.544047619047619 0.23281733746130032 0.6476190476190476 0.23281733746130032 0.6845238095238095 0.23777089783281732 0.6928571428571428 0.2532507739938081 0.7130952380952381 0.26625386996904027 0.7130952380952381 0.2718266253869969 0.7035714285714286 0.3015479876160991 0.6071428571428571 0.3015479876160991 0.5619047619047619 0.29659442724458207 0.5523809523809524 0.26687306501547986 0.5333333333333333 0.2476780185758514 0.5333333333333333 
32 0.19876160990712075 0.5142857142857142 0.1938080495356037 0.5333333333333333 0.1931888544891641 0.5404761904761904 0.1931888544891641 0.655952380952381 0.20309597523219813 0.675 0.21671826625386997 0.675 0.22229102167182663 0.6654761904761904 0.22724458204334366 0.6547619047619048 0.23219814241486067 0.6357142857142857 0.24705882352941178 0.569047619047619 0.24705882352941178 0.5333333333333333 0.24210526315789474 0.5238095238095238 0.22662538699690402 0.5142857142857142 0.19876160990712075 0.5142857142857142 