1 0.3021671826625387 0.3238095238095238 0.29226006191950465 0.34404761904761905 0.2873065015479876 0.3619047619047619 0.2873065015479876 0.4107142857142857 0.2885448916408669 0.4142857142857143 0.30340557275541796 0.4369047619047619 0.31640866873065016 0.4369047619047619 0.32136222910216716 0.42738095238095236 0.3263157894736842 0.4166666666666667 0.33126934984520123 0.3880952380952381 0.33126934984520123 0.3333333333333333 0.3263157894736842 0.3238095238095238 0.3021671826625387 0.3238095238095238 
2 0.32755417956656346 0.38095238095238093 0.3219814241486068 0.3904761904761905 0.29721362229102166 0.45714285714285713 0.29721362229102166 0.5023809523809524 0.3126934984520124 0.5321428571428571 0.32136222910216716 0.5321428571428571 0.33622291021671824 0.5226190476190476 0.3510835913312694 0.49404761904761907 0.3560371517027864 0.44642857142857145 0.3560371517027864 0.4107142857142857 0.3510835913312694 0.38095238095238093 0.32755417956656346 0.38095238095238093 
3 0.3715170278637771 0.37142857142857144 0.35170278637770896 0.3904761904761905 0.3368421052631579 0.49523809523809526 0.3368421052631579 0.5416666666666666 0.36408668730650157 0.5607142857142857 0.3801857585139319 0.5607142857142857 0.38575851393188854 0.5392857142857143 0.3907120743034056 0.513095238095238 0.3907120743034056 0.47619047619047616 0.38575851393188854 0.37142857142857144 0.3715170278637771 0.37142857142857144 
4 0.39690402476780184 0.37142857142857144 0.3913312693498452 0.38333333333333336 0.3863777089783282 0.4119047619047619 0.3814241486068111 0.4607142857142857 0.3764705882352941 0.5369047619047619 0.3764705882352941 0.5607142857142857 0.38204334365325077 0.5797619047619048 0.39628482972136225 0.5797619047619048 0.40495356037151703 0.5702380952380952 0.4105263157894737 0.5607142857142857 0.4105263157894737 0.4607142857142857 0.4055727554179567 0.37142857142857144 0.39690402476780184 0.37142857142857144 
5 0.41238390092879257 0.37142857142857144 0.41114551083591333 0.3726190476190476 0.40619195046439627 0.38095238095238093 0.40123839009287926 0.4119047619047619 0.40123839009287926 0.5797619047619048 0.41857585139318887 0.5797619047619048 0.4346749226006192 0.5607142857142857 0.43529411764705883 0.5595238095238095 0.43529411764705883 0.5154761904761904 0.42538699690402476 0.41904761904761906 0.4198142414860681 0.37857142857142856 0.4179566563467492 0.37142857142857144 0.41238390092879257 0.37142857142857144 
6 0.44148606811145513 0.3619047619047619 0.4359133126934985 0.37142857142857144 0.43157894736842106 0.3904761904761905 0.4309597523219814 0.39404761904761904 0.4260061919504644 0.4297619047619048 0.4260061919504644 0.5226190476190476 0.4309597523219814 0.569047619047619 0.4359133126934985 0.5797619047619048 0.4501547987616099 0.5797619047619048 0.4551083591331269 0.5488095238095239 0.4551083591331269 0.4785714285714286 0.4501547987616099 0.41904761904761906 0.4452012383900929 0.3619047619047619 0.44148606811145513 0.3619047619047619 
7 0.46563467492260063 0.3904761904761905 0.4613003095975232 0.4 0.46068111455108357 0.4023809523809524 0.45572755417956656 0.44761904761904764 0.45077399380804956 0.5333333333333333 0.45077399380804956 0.5678571428571428 0.45139318885448915 0.5702380952380952 0.4563467492260062 0.5797619047619048 0.4842105263157895 0.5797619047619048 0.4848297213622291 0.5785714285714286 0.4848297213622291 0.525 0.47492260061919506 0.39285714285714285 0.4743034055727554 0.3904761904761905 0.46563467492260063 0.3904761904761905 
8 0.4854489164086687 0.3904761904761905 0.4804953560371517 0.5047619047619047 0.4804953560371517 0.5607142857142857 0.4854489164086687 0.5797619047619048 0.5139318885448917 0.5797619047619048 0.5145510835913313 0.5773809523809523 0.5145510835913313 0.5095238095238095 0.5095975232198142 0.4666666666666667 0.49473684210526314 0.39166666666666666 0.49411764705882355 0.3904761904761905 0.4854489164086687 0.3904761904761905 
9 0.5201238390092879 0.37142857142857144 0.5151702786377709 0.41904761904761906 0.5151702786377709 0.5678571428571428 0.5201238390092879 0.5785714285714286 0.5207430340557275 0.5797619047619048 0.5541795665634675 0.5797619047619048 0.5541795665634675 0.5047619047619047 0.5442724458204334 0.4107142857142857 0.5393188854489164 0.38452380952380955 0.5386996904024768 0.3821428571428571 0.5343653250773994 0.37142857142857144 0.5201238390092879 0.37142857142857144 
11 0.5702786377708978 0.37142857142857144 0.5696594427244582 0.3726190476190476 0.5597523219814241 0.4107142857142857 0.5498452012383901 0.4785714285714286 0.5498452012383901 0.5321428571428571 0.5547987616099072 0.5797619047619048 0.5585139318885449 0.5797619047619048 0.5739938080495356 0.5511904761904762 0.5777089783281734 0.5321428571428571 0.5839009287925696 0.4845238095238095 0.5839009287925696 0.3952380952380952 0.58328173374613 0.3904761904761905 0.5789473684210527 0.37142857142857144 0.5702786377708978 0.37142857142857144 
12 0.5894736842105263 0.4095238095238095 0.5795665634674922 0.4297619047619048 0.5647058823529412 0.5452380952380952 0.5647058823529412 0.5607142857142857 0.5801857585139318 0.5880952380952381 0.5814241486068111 0.5892857142857143 0.5925696594427244 0.5892857142857143 0.5981424148606811 0.5797619047619048 0.5987616099071208 0.5785714285714286 0.6037151702786377 0.5511904761904762 0.6037151702786377 0.4095238095238095 0.5894736842105263 0.4095238095238095 
13 0.6105263157894737 0.3904761904761905 0.6092879256965944 0.39166666666666666 0.6043343653250774 0.4 0.5993808049535604 0.4392857142857143 0.5944272445820433 0.544047619047619 0.5944272445820433 0.5702380952380952 0.6055727554179566 0.5797619047619048 0.6229102167182663 0.5797619047619048 0.6235294117647059 0.5761904761904761 0.6235294117647059 0.4857142857142857 0.6185758513931888 0.3904761904761905 0.6105263157894737 0.3904761904761905 
14 0.6247678018575852 0.38095238095238093 0.6191950464396285 0.3904761904761905 0.6191950464396285 0.5416666666666666 0.6241486068111455 0.5595238095238095 0.6247678018575852 0.5607142857142857 0.6582043343653251 0.5607142857142857 0.6631578947368421 0.55 0.6631578947368421 0.4857142857142857 0.653250773993808 0.4226190476190476 0.6526315789473685 0.41904761904761906 0.6334365325077399 0.3821428571428571 0.6321981424148607 0.38095238095238093 0.6247678018575852 0.38095238095238093 
15 0.6588235294117647 0.34285714285714286 0.6538699690402476 0.3547619047619048 0.6538699690402476 0.44166666666666665 0.6637770897832818 0.5321428571428571 0.6693498452012384 0.5416666666666666 0.6879256965944273 0.5416666666666666 0.7027863777089783 0.513095238095238 0.7027863777089783 0.47619047619047616 0.6730650154798762 0.34285714285714286 0.6588235294117647 0.34285714285714286 
16 0.6934984520123839 0.3333333333333333 0.6743034055727554 0.34285714285714286 0.6736842105263158 0.34404761904761905 0.6736842105263158 0.3976190476190476 0.6786377708978328 0.42738095238095236 0.6835913312693499 0.44642857142857145 0.7027863777089783 0.44642857142857145 0.7176470588235294 0.41785714285714287 0.7176470588235294 0.3821428571428571 0.7126934984520124 0.3619047619047619 0.7027863777089783 0.3333333333333333 0.6934984520123839 0.3333333333333333 
17 0.7232198142414861 0.5523809523809524 0.708359133126935 0.580952380952381 0.698452012383901 0.6023809523809524 0.698452012383901 0.6464285714285715 0.7034055727554179 0.655952380952381 0.7139318885448916 0.675 0.7219814241486068 0.675 0.7275541795665634 0.6654761904761904 0.7523219814241486 0.6178571428571429 0.7523219814241486 0.5821428571428572 0.7473684210526316 0.5630952380952381 0.7417956656346749 0.5523809523809524 0.7232198142414861 0.5523809523809524 
18 0.6786377708978328 0.5428571428571428 0.6544891640866873 0.5523809523809524 0.6538699690402476 0.5535714285714286 0.6495356037151703 0.5630952380952381 0.6489164086687307 0.5666666666666667 0.6489164086687307 0.5976190476190476 0.6538699690402476 0.6178571428571429 0.6786377708978328 0.7035714285714286 0.6842105263157895 0.7130952380952381 0.6978328173374613 0.7130952380952381 0.7114551083591332 0.7035714285714286 0.7126934984520124 0.7023809523809523 0.7126934984520124 0.6488095238095238 0.7027863777089783 0.544047619047619 0.701547987616099 0.5428571428571428 0.6786377708978328 0.5428571428571428 
19 0.6297213622291021 0.5714285714285714 0.6061919504643963 0.580952380952381 0.604953560371517 0.5821428571428572 0.6043343653250774 0.5880952380952381 0.6043343653250774 0.6273809523809524 0.6191950464396285 0.7011904761904761 0.6291021671826625 0.7416666666666667 0.6427244582043343 0.7416666666666667 0.6631578947368421 0.7214285714285714 0.6631578947368421 0.6666666666666666 0.653250773993808 0.5714285714285714 0.6297213622291021 0.5714285714285714 
20 0.5795665634674922 0.5904761904761905 0.5746130030959752 0.6011904761904762 0.5746130030959752 0.6345238095238095 0.6043343653250774 0.7607142857142857 0.6136222910216719 0.7607142857142857 0.6179566563467492 0.7511904761904762 0.6185758513931888 0.7488095238095238 0.6185758513931888 0.705952380952381 0.6086687306501548 0.594047619047619 0.6037151702786377 0.5904761904761905 0.5795665634674922 0.5904761904761905 
21 0.5609907120743034 0.6 0.5498452012383901 0.6095238095238096 0.5498452012383901 0.6654761904761904 0.5696594427244582 0.7404761904761905 0.5746130030959752 0.7511904761904762 0.5839009287925696 0.7511904761904762 0.5839009287925696 0.6797619047619048 0.5789473684210527 0.6023809523809524 0.578328173374613 0.6 0.5609907120743034 0.6 
22 0.5455108359133127 0.6095238095238096 0.544891640866873 0.6107142857142858 0.5356037151702786 0.638095238095238 0.530030959752322 0.6583333333333333 0.530030959752322 0.7702380952380953 0.534984520123839 0.7880952380952381 0.5405572755417957 0.7988095238095239 0.5492260061919505 0.7988095238095239 0.5541795665634675 0.7892857142857143 0.5591331269349845 0.7488095238095238 0.5591331269349845 0.6666666666666666 0.5541795665634675 0.6190476190476191 0.5492260061919505 0.6107142857142858 0.5479876160990712 0.6095238095238096 0.5455108359133127 0.6095238095238096 
23 0.5151702786377709 0.6 0.5102167182662539 0.6666666666666666 0.5102167182662539 0.7202380952380952 0.5151702786377709 0.7607142857142857 0.5244582043343653 0.7607142857142857 0.5294117647058824 0.7416666666666667 0.5343653250773994 0.7 0.5393188854489164 0.6511904761904762 0.5393188854489164 0.6047619047619047 0.5386996904024768 0.6011904761904762 0.5374613003095975 0.6 0.5151702786377709 0.6 
24 0.4953560371517028 0.6 0.4904024767801858 0.7071428571428572 0.4904024767801858 0.7607142857142857 0.5040247678018576 0.7607142857142857 0.5095975232198142 0.7309523809523809 0.5145510835913313 0.7011904761904761 0.5145510835913313 0.6 0.4953560371517028 0.6 
25 0.47554179566563465 0.6 0.47554179566563465 0.7511904761904762 0.48978328173374613 0.7511904761904762 0.49473684210526314 0.7214285714285714 0.4996904024767802 0.675 0.4996904024767802 0.6 0.47554179566563465 0.6 
26 0.46191950464396286 0.6 0.46068111455108357 0.6011904761904762 0.45572755417956656 0.6190476190476191 0.45572755417956656 0.6642857142857143 0.46068111455108357 0.7607142857142857 0.469969040247678 0.7607142857142857 0.47492260061919506 0.7511904761904762 0.47987616099071206 0.7321428571428571 0.47987616099071206 0.6011904761904762 0.4792569659442725 0.6 0.46191950464396286 0.6 
27 0.4408668730650155 0.6 0.4309597523219814 0.6404761904761904 0.4309597523219814 0.7130952380952381 0.4359133126934985 0.7690476190476191 0.4408668730650155 0.7880952380952381 0.4421052631578947 0.7892857142857143 0.44953560371517026 0.7892857142857143 0.4501547987616099 0.7880952380952381 0.4551083591331269 0.7690476190476191 0.460061919504644 0.7488095238095238 0.465015479876161 0.680952380952381 0.465015479876161 0.6583333333333333 0.460061919504644 0.6011904761904762 0.45944272445820433 0.6 0.4408668730650155 0.6 
28 0.4179566563467492 0.5904761904761905 0.41609907120743034 0.5916666666666667 0.41114551083591333 0.6 0.41114551083591333 0.7607142857142857 0.41424148606811145 0.7607142857142857 0.4154798761609907 0.7595238095238095 0.42043343653250775 0.7511904761904762 0.43034055727554177 0.7130952380952381 0.43529411764705883 0.6845238095238095 0.44024767801857584 0.6452380952380953 0.44024767801857584 0.6190476190476191 0.43529411764705883 0.5916666666666667 0.4346749226006192 0.5904761904761905 0.4179566563467492 0.5904761904761905 
29 0.3913312693498452 0.5904761904761905 0.38204334365325077 0.6476190476190476 0.3814241486068111 0.6523809523809524 0.3814241486068111 0.75 0.3845201238390093 0.7511904761904762 0.39009287925696595 0.7511904761904762 0.3956656346749226 0.7416666666666667 0.4105263157894737 0.6726190476190477 0.4154798761609907 0.6464285714285715 0.42043343653250775 0.6083333333333333 0.42043343653250775 0.5928571428571429 0.4198142414860681 0.5904761904761905 0.3913312693498452 0.5904761904761905 
30 0.34674922600619196 0.5619047619047619 0.34179566563467495 0.5821428571428572 0.32260061919504646 0.6952380952380952 0.3219814241486068 0.7071428571428572 0.3219814241486068 0.7095238095238096 0.32260061919504646 0.7130952380952381 0.3269349845201238 0.7309523809523809 0.32755417956656346 0.7321428571428571 0.34179566563467495 0.7416666666666667 0.3498452012383901 0.7416666666666667 0.3510835913312694 0.7404761904761905 0.3609907120743034 0.7226190476190476 0.37585139318885447 0.694047619047619 0.3907120743034056 0.6369047619047619 0.3907120743034056 0.580952380952381 0.36594427244582045 0.5619047619047619 0.34674922600619196 0.5619047619047619 
31 0.3027863777089783 0.5333333333333333 0.29721362229102166 0.5428571428571428 0.2823529411764706 0.65 0.2823529411764706 0.6821428571428572 0.28297213622291023 0.6845238095238095 0.29721362229102166 0.7035714285714286 0.3065015479876161 0.7035714285714286 0.31640866873065016 0.6928571428571428 0.3263157894736842 0.6738095238095239 0.33126934984520123 0.6630952380952381 0.3461300309597523 0.6178571428571429 0.3510835913312694 0.5892857142857143 0.3510835913312694 0.5642857142857143 0.3504643962848297 0.5619047619047619 0.3461300309597523 0.5523809523809524 0.33622291021671824 0.5428571428571428 0.3256965944272446 0.5333333333333333 0.3027863777089783 0.5333333333333333 
32 0.2594427244582043 0.5333333333333333 0.25758513931888544 0.5345238095238095 0.2476780185758514 0.5428571428571428 0.24272445820433436 0.5535714285714286 0.23777089783281732 0.5726190476190476 0.23777089783281732 0.6166666666666667 0.2476780185758514 0.655952380952381 0.2761609907120743 0.655952380952381 0.291640866873065 0.6369047619047619 0.29659442724458207 0.6261904761904762 0.3015479876160991 0.5988095238095238 0.3015479876160991 0.5976190476190476 0.30030959752321984 0.5904761904761905 0.29659442724458207 0.5714285714285714 0.286687306501548 0.5535714285714286 0.28173374613003094 0.5464285714285714 0.2712074303405573 0.5333333333333333 0.2594427244582043 0.5333333333333333 