1 0.2674922600619195 0.3619047619047619 0.2631578947368421 0.37142857142857144 0.25758513931888544 0.39166666666666666 0.25758513931888544 0.4226190476190476 0.2582043343653251 0.42738095238095236 0.2625386996904025 0.4452380952380952 0.2674922600619195 0.45595238095238094 0.286687306501548 0.45595238095238094 0.29659442724458207 0.4369047619047619 0.29659442724458207 0.4011904761904762 0.2959752321981424 0.4 0.2718266253869969 0.3619047619047619 0.2674922600619195 0.3619047619047619 
2 0.2996904024767802 0.38095238095238093 0.29721362229102166 0.3821428571428571 0.2773993808049536 0.44761904761904764 0.2773993808049536 0.5011904761904762 0.27801857585139317 0.5035714285714286 0.28297213622291023 0.513095238095238 0.3021671826625387 0.5321428571428571 0.31640866873065016 0.5321428571428571 0.32136222910216716 0.5226190476190476 0.32136222910216716 0.3904761904761905 0.31640866873065016 0.38095238095238093 0.2996904024767802 0.38095238095238093 
3 0.3219814241486068 0.4095238095238095 0.3170278637770898 0.41904761904761906 0.31207430340557274 0.5178571428571429 0.31207430340557274 0.5571428571428572 0.3170278637770898 0.5880952380952381 0.32260061919504646 0.5976190476190476 0.32445820433436534 0.5988095238095238 0.3510835913312694 0.5988095238095238 0.3560371517027864 0.5892857142857143 0.3603715170278638 0.5797619047619048 0.3609907120743034 0.5761904761904761 0.3609907120743034 0.5357142857142857 0.3510835913312694 0.4297619047619048 0.3461300309597523 0.4095238095238095 0.3219814241486068 0.4095238095238095 
4 0.3671826625386997 0.4 0.3622291021671827 0.4095238095238095 0.36160990712074303 0.4119047619047619 0.356656346749226 0.45714285714285713 0.356656346749226 0.5869047619047619 0.3572755417956656 0.5892857142857143 0.36160990712074303 0.5988095238095238 0.38080495356037153 0.5988095238095238 0.38575851393188854 0.5880952380952381 0.38575851393188854 0.5238095238095238 0.38080495356037153 0.4392857142857143 0.37585139318885447 0.4023809523809524 0.3752321981424149 0.4 0.3671826625386997 0.4 
5 0.39628482972136225 0.4 0.39195046439628484 0.4095238095238095 0.3913312693498452 0.4119047619047619 0.3814241486068111 0.5464285714285714 0.3814241486068111 0.5892857142857143 0.38699690402476783 0.5988095238095238 0.4105263157894737 0.5988095238095238 0.4154798761609907 0.5880952380952381 0.4154798761609907 0.5047619047619047 0.4105263157894737 0.41904761904761906 0.4055727554179567 0.4011904761904762 0.40495356037151703 0.4 0.39628482972136225 0.4 
6 0.42229102167182664 0.37142857142857144 0.41671826625387 0.38095238095238093 0.41609907120743034 0.38452380952380955 0.41114551083591333 0.544047619047619 0.41114551083591333 0.5607142857142857 0.41609907120743034 0.5976190476190476 0.42105263157894735 0.6083333333333333 0.4340557275541796 0.6083333333333333 0.44458204334365325 0.5988095238095238 0.4452012383900929 0.5952380952380952 0.4452012383900929 0.5428571428571428 0.44024767801857584 0.42857142857142855 0.43529411764705883 0.4 0.4297213622291022 0.37142857142857144 0.42229102167182664 0.37142857142857144 
7 0.4458204334365325 0.4095238095238095 0.4458204334365325 0.5976190476190476 0.44643962848297214 0.5988095238095238 0.469969040247678 0.5988095238095238 0.469969040247678 0.5619047619047619 0.465015479876161 0.4392857142857143 0.460061919504644 0.42142857142857143 0.4551083591331269 0.4095238095238095 0.4458204334365325 0.4095238095238095 
8 0.4662538699690402 0.4 0.46563467492260063 0.4011904761904762 0.46563467492260063 0.444047619047619 0.47058823529411764 0.5964285714285714 0.4712074303405573 0.5988095238095238 0.4761609907120743 0.6083333333333333 0.49473684210526314 0.6083333333333333 0.49473684210526314 0.5047619047619047 0.48978328173374613 0.4380952380952381 0.4848297213622291 0.41904761904761906 0.47987616099071206 0.4035714285714286 0.4786377708978328 0.4011904761904762 0.4773993808049536 0.4 0.4662538699690402 0.4 
9 0.5003095975232198 0.4 0.4953560371517028 0.4095238095238095 0.4953560371517028 0.4654761904761905 0.5003095975232198 0.6083333333333333 0.5238390092879257 0.6083333333333333 0.5294117647058824 0.5988095238095238 0.5294117647058824 0.5619047619047619 0.5244582043343653 0.5 0.5195046439628483 0.45714285714285713 0.5145510835913313 0.42023809523809524 0.5089783281733746 0.4 0.5003095975232198 0.4 
10 0.5207430340557275 0.41904761904761906 0.5201238390092879 0.42023809523809524 0.5201238390092879 0.4785714285714286 0.525077399380805 0.5797619047619048 0.530030959752322 0.5988095238095238 0.5541795665634675 0.5988095238095238 0.5541795665634675 0.5428571428571428 0.5492260061919505 0.5059523809523809 0.5393188854489164 0.4380952380952381 0.5337461300309597 0.41904761904761906 0.5207430340557275 0.41904761904761906 
11 0.5702786377708978 0.3619047619047619 0.5603715170278638 0.3726190476190476 0.5597523219814241 0.3738095238095238 0.5547987616099072 0.39404761904761904 0.5498452012383901 0.41904761904761906 0.544891640866873 0.5488095238095239 0.544891640866873 0.55 0.5498452012383901 0.5892857142857143 0.5597523219814241 0.6083333333333333 0.5789473684210527 0.6083333333333333 0.5839009287925696 0.5988095238095238 0.5839009287925696 0.569047619047619 0.5789473684210527 0.3619047619047619 0.5702786377708978 0.3619047619047619 
12 0.5845201238390093 0.3904761904761905 0.5795665634674922 0.4011904761904762 0.5746130030959752 0.5345238095238095 0.5746130030959752 0.5678571428571428 0.5795665634674922 0.5976190476190476 0.6 0.6178571428571429 0.6136222910216719 0.6178571428571429 0.6185758513931888 0.6071428571428571 0.6185758513931888 0.40476190476190477 0.6179566563467492 0.4023809523809524 0.6160990712074303 0.4 0.5938080495356037 0.3904761904761905 0.5845201238390093 0.3904761904761905 
13 0.6142414860681115 0.41904761904761906 0.6142414860681115 0.5988095238095238 0.6309597523219814 0.6083333333333333 0.6421052631578947 0.6083333333333333 0.643343653250774 0.6071428571428571 0.648297213622291 0.5976190476190476 0.653250773993808 0.5095238095238095 0.653250773993808 0.42857142857142855 0.6235294117647059 0.41904761904761906 0.6142414860681115 0.41904761904761906 
14 0.6588235294117647 0.4095238095238095 0.6538699690402476 0.41904761904761906 0.6439628482972136 0.5238095238095238 0.6439628482972136 0.594047619047619 0.6445820433436532 0.5988095238095238 0.6879256965944273 0.5988095238095238 0.6928792569659443 0.5880952380952381 0.6928792569659443 0.5154761904761904 0.6829721362229102 0.430952380952381 0.6780185758513931 0.4107142857142857 0.676780185758514 0.4095238095238095 0.6588235294117647 0.4095238095238095 
15 0.6835913312693499 0.38095238095238093 0.6786377708978328 0.45714285714285713 0.6786377708978328 0.4654761904761905 0.6835913312693499 0.5154761904761904 0.6885448916408669 0.530952380952381 0.6891640866873066 0.5321428571428571 0.6990712074303406 0.5416666666666666 0.7077399380804954 0.5416666666666666 0.7325077399380805 0.5226190476190476 0.7368421052631579 0.513095238095238 0.7374613003095976 0.5107142857142857 0.7374613003095976 0.4666666666666667 0.7126934984520124 0.38095238095238093 0.6835913312693499 0.38095238095238093 
16 0.7436532507739938 0.3619047619047619 0.7089783281733746 0.4 0.708359133126935 0.4011904761904762 0.708359133126935 0.41785714285714287 0.713312693498452 0.4369047619047619 0.7188854489164087 0.44642857142857145 0.7287925696594427 0.45595238095238094 0.746749226006192 0.45595238095238094 0.7622291021671826 0.4261904761904762 0.7622291021671826 0.39285714285714285 0.7572755417956656 0.3726190476190476 0.7517027863777089 0.3619047619047619 0.7436532507739938 0.3619047619047619 
17 0.7479876160990712 0.6 0.7281733746130031 0.6476190476190476 0.7281733746130031 0.6738095238095239 0.7331269349845201 0.6845238095238095 0.7430340557275542 0.7035714285714286 0.7616099071207431 0.7035714285714286 0.7863777089783281 0.6464285714285715 0.7869969040247679 0.6440476190476191 0.7869969040247679 0.6190476190476191 0.7820433436532508 0.6 0.7479876160990712 0.6 
18 0.7040247678018576 0.5904761904761905 0.6792569659442724 0.6 0.6736842105263158 0.6107142857142858 0.6736842105263158 0.655952380952381 0.6934984520123839 0.75 0.698452012383901 0.7690476190476191 0.7034055727554179 0.7797619047619048 0.7126934984520124 0.7797619047619048 0.7368421052631579 0.7511904761904762 0.7374613003095976 0.75 0.7374613003095976 0.7047619047619048 0.7275541795665634 0.6 0.7219814241486068 0.5904761904761905 0.7040247678018576 0.5904761904761905 
19 0.6538699690402476 0.6 0.6210526315789474 0.6095238095238096 0.6191950464396285 0.6107142857142858 0.6191950464396285 0.6464285714285715 0.6390092879256966 0.7583333333333333 0.6489164086687307 0.7976190476190477 0.6538699690402476 0.8083333333333333 0.6631578947368421 0.8083333333333333 0.6928792569659443 0.7797619047619048 0.6928792569659443 0.7333333333333333 0.6730650154798762 0.6095238095238096 0.6674922600619195 0.6 0.6538699690402476 0.6 
20 0.6043343653250774 0.6095238095238096 0.5894736842105263 0.6190476190476191 0.5894736842105263 0.6619047619047619 0.5993808049535604 0.7214285714285714 0.6092879256965944 0.7773809523809524 0.6142414860681115 0.7964285714285714 0.6191950464396285 0.8071428571428572 0.6198142414860681 0.8083333333333333 0.6321981424148607 0.8083333333333333 0.6334365325077399 0.8071428571428572 0.6334365325077399 0.6595238095238095 0.6235294117647059 0.6202380952380953 0.6185758513931888 0.6107142857142858 0.6167182662538699 0.6095238095238096 0.6043343653250774 0.6095238095238096 
21 0.5863777089783282 0.6095238095238096 0.5696594427244582 0.6190476190476191 0.5653250773993808 0.6285714285714286 0.5647058823529412 0.6309523809523809 0.5647058823529412 0.8083333333333333 0.5696594427244582 0.8178571428571428 0.5789473684210527 0.8178571428571428 0.5839009287925696 0.8083333333333333 0.5888544891640867 0.7785714285714286 0.5987616099071208 0.6988095238095238 0.5987616099071208 0.6571428571428571 0.5938080495356037 0.6190476190476191 0.5882352941176471 0.6095238095238096 0.5863777089783282 0.6095238095238096 
22 0.5399380804953561 0.6095238095238096 0.534984520123839 0.6226190476190476 0.525077399380805 0.7714285714285715 0.525077399380805 0.8166666666666667 0.530030959752322 0.8273809523809523 0.5442724458204334 0.8273809523809523 0.5492260061919505 0.8178571428571428 0.5640866873065016 0.7107142857142857 0.5640866873065016 0.6095238095238096 0.5399380804953561 0.6095238095238096 
23 0.5207430340557275 0.6095238095238096 0.5157894736842106 0.6190476190476191 0.5151702786377709 0.6214285714285714 0.5102167182662539 0.7166666666666667 0.5102167182662539 0.7773809523809524 0.5108359133126935 0.7797619047619048 0.5244582043343653 0.7797619047619048 0.5294117647058824 0.7511904761904762 0.5393188854489164 0.675 0.5442724458204334 0.6273809523809524 0.5442724458204334 0.6190476190476191 0.5393188854489164 0.6107142857142858 0.5380804953560372 0.6095238095238096 0.5207430340557275 0.6095238095238096 
24 0.5003095975232198 0.6190476190476191 0.5003095975232198 0.7595238095238095 0.5009287925696595 0.7607142857142857 0.508359133126935 0.7607142857142857 0.5095975232198142 0.7583333333333333 0.5145510835913313 0.7416666666666667 0.5195046439628483 0.6845238095238095 0.5195046439628483 0.6190476190476191 0.5003095975232198 0.6190476190476191 
25 0.48606811145510836 0.6190476190476191 0.4854489164086687 0.6202380952380953 0.4804953560371517 0.7047619047619048 0.4804953560371517 0.7595238095238095 0.48173374613003095 0.7607142857142857 0.48978328173374613 0.7607142857142857 0.49473684210526314 0.7511904761904762 0.5046439628482973 0.6440476190476191 0.5046439628482973 0.6202380952380953 0.5040247678018576 0.6190476190476191 0.48606811145510836 0.6190476190476191 
26 0.4662538699690402 0.6095238095238096 0.46563467492260063 0.6107142857142858 0.46563467492260063 0.7595238095238095 0.4662538699690402 0.7607142857142857 0.4718266253869969 0.7702380952380953 0.4743034055727554 0.7702380952380953 0.4792569659442725 0.7607142857142857 0.47987616099071206 0.7547619047619047 0.4848297213622291 0.6440476190476191 0.4848297213622291 0.6190476190476191 0.47987616099071206 0.6107142857142858 0.4786377708978328 0.6095238095238096 0.4662538699690402 0.6095238095238096 
27 0.4458204334365325 0.6 0.44148606811145513 0.6095238095238096 0.4408668730650155 0.6130952380952381 0.4408668730650155 0.8178571428571428 0.4458204334365325 0.8273809523809523 0.4538699690402477 0.8273809523809523 0.4551083591331269 0.8261904761904761 0.460061919504644 0.8071428571428572 0.465015479876161 0.75 0.465015479876161 0.6202380952380953 0.45944272445820433 0.6 0.4458204334365325 0.6 
28 0.421671826625387 0.6 0.4068111455108359 0.6095238095238096 0.40619195046439627 0.6107142857142858 0.40619195046439627 0.675 0.41114551083591333 0.7976190476190477 0.4117647058823529 0.7988095238095239 0.4297213622291022 0.7988095238095239 0.43034055727554177 0.7976190476190477 0.43529411764705883 0.7607142857142857 0.44024767801857584 0.6547619047619048 0.44024767801857584 0.6190476190476191 0.43034055727554177 0.6 0.421671826625387 0.6 
29 0.38328173374613 0.6 0.3814241486068111 0.6011904761904762 0.3764705882352941 0.6202380952380953 0.3715170278637771 0.7238095238095238 0.3715170278637771 0.780952380952381 0.3721362229102167 0.7857142857142857 0.37275541795665634 0.7892857142857143 0.39009287925696595 0.7892857142857143 0.39504643962848296 0.7607142857142857 0.4006191950464396 0.7226190476190476 0.4105263157894737 0.6535714285714286 0.4105263157894737 0.6107142857142858 0.40990712074303404 0.6095238095238096 0.4 0.6 0.38328173374613 0.6 
30 0.34179566563467495 0.5904761904761905 0.3368421052631579 0.6011904761904762 0.33250773993808047 0.6190476190476191 0.3170278637770898 0.7309523809523809 0.3170278637770898 0.7321428571428571 0.3176470588235294 0.7511904761904762 0.3219814241486068 0.7607142857142857 0.34674922600619196 0.7892857142857143 0.35975232198142415 0.7892857142857143 0.3603715170278638 0.7880952380952381 0.36594427244582045 0.7702380952380953 0.38080495356037153 0.6464285714285715 0.38080495356037153 0.6095238095238096 0.37585139318885447 0.6 0.35541795665634673 0.5904761904761905 0.34179566563467495 0.5904761904761905 
31 0.29721362229102166 0.5904761904761905 0.29287925696594425 0.6 0.29226006191950465 0.6035714285714285 0.2873065015479876 0.638095238095238 0.2823529411764706 0.6952380952380952 0.2823529411764706 0.75 0.2835913312693498 0.7511904761904762 0.30712074303405573 0.7702380952380953 0.31640866873065016 0.7702380952380953 0.32136222910216716 0.7595238095238095 0.3263157894736842 0.7321428571428571 0.33622291021671824 0.6642857142857143 0.33622291021671824 0.6095238095238096 0.3065015479876161 0.5904761904761905 0.29721362229102166 0.5904761904761905 
32 0.25263157894736843 0.6095238095238096 0.248297213622291 0.6190476190476191 0.2476780185758514 0.6238095238095238 0.2476780185758514 0.6833333333333333 0.25758513931888544 0.7119047619047619 0.2582043343653251 0.7130952380952381 0.286687306501548 0.7130952380952381 0.291640866873065 0.6845238095238095 0.291640866873065 0.6321428571428571 0.29102167182662536 0.6285714285714286 0.286687306501548 0.6202380952380953 0.2854489164086687 0.6190476190476191 0.2718266253869969 0.6095238095238096 0.25263157894736843 0.6095238095238096 