1 0.23281733746130032 0.29523809523809524 0.21857585139318886 0.3047619047619048 0.21795665634674924 0.305952380952381 0.20804953560371517 0.4297619047619048 0.20804953560371517 0.4607142857142857 0.2086687306501548 0.4654761904761905 0.22786377708978328 0.4845238095238095 0.2513931888544892 0.4845238095238095 0.26191950464396285 0.4642857142857143 0.26191950464396285 0.4 0.2520123839009288 0.3238095238095238 0.24643962848297213 0.3047619047619048 0.24148606811145512 0.29523809523809524 0.23281733746130032 0.29523809523809524 
2 0.2625386996904025 0.3047619047619048 0.25758513931888544 0.42857142857142855 0.25758513931888544 0.475 0.2625386996904025 0.4845238095238095 0.31145510835913315 0.4845238095238095 0.31640866873065016 0.4738095238095238 0.31640866873065016 0.41904761904761906 0.31145510835913315 0.38095238095238093 0.30092879256965943 0.3238095238095238 0.29659442724458207 0.3142857142857143 0.28606811145510835 0.3047619047619048 0.2625386996904025 0.3047619047619048 
3 0.32260061919504646 0.2857142857142857 0.30712074303405573 0.3142857142857143 0.30712074303405573 0.375 0.31207430340557274 0.4654761904761905 0.3170278637770898 0.48333333333333334 0.3176470588235294 0.4845238095238095 0.3653250773993808 0.4845238095238095 0.37089783281733746 0.475 0.37585139318885447 0.45595238095238094 0.37585139318885447 0.4226190476190476 0.3461300309597523 0.31547619047619047 0.3411764705882353 0.3047619047619048 0.33622291021671824 0.29523809523809524 0.3306501547987616 0.2857142857142857 0.32260061919504646 0.2857142857142857 
4 0.356656346749226 0.2857142857142857 0.356656346749226 0.3202380952380952 0.36160990712074303 0.41785714285714287 0.36656346749226004 0.4738095238095238 0.3715170278637771 0.4845238095238095 0.39009287925696595 0.4845238095238095 0.4 0.475 0.4006191950464396 0.4738095238095238 0.4006191950464396 0.41904761904761906 0.39504643962848296 0.38095238095238093 0.3907120743034056 0.3535714285714286 0.38575851393188854 0.3273809523809524 0.38080495356037153 0.30714285714285716 0.3801857585139319 0.3047619047619048 0.37585139318885447 0.29523809523809524 0.37089783281733746 0.2857142857142857 0.356656346749226 0.2857142857142857 
5 0.38204334365325077 0.2761904761904762 0.3814241486068111 0.2773809523809524 0.3814241486068111 0.3607142857142857 0.3863777089783282 0.475 0.39195046439628484 0.4845238095238095 0.4105263157894737 0.4845238095238095 0.43034055727554177 0.4642857142857143 0.43034055727554177 0.41904761904761906 0.42538699690402476 0.39166666666666666 0.4105263157894737 0.3238095238095238 0.4006191950464396 0.2857142857142857 0.3956656346749226 0.2761904761904762 0.38204334365325077 0.2761904761904762 
6 0.39628482972136225 0.24761904761904763 0.39628482972136225 0.2833333333333333 0.40123839009287926 0.33214285714285713 0.42105263157894735 0.4642857142857143 0.4260061919504644 0.4845238095238095 0.4452012383900929 0.4845238095238095 0.4501547987616099 0.44642857142857145 0.4501547987616099 0.3904761904761905 0.43529411764705883 0.3142857142857143 0.4297213622291022 0.29523809523809524 0.4154798761609907 0.24761904761904763 0.39628482972136225 0.24761904761904763 
7 0.4563467492260062 0.26666666666666666 0.45077399380804956 0.2773809523809524 0.4458204334365325 0.29523809523809524 0.4458204334365325 0.4642857142857143 0.45077399380804956 0.475 0.4563467492260062 0.4845238095238095 0.469969040247678 0.4845238095238095 0.47492260061919506 0.475 0.47492260061919506 0.34404761904761905 0.469969040247678 0.2869047619047619 0.465015479876161 0.26785714285714285 0.46377708978328175 0.26666666666666666 0.4563467492260062 0.26666666666666666 
8 0.47058823529411764 0.2571428571428571 0.46563467492260063 0.26666666666666666 0.46563467492260063 0.3380952380952381 0.47058823529411764 0.48928571428571427 0.4712074303405573 0.49166666666666664 0.47306501547987617 0.49404761904761907 0.48111455108359136 0.5035714285714286 0.49473684210526314 0.5035714285714286 0.5046439628482973 0.4928571428571429 0.5046439628482973 0.4011904761904762 0.4996904024767802 0.34285714285714286 0.48978328173374613 0.26785714285714285 0.4842105263157895 0.2571428571428571 0.47058823529411764 0.2571428571428571 
9 0.5151702786377709 0.26666666666666666 0.5102167182662539 0.2773809523809524 0.5052631578947369 0.3047619047619048 0.5003095975232198 0.4095238095238095 0.5003095975232198 0.49404761904761907 0.5052631578947369 0.5035714285714286 0.5294117647058824 0.5035714285714286 0.5343653250773994 0.49404761904761907 0.5343653250773994 0.3119047619047619 0.5294117647058824 0.27380952380952384 0.5281733746130031 0.2702380952380952 0.525077399380805 0.26666666666666666 0.5151702786377709 0.26666666666666666 
10 0.544891640866873 0.26666666666666666 0.534984520123839 0.3261904761904762 0.530030959752322 0.42857142857142855 0.530030959752322 0.4845238095238095 0.534984520123839 0.4928571428571429 0.5368421052631579 0.49404761904761907 0.5585139318885449 0.49404761904761907 0.5591331269349845 0.4928571428571429 0.5591331269349845 0.26785714285714285 0.5585139318885449 0.26666666666666666 0.544891640866873 0.26666666666666666 
11 0.6 0.24761904761904763 0.5944272445820433 0.2571428571428571 0.5845201238390093 0.2857142857142857 0.5746130030959752 0.31547619047619047 0.5547987616099072 0.42857142857142855 0.5547987616099072 0.48333333333333334 0.5597523219814241 0.49404761904761907 0.5647058823529412 0.5035714285714286 0.58328173374613 0.5035714285714286 0.5888544891640867 0.49404761904761907 0.6136222910216719 0.2833333333333333 0.6136222910216719 0.2488095238095238 0.6123839009287926 0.24761904761904763 0.6 0.24761904761904763 
12 0.6142414860681115 0.2857142857142857 0.6092879256965944 0.29523809523809524 0.6 0.3142857142857143 0.5993808049535604 0.31666666666666665 0.590092879256966 0.3619047619047619 0.5894736842105263 0.36547619047619045 0.5795665634674922 0.4869047619047619 0.5795665634674922 0.49166666666666664 0.5801857585139318 0.49404761904761907 0.595046439628483 0.513095238095238 0.6136222910216719 0.513095238095238 0.6179566563467492 0.5035714285714286 0.6185758513931888 0.5011904761904762 0.628482972136223 0.3273809523809524 0.628482972136223 0.29642857142857143 0.6235294117647059 0.2857142857142857 0.6142414860681115 0.2857142857142857 
13 0.6297213622291021 0.3047619047619048 0.6247678018575852 0.3142857142857143 0.6191950464396285 0.3345238095238095 0.6142414860681115 0.3535714285714286 0.6092879256965944 0.39166666666666666 0.6092879256965944 0.444047619047619 0.6142414860681115 0.5023809523809524 0.614860681114551 0.5035714285714286 0.6247678018575852 0.5119047619047619 0.6266253869969041 0.513095238095238 0.643343653250774 0.513095238095238 0.648297213622291 0.5023809523809524 0.648297213622291 0.3142857142857143 0.6427244582043343 0.3047619047619048 0.6297213622291021 0.3047619047619048 
14 0.6687306501547987 0.3047619047619048 0.6643962848297214 0.3142857142857143 0.6588235294117647 0.3333333333333333 0.6390092879256966 0.42857142857142855 0.6390092879256966 0.49404761904761907 0.6489164086687307 0.513095238095238 0.6736842105263158 0.5226190476190476 0.6817337461300309 0.5226190476190476 0.6829721362229102 0.5214285714285715 0.6928792569659443 0.5023809523809524 0.6978328173374613 0.4083333333333333 0.6978328173374613 0.3345238095238095 0.6823529411764706 0.3047619047619048 0.6687306501547987 0.3047619047619048 
15 0.7232198142414861 0.29523809523809524 0.713312693498452 0.305952380952381 0.708359133126935 0.31547619047619047 0.7034055727554179 0.34285714285714286 0.698452012383901 0.37142857142857144 0.6885448916408669 0.4392857142857143 0.6885448916408669 0.49404761904761907 0.6934984520123839 0.5035714285714286 0.6990712074303406 0.513095238095238 0.7318885448916409 0.513095238095238 0.7424148606811145 0.5035714285714286 0.7424148606811145 0.4488095238095238 0.7374613003095976 0.3142857142857143 0.7325077399380805 0.29642857142857143 0.7312693498452012 0.29523809523809524 0.7232198142414861 0.29523809523809524 
16 0.7585139318885449 0.3142857142857143 0.7479876160990712 0.3238095238095238 0.7430340557275542 0.34285714285714286 0.7380804953560371 0.42142857142857143 0.7380804953560371 0.49404761904761907 0.7430340557275542 0.5035714285714286 0.7479876160990712 0.5107142857142857 0.7510835913312693 0.513095238095238 0.76656346749226 0.513095238095238 0.7863777089783281 0.5035714285714286 0.7869969040247679 0.5023809523809524 0.7869969040247679 0.3142857142857143 0.7585139318885449 0.3142857142857143 
17 0.7727554179566564 0.5238095238095238 0.7547987616099071 0.5333333333333333 0.7529411764705882 0.5345238095238095 0.7436532507739938 0.5428571428571428 0.7430340557275542 0.544047619047619 0.7430340557275542 0.5797619047619048 0.7628482972136222 0.6547619047619048 0.7832817337461301 0.7035714285714286 0.7876160990712074 0.7107142857142857 0.7925696594427245 0.7130952380952381 0.8012383900928792 0.7130952380952381 0.8160990712074303 0.694047619047619 0.81671826625387 0.6916666666666667 0.81671826625387 0.6392857142857142 0.8117647058823529 0.5821428571428572 0.8068111455108359 0.5345238095238095 0.8012383900928792 0.5238095238095238 0.7727554179566564 0.5238095238095238 
18 0.7337461300309598 0.5333333333333333 0.7232198142414861 0.5345238095238095 0.6941176470588235 0.5523809523809524 0.6885448916408669 0.5619047619047619 0.6885448916408669 0.5988095238095238 0.718266253869969 0.7130952380952381 0.7287925696594427 0.7321428571428571 0.7517027863777089 0.7321428571428571 0.7671826625386997 0.7130952380952381 0.7671826625386997 0.6773809523809524 0.746749226006192 0.5428571428571428 0.7374613003095976 0.5333333333333333 0.7337461300309598 0.5333333333333333 
19 0.6650154798761609 0.5428571428571428 0.6346749226006192 0.5523809523809524 0.6291021671826625 0.5619047619047619 0.6291021671826625 0.5797619047619048 0.6637770897832818 0.75 0.6650154798761609 0.7511904761904762 0.6823529411764706 0.7511904761904762 0.7077399380804954 0.7416666666666667 0.7120743034055728 0.7321428571428571 0.7126934984520124 0.7297619047619047 0.7126934984520124 0.7166666666666667 0.6928792569659443 0.5547619047619048 0.6922600619195046 0.5523809523809524 0.6773993808049535 0.5428571428571428 0.6650154798761609 0.5428571428571428 
20 0.6142414860681115 0.5523809523809524 0.6043343653250774 0.5619047619047619 0.6043343653250774 0.6047619047619047 0.6142414860681115 0.6833333333333333 0.6191950464396285 0.7214285714285714 0.6291021671826625 0.7511904761904762 0.6346749226006192 0.7607142857142857 0.6421052631578947 0.7607142857142857 0.643343653250774 0.7595238095238095 0.648297213622291 0.7511904761904762 0.648297213622291 0.7154761904761905 0.643343653250774 0.5928571428571429 0.638390092879257 0.5642857142857143 0.6328173374613003 0.5523809523809524 0.6142414860681115 0.5523809523809524 
21 0.5801857585139318 0.5428571428571428 0.5702786377708978 0.5523809523809524 0.5696594427244582 0.5535714285714286 0.5696594427244582 0.5976190476190476 0.5746130030959752 0.6642857142857143 0.5795665634674922 0.694047619047619 0.5894736842105263 0.7321428571428571 0.6043343653250774 0.7511904761904762 0.6136222910216719 0.7511904761904762 0.6136222910216719 0.7154761904761905 0.6086687306501548 0.5714285714285714 0.6037151702786377 0.5535714285714286 0.5987616099071208 0.5428571428571428 0.5801857585139318 0.5428571428571428 
22 0.5498452012383901 0.5428571428571428 0.544891640866873 0.5523809523809524 0.544891640866873 0.6178571428571429 0.5498452012383901 0.6833333333333333 0.5597523219814241 0.7595238095238095 0.5696594427244582 0.7797619047619048 0.5752321981424149 0.7892857142857143 0.5839009287925696 0.7892857142857143 0.5839009287925696 0.7071428571428572 0.5789473684210527 0.5904761904761905 0.5739938080495356 0.5535714285714286 0.5690402476780185 0.544047619047619 0.5678018575851393 0.5428571428571428 0.5498452012383901 0.5428571428571428 
23 0.5151702786377709 0.5428571428571428 0.5151702786377709 0.5773809523809523 0.525077399380805 0.680952380952381 0.530030959752322 0.7130952380952381 0.5492260061919505 0.7130952380952381 0.5492260061919505 0.611904761904762 0.5442724458204334 0.544047619047619 0.5436532507739938 0.5428571428571428 0.5151702786377709 0.5428571428571428 
24 0.4978328173374613 0.5333333333333333 0.4953560371517028 0.5345238095238095 0.4904024767801858 0.5428571428571428 0.4904024767801858 0.5702380952380952 0.5003095975232198 0.6464285714285715 0.5052631578947369 0.675 0.5151702786377709 0.7130952380952381 0.5207430340557275 0.7226190476190476 0.5294117647058824 0.7226190476190476 0.5294117647058824 0.6523809523809524 0.5244582043343653 0.5821428571428572 0.5195046439628483 0.5428571428571428 0.5089783281733746 0.5333333333333333 0.4978328173374613 0.5333333333333333 
25 0.46563467492260063 0.5428571428571428 0.46563467492260063 0.5702380952380952 0.4804953560371517 0.7035714285714286 0.48606811145510836 0.7130952380952381 0.49287925696594426 0.7130952380952381 0.49473684210526314 0.7119047619047619 0.4996904024767802 0.5797619047619048 0.4996904024767802 0.5642857142857143 0.49473684210526314 0.5428571428571428 0.46563467492260063 0.5428571428571428 
26 0.45263157894736844 0.5333333333333333 0.45077399380804956 0.5345238095238095 0.4408668730650155 0.5535714285714286 0.4408668730650155 0.625 0.45077399380804956 0.7130952380952381 0.45572755417956656 0.7321428571428571 0.465015479876161 0.7321428571428571 0.469969040247678 0.7226190476190476 0.47492260061919506 0.6166666666666667 0.47492260061919506 0.5821428571428572 0.469969040247678 0.544047619047619 0.46439628482972134 0.5345238095238095 0.4582043343653251 0.5333333333333333 0.45263157894736844 0.5333333333333333 
27 0.4260061919504644 0.5238095238095238 0.41609907120743034 0.5333333333333333 0.41114551083591333 0.5928571428571429 0.41114551083591333 0.7035714285714286 0.41609907120743034 0.7595238095238095 0.41671826625387 0.7607142857142857 0.43034055727554177 0.7607142857142857 0.43529411764705883 0.75 0.44024767801857584 0.7226190476190476 0.4452012383900929 0.694047619047619 0.4501547987616099 0.6452380952380953 0.4501547987616099 0.6226190476190476 0.4452012383900929 0.5345238095238095 0.43962848297213625 0.5238095238095238 0.4260061919504644 0.5238095238095238 
28 0.3814241486068111 0.5333333333333333 0.37708978328173376 0.5428571428571428 0.3764705882352941 0.5452380952380952 0.3764705882352941 0.5928571428571429 0.3814241486068111 0.7416666666666667 0.3907120743034056 0.7416666666666667 0.4006191950464396 0.7226190476190476 0.4055727554179567 0.6916666666666667 0.4154798761609907 0.5976190476190476 0.4154798761609907 0.544047619047619 0.4105263157894737 0.5345238095238095 0.40928792569659445 0.5333333333333333 0.3814241486068111 0.5333333333333333 
29 0.3473684210526316 0.5333333333333333 0.34674922600619196 0.5380952380952381 0.34179566563467495 0.6880952380952381 0.34179566563467495 0.7416666666666667 0.3603715170278638 0.7416666666666667 0.3609907120743034 0.7404761904761905 0.36594427244582045 0.7214285714285714 0.38080495356037153 0.6071428571428571 0.38575851393188854 0.5511904761904762 0.38575851393188854 0.544047619047619 0.3801857585139319 0.5333333333333333 0.3473684210526316 0.5333333333333333 
30 0.29287925696594425 0.5333333333333333 0.2873065015479876 0.5428571428571428 0.2625386996904025 0.6952380952380952 0.2625386996904025 0.719047619047619 0.2631578947368421 0.7226190476190476 0.2934984520123839 0.7511904761904762 0.3040247678018576 0.7511904761904762 0.3058823529411765 0.75 0.3108359133126935 0.7416666666666667 0.32136222910216716 0.7226190476190476 0.33126934984520123 0.6845238095238095 0.3510835913312694 0.5964285714285714 0.3510835913312694 0.5345238095238095 0.3504643962848297 0.5333333333333333 0.29287925696594425 0.5333333333333333 
31 0.23405572755417955 0.5142857142857142 0.23281733746130032 0.5154761904761904 0.22786377708978328 0.5238095238095238 0.22291021671826625 0.5452380952380952 0.20804953560371517 0.6571428571428571 0.20804953560371517 0.694047619047619 0.2130030959752322 0.7130952380952381 0.22972136222910217 0.7226190476190476 0.23591331269349844 0.7226190476190476 0.24643962848297213 0.7130952380952381 0.2520123839009288 0.7035714285714286 0.2563467492260062 0.694047619047619 0.291640866873065 0.5785714285714286 0.291640866873065 0.5357142857142857 0.29102167182662536 0.5345238095238095 0.28173374613003094 0.5238095238095238 0.2563467492260062 0.5142857142857142 0.23405572755417955 0.5142857142857142 
32 0.17523219814241486 0.49523809523809526 0.17337461300309598 0.49642857142857144 0.16842105263157894 0.5166666666666667 0.1585139318885449 0.5714285714285714 0.15356037151702787 0.6071428571428571 0.15356037151702787 0.6357142857142857 0.1585139318885449 0.6642857142857143 0.16842105263157894 0.6845238095238095 0.1913312693498452 0.6845238095238095 0.19256965944272444 0.6833333333333333 0.20743034055727555 0.6452380952380953 0.22724458204334366 0.5785714285714286 0.23219814241486067 0.5488095238095239 0.23219814241486067 0.5333333333333333 0.22662538699690402 0.5142857142857142 0.19690402476780186 0.49523809523809526 0.17523219814241486 0.49523809523809526 