1 0.27801857585139317 0.3523809523809524 0.2773993808049536 0.3535714285714286 0.2724458204334365 0.3726190476190476 0.2625386996904025 0.44761904761904764 0.2625386996904025 0.49404761904761907 0.2724458204334365 0.513095238095238 0.28173374613003094 0.513095238095238 0.291640866873065 0.4928571428571429 0.291640866873065 0.38095238095238093 0.28606811145510835 0.3535714285714286 0.2835913312693498 0.3523809523809524 0.27801857585139317 0.3523809523809524 
2 0.29845201238390096 0.3523809523809524 0.29721362229102166 0.3535714285714286 0.29226006191950465 0.3726190476190476 0.2823529411764706 0.4857142857142857 0.2823529411764706 0.5107142857142857 0.28297213622291023 0.513095238095238 0.2873065015479876 0.5226190476190476 0.29226006191950465 0.530952380952381 0.29411764705882354 0.5321428571428571 0.32074303405572757 0.5321428571428571 0.33126934984520123 0.5226190476190476 0.33126934984520123 0.4666666666666667 0.32074303405572757 0.38452380952380955 0.31640866873065016 0.3547619047619048 0.3157894736842105 0.3523809523809524 0.29845201238390096 0.3523809523809524 
3 0.3473684210526316 0.3619047619047619 0.34179566563467495 0.37142857142857144 0.3269349845201238 0.4869047619047619 0.3269349845201238 0.5119047619047619 0.3318885448916409 0.5416666666666666 0.33746130030959753 0.5511904761904762 0.36470588235294116 0.5511904761904762 0.36594427244582045 0.55 0.37089783281733746 0.5404761904761904 0.37089783281733746 0.4488095238095238 0.36594427244582045 0.4011904761904762 0.3609907120743034 0.36428571428571427 0.3603715170278638 0.3619047619047619 0.3473684210526316 0.3619047619047619 
4 0.3863777089783282 0.37142857142857144 0.3764705882352941 0.3904761904761905 0.36656346749226004 0.45714285714285713 0.36656346749226004 0.5476190476190477 0.3671826625386997 0.5511904761904762 0.3715170278637771 0.5607142857142857 0.3956656346749226 0.5607142857142857 0.3956656346749226 0.37142857142857144 0.3863777089783282 0.37142857142857144 
5 0.41114551083591333 0.3904761904761905 0.40619195046439627 0.4 0.4018575851393189 0.42857142857142855 0.39195046439628484 0.5047619047619047 0.3913312693498452 0.5142857142857142 0.3913312693498452 0.5607142857142857 0.42538699690402476 0.5607142857142857 0.4297213622291022 0.5511904761904762 0.43034055727554177 0.5488095238095239 0.43034055727554177 0.49642857142857144 0.4198142414860681 0.4 0.4148606811145511 0.3904761904761905 0.41114551083591333 0.3904761904761905 
6 0.42105263157894735 0.37142857142857144 0.41609907120743034 0.43214285714285716 0.41609907120743034 0.4738095238095238 0.42105263157894735 0.5583333333333333 0.426625386996904 0.5797619047619048 0.4309597523219814 0.5892857142857143 0.44024767801857584 0.5892857142857143 0.4551083591331269 0.5595238095238095 0.4551083591331269 0.5238095238095238 0.4501547987616099 0.45714285714285713 0.4452012383900929 0.42857142857142855 0.44024767801857584 0.4011904761904762 0.43529411764705883 0.3821428571428571 0.43034055727554177 0.37142857142857144 0.42105263157894735 0.37142857142857144 
7 0.46068111455108357 0.4095238095238095 0.4563467492260062 0.41904761904761906 0.45572755417956656 0.42142857142857143 0.45077399380804956 0.47619047619047616 0.45077399380804956 0.5404761904761904 0.45572755417956656 0.5785714285714286 0.4582043343653251 0.5797619047619048 0.47368421052631576 0.5797619047619048 0.47492260061919506 0.5785714285714286 0.47492260061919506 0.4857142857142857 0.469969040247678 0.4119047619047619 0.4693498452012384 0.4095238095238095 0.46068111455108357 0.4095238095238095 
8 0.48606811145510836 0.3904761904761905 0.4854489164086687 0.39166666666666666 0.4804953560371517 0.4095238095238095 0.47554179566563465 0.4380952380952381 0.47058823529411764 0.525 0.47058823529411764 0.5785714285714286 0.47554179566563465 0.5892857142857143 0.5021671826625387 0.5892857142857143 0.5046439628482973 0.5869047619047619 0.5046439628482973 0.4226190476190476 0.4996904024767802 0.3904761904761905 0.48606811145510836 0.3904761904761905 
9 0.5102167182662539 0.3904761904761905 0.5052631578947369 0.4011904761904762 0.5003095975232198 0.5238095238095238 0.5003095975232198 0.5595238095238095 0.5052631578947369 0.5797619047619048 0.5102167182662539 0.5892857142857143 0.5281733746130031 0.5892857142857143 0.5294117647058824 0.5880952380952381 0.5337461300309597 0.5797619047619048 0.5343653250773994 0.5773809523809523 0.5343653250773994 0.5047619047619047 0.5294117647058824 0.4023809523809524 0.5287925696594428 0.4 0.5238390092879257 0.3904761904761905 0.5102167182662539 0.3904761904761905 
10 0.544891640866873 0.4095238095238095 0.5405572755417957 0.41904761904761906 0.5399380804953561 0.4226190476190476 0.530030959752322 0.5333333333333333 0.530030959752322 0.5666666666666667 0.5306501547987617 0.569047619047619 0.5312693498452012 0.5702380952380952 0.5585139318885449 0.5702380952380952 0.5591331269349845 0.569047619047619 0.5591331269349845 0.5047619047619047 0.5541795665634675 0.42023809523809524 0.5492260061919505 0.4095238095238095 0.544891640866873 0.4095238095238095 
11 0.5795665634674922 0.37142857142857144 0.5752321981424149 0.3821428571428571 0.5746130030959752 0.38452380952380955 0.5696594427244582 0.41904761904761906 0.5603715170278638 0.5047619047619047 0.5597523219814241 0.5142857142857142 0.5597523219814241 0.5595238095238095 0.5603715170278638 0.5607142857142857 0.5696594427244582 0.5702380952380952 0.5777089783281734 0.5702380952380952 0.5888544891640867 0.5607142857142857 0.5938080495356037 0.5511904761904762 0.5938080495356037 0.5166666666666667 0.5888544891640867 0.37142857142857144 0.5795665634674922 0.37142857142857144 
12 0.5944272445820433 0.38095238095238093 0.5894736842105263 0.4119047619047619 0.5845201238390093 0.45714285714285713 0.5845201238390093 0.5202380952380953 0.5894736842105263 0.5404761904761904 0.5944272445820433 0.55 0.5956656346749226 0.5511904761904762 0.6179566563467492 0.5511904761904762 0.6185758513931888 0.55 0.6185758513931888 0.5047619047619047 0.6136222910216719 0.4297619047619048 0.6086687306501548 0.39166666666666666 0.6030959752321982 0.38095238095238093 0.5944272445820433 0.38095238095238093 
13 0.6198142414860681 0.37142857142857144 0.6191950464396285 0.3726190476190476 0.6142414860681115 0.4 0.6092879256965944 0.47619047619047616 0.6092879256965944 0.513095238095238 0.6142414860681115 0.5511904761904762 0.6198142414860681 0.5607142857142857 0.6377708978328174 0.5607142857142857 0.643343653250774 0.55 0.643343653250774 0.4666666666666667 0.6334365325077399 0.4023809523809524 0.628482972136223 0.37142857142857144 0.6198142414860681 0.37142857142857144 
14 0.6557275541795665 0.3619047619047619 0.6538699690402476 0.3630952380952381 0.6439628482972136 0.38095238095238093 0.6390092879256966 0.4095238095238095 0.6390092879256966 0.55 0.6396284829721363 0.5511904761904762 0.6582043343653251 0.5511904761904762 0.6730650154798762 0.5416666666666666 0.6829721362229102 0.5321428571428571 0.6829721362229102 0.4666666666666667 0.6780185758513931 0.4095238095238095 0.6730650154798762 0.3726190476190476 0.6681114551083591 0.3619047619047619 0.6557275541795665 0.3619047619047619 
15 0.6897832817337461 0.3619047619047619 0.6885448916408669 0.3630952380952381 0.6743034055727554 0.38095238095238093 0.6736842105263158 0.3821428571428571 0.6736842105263158 0.43452380952380953 0.6786377708978328 0.5285714285714286 0.6792569659442724 0.5321428571428571 0.7071207430340557 0.5321428571428571 0.7213622291021672 0.5226190476190476 0.7226006191950465 0.5214285714285715 0.7226006191950465 0.45714285714285713 0.7077399380804954 0.37142857142857144 0.7027863777089783 0.3619047619047619 0.6897832817337461 0.3619047619047619 
18 0.698452012383901 0.5333333333333333 0.6736842105263158 0.5428571428571428 0.6687306501547987 0.5535714285714286 0.6687306501547987 0.6059523809523809 0.6786377708978328 0.675 0.6835913312693499 0.694047619047619 0.6885448916408669 0.7035714285714286 0.7027863777089783 0.7035714285714286 0.7275541795665634 0.694047619047619 0.7275541795665634 0.638095238095238 0.7176470588235294 0.5630952380952381 0.7126934984520124 0.5345238095238095 0.7120743034055728 0.5333333333333333 0.698452012383901 0.5333333333333333 
19 0.6247678018575852 0.5523809523809524 0.6191950464396285 0.5630952380952381 0.6191950464396285 0.6178571428571429 0.6241486068111455 0.6738095238095239 0.6291021671826625 0.7035714285714286 0.6390092879256966 0.7226190476190476 0.6575851393188854 0.7226190476190476 0.6773993808049535 0.7035714285714286 0.6780185758513931 0.6952380952380952 0.6780185758513931 0.6595238095238095 0.6681114551083591 0.5547619047619048 0.6674922600619195 0.5523809523809524 0.6247678018575852 0.5523809523809524 
20 0.5944272445820433 0.5714285714285714 0.5894736842105263 0.580952380952381 0.5894736842105263 0.6130952380952381 0.590092879256966 0.6178571428571429 0.5944272445820433 0.6464285714285715 0.6191950464396285 0.7309523809523809 0.6241486068111455 0.7416666666666667 0.6328173374613003 0.7416666666666667 0.6334365325077399 0.7392857142857143 0.6334365325077399 0.6678571428571428 0.6235294117647059 0.5821428571428572 0.6179566563467492 0.5714285714285714 0.5944272445820433 0.5714285714285714 
21 0.5764705882352941 0.5714285714285714 0.5746130030959752 0.5726190476190476 0.5659442724458205 0.580952380952381 0.5647058823529412 0.5833333333333334 0.5647058823529412 0.6154761904761905 0.5746130030959752 0.7297619047619047 0.5795665634674922 0.75 0.5820433436532507 0.7511904761904762 0.5925696594427244 0.7511904761904762 0.5938080495356037 0.7488095238095238 0.5987616099071208 0.6654761904761904 0.5987616099071208 0.580952380952381 0.5938080495356037 0.5714285714285714 0.5764705882352941 0.5714285714285714 
22 0.5399380804953561 0.580952380952381 0.5399380804953561 0.6357142857142857 0.5498452012383901 0.7416666666666667 0.5547987616099072 0.7595238095238095 0.5554179566563467 0.7607142857142857 0.5684210526315789 0.7607142857142857 0.573374613003096 0.7511904761904762 0.5739938080495356 0.7428571428571429 0.5739938080495356 0.6952380952380952 0.5690402476780185 0.6023809523809524 0.5640866873065016 0.5821428571428572 0.5628482972136223 0.580952380952381 0.5399380804953561 0.580952380952381 
23 0.5157894736842106 0.5904761904761905 0.5151702786377709 0.6 0.5151702786377709 0.6369047619047619 0.525077399380805 0.7130952380952381 0.530030959752322 0.7309523809523809 0.5306501547987617 0.7321428571428571 0.5436532507739938 0.7321428571428571 0.5442724458204334 0.7285714285714285 0.5442724458204334 0.611904761904762 0.5393188854489164 0.5916666666666667 0.5380804953560372 0.5904761904761905 0.5157894736842106 0.5904761904761905 
24 0.5003095975232198 0.6 0.5003095975232198 0.7226190476190476 0.5052631578947369 0.7404761904761905 0.5065015479876162 0.7416666666666667 0.5139318885448917 0.7416666666666667 0.5195046439628483 0.7321428571428571 0.5244582043343653 0.6452380952380953 0.5244582043343653 0.638095238095238 0.5207430340557275 0.6 0.5003095975232198 0.6 
25 0.48173374613003095 0.6 0.4804953560371517 0.6011904761904762 0.4804953560371517 0.6583333333333333 0.4854489164086687 0.7392857142857143 0.486687306501548 0.7416666666666667 0.4996904024767802 0.7416666666666667 0.5046439628482973 0.7226190476190476 0.5046439628482973 0.6488095238095238 0.4996904024767802 0.6011904761904762 0.49907120743034056 0.6 0.48173374613003095 0.6 
26 0.4681114551083591 0.6 0.46563467492260063 0.6011904761904762 0.46563467492260063 0.7416666666666667 0.4786377708978328 0.7416666666666667 0.4848297213622291 0.7107142857142857 0.4848297213622291 0.6035714285714285 0.4842105263157895 0.6 0.4681114551083591 0.6 
27 0.4408668730650155 0.6285714285714286 0.43653250773993807 0.638095238095238 0.4359133126934985 0.6464285714285715 0.4359133126934985 0.7607142857142857 0.4544891640866873 0.7607142857142857 0.460061919504644 0.7404761904761905 0.460061919504644 0.6285714285714286 0.4408668730650155 0.6285714285714286 
28 0.41609907120743034 0.580952380952381 0.41114551083591333 0.5904761904761905 0.41114551083591333 0.655952380952381 0.41609907120743034 0.7607142857142857 0.4235294117647059 0.7607142857142857 0.42538699690402476 0.7583333333333333 0.43034055727554177 0.7511904761904762 0.43529411764705883 0.7416666666666667 0.44458204334365325 0.6464285714285715 0.4452012383900929 0.6023809523809524 0.4452012383900929 0.6 0.44024767801857584 0.5821428571428572 0.4390092879256966 0.580952380952381 0.41609907120743034 0.580952380952381 
29 0.3863777089783282 0.5714285714285714 0.3814241486068111 0.6392857142857142 0.3814241486068111 0.7309523809523809 0.3863777089783282 0.7488095238095238 0.3876160990712074 0.7511904761904762 0.3956656346749226 0.7511904761904762 0.4055727554179567 0.7226190476190476 0.4105263157894737 0.6845238095238095 0.42043343653250775 0.5988095238095238 0.42043343653250775 0.5916666666666667 0.4148606811145511 0.5714285714285714 0.3863777089783282 0.5714285714285714 
30 0.34179566563467495 0.5619047619047619 0.33746130030959753 0.5714285714285714 0.3368421052631579 0.5738095238095238 0.3318885448916409 0.6285714285714286 0.3318885448916409 0.7119047619047619 0.33250773993808047 0.7130952380952381 0.3622291021671827 0.7226190476190476 0.37089783281733746 0.7226190476190476 0.3752321981424149 0.7119047619047619 0.38080495356037153 0.675 0.38575851393188854 0.6369047619047619 0.38575851393188854 0.5630952380952381 0.3845201238390093 0.5619047619047619 0.34179566563467495 0.5619047619047619 
31 0.2978328173374613 0.5523809523809524 0.29721362229102166 0.5535714285714286 0.29226006191950465 0.5845238095238096 0.29226006191950465 0.7023809523809523 0.2934984520123839 0.7035714285714286 0.31207430340557274 0.7130952380952381 0.3151702786377709 0.7130952380952381 0.31640866873065016 0.7119047619047619 0.3256965944272446 0.694047619047619 0.3411764705882353 0.6154761904761905 0.3411764705882353 0.5535714285714286 0.339938080495356 0.5523809523809524 0.2978328173374613 0.5523809523809524 
32 0.27492260061919505 0.5238095238095238 0.2724458204334365 0.525 0.2674922600619195 0.5333333333333333 0.2625386996904025 0.5523809523809524 0.2582043343653251 0.5714285714285714 0.25758513931888544 0.575 0.25758513931888544 0.6464285714285715 0.26996904024767804 0.6464285714285715 0.2718266253869969 0.6440476190476191 0.27678018575851393 0.6357142857142857 0.28173374613003094 0.6261904761904762 0.3015479876160991 0.5785714285714286 0.3015479876160991 0.5357142857142857 0.30092879256965943 0.5333333333333333 0.2959752321981424 0.5238095238095238 0.27492260061919505 0.5238095238095238 