3 0.27801857585139317 0.37142857142857144 0.2773993808049536 0.3738095238095238 0.2773993808049536 0.4630952380952381 0.2823529411764706 0.5321428571428571 0.2873065015479876 0.55 0.2885448916408669 0.5511904761904762 0.32260061919504646 0.5511904761904762 0.3263157894736842 0.55 0.33126934984520123 0.5404761904761904 0.33126934984520123 0.5047619047619047 0.31145510835913315 0.3904761904761905 0.3065015479876161 0.37142857142857144 0.27801857585139317 0.37142857142857144 
4 0.33250773993808047 0.34285714285714286 0.32755417956656346 0.3523809523809524 0.3269349845201238 0.3547619047619048 0.3269349845201238 0.5214285714285715 0.3318885448916409 0.5511904761904762 0.3368421052631579 0.5595238095238095 0.3380804953560371 0.5607142857142857 0.3504643962848297 0.5607142857142857 0.3609907120743034 0.55 0.3609907120743034 0.4976190476190476 0.3510835913312694 0.3738095238095238 0.3461300309597523 0.34404761904761905 0.3442724458204334 0.34285714285714286 0.33250773993808047 0.34285714285714286 
5 0.3523219814241486 0.34285714285714286 0.35170278637770896 0.34404761904761905 0.35170278637770896 0.5011904761904762 0.356656346749226 0.5416666666666666 0.3801857585139319 0.5416666666666666 0.3907120743034056 0.5321428571428571 0.3907120743034056 0.4857142857142857 0.37585139318885447 0.38095238095238093 0.37089783281733746 0.3535714285714286 0.3653250773993808 0.34285714285714286 0.3523219814241486 0.34285714285714286 
6 0.378328173374613 0.3142857142857143 0.3764705882352941 0.31547619047619047 0.3764705882352941 0.4738095238095238 0.3863777089783282 0.5297619047619048 0.38699690402476783 0.5321428571428571 0.40928792569659445 0.5321428571428571 0.4105263157894737 0.530952380952381 0.4148606811145511 0.5226190476190476 0.4154798761609907 0.5202380952380953 0.4154798761609907 0.48333333333333334 0.4006191950464396 0.34285714285714286 0.3956656346749226 0.31547619047619047 0.39504643962848296 0.3142857142857143 0.378328173374613 0.3142857142857143 
7 0.41238390092879257 0.34285714285714286 0.41114551083591333 0.34404761904761905 0.41114551083591333 0.5202380952380953 0.4117647058823529 0.5226190476190476 0.43962848297213625 0.5226190476190476 0.44458204334365325 0.513095238095238 0.4452012383900929 0.5083333333333333 0.4452012383900929 0.4857142857142857 0.43529411764705883 0.3904761904761905 0.43034055727554177 0.3523809523809524 0.4241486068111455 0.34285714285714286 0.41238390092879257 0.34285714285714286 
8 0.44643962848297214 0.3142857142857143 0.4408668730650155 0.325 0.4359133126934985 0.44761904761904764 0.4359133126934985 0.49404761904761907 0.4408668730650155 0.5226190476190476 0.47492260061919506 0.5226190476190476 0.47492260061919506 0.44166666666666665 0.469969040247678 0.39285714285714285 0.465015479876161 0.3619047619047619 0.460061919504644 0.3333333333333333 0.4551083591331269 0.3238095238095238 0.44891640866873067 0.3142857142857143 0.44643962848297214 0.3142857142857143 
9 0.48111455108359136 0.3238095238095238 0.47554179566563465 0.3333333333333333 0.47058823529411764 0.4023809523809524 0.47058823529411764 0.5107142857142857 0.4712074303405573 0.513095238095238 0.5095975232198142 0.513095238095238 0.5095975232198142 0.47619047619047616 0.4996904024767802 0.3345238095238095 0.49473684210526314 0.3238095238095238 0.48111455108359136 0.3238095238095238 
10 0.5102167182662539 0.3333333333333333 0.5052631578947369 0.34523809523809523 0.5003095975232198 0.3904761904761905 0.5003095975232198 0.4845238095238095 0.5052631578947369 0.5119047619047619 0.5058823529411764 0.513095238095238 0.5281733746130031 0.513095238095238 0.5294117647058824 0.5119047619047619 0.5294117647058824 0.41309523809523807 0.5244582043343653 0.3630952380952381 0.5195046439628483 0.3345238095238095 0.518266253869969 0.3333333333333333 0.5102167182662539 0.3333333333333333 
11 0.5597523219814241 0.29523809523809524 0.5498452012383901 0.3047619047619048 0.544891640866873 0.3238095238095238 0.530030959752322 0.46904761904761905 0.530030959752322 0.48928571428571427 0.5306501547987617 0.49404761904761907 0.534984520123839 0.5035714285714286 0.5504643962848297 0.5321428571428571 0.5640866873065016 0.5321428571428571 0.5739938080495356 0.513095238095238 0.5789473684210527 0.4654761904761905 0.5789473684210527 0.3535714285714286 0.5739938080495356 0.29523809523809524 0.5597523219814241 0.29523809523809524 
12 0.590092879256966 0.3047619047619048 0.5851393188854489 0.3142857142857143 0.5795665634674922 0.3345238095238095 0.5746130030959752 0.3547619047619048 0.5647058823529412 0.5047619047619047 0.5647058823529412 0.5214285714285715 0.5659442724458205 0.5226190476190476 0.5795665634674922 0.5321428571428571 0.6086687306501548 0.5321428571428571 0.6130030959752322 0.5226190476190476 0.6136222910216719 0.5202380952380953 0.6136222910216719 0.31547619047619047 0.6080495356037152 0.3047619047619048 0.590092879256966 0.3047619047619048 
14 0.6693498452012384 0.3904761904761905 0.6588235294117647 0.4011904761904762 0.6538699690402476 0.4107142857142857 0.6241486068111455 0.4773809523809524 0.6191950464396285 0.49523809523809526 0.6142414860681115 0.5369047619047619 0.6142414860681115 0.5511904761904762 0.6247678018575852 0.5702380952380952 0.6346749226006192 0.5797619047619048 0.6544891640866873 0.5892857142857143 0.6674922600619195 0.5892857142857143 0.6730650154798762 0.5797619047619048 0.6978328173374613 0.475 0.7027863777089783 0.45357142857142857 0.7027863777089783 0.42023809523809524 0.7021671826625387 0.41904761904761906 0.6780185758513931 0.3904761904761905 0.6693498452012384 0.3904761904761905 
15 0.7034055727554179 0.4095238095238095 0.698452012383901 0.42023809523809524 0.6736842105263158 0.5047619047619047 0.6687306501547987 0.5535714285714286 0.6687306501547987 0.5880952380952381 0.6693498452012384 0.5892857142857143 0.7164086687306501 0.5892857142857143 0.7176470588235294 0.5880952380952381 0.7226006191950465 0.5785714285714286 0.7275541795665634 0.4845238095238095 0.7275541795665634 0.4380952380952381 0.7226006191950465 0.41904761904761906 0.7170278637770898 0.4095238095238095 0.7034055727554179 0.4095238095238095 
21 0.5455108359133127 0.5333333333333333 0.544891640866873 0.5345238095238095 0.5399380804953561 0.5464285714285714 0.5399380804953561 0.6654761904761904 0.5504643962848297 0.7130952380952381 0.5597523219814241 0.7321428571428571 0.5727554179566563 0.7321428571428571 0.5739938080495356 0.7309523809523809 0.5789473684210527 0.6785714285714286 0.5789473684210527 0.5845238095238096 0.5739938080495356 0.5345238095238095 0.5727554179566563 0.5333333333333333 0.5455108359133127 0.5333333333333333 
22 0.5207430340557275 0.5238095238095238 0.5151702786377709 0.5345238095238095 0.5151702786377709 0.6821428571428572 0.5201238390092879 0.7416666666666667 0.5325077399380805 0.7416666666666667 0.5343653250773994 0.7404761904761905 0.5393188854489164 0.7321428571428571 0.5436532507739938 0.7130952380952381 0.5442724458204334 0.7095238095238096 0.5442724458204334 0.5333333333333333 0.5386996904024768 0.5238095238095238 0.5207430340557275 0.5238095238095238 
23 0.4953560371517028 0.5238095238095238 0.49102167182662537 0.5333333333333333 0.4904024767801858 0.5357142857142857 0.4904024767801858 0.675 0.4953560371517028 0.694047619047619 0.503405572755418 0.694047619047619 0.5046439628482973 0.6928571428571428 0.5095975232198142 0.6845238095238095 0.5195046439628483 0.625 0.5195046439628483 0.525 0.518266253869969 0.5238095238095238 0.4953560371517028 0.5238095238095238 
24 0.47554179566563465 0.5238095238095238 0.47058823529411764 0.580952380952381 0.47058823529411764 0.6440476190476191 0.47554179566563465 0.675 0.48111455108359136 0.6845238095238095 0.48978328173374613 0.6845238095238095 0.49473684210526314 0.6547619047619048 0.4996904024767802 0.5404761904761904 0.4996904024767802 0.525 0.4972136222910217 0.5238095238095238 0.47554179566563465 0.5238095238095238 
25 0.45572755417956656 0.5238095238095238 0.45572755417956656 0.6023809523809524 0.46068111455108357 0.6845238095238095 0.46439628482972134 0.6845238095238095 0.469969040247678 0.675 0.47492260061919506 0.6642857142857143 0.47492260061919506 0.5273809523809524 0.4743034055727554 0.5238095238095238 0.45572755417956656 0.5238095238095238 
26 0.4408668730650155 0.5238095238095238 0.43653250773993807 0.5333333333333333 0.4359133126934985 0.5357142857142857 0.4359133126934985 0.6988095238095238 0.43653250773993807 0.7035714285714286 0.4501547987616099 0.7035714285714286 0.4551083591331269 0.6928571428571428 0.460061919504644 0.675 0.460061919504644 0.5333333333333333 0.4551083591331269 0.5238095238095238 0.4408668730650155 0.5238095238095238 
27 0.41238390092879257 0.5333333333333333 0.41114551083591333 0.5345238095238095 0.40619195046439627 0.5535714285714286 0.40619195046439627 0.7416666666666667 0.4117647058823529 0.7511904761904762 0.42043343653250775 0.7511904761904762 0.42538699690402476 0.7476190476190476 0.43034055727554177 0.7214285714285714 0.43529411764705883 0.6261904761904762 0.43529411764705883 0.5428571428571428 0.4297213622291022 0.5333333333333333 0.41238390092879257 0.5333333333333333 
28 0.3764705882352941 0.5523809523809524 0.3764705882352941 0.7511904761904762 0.38823529411764707 0.7511904761904762 0.3907120743034056 0.75 0.3956656346749226 0.7416666666666667 0.4006191950464396 0.705952380952381 0.4055727554179567 0.6630952380952381 0.4105263157894737 0.5892857142857143 0.4105263157894737 0.5714285714285714 0.4055727554179567 0.5523809523809524 0.3764705882352941 0.5523809523809524 
30 0.3219814241486068 0.5523809523809524 0.3126934984520124 0.5619047619047619 0.3077399380804954 0.5714285714285714 0.30712074303405573 0.5738095238095238 0.29721362229102166 0.6392857142857142 0.29226006191950465 0.6857142857142857 0.29226006191950465 0.736904761904762 0.29287925696594425 0.7416666666666667 0.3281733746130031 0.7511904761904762 0.33560371517027865 0.7511904761904762 0.3411764705882353 0.7416666666666667 0.3461300309597523 0.7321428571428571 0.3510835913312694 0.7119047619047619 0.3560371517027864 0.6714285714285714 0.3609907120743034 0.6047619047619047 0.3609907120743034 0.5523809523809524 0.3219814241486068 0.5523809523809524 