5 0.39628482972136225 0.4 0.39628482972136225 0.45476190476190476 0.40123839009287926 0.530952380952381 0.40619195046439627 0.55 0.4068111455108359 0.5511904761904762 0.41114551083591333 0.5583333333333333 0.4136222910216718 0.5607142857142857 0.42043343653250775 0.5607142857142857 0.43034055727554177 0.55 0.43529411764705883 0.530952380952381 0.43529411764705883 0.5142857142857142 0.42538699690402476 0.4392857142857143 0.42043343653250775 0.41904761904761906 0.40990712074303404 0.4 0.39628482972136225 0.4 
6 0.42229102167182664 0.3523809523809524 0.42105263157894735 0.3535714285714286 0.42105263157894735 0.49404761904761907 0.4260061919504644 0.5416666666666666 0.4309597523219814 0.5607142857142857 0.44024767801857584 0.5607142857142857 0.4452012383900929 0.5511904761904762 0.4501547987616099 0.5321428571428571 0.4501547987616099 0.44761904761904764 0.4452012383900929 0.4011904761904762 0.44024767801857584 0.3726190476190476 0.43529411764705883 0.3619047619047619 0.4297213622291022 0.3523809523809524 0.42229102167182664 0.3523809523809524 
7 0.4563467492260062 0.3904761904761905 0.45572755417956656 0.39285714285714285 0.45077399380804956 0.4392857142857143 0.4458204334365325 0.49523809523809526 0.4458204334365325 0.513095238095238 0.45077399380804956 0.5321428571428571 0.45572755417956656 0.5416666666666666 0.4631578947368421 0.5416666666666666 0.465015479876161 0.5404761904761904 0.469969040247678 0.530952380952381 0.469969040247678 0.4226190476190476 0.465015479876161 0.3904761904761905 0.4563467492260062 0.3904761904761905 
9 0.5201238390092879 0.3904761904761905 0.5102167182662539 0.4095238095238095 0.5052631578947369 0.42857142857142855 0.5003095975232198 0.4607142857142857 0.4953560371517028 0.5059523809523809 0.4953560371517028 0.5404761904761904 0.49597523219814244 0.5416666666666666 0.5244582043343653 0.5416666666666666 0.5294117647058824 0.5190476190476191 0.5294117647058824 0.39166666666666666 0.5281733746130031 0.3904761904761905 0.5201238390092879 0.3904761904761905 
10 0.5368421052631579 0.3904761904761905 0.534984520123839 0.39166666666666666 0.5306501547987617 0.4011904761904762 0.530030959752322 0.40476190476190477 0.525077399380805 0.44761904761904764 0.525077399380805 0.5416666666666666 0.5486068111455108 0.5416666666666666 0.5541795665634675 0.530952380952381 0.5541795665634675 0.4857142857142857 0.5492260061919505 0.4095238095238095 0.5436532507739938 0.3904761904761905 0.5368421052631579 0.3904761904761905 
11 0.5597523219814241 0.34285714285714286 0.5547987616099072 0.3523809523809524 0.5504643962848297 0.3821428571428571 0.544891640866873 0.4488095238095238 0.544891640866873 0.49404761904761907 0.5498452012383901 0.5404761904761904 0.5504643962848297 0.5416666666666666 0.5690402476780185 0.5416666666666666 0.5739938080495356 0.5226190476190476 0.5789473684210527 0.5023809523809524 0.5789473684210527 0.42857142857142855 0.5739938080495356 0.34404761904761905 0.573374613003096 0.34285714285714286 0.5597523219814241 0.34285714285714286 
13 0.6142414860681115 0.3904761904761905 0.5944272445820433 0.47619047619047616 0.5944272445820433 0.5214285714285715 0.6043343653250774 0.5416666666666666 0.611764705882353 0.5416666666666666 0.6179566563467492 0.5321428571428571 0.6185758513931888 0.530952380952381 0.6235294117647059 0.5035714285714286 0.628482972136223 0.4654761904761905 0.628482972136223 0.39166666666666666 0.6278637770897832 0.3904761904761905 0.6142414860681115 0.3904761904761905 
18 0.6538699690402476 0.5523809523809524 0.6439628482972136 0.5619047619047619 0.6346749226006192 0.5714285714285714 0.6297213622291021 0.580952380952381 0.6291021671826625 0.5833333333333334 0.6291021671826625 0.6083333333333333 0.6340557275541796 0.625 0.6390092879256966 0.6369047619047619 0.6643962848297214 0.694047619047619 0.6687306501547987 0.7035714285714286 0.6786377708978328 0.7226190476190476 0.6835913312693499 0.7309523809523809 0.6854489164086688 0.7321428571428571 0.7027863777089783 0.7321428571428571 0.7176470588235294 0.7226190476190476 0.7226006191950465 0.7119047619047619 0.7226006191950465 0.6666666666666666 0.6879256965944273 0.5726190476190476 0.6780185758513931 0.5523809523809524 0.6538699690402476 0.5523809523809524 
20 0.5894736842105263 0.5619047619047619 0.5801857585139318 0.5714285714285714 0.5795665634674922 0.5726190476190476 0.5795665634674922 0.7023809523809523 0.5845201238390093 0.7404761904761905 0.5863777089783282 0.7416666666666667 0.5938080495356037 0.7416666666666667 0.5987616099071208 0.7309523809523809 0.6037151702786377 0.7035714285714286 0.6185758513931888 0.6166666666666667 0.6185758513931888 0.5821428571428572 0.6136222910216719 0.5714285714285714 0.6030959752321982 0.5619047619047619 0.5894736842105263 0.5619047619047619 
23 0.551702786377709 0.580952380952381 0.5498452012383901 0.5821428571428572 0.544891640866873 0.5916666666666667 0.534984520123839 0.6285714285714286 0.525077399380805 0.6761904761904762 0.525077399380805 0.7119047619047619 0.5256965944272446 0.7130952380952381 0.5362229102167183 0.7130952380952381 0.5380804953560372 0.7119047619047619 0.5393188854489164 0.7107142857142857 0.5436532507739938 0.7035714285714286 0.5541795665634675 0.6654761904761904 0.5591331269349845 0.6464285714285715 0.5640866873065016 0.625 0.5640866873065016 0.5821428571428572 0.5628482972136223 0.580952380952381 0.551702786377709 0.580952380952381 
26 0.4804953560371517 0.5619047619047619 0.4761609907120743 0.5714285714285714 0.47554179566563465 0.575 0.47058823529411764 0.6095238095238096 0.47058823529411764 0.6928571428571428 0.47554179566563465 0.7226190476190476 0.4804953560371517 0.7321428571428571 0.4848297213622291 0.7321428571428571 0.48978328173374613 0.7226190476190476 0.49473684210526314 0.6845238095238095 0.49473684210526314 0.580952380952381 0.48978328173374613 0.5630952380952381 0.4885448916408669 0.5619047619047619 0.4804953560371517 0.5619047619047619 
27 0.46068111455108357 0.5619047619047619 0.44643962848297214 0.580952380952381 0.4408668730650155 0.5904761904761905 0.4408668730650155 0.6357142857142857 0.4458204334365325 0.7880952380952381 0.44643962848297214 0.7892857142857143 0.4582043343653251 0.7892857142857143 0.460061919504644 0.7880952380952381 0.465015479876161 0.7583333333333333 0.469969040247678 0.7130952380952381 0.47492260061919506 0.6654761904761904 0.47492260061919506 0.5630952380952381 0.47368421052631576 0.5619047619047619 0.46068111455108357 0.5619047619047619 
31 0.3126934984520124 0.5428571428571428 0.3027863777089783 0.5738095238095238 0.2873065015479876 0.6285714285714286 0.2773993808049536 0.6666666666666666 0.2773993808049536 0.7023809523809523 0.2823529411764706 0.7130952380952381 0.29721362229102166 0.7321428571428571 0.31145510835913315 0.7321428571428571 0.3263157894736842 0.7035714285714286 0.33622291021671824 0.6821428571428572 0.3504643962848297 0.6369047619047619 0.3560371517027864 0.6166666666666667 0.3560371517027864 0.5619047619047619 0.3510835913312694 0.5523809523809524 0.33560371517027865 0.5428571428571428 0.3126934984520124 0.5428571428571428 