3 0.35170278637770896 0.3238095238095238 0.34241486068111454 0.34285714285714286 0.3368421052631579 0.3619047619047619 0.3318885448916409 0.44166666666666665 0.3318885448916409 0.513095238095238 0.33746130030959753 0.5226190476190476 0.3560371517027864 0.5226190476190476 0.38575851393188854 0.513095238095238 0.38575851393188854 0.45 0.37585139318885447 0.3630952380952381 0.37089783281733746 0.3333333333333333 0.36594427244582045 0.325 0.36408668730650157 0.3238095238095238 0.35170278637770896 0.3238095238095238 
4 0.3814241486068111 0.4666666666666667 0.3814241486068111 0.5190476190476191 0.3863777089783282 0.5297619047619048 0.3876160990712074 0.5321428571428571 0.4 0.5321428571428571 0.4006191950464396 0.5297619047619048 0.4006191950464396 0.46904761904761905 0.4 0.4666666666666667 0.3814241486068111 0.4666666666666667 
5 0.40619195046439627 0.3523809523809524 0.39690402476780184 0.37142857142857144 0.39628482972136225 0.3761904761904762 0.39628482972136225 0.513095238095238 0.40123839009287926 0.5321428571428571 0.4068111455108359 0.5416666666666666 0.4297213622291022 0.5416666666666666 0.44024767801857584 0.5226190476190476 0.4452012383900929 0.513095238095238 0.4452012383900929 0.44761904761904764 0.44024767801857584 0.41904761904761906 0.43529411764705883 0.4 0.4154798761609907 0.3535714285714286 0.4148606811145511 0.3523809523809524 0.40619195046439627 0.3523809523809524 
6 0.4408668730650155 0.3142857142857143 0.4359133126934985 0.325 0.4309597523219814 0.34523809523809523 0.4260061919504644 0.37142857142857144 0.4260061919504644 0.4083333333333333 0.4359133126934985 0.5392857142857143 0.43653250773993807 0.5416666666666666 0.4544891640866873 0.5416666666666666 0.460061919504644 0.530952380952381 0.460061919504644 0.4488095238095238 0.4551083591331269 0.3357142857142857 0.4501547987616099 0.3142857142857143 0.4408668730650155 0.3142857142857143 
7 0.4662538699690402 0.34285714285714286 0.46563467492260063 0.34404761904761905 0.46068111455108357 0.3619047619047619 0.45077399380804956 0.44047619047619047 0.45077399380804956 0.45476190476190476 0.45572755417956656 0.5321428571428571 0.46068111455108357 0.5416666666666666 0.47987616099071206 0.5416666666666666 0.47987616099071206 0.34285714285714286 0.4662538699690402 0.34285714285714286 
8 0.4823529411764706 0.3619047619047619 0.4804953560371517 0.36428571428571427 0.47554179566563465 0.3904761904761905 0.47554179566563465 0.5511904761904762 0.4804953560371517 0.5595238095238095 0.48173374613003095 0.5607142857142857 0.5095975232198142 0.5607142857142857 0.5095975232198142 0.5047619047619047 0.5046439628482973 0.42023809523809524 0.4996904024767802 0.38095238095238093 0.49473684210526314 0.3630952380952381 0.4934984520123839 0.3619047619047619 0.4823529411764706 0.3619047619047619 
9 0.5157894736842106 0.3523809523809524 0.5102167182662539 0.3619047619047619 0.5052631578947369 0.3904761904761905 0.5003095975232198 0.4857142857142857 0.5003095975232198 0.5607142857142857 0.5393188854489164 0.5607142857142857 0.5393188854489164 0.5059523809523809 0.5294117647058824 0.3523809523809524 0.5157894736842106 0.3523809523809524 
10 0.534984520123839 0.3619047619047619 0.530030959752322 0.38095238095238093 0.530030959752322 0.5119047619047619 0.534984520123839 0.5511904761904762 0.5492260061919505 0.5511904761904762 0.5591331269349845 0.5404761904761904 0.5640866873065016 0.530952380952381 0.5640866873065016 0.4988095238095238 0.5541795665634675 0.36428571428571427 0.5535603715170279 0.3619047619047619 0.534984520123839 0.3619047619047619 
11 0.5653250773993808 0.3142857142857143 0.5647058823529412 0.31547619047619047 0.5554179566563467 0.37142857142857144 0.5547987616099072 0.3773809523809524 0.5547987616099072 0.5416666666666666 0.58328173374613 0.5416666666666666 0.5888544891640867 0.530952380952381 0.5888544891640867 0.4773809523809524 0.5839009287925696 0.3333333333333333 0.5789473684210527 0.31547619047619047 0.578328173374613 0.3142857142857143 0.5653250773993808 0.3142857142857143 
12 0.5845201238390093 0.3333333333333333 0.5795665634674922 0.34404761904761905 0.5795665634674922 0.4738095238095238 0.5845201238390093 0.5321428571428571 0.5894736842105263 0.5404761904761904 0.5913312693498453 0.5416666666666666 0.6086687306501548 0.5416666666666666 0.6185758513931888 0.530952380952381 0.6185758513931888 0.4380952380952381 0.6136222910216719 0.38095238095238093 0.6037151702786377 0.3333333333333333 0.5845201238390093 0.3333333333333333 
13 0.6241486068111455 0.44761904761904764 0.6142414860681115 0.4583333333333333 0.6142414860681115 0.5226190476190476 0.6191950464396285 0.5321428571428571 0.6427244582043343 0.5321428571428571 0.6582043343653251 0.5214285714285715 0.6582043343653251 0.44761904761904764 0.6241486068111455 0.44761904761904764 
18 0.6687306501547987 0.4857142857142857 0.6588235294117647 0.49642857142857144 0.6538699690402476 0.5059523809523809 0.6538699690402476 0.530952380952381 0.6594427244582043 0.5607142857142857 0.6687306501547987 0.5976190476190476 0.6743034055727554 0.6178571428571429 0.6835913312693499 0.6369047619047619 0.6947368421052632 0.6464285714285715 0.7058823529411765 0.6464285714285715 0.7077399380804954 0.6452380952380953 0.7226006191950465 0.6273809523809524 0.7269349845201238 0.6178571428571429 0.7275541795665634 0.5892857142857143 0.7275541795665634 0.5880952380952381 0.7219814241486068 0.5630952380952381 0.6978328173374613 0.4857142857142857 0.6687306501547987 0.4857142857142857 
19 0.6340557275541796 0.5238095238095238 0.6142414860681115 0.5345238095238095 0.6142414860681115 0.5785714285714286 0.6291021671826625 0.6357142857142857 0.6439628482972136 0.6833333333333333 0.6489164086687307 0.694047619047619 0.6625386996904025 0.694047619047619 0.6829721362229102 0.675 0.6829721362229102 0.6392857142857142 0.6631578947368421 0.525 0.6625386996904025 0.5238095238095238 0.6340557275541796 0.5238095238095238 
20 0.5944272445820433 0.5619047619047619 0.5944272445820433 0.6059523809523809 0.6043343653250774 0.6464285714285715 0.6092879256965944 0.6630952380952381 0.6297213622291021 0.7130952380952381 0.6340557275541796 0.7214285714285714 0.6359133126934985 0.7226190476190476 0.6427244582043343 0.7226190476190476 0.643343653250774 0.7214285714285714 0.643343653250774 0.6619047619047619 0.6427244582043343 0.6571428571428571 0.6334365325077399 0.6023809523809524 0.6328173374613003 0.6 0.628482972136223 0.5904761904761905 0.6136222910216719 0.5619047619047619 0.5944272445820433 0.5619047619047619 
21 0.5746130030959752 0.5619047619047619 0.5696594427244582 0.5714285714285714 0.5696594427244582 0.6178571428571429 0.5746130030959752 0.6464285714285715 0.5795665634674922 0.6738095238095239 0.5894736842105263 0.7023809523809523 0.6043343653250774 0.7321428571428571 0.6092879256965944 0.7404761904761905 0.6105263157894737 0.7416666666666667 0.6173374613003096 0.7416666666666667 0.6185758513931888 0.7404761904761905 0.6222910216718266 0.7321428571428571 0.6235294117647059 0.7285714285714285 0.6235294117647059 0.7154761904761905 0.6185758513931888 0.6666666666666666 0.6086687306501548 0.6095238095238096 0.5987616099071208 0.5630952380952381 0.5975232198142415 0.5619047619047619 0.5746130030959752 0.5619047619047619 
22 0.5467492260061919 0.5619047619047619 0.544891640866873 0.5630952380952381 0.544891640866873 0.6654761904761904 0.5746130030959752 0.7690476190476191 0.5752321981424149 0.7702380952380953 0.5869969040247678 0.7702380952380953 0.5888544891640867 0.7690476190476191 0.5888544891640867 0.7047619047619048 0.5739938080495356 0.580952380952381 0.5684210526315789 0.5654761904761905 0.56656346749226 0.5619047619047619 0.5467492260061919 0.5619047619047619 
23 0.5263157894736842 0.5714285714285714 0.525077399380805 0.5738095238095238 0.525077399380805 0.6071428571428571 0.530030959752322 0.675 0.544891640866873 0.7309523809523809 0.5455108359133127 0.7321428571428571 0.5535603715170279 0.7321428571428571 0.5541795665634675 0.7273809523809524 0.5541795665634675 0.6476190476190476 0.5492260061919505 0.5976190476190476 0.5486068111455108 0.5916666666666667 0.5442724458204334 0.5714285714285714 0.5263157894736842 0.5714285714285714 
24 0.5052631578947369 0.580952380952381 0.5003095975232198 0.5904761904761905 0.5003095975232198 0.6273809523809524 0.5151702786377709 0.7119047619047619 0.5201238390092879 0.7214285714285714 0.5213622291021672 0.7226190476190476 0.5343653250773994 0.7226190476190476 0.5343653250773994 0.6285714285714286 0.5294117647058824 0.5916666666666667 0.5244582043343653 0.5821428571428572 0.5226006191950464 0.580952380952381 0.5052631578947369 0.580952380952381 
25 0.4953560371517028 0.580952380952381 0.49102167182662537 0.5904761904761905 0.4904024767801858 0.594047619047619 0.4904024767801858 0.6619047619047619 0.4953560371517028 0.7107142857142857 0.5003095975232198 0.7321428571428571 0.5139318885448917 0.7321428571428571 0.5145510835913313 0.7309523809523809 0.5145510835913313 0.6404761904761904 0.5095975232198142 0.580952380952381 0.4953560371517028 0.580952380952381 
26 0.47058823529411764 0.5714285714285714 0.47058823529411764 0.705952380952381 0.4712074303405573 0.7130952380952381 0.47554179566563465 0.7226190476190476 0.48978328173374613 0.7226190476190476 0.49473684210526314 0.7130952380952381 0.49473684210526314 0.5726190476190476 0.49411764705882355 0.5714285714285714 0.47058823529411764 0.5714285714285714 
27 0.4551083591331269 0.5619047619047619 0.45263157894736844 0.5630952380952381 0.4458204334365325 0.5714285714285714 0.4458204334365325 0.7607142857142857 0.45572755417956656 0.7797619047619048 0.465015479876161 0.7797619047619048 0.469969040247678 0.7690476190476191 0.469969040247678 0.6011904761904762 0.465015479876161 0.5619047619047619 0.4551083591331269 0.5619047619047619 
28 0.41609907120743034 0.5714285714285714 0.41114551083591333 0.5904761904761905 0.40619195046439627 0.6595238095238095 0.40619195046439627 0.6916666666666667 0.41114551083591333 0.7130952380952381 0.41671826625387 0.7226190476190476 0.42910216718266253 0.7226190476190476 0.43034055727554177 0.7214285714285714 0.43529411764705883 0.7130952380952381 0.44024767801857584 0.7035714285714286 0.4501547987616099 0.6178571428571429 0.4501547987616099 0.580952380952381 0.44458204334365325 0.5714285714285714 0.41609907120743034 0.5714285714285714 
29 0.39690402476780184 0.5714285714285714 0.39628482972136225 0.5726190476190476 0.3913312693498452 0.5904761904761905 0.3913312693498452 0.6464285714285715 0.4117647058823529 0.6464285714285715 0.41424148606811145 0.6452380952380953 0.4154798761609907 0.6440476190476191 0.42043343653250775 0.6369047619047619 0.42043343653250775 0.5714285714285714 0.39690402476780184 0.5714285714285714 
30 0.356656346749226 0.5428571428571428 0.35170278637770896 0.5547619047619048 0.3318885448916409 0.638095238095238 0.3318885448916409 0.6845238095238095 0.36160990712074303 0.7035714285714286 0.38575851393188854 0.7035714285714286 0.3956656346749226 0.6654761904761904 0.4055727554179567 0.5797619047619048 0.4055727554179567 0.5714285714285714 0.4006191950464396 0.5535714285714286 0.3956656346749226 0.5428571428571428 0.356656346749226 0.5428571428571428 