1 0.2631578947368421 0.2571428571428571 0.25758513931888544 0.26785714285714285 0.25758513931888544 0.3416666666666667 0.2674922600619195 0.4261904761904762 0.2693498452012384 0.42738095238095236 0.2959752321981424 0.42738095238095236 0.3157894736842105 0.41785714285714287 0.31640866873065016 0.4154761904761905 0.31640866873065016 0.37142857142857144 0.31145510835913315 0.3523809523809524 0.3058823529411765 0.3333333333333333 0.29659442724458207 0.3047619047619048 0.28173374613003094 0.2761904761904762 0.2718266253869969 0.25833333333333336 0.26996904024767804 0.2571428571428571 0.2631578947368421 0.2571428571428571 
2 0.31207430340557274 0.37142857142857144 0.2823529411764706 0.4666666666666667 0.2823529411764706 0.5 0.28297213622291023 0.5035714285714286 0.2873065015479876 0.513095238095238 0.3021671826625387 0.5416666666666666 0.3201238390092879 0.5416666666666666 0.32136222910216716 0.5404761904761904 0.33126934984520123 0.5214285714285715 0.3411764705882353 0.45476190476190476 0.3411764705882353 0.3738095238095238 0.34055727554179566 0.37142857142857144 0.31207430340557274 0.37142857142857144 
3 0.33746130030959753 0.3523809523809524 0.3368421052631579 0.3547619047619048 0.3269349845201238 0.4583333333333333 0.3219814241486068 0.5166666666666667 0.3219814241486068 0.5226190476190476 0.32260061919504646 0.5321428571428571 0.3269349845201238 0.5416666666666666 0.33250773993808047 0.5511904761904762 0.35170278637770896 0.5607142857142857 0.35975232198142415 0.5607142857142857 0.37585139318885447 0.5511904761904762 0.3801857585139319 0.5416666666666666 0.38080495356037153 0.5369047619047619 0.38080495356037153 0.49523809523809526 0.37089783281733746 0.38333333333333336 0.36594427244582045 0.3619047619047619 0.3560371517027864 0.3523809523809524 0.33746130030959753 0.3523809523809524 
4 0.37770897832817335 0.3619047619047619 0.3764705882352941 0.3630952380952381 0.36656346749226004 0.39166666666666666 0.36656346749226004 0.5511904761904762 0.3715170278637771 0.5595238095238095 0.3814241486068111 0.569047619047619 0.38328173374613 0.5702380952380952 0.3907120743034056 0.5702380952380952 0.4 0.5607142857142857 0.4086687306501548 0.5511904761904762 0.4105263157894737 0.5488095238095239 0.4105263157894737 0.5047619047619047 0.4006191950464396 0.41904761904761906 0.3907120743034056 0.3630952380952381 0.39009287925696595 0.3619047619047619 0.37770897832817335 0.3619047619047619 
5 0.40928792569659445 0.3523809523809524 0.40743034055727556 0.3535714285714286 0.40619195046439627 0.3547619047619048 0.4018575851393189 0.3619047619047619 0.40123839009287926 0.36428571428571427 0.39628482972136225 0.3904761904761905 0.39628482972136225 0.5595238095238095 0.4018575851393189 0.5702380952380952 0.4148606811145511 0.5702380952380952 0.4247678018575851 0.5607142857142857 0.43529411764705883 0.5416666666666666 0.43529411764705883 0.47619047619047616 0.42538699690402476 0.39166666666666666 0.42043343653250775 0.3619047619047619 0.4154798761609907 0.3523809523809524 0.40928792569659445 0.3523809523809524 
6 0.4421052631578947 0.3523809523809524 0.4408668730650155 0.3535714285714286 0.4359133126934985 0.3630952380952381 0.426625386996904 0.4 0.42105263157894735 0.42857142857142855 0.42105263157894735 0.43452380952380953 0.4260061919504644 0.5797619047619048 0.4501547987616099 0.5797619047619048 0.4551083591331269 0.5511904761904762 0.4551083591331269 0.4666666666666667 0.4501547987616099 0.3523809523809524 0.4421052631578947 0.3523809523809524 
7 0.4718266253869969 0.4 0.47058823529411764 0.4011904761904762 0.46068111455108357 0.42023809523809524 0.45572755417956656 0.4392857142857143 0.45077399380804956 0.47619047619047616 0.45077399380804956 0.5880952380952381 0.45139318885448915 0.5892857142857143 0.47492260061919506 0.5892857142857143 0.47987616099071206 0.5607142857142857 0.47987616099071206 0.425 0.4792569659442725 0.41904761904761906 0.47492260061919506 0.4 0.4718266253869969 0.4 
8 0.4804953560371517 0.4095238095238095 0.47554179566563465 0.42857142857142855 0.47058823529411764 0.5535714285714286 0.47058823529411764 0.5976190476190476 0.47554179566563465 0.6083333333333333 0.5046439628482973 0.6083333333333333 0.5046439628482973 0.5297619047619048 0.4996904024767802 0.4392857142857143 0.49473684210526314 0.4119047619047619 0.49411764705882355 0.4095238095238095 0.4804953560371517 0.4095238095238095 
9 0.5207430340557275 0.4 0.5151702786377709 0.4095238095238095 0.5102167182662539 0.42857142857142855 0.5052631578947369 0.4666666666666667 0.5003095975232198 0.5142857142857142 0.5003095975232198 0.6047619047619047 0.5009287925696595 0.6083333333333333 0.5337461300309597 0.6083333333333333 0.5343653250773994 0.6071428571428571 0.5343653250773994 0.47619047619047616 0.5294117647058824 0.4023809523809524 0.5287925696594428 0.4 0.5207430340557275 0.4 
10 0.5356037151702786 0.4 0.534984520123839 0.4011904761904762 0.530030959752322 0.4607142857142857 0.530030959752322 0.5976190476190476 0.534984520123839 0.6083333333333333 0.5591331269349845 0.6083333333333333 0.5591331269349845 0.5261904761904762 0.5541795665634675 0.45 0.5492260061919505 0.4 0.5356037151702786 0.4 
11 0.5708978328173374 0.37142857142857144 0.5696594427244582 0.3726190476190476 0.5647058823529412 0.3821428571428571 0.5597523219814241 0.42857142857142855 0.5547987616099072 0.4773809523809524 0.5547987616099072 0.5571428571428572 0.5603715170278638 0.5892857142857143 0.5653250773993808 0.5988095238095238 0.5839009287925696 0.5988095238095238 0.5888544891640867 0.5880952380952381 0.5888544891640867 0.5428571428571428 0.5839009287925696 0.4023809523809524 0.5789473684210527 0.37142857142857144 0.5708978328173374 0.37142857142857144 
12 0.5944272445820433 0.38095238095238093 0.5894736842105263 0.4023809523809524 0.5845201238390093 0.430952380952381 0.5795665634674922 0.46785714285714286 0.5795665634674922 0.5511904761904762 0.5845201238390093 0.5785714285714286 0.5944272445820433 0.5988095238095238 0.6086687306501548 0.5988095238095238 0.6136222910216719 0.5797619047619048 0.6136222910216719 0.49523809523809526 0.6086687306501548 0.38095238095238093 0.5944272445820433 0.38095238095238093 
13 0.6198142414860681 0.3619047619047619 0.6142414860681115 0.37142857142857144 0.6043343653250774 0.430952380952381 0.6043343653250774 0.5035714285714286 0.6092879256965944 0.5797619047619048 0.6191950464396285 0.5892857142857143 0.6377708978328174 0.5892857142857143 0.638390092879257 0.5857142857142857 0.638390092879257 0.5095238095238095 0.6334365325077399 0.4392857142857143 0.628482972136223 0.37142857142857144 0.6235294117647059 0.3619047619047619 0.6198142414860681 0.3619047619047619 
14 0.6439628482972136 0.38095238095238093 0.6390092879256966 0.39166666666666666 0.6340557275541796 0.4380952380952381 0.6291021671826625 0.4869047619047619 0.6291021671826625 0.513095238095238 0.6340557275541796 0.569047619047619 0.6390092879256966 0.5797619047619048 0.6724458204334365 0.5797619047619048 0.6829721362229102 0.5702380952380952 0.6829721362229102 0.5428571428571428 0.6730650154798762 0.42142857142857143 0.6724458204334365 0.41904761904761906 0.6582043343653251 0.38095238095238093 0.6439628482972136 0.38095238095238093 
15 0.6743034055727554 0.38095238095238093 0.6687306501547987 0.3904761904761905 0.6637770897832818 0.4107142857142857 0.6637770897832818 0.42738095238095236 0.6687306501547987 0.5202380952380953 0.6736842105263158 0.55 0.6743034055727554 0.5511904761904762 0.6835913312693499 0.5607142857142857 0.6959752321981424 0.5607142857142857 0.6978328173374613 0.5595238095238095 0.7077399380804954 0.55 0.7126934984520124 0.5416666666666666 0.7170278637770898 0.5321428571428571 0.7176470588235294 0.5297619047619048 0.7176470588235294 0.5059523809523809 0.6928792569659443 0.4 0.6879256965944273 0.38095238095238093 0.6743034055727554 0.38095238095238093 
16 0.708359133126935 0.2761904761904762 0.7034055727554179 0.2857142857142857 0.6934984520123839 0.3238095238095238 0.6835913312693499 0.38095238095238093 0.6835913312693499 0.40714285714285714 0.6885448916408669 0.4452380952380952 0.6891640866873066 0.44642857142857145 0.7269349845201238 0.44642857142857145 0.7325077399380805 0.4357142857142857 0.7325077399380805 0.305952380952381 0.7275541795665634 0.2857142857142857 0.7226006191950465 0.2761904761904762 0.708359133126935 0.2761904761904762 
17 0.7281733746130031 0.5714285714285714 0.708359133126935 0.5904761904761905 0.7034055727554179 0.6 0.7034055727554179 0.655952380952381 0.718266253869969 0.6845238095238095 0.7380804953560371 0.7214285714285714 0.7393188854489164 0.7226190476190476 0.7708978328173375 0.7226190476190476 0.7721362229102167 0.7214285714285714 0.7770897832817337 0.7130952380952381 0.7820433436532508 0.694047619047619 0.7820433436532508 0.6571428571428571 0.746749226006192 0.5714285714285714 0.7281733746130031 0.5714285714285714 
18 0.6835913312693499 0.5714285714285714 0.6538699690402476 0.5904761904761905 0.6489164086687307 0.6011904761904762 0.6489164086687307 0.6273809523809524 0.6588235294117647 0.6547619047619048 0.6842105263157895 0.7226190476190476 0.6885448916408669 0.7321428571428571 0.6934984520123839 0.7416666666666667 0.698452012383901 0.75 0.708359133126935 0.7607142857142857 0.7325077399380805 0.7607142857142857 0.7325077399380805 0.7238095238095238 0.7077399380804954 0.5904761904761905 0.6978328173374613 0.5714285714285714 0.6835913312693499 0.5714285714285714 
19 0.6346749226006192 0.6 0.6 0.6190476190476191 0.5993808049535604 0.6202380952380953 0.5993808049535604 0.675 0.6291021671826625 0.7690476190476191 0.6340557275541796 0.7797619047619048 0.6489164086687307 0.7976190476190477 0.6588235294117647 0.8083333333333333 0.6650154798761609 0.8083333333333333 0.6681114551083591 0.805952380952381 0.6773993808049535 0.7892857142857143 0.6780185758513931 0.7880952380952381 0.6780185758513931 0.7273809523809524 0.6773993808049535 0.7238095238095238 0.6582043343653251 0.6190476190476191 0.653250773993808 0.6 0.6346749226006192 0.6 
20 0.5752321981424149 0.6190476190476191 0.5702786377708978 0.6285714285714286 0.5696594427244582 0.6309523809523809 0.5696594427244582 0.6464285714285715 0.5746130030959752 0.694047619047619 0.5944272445820433 0.7892857142857143 0.604953560371517 0.8178571428571428 0.6092879256965944 0.8273809523809523 0.6229102167182663 0.8273809523809523 0.6235294117647059 0.8261904761904761 0.6235294117647059 0.8095238095238095 0.6136222910216719 0.6869047619047619 0.6037151702786377 0.6202380952380953 0.6030959752321982 0.6190476190476191 0.5752321981424149 0.6190476190476191 
21 0.5603715170278638 0.6190476190476191 0.5504643962848297 0.6285714285714286 0.5498452012383901 0.6297619047619047 0.5498452012383901 0.6464285714285715 0.5547987616099072 0.7309523809523809 0.5647058823529412 0.8083333333333333 0.5696594427244582 0.8178571428571428 0.5826625386996904 0.8178571428571428 0.5839009287925696 0.8166666666666667 0.5839009287925696 0.6761904761904762 0.5789473684210527 0.6202380952380953 0.5777089783281734 0.6190476190476191 0.5603715170278638 0.6190476190476191 
22 0.5356037151702786 0.6190476190476191 0.530030959752322 0.6297619047619047 0.525077399380805 0.6476190476190476 0.525077399380805 0.6845238095238095 0.530030959752322 0.7309523809523809 0.534984520123839 0.7702380952380953 0.5399380804953561 0.8071428571428572 0.544891640866873 0.8273809523809523 0.5591331269349845 0.8273809523809523 0.5591331269349845 0.6285714285714286 0.5541795665634675 0.6202380952380953 0.5529411764705883 0.6190476190476191 0.5356037151702786 0.6190476190476191 
23 0.5114551083591331 0.6190476190476191 0.5102167182662539 0.6202380952380953 0.5052631578947369 0.6297619047619047 0.5003095975232198 0.6857142857142857 0.5003095975232198 0.694047619047619 0.5052631578947369 0.7988095238095239 0.5102167182662539 0.8071428571428572 0.5114551083591331 0.8083333333333333 0.5188854489164086 0.8083333333333333 0.5244582043343653 0.7988095238095239 0.5294117647058824 0.7797619047619048 0.5343653250773994 0.7511904761904762 0.5343653250773994 0.6190476190476191 0.5114551083591331 0.6190476190476191 
24 0.49226006191950467 0.6190476190476191 0.4904024767801858 0.6202380952380953 0.4904024767801858 0.7892857142857143 0.5046439628482973 0.7892857142857143 0.5095975232198142 0.7511904761904762 0.5145510835913313 0.6357142857142857 0.5145510835913313 0.6190476190476191 0.49226006191950467 0.6190476190476191 
25 0.4712074303405573 0.6190476190476191 0.47058823529411764 0.6202380952380953 0.47058823529411764 0.675 0.47554179566563465 0.7797619047619048 0.4823529411764706 0.7797619047619048 0.4848297213622291 0.7773809523809524 0.48978328173374613 0.7702380952380953 0.49473684210526314 0.6928571428571428 0.49473684210526314 0.6190476190476191 0.4712074303405573 0.6190476190476191 
26 0.46068111455108357 0.6095238095238096 0.45572755417956656 0.6190476190476191 0.45077399380804956 0.6571428571428571 0.45077399380804956 0.6821428571428572 0.45572755417956656 0.7797619047619048 0.46068111455108357 0.805952380952381 0.4613003095975232 0.8083333333333333 0.4693498452012384 0.8083333333333333 0.47492260061919506 0.7976190476190477 0.47987616099071206 0.7309523809523809 0.47987616099071206 0.6666666666666666 0.47492260061919506 0.6190476190476191 0.4693498452012384 0.6095238095238096 0.46068111455108357 0.6095238095238096 
27 0.4359133126934985 0.6 0.4309597523219814 0.611904761904762 0.4260061919504644 0.6571428571428571 0.4260061919504644 0.8261904761904761 0.426625386996904 0.8273809523809523 0.43839009287925695 0.8273809523809523 0.44024767801857584 0.8261904761904761 0.4452012383900929 0.8166666666666667 0.4501547987616099 0.7964285714285714 0.4551083591331269 0.7702380952380953 0.460061919504644 0.7035714285714286 0.460061919504644 0.6190476190476191 0.4551083591331269 0.6 0.4359133126934985 0.6 
28 0.4024767801857585 0.6 0.40123839009287926 0.6011904761904762 0.40123839009287926 0.675 0.40619195046439627 0.8071428571428572 0.4068111455108359 0.8083333333333333 0.42043343653250775 0.8083333333333333 0.42538699690402476 0.7988095238095239 0.43034055727554177 0.7607142857142857 0.43529411764705883 0.6654761904761904 0.43529411764705883 0.6011904761904762 0.4346749226006192 0.6 0.4024767801857585 0.6 
29 0.40123839009287926 0.5904761904761905 0.3876160990712074 0.5916666666666667 0.38204334365325077 0.6 0.37708978328173376 0.6095238095238096 0.3764705882352941 0.611904761904762 0.356656346749226 0.780952380952381 0.356656346749226 0.8083333333333333 0.3739938080495356 0.8083333333333333 0.37585139318885447 0.8071428571428572 0.38080495356037153 0.7988095238095239 0.38575851393188854 0.7880952380952381 0.3907120743034056 0.7702380952380953 0.4006191950464396 0.7309523809523809 0.4055727554179567 0.6928571428571428 0.4105263157894737 0.6083333333333333 0.4105263157894737 0.5904761904761905 0.40123839009287926 0.5904761904761905 
30 0.3318885448916409 0.5714285714285714 0.3269349845201238 0.5916666666666667 0.30712074303405573 0.705952380952381 0.30712074303405573 0.7583333333333333 0.3077399380804954 0.7607142857142857 0.3170278637770898 0.7702380952380953 0.33126934984520123 0.7702380952380953 0.3411764705882353 0.7607142857142857 0.36594427244582045 0.7130952380952381 0.37585139318885447 0.6833333333333333 0.38080495356037153 0.6642857142857143 0.38575851393188854 0.6071428571428571 0.38575851393188854 0.6 0.38080495356037153 0.5916666666666667 0.37089783281733746 0.580952380952381 0.3603715170278638 0.5714285714285714 0.3318885448916409 0.5714285714285714 
31 0.28792569659442724 0.5523809523809524 0.2873065015479876 0.5535714285714286 0.2625386996904025 0.6857142857142857 0.2625386996904025 0.7416666666666667 0.28173374613003094 0.7416666666666667 0.3015479876160991 0.7226190476190476 0.3263157894736842 0.675 0.33126934984520123 0.655952380952381 0.33622291021671824 0.5964285714285714 0.33622291021671824 0.5738095238095238 0.33560371517027865 0.5714285714285714 0.33126934984520123 0.5619047619047619 0.3157894736842105 0.5523809523809524 0.28792569659442724 0.5523809523809524 
32 0.243343653250774 0.5523809523809524 0.23777089783281732 0.5619047619047619 0.23343653250773994 0.5714285714285714 0.23281733746130032 0.575 0.22291021671826625 0.6773809523809524 0.22291021671826625 0.7226190476190476 0.2520123839009288 0.7226190476190476 0.26191950464396285 0.7035714285714286 0.2712074303405573 0.6845238095238095 0.27678018575851393 0.6654761904761904 0.286687306501548 0.6273809523809524 0.286687306501548 0.5726190476190476 0.28173374613003094 0.5619047619047619 0.26191950464396285 0.5523809523809524 0.243343653250774 0.5523809523809524 