1 0.2724458204334365 0.34285714285714286 0.2631578947368421 0.3523809523809524 0.25263157894736843 0.37142857142857144 0.22786377708978328 0.41904761904761906 0.2235294117647059 0.42857142857142855 0.22291021671826625 0.43214285714285716 0.22291021671826625 0.45357142857142857 0.22786377708978328 0.48214285714285715 0.2284829721362229 0.4845238095238095 0.23839009287925697 0.5035714285714286 0.25696594427244585 0.5035714285714286 0.26191950464396285 0.49404761904761907 0.26625386996904027 0.4845238095238095 0.2718266253869969 0.4642857142857143 0.28173374613003094 0.42738095238095236 0.286687306501548 0.4083333333333333 0.291640866873065 0.3761904761904762 0.291640866873065 0.3535714285714286 0.286687306501548 0.34285714285714286 0.2724458204334365 0.34285714285714286 
2 0.29845201238390096 0.34285714285714286 0.29226006191950465 0.3523809523809524 0.2625386996904025 0.45714285714285713 0.25758513931888544 0.47619047619047616 0.25758513931888544 0.5035714285714286 0.2625386996904025 0.5226190476190476 0.2724458204334365 0.5321428571428571 0.2835913312693498 0.5416666666666666 0.30092879256965943 0.5416666666666666 0.3065015479876161 0.5321428571428571 0.31145510835913315 0.5011904761904762 0.32136222910216716 0.42738095238095236 0.32136222910216716 0.37142857142857144 0.3157894736842105 0.3523809523809524 0.31145510835913315 0.34285714285714286 0.29845201238390096 0.34285714285714286 
3 0.33374613003095976 0.37142857142857144 0.3318885448916409 0.3726190476190476 0.3269349845201238 0.38095238095238093 0.3219814241486068 0.3904761904761905 0.3021671826625387 0.49523809523809526 0.3021671826625387 0.5511904761904762 0.30835913312693497 0.5607142857142857 0.3269349845201238 0.5702380952380952 0.3510835913312694 0.5702380952380952 0.3560371517027864 0.4845238095238095 0.3560371517027864 0.3904761904761905 0.3504643962848297 0.37142857142857144 0.33374613003095976 0.37142857142857144 
4 0.3572755417956656 0.3904761904761905 0.356656346749226 0.39285714285714285 0.35170278637770896 0.430952380952381 0.34674922600619196 0.47619047619047616 0.34179566563467495 0.5642857142857143 0.34179566563467495 0.5797619047619048 0.34674922600619196 0.5892857142857143 0.37089783281733746 0.5892857142857143 0.38080495356037153 0.5797619047619048 0.3851393188854489 0.5702380952380952 0.38575851393188854 0.5678571428571428 0.38575851393188854 0.5142857142857142 0.38080495356037153 0.4 0.3746130030959752 0.3904761904761905 0.3572755417956656 0.3904761904761905 
5 0.3863777089783282 0.38095238095238093 0.3814241486068111 0.4 0.3764705882352941 0.4595238095238095 0.3764705882352941 0.5988095238095238 0.3814241486068111 0.6083333333333333 0.4055727554179567 0.6083333333333333 0.4154798761609907 0.5988095238095238 0.4154798761609907 0.5047619047619047 0.4055727554179567 0.3904761904761905 0.4006191950464396 0.38095238095238093 0.3863777089783282 0.38095238095238093 
6 0.42229102167182664 0.3904761904761905 0.42105263157894735 0.39166666666666666 0.41609907120743034 0.4 0.4068111455108359 0.47619047619047616 0.40619195046439627 0.4845238095238095 0.40619195046439627 0.5095238095238095 0.41114551083591333 0.6166666666666667 0.41671826625387 0.6273809523809524 0.44024767801857584 0.6273809523809524 0.4452012383900929 0.6083333333333333 0.4452012383900929 0.5166666666666667 0.44024767801857584 0.4107142857142857 0.43529411764705883 0.39166666666666666 0.4346749226006192 0.3904761904761905 0.42229102167182664 0.3904761904761905 
7 0.4458204334365325 0.4380952380952381 0.4408668730650155 0.46904761904761905 0.4359133126934985 0.6095238095238096 0.4359133126934985 0.6178571428571429 0.4458204334365325 0.6369047619047619 0.469969040247678 0.6369047619047619 0.469969040247678 0.5523809523809524 0.465015479876161 0.4666666666666667 0.460061919504644 0.4392857142857143 0.4588235294117647 0.4380952380952381 0.4458204334365325 0.4380952380952381 
8 0.48111455108359136 0.4380952380952381 0.47554179566563465 0.4488095238095238 0.47058823529411764 0.4595238095238095 0.46563467492260063 0.544047619047619 0.46563467492260063 0.6428571428571429 0.46687306501547987 0.6464285714285715 0.4996904024767802 0.6464285714285715 0.4996904024767802 0.5642857142857143 0.49473684210526314 0.4488095238095238 0.48978328173374613 0.4380952380952381 0.48111455108359136 0.4380952380952381 
9 0.5102167182662539 0.4380952380952381 0.5052631578947369 0.45714285714285713 0.5003095975232198 0.4857142857142857 0.4953560371517028 0.5821428571428572 0.4953560371517028 0.6345238095238095 0.49597523219814244 0.6369047619047619 0.5003095975232198 0.6464285714285715 0.5343653250773994 0.6464285714285715 0.5343653250773994 0.5714285714285714 0.5294117647058824 0.45714285714285713 0.5238390092879257 0.4380952380952381 0.5102167182662539 0.4380952380952381 
10 0.5405572755417957 0.44761904761904764 0.534984520123839 0.45714285714285713 0.530030959752322 0.4773809523809524 0.525077399380805 0.5654761904761905 0.525077399380805 0.5773809523809523 0.530030959752322 0.6357142857142857 0.5306501547987617 0.6369047619047619 0.5585139318885449 0.6369047619047619 0.5591331269349845 0.6357142857142857 0.5591331269349845 0.49642857142857144 0.5541795665634675 0.44761904761904764 0.5405572755417957 0.44761904761904764 
11 0.5752321981424149 0.41904761904761906 0.5696594427244582 0.4380952380952381 0.5647058823529412 0.4583333333333333 0.5597523219814241 0.4857142857142857 0.5547987616099072 0.5535714285714286 0.5547987616099072 0.5976190476190476 0.5647058823529412 0.6273809523809524 0.5888544891640867 0.6273809523809524 0.5938080495356037 0.6059523809523809 0.5938080495356037 0.5547619047619048 0.5888544891640867 0.41904761904761906 0.5752321981424149 0.41904761904761906 
12 0.5993808049535604 0.4 0.595046439628483 0.4095238095238095 0.5944272445820433 0.4119047619047619 0.5894736842105263 0.4392857142857143 0.5845201238390093 0.47023809523809523 0.5845201238390093 0.5535714285714286 0.5894736842105263 0.5988095238095238 0.6043343653250774 0.6166666666666667 0.6055727554179566 0.6178571428571429 0.611764705882353 0.6178571428571429 0.6136222910216719 0.6166666666666667 0.6185758513931888 0.6083333333333333 0.6235294117647059 0.5988095238095238 0.6235294117647059 0.555952380952381 0.6185758513931888 0.42142857142857143 0.6179566563467492 0.41904761904761906 0.6136222910216719 0.4107142857142857 0.6074303405572755 0.4 0.5993808049535604 0.4 
13 0.6297213622291021 0.4 0.6241486068111455 0.4095238095238095 0.6191950464396285 0.42023809523809524 0.6142414860681115 0.4511904761904762 0.6142414860681115 0.5607142857142857 0.6191950464396285 0.5892857142857143 0.6352941176470588 0.5988095238095238 0.648297213622291 0.5988095238095238 0.653250773993808 0.5797619047619048 0.653250773993808 0.5357142857142857 0.648297213622291 0.4119047619047619 0.6476780185758514 0.4095238095238095 0.6427244582043343 0.4 0.6297213622291021 0.4 
14 0.6551083591331269 0.38095238095238093 0.6538699690402476 0.3821428571428571 0.6495356037151703 0.3904761904761905 0.6439628482972136 0.42023809523809524 0.6439628482972136 0.5416666666666666 0.6489164086687307 0.5607142857142857 0.6538699690402476 0.5702380952380952 0.6674922600619195 0.5702380952380952 0.691640866873065 0.5607142857142857 0.6928792569659443 0.5595238095238095 0.6928792569659443 0.5047619047619047 0.6724458204334365 0.3904761904761905 0.6681114551083591 0.38095238095238093 0.6551083591331269 0.38095238095238093 
15 0.6786377708978328 0.3142857142857143 0.6736842105263158 0.3238095238095238 0.6736842105263158 0.3869047619047619 0.6786377708978328 0.45595238095238094 0.6835913312693499 0.5023809523809524 0.6885448916408669 0.5214285714285715 0.6891640866873066 0.5226190476190476 0.698452012383901 0.5321428571428571 0.7170278637770898 0.5321428571428571 0.7318885448916409 0.5226190476190476 0.7374613003095976 0.5035714285714286 0.7374613003095976 0.47619047619047616 0.7325077399380805 0.45714285714285713 0.7077399380804954 0.3630952380952381 0.6879256965944273 0.3142857142857143 0.6786377708978328 0.3142857142857143 
16 0.7213622291021672 0.3047619047619048 0.718266253869969 0.305952380952381 0.713312693498452 0.31547619047619047 0.713312693498452 0.3952380952380952 0.7139318885448916 0.39880952380952384 0.7281733746130031 0.4642857142857143 0.7331269349845201 0.4845238095238095 0.7386996904024767 0.49404761904761907 0.7671826625386997 0.49404761904761907 0.7764705882352941 0.4654761904761905 0.7770897832817337 0.4630952380952381 0.7770897832817337 0.42857142857142855 0.7721362229102167 0.4095238095238095 0.7622291021671826 0.38095238095238093 0.746749226006192 0.34285714285714286 0.7424148606811145 0.3333333333333333 0.7275541795665634 0.3047619047619048 0.7213622291021672 0.3047619047619048 
17 0.7331269349845201 0.5238095238095238 0.7232198142414861 0.5428571428571428 0.7232198142414861 0.5797619047619048 0.7436532507739938 0.6845238095238095 0.7479876160990712 0.694047619047619 0.7529411764705882 0.7023809523809523 0.7541795665634675 0.7035714285714286 0.7764705882352941 0.7035714285714286 0.7820433436532508 0.6928571428571428 0.7820433436532508 0.544047619047619 0.7770897832817337 0.5333333333333333 0.7572755417956656 0.5238095238095238 0.7331269349845201 0.5238095238095238 
18 0.7040247678018576 0.5333333333333333 0.6736842105263158 0.5523809523809524 0.6687306501547987 0.5619047619047619 0.6687306501547987 0.5964285714285714 0.6693498452012384 0.5988095238095238 0.6891640866873066 0.6464285714285715 0.7139318885448916 0.694047619047619 0.7281733746130031 0.7130952380952381 0.746749226006192 0.7130952380952381 0.7473684210526316 0.7107142857142857 0.7473684210526316 0.6571428571428571 0.7325077399380805 0.5726190476190476 0.7275541795665634 0.5535714285714286 0.7176470588235294 0.5333333333333333 0.7040247678018576 0.5333333333333333 
19 0.6445820433436532 0.580952380952381 0.6253869969040248 0.5904761904761905 0.6241486068111455 0.5916666666666667 0.6198142414860681 0.6 0.6191950464396285 0.6035714285714285 0.6191950464396285 0.6273809523809524 0.6241486068111455 0.6464285714285715 0.6297213622291021 0.6654761904761904 0.6637770897832818 0.7702380952380953 0.6693498452012384 0.7797619047619048 0.6829721362229102 0.7797619047619048 0.7120743034055728 0.7511904761904762 0.7126934984520124 0.75 0.7126934984520124 0.7238095238095238 0.7077399380804954 0.7047619047619048 0.6773993808049535 0.5904761904761905 0.6724458204334365 0.580952380952381 0.6445820433436532 0.580952380952381 
20 0.6099071207430341 0.6095238095238096 0.5894736842105263 0.6190476190476191 0.5894736842105263 0.6845238095238095 0.6291021671826625 0.7702380952380953 0.6390092879256966 0.7892857142857143 0.6495356037151703 0.8083333333333333 0.6582043343653251 0.8083333333333333 0.6582043343653251 0.7714285714285715 0.628482972136223 0.6202380952380953 0.6278637770897832 0.6190476190476191 0.6185758513931888 0.6095238095238096 0.6099071207430341 0.6095238095238096 
21 0.5746130030959752 0.638095238095238 0.5647058823529412 0.6476190476190476 0.5647058823529412 0.694047619047619 0.5696594427244582 0.7309523809523809 0.5894736842105263 0.7976190476190477 0.5944272445820433 0.8083333333333333 0.6080495356037152 0.8083333333333333 0.6086687306501548 0.8071428571428572 0.6086687306501548 0.7714285714285715 0.6037151702786377 0.6880952380952381 0.5938080495356037 0.6404761904761904 0.5931888544891641 0.638095238095238 0.5746130030959752 0.638095238095238 
22 0.5455108359133127 0.6476190476190476 0.5405572755417957 0.6571428571428571 0.5399380804953561 0.6595238095238095 0.5399380804953561 0.7785714285714286 0.544891640866873 0.8178571428571428 0.5547987616099072 0.8369047619047619 0.5684210526315789 0.8369047619047619 0.5690402476780185 0.8357142857142857 0.5739938080495356 0.8083333333333333 0.5739938080495356 0.7238095238095238 0.5690402476780185 0.65 0.5684210526315789 0.6476190476190476 0.5455108359133127 0.6476190476190476 
23 0.5151702786377709 0.6571428571428571 0.5151702786377709 0.7130952380952381 0.5201238390092879 0.7988095238095239 0.5337461300309597 0.7988095238095239 0.5393188854489164 0.7880952380952381 0.5442724458204334 0.7595238095238095 0.5442724458204334 0.6571428571428571 0.5151702786377709 0.6571428571428571 
24 0.4953560371517028 0.6571428571428571 0.4953560371517028 0.7404761904761905 0.5003095975232198 0.7892857142857143 0.5052631578947369 0.7988095238095239 0.5139318885448917 0.7988095238095239 0.5145510835913313 0.7976190476190477 0.5195046439628483 0.7797619047619048 0.5244582043343653 0.75 0.5244582043343653 0.6797619047619048 0.5238390092879257 0.6761904761904762 0.5188854489164086 0.6571428571428571 0.4953560371517028 0.6571428571428571 
25 0.47554179566563465 0.6571428571428571 0.47554179566563465 0.6916666666666667 0.4804953560371517 0.7785714285714286 0.4854489164086687 0.7892857142857143 0.49473684210526314 0.7892857142857143 0.4996904024767802 0.7797619047619048 0.4996904024767802 0.6583333333333333 0.49907120743034056 0.6571428571428571 0.47554179566563465 0.6571428571428571 
26 0.4563467492260062 0.6571428571428571 0.45572755417956656 0.6583333333333333 0.45572755417956656 0.7404761904761905 0.46068111455108357 0.7773809523809524 0.46563467492260063 0.7988095238095239 0.47987616099071206 0.7988095238095239 0.47987616099071206 0.6571428571428571 0.4563467492260062 0.6571428571428571 
27 0.4309597523219814 0.6476190476190476 0.4260061919504644 0.6583333333333333 0.42105263157894735 0.7714285714285715 0.42105263157894735 0.8047619047619048 0.421671826625387 0.8083333333333333 0.4260061919504644 0.8178571428571428 0.43962848297213625 0.8178571428571428 0.4501547987616099 0.7988095238095239 0.460061919504644 0.7 0.460061919504644 0.6761904761904762 0.4551083591331269 0.6476190476190476 0.4309597523219814 0.6476190476190476 
28 0.40804953560371515 0.638095238095238 0.40619195046439627 0.6392857142857142 0.39628482972136225 0.6476190476190476 0.3913312693498452 0.7619047619047619 0.3913312693498452 0.8273809523809523 0.4055727554179567 0.8273809523809523 0.40990712074303404 0.8178571428571428 0.4105263157894737 0.8154761904761905 0.43034055727554177 0.7321428571428571 0.43529411764705883 0.6654761904761904 0.43529411764705883 0.6476190476190476 0.4260061919504644 0.638095238095238 0.40804953560371515 0.638095238095238 
29 0.373374613003096 0.6095238095238096 0.3715170278637771 0.6107142857142858 0.36656346749226004 0.6202380952380953 0.36160990712074303 0.6392857142857142 0.3368421052631579 0.7833333333333333 0.3368421052631579 0.8071428571428572 0.3380804953560371 0.8083333333333333 0.3560371517027864 0.8083333333333333 0.3653250773993808 0.7988095238095239 0.36594427244582045 0.7976190476190477 0.3752321981424149 0.7702380952380953 0.3907120743034056 0.7214285714285714 0.4105263157894737 0.6547619047619048 0.4105263157894737 0.6285714285714286 0.40495356037151703 0.6190476190476191 0.3845201238390093 0.6095238095238096 0.373374613003096 0.6095238095238096 
30 0.32260061919504646 0.580952380952381 0.3176470588235294 0.5904761904761905 0.3170278637770898 0.5928571428571429 0.2823529411764706 0.7333333333333333 0.2823529411764706 0.7511904761904762 0.28297213622291023 0.7607142857142857 0.30712074303405573 0.7797619047619048 0.3201238390092879 0.7797619047619048 0.3263157894736842 0.7761904761904762 0.3306501547987616 0.7702380952380953 0.33126934984520123 0.7690476190476191 0.3461300309597523 0.7321428571428571 0.36594427244582045 0.6726190476190477 0.38080495356037153 0.6178571428571429 0.38080495356037153 0.6095238095238096 0.3752321981424149 0.6 0.3609907120743034 0.5904761904761905 0.3455108359133127 0.580952380952381 0.32260061919504646 0.580952380952381 
31 0.2773993808049536 0.5333333333333333 0.2625386996904025 0.5619047619047619 0.24272445820433436 0.6488095238095238 0.23777089783281732 0.6880952380952381 0.23777089783281732 0.6928571428571428 0.25263157894736843 0.7214285714285714 0.25386996904024767 0.7226190476190476 0.26191950464396285 0.7226190476190476 0.2718266253869969 0.7130952380952381 0.29102167182662536 0.694047619047619 0.3015479876160991 0.675 0.31145510835913315 0.655952380952381 0.31640866873065016 0.6452380952380953 0.32136222910216716 0.6261904761904762 0.3263157894736842 0.5988095238095238 0.3263157894736842 0.5821428571428572 0.32136222910216716 0.5630952380952381 0.31640866873065016 0.5523809523809524 0.29102167182662536 0.5333333333333333 0.2773993808049536 0.5333333333333333 
32 0.2241486068111455 0.5333333333333333 0.21362229102167182 0.5428571428571428 0.2130030959752322 0.5464285714285714 0.20804953560371517 0.6190476190476191 0.20804953560371517 0.6261904761904762 0.2130030959752322 0.7035714285714286 0.21795665634674924 0.7119047619047619 0.21919504643962848 0.7130952380952381 0.22229102167182663 0.7130952380952381 0.24148606811145512 0.7035714285714286 0.24210526315789474 0.7023809523809523 0.24705882352941178 0.6904761904761905 0.26687306501547986 0.5988095238095238 0.26687306501547986 0.5535714285714286 0.2563467492260062 0.5428571428571428 0.23653250773993809 0.5333333333333333 0.2241486068111455 0.5333333333333333 