1 0.30712074303405573 0.3142857142857143 0.29721362229102166 0.3238095238095238 0.28792569659442724 0.34285714285714286 0.2873065015479876 0.3464285714285714 0.2873065015479876 0.3952380952380952 0.28792569659442724 0.39880952380952384 0.29226006191950465 0.41785714285714287 0.32136222910216716 0.41785714285714287 0.33126934984520123 0.39880952380952384 0.3411764705882353 0.3607142857142857 0.3411764705882353 0.34285714285714286 0.33622291021671824 0.3142857142857143 0.30712074303405573 0.3142857142857143 
2 0.34860681114551084 0.3333333333333333 0.34674922600619196 0.3345238095238095 0.3318885448916409 0.3619047619047619 0.3269349845201238 0.3738095238095238 0.3170278637770898 0.4 0.3021671826625387 0.4488095238095238 0.3021671826625387 0.4845238095238095 0.30712074303405573 0.5023809523809524 0.3077399380804954 0.5035714285714286 0.3176470588235294 0.513095238095238 0.3411764705882353 0.513095238095238 0.3461300309597523 0.5035714285714286 0.3560371517027864 0.44642857142857145 0.3609907120743034 0.4166666666666667 0.3609907120743034 0.34523809523809523 0.3603715170278638 0.34285714285714286 0.35541795665634673 0.3333333333333333 0.34860681114551084 0.3333333333333333 
3 0.3764705882352941 0.34285714285714286 0.3671826625386997 0.3619047619047619 0.356656346749226 0.4 0.3368421052631579 0.4976190476190476 0.3368421052631579 0.5035714285714286 0.3380804953560371 0.5226190476190476 0.34179566563467495 0.5404761904761904 0.34674922600619196 0.5511904761904762 0.38080495356037153 0.5511904761904762 0.3851393188854489 0.5416666666666666 0.3907120743034056 0.5226190476190476 0.3907120743034056 0.4773809523809524 0.38575851393188854 0.3630952380952381 0.38080495356037153 0.34523809523809523 0.37956656346749224 0.34285714285714286 0.3764705882352941 0.34285714285714286 
4 0.39628482972136225 0.38095238095238093 0.3913312693498452 0.3904761904761905 0.3814241486068111 0.4380952380952381 0.3814241486068111 0.5607142857142857 0.4006191950464396 0.5607142857142857 0.4105263157894737 0.5511904761904762 0.4154798761609907 0.5416666666666666 0.4154798761609907 0.4095238095238095 0.4105263157894737 0.3821428571428571 0.40928792569659445 0.38095238095238093 0.39628482972136225 0.38095238095238093 
5 0.4260061919504644 0.3523809523809524 0.41671826625387 0.37142857142857144 0.4068111455108359 0.4095238095238095 0.40619195046439627 0.4142857142857143 0.40123839009287926 0.5452380952380952 0.40123839009287926 0.5607142857142857 0.4068111455108359 0.5702380952380952 0.4247678018575851 0.5702380952380952 0.44024767801857584 0.5607142857142857 0.44024767801857584 0.3630952380952381 0.4346749226006192 0.3523809523809524 0.4260061919504644 0.3523809523809524 
6 0.4371517027863777 0.37142857142857144 0.4359133126934985 0.3726190476190476 0.4309597523219814 0.42857142857142855 0.4260061919504644 0.5535714285714286 0.4260061919504644 0.5773809523809523 0.426625386996904 0.5797619047619048 0.4359133126934985 0.5892857142857143 0.4452012383900929 0.5892857142857143 0.4551083591331269 0.5607142857142857 0.4551083591331269 0.4023809523809524 0.4501547987616099 0.37142857142857144 0.4371517027863777 0.37142857142857144 
7 0.46563467492260063 0.4095238095238095 0.46068111455108357 0.41904761904761906 0.45077399380804956 0.5142857142857142 0.45077399380804956 0.5892857142857143 0.4563467492260062 0.5988095238095238 0.4786377708978328 0.5988095238095238 0.47987616099071206 0.5976190476190476 0.47987616099071206 0.45 0.47492260061919506 0.4095238095238095 0.46563467492260063 0.4095238095238095 
8 0.4854489164086687 0.4 0.4804953560371517 0.4095238095238095 0.47554179566563465 0.5047619047619047 0.47554179566563465 0.6071428571428571 0.4804953560371517 0.6178571428571429 0.5046439628482973 0.6178571428571429 0.5095975232198142 0.6083333333333333 0.5095975232198142 0.5238095238095238 0.5046439628482973 0.47023809523809523 0.4996904024767802 0.4226190476190476 0.49907120743034056 0.41904761904761906 0.49411764705882355 0.4 0.4854489164086687 0.4 
9 0.5151702786377709 0.4 0.5102167182662539 0.42023809523809524 0.5052631578947369 0.44761904761904764 0.5052631578947369 0.6071428571428571 0.5102167182662539 0.6178571428571429 0.5269349845201239 0.6178571428571429 0.5281733746130031 0.6166666666666667 0.5337461300309597 0.6083333333333333 0.5393188854489164 0.5988095238095238 0.5393188854489164 0.5523809523809524 0.5343653250773994 0.42142857142857143 0.5287925696594428 0.4095238095238095 0.5244582043343653 0.4011904761904762 0.5232198142414861 0.4 0.5151702786377709 0.4 
10 0.5399380804953561 0.4095238095238095 0.5356037151702786 0.41904761904761906 0.534984520123839 0.4226190476190476 0.530030959752322 0.5428571428571428 0.530030959752322 0.5595238095238095 0.534984520123839 0.5976190476190476 0.5380804953560372 0.5988095238095238 0.551702786377709 0.5988095238095238 0.5541795665634675 0.5976190476190476 0.5634674922600619 0.5892857142857143 0.5640866873065016 0.5869047619047619 0.5640866873065016 0.5357142857142857 0.5541795665634675 0.4380952380952381 0.5492260061919505 0.4095238095238095 0.5399380804953561 0.4095238095238095 
11 0.5708978328173374 0.3619047619047619 0.5647058823529412 0.37142857142857144 0.5597523219814241 0.4095238095238095 0.5547987616099072 0.5273809523809524 0.5547987616099072 0.5404761904761904 0.5597523219814241 0.5702380952380952 0.5702786377708978 0.5892857142857143 0.5789473684210527 0.5892857142857143 0.5839009287925696 0.5797619047619048 0.5839009287925696 0.4095238095238095 0.5789473684210527 0.3726190476190476 0.5739938080495356 0.3630952380952381 0.5715170278637771 0.3619047619047619 0.5708978328173374 0.3619047619047619 
12 0.5851393188854489 0.38095238095238093 0.5845201238390093 0.3821428571428571 0.5795665634674922 0.4 0.5795665634674922 0.5607142857142857 0.590092879256966 0.5702380952380952 0.6024767801857586 0.5702380952380952 0.6037151702786377 0.569047619047619 0.6080495356037152 0.5607142857142857 0.6086687306501548 0.555952380952381 0.6086687306501548 0.5333333333333333 0.6037151702786377 0.4 0.5987616099071208 0.38095238095238093 0.5851393188854489 0.38095238095238093 
13 0.6099071207430341 0.3904761904761905 0.6043343653250774 0.4107142857142857 0.5993808049535604 0.45357142857142857 0.5993808049535604 0.5404761904761904 0.6043343653250774 0.5511904761904762 0.6092879256965944 0.5607142857142857 0.6235294117647059 0.5607142857142857 0.628482972136223 0.5511904761904762 0.6328173374613003 0.5416666666666666 0.6334365325077399 0.5392857142857143 0.6334365325077399 0.5142857142857142 0.628482972136223 0.42023809523809524 0.6235294117647059 0.39166666666666666 0.6229102167182663 0.3904761904761905 0.6099071207430341 0.3904761904761905 
14 0.6359133126934985 0.39166666666666666 0.6291021671826625 0.4 0.6241486068111455 0.4119047619047619 0.6241486068111455 0.55 0.6297213622291021 0.5607142857142857 0.6681114551083591 0.5607142857142857 0.6681114551083591 0.5047619047619047 0.648297213622291 0.4095238095238095 0.643343653250774 0.4 0.638390092879257 0.39166666666666666 0.6359133126934985 0.39166666666666666 
15 0.6637770897832818 0.3523809523809524 0.6538699690402476 0.37142857142857144 0.6489164086687307 0.39166666666666666 0.6489164086687307 0.44642857142857145 0.6538699690402476 0.4845238095238095 0.6588235294117647 0.513095238095238 0.6687306501547987 0.530952380952381 0.6705882352941176 0.5321428571428571 0.6829721362229102 0.5321428571428571 0.6978328173374613 0.5119047619047619 0.7021671826625387 0.5035714285714286 0.7027863777089783 0.4988095238095238 0.7027863777089783 0.4666666666666667 0.6730650154798762 0.3523809523809524 0.6637770897832818 0.3523809523809524 
16 0.6736842105263158 0.3238095238095238 0.6687306501547987 0.3345238095238095 0.6687306501547987 0.37857142857142856 0.6835913312693499 0.42738095238095236 0.7071207430340557 0.42738095238095236 0.7126934984520124 0.41785714285714287 0.7176470588235294 0.40714285714285714 0.7176470588235294 0.36428571428571427 0.7170278637770898 0.3619047619047619 0.7027863777089783 0.325 0.7021671826625387 0.3238095238095238 0.6736842105263158 0.3238095238095238 
17 0.7207430340557276 0.5238095238095238 0.718266253869969 0.525 0.698452012383901 0.5714285714285714 0.698452012383901 0.6083333333333333 0.708359133126935 0.6273809523809524 0.7238390092879257 0.6464285714285715 0.7362229102167183 0.6464285714285715 0.7374613003095976 0.6452380952380953 0.7424148606811145 0.6357142857142857 0.7473684210526316 0.6178571428571429 0.7523219814241486 0.5880952380952381 0.7523219814241486 0.5630952380952381 0.7473684210526316 0.5523809523809524 0.7424148606811145 0.5428571428571428 0.7368421052631579 0.5333333333333333 0.7269349845201238 0.5238095238095238 0.7207430340557276 0.5238095238095238 
18 0.6643962848297214 0.5428571428571428 0.6489164086687307 0.5630952380952381 0.6439628482972136 0.5714285714285714 0.6439628482972136 0.6154761904761905 0.6489164086687307 0.6273809523809524 0.6588235294117647 0.6464285714285715 0.6792569659442724 0.6845238095238095 0.6842105263157895 0.6928571428571428 0.6934984520123839 0.7035714285714286 0.7120743034055728 0.7035714285714286 0.7325077399380805 0.6642857142857143 0.7325077399380805 0.6404761904761904 0.7275541795665634 0.6285714285714286 0.6829721362229102 0.5428571428571428 0.6643962848297214 0.5428571428571428 
19 0.6191950464396285 0.5714285714285714 0.5944272445820433 0.5904761904761905 0.5944272445820433 0.6166666666666667 0.5993808049535604 0.6369047619047619 0.6241486068111455 0.7130952380952381 0.6346749226006192 0.7321428571428571 0.6526315789473685 0.7321428571428571 0.6730650154798762 0.7130952380952381 0.6780185758513931 0.7023809523809523 0.6780185758513931 0.6857142857142857 0.643343653250774 0.580952380952381 0.6328173374613003 0.5726190476190476 0.6303405572755418 0.5714285714285714 0.6191950464396285 0.5714285714285714 
20 0.5851393188854489 0.6 0.5845201238390093 0.6035714285714285 0.5845201238390093 0.6428571428571429 0.5851393188854489 0.6464285714285715 0.5993808049535604 0.7214285714285714 0.6092879256965944 0.75 0.6142414860681115 0.7607142857142857 0.6191950464396285 0.7702380952380953 0.6278637770897832 0.7702380952380953 0.628482972136223 0.7690476190476191 0.628482972136223 0.7238095238095238 0.6235294117647059 0.6666666666666666 0.6185758513931888 0.6488095238095238 0.6037151702786377 0.6107142857142858 0.5981424148606811 0.6 0.5851393188854489 0.6 
21 0.5702786377708978 0.6095238095238096 0.5647058823529412 0.6285714285714286 0.5647058823529412 0.675 0.5696594427244582 0.7130952380952381 0.5746130030959752 0.7416666666666667 0.5795665634674922 0.7690476190476191 0.5845201238390093 0.7880952380952381 0.5851393188854489 0.7892857142857143 0.5938080495356037 0.7892857142857143 0.5938080495356037 0.638095238095238 0.5888544891640867 0.6107142857142858 0.5876160990712074 0.6095238095238096 0.5702786377708978 0.6095238095238096 
22 0.5547987616099072 0.6190476190476191 0.5455108359133127 0.6285714285714286 0.544891640866873 0.6297619047619047 0.544891640866873 0.7107142857142857 0.5498452012383901 0.7785714285714286 0.5547987616099072 0.7988095238095239 0.5739938080495356 0.7988095238095239 0.5739938080495356 0.6666666666666666 0.5690402476780185 0.6202380952380953 0.5678018575851393 0.6190476190476191 0.5547987616099072 0.6190476190476191 
23 0.5207430340557275 0.6285714285714286 0.5201238390092879 0.6297619047619047 0.5201238390092879 0.6547619047619048 0.525077399380805 0.7035714285714286 0.530030959752322 0.7511904761904762 0.534984520123839 0.7785714285714286 0.5362229102167183 0.7797619047619048 0.5436532507739938 0.7797619047619048 0.5492260061919505 0.7690476190476191 0.5492260061919505 0.6321428571428571 0.5486068111455108 0.6285714285714286 0.5207430340557275 0.6285714285714286 
24 0.5108359133126935 0.6285714285714286 0.5052631578947369 0.65 0.5052631578947369 0.7595238095238095 0.5102167182662539 0.7702380952380953 0.5244582043343653 0.7702380952380953 0.5294117647058824 0.7416666666666667 0.5294117647058824 0.6476190476190476 0.5244582043343653 0.6297619047619047 0.5226006191950464 0.6285714285714286 0.5108359133126935 0.6285714285714286 
25 0.4904024767801858 0.6202380952380953 0.4904024767801858 0.7297619047619047 0.4953560371517028 0.7678571428571429 0.496594427244582 0.7702380952380953 0.49907120743034056 0.7702380952380953 0.5095975232198142 0.7595238095238095 0.5145510835913313 0.694047619047619 0.5145510835913313 0.6285714285714286 0.5077399380804953 0.6202380952380953 0.4904024767801858 0.6202380952380953 
26 0.47058823529411764 0.6190476190476191 0.46563467492260063 0.6285714285714286 0.46563467492260063 0.7023809523809523 0.47058823529411764 0.7488095238095238 0.47554179566563465 0.7690476190476191 0.47678018575851394 0.7702380952380953 0.48978328173374613 0.7702380952380953 0.49473684210526314 0.6619047619047619 0.49473684210526314 0.638095238095238 0.48978328173374613 0.6297619047619047 0.47987616099071206 0.6202380952380953 0.47492260061919506 0.6190476190476191 0.47058823529411764 0.6190476190476191 
27 0.45139318885448915 0.6190476190476191 0.4458204334365325 0.6285714285714286 0.4458204334365325 0.7892857142857143 0.4588235294117647 0.7892857142857143 0.46439628482972134 0.7797619047619048 0.469969040247678 0.75 0.469969040247678 0.6297619047619047 0.46439628482972134 0.6190476190476191 0.45139318885448915 0.6190476190476191 
28 0.4309597523219814 0.6095238095238096 0.42105263157894735 0.6297619047619047 0.42105263157894735 0.7797619047619048 0.43529411764705883 0.7797619047619048 0.44024767801857584 0.7690476190476191 0.4452012383900929 0.75 0.4501547987616099 0.7 0.4501547987616099 0.6190476190476191 0.44024767801857584 0.611904761904762 0.4340557275541796 0.6095238095238096 0.4309597523219814 0.6095238095238096 
29 0.40123839009287926 0.6 0.39628482972136225 0.6202380952380953 0.3863777089783282 0.7345238095238096 0.3863777089783282 0.7702380952380953 0.3925696594427245 0.7797619047619048 0.3956656346749226 0.7797619047619048 0.4105263157894737 0.7511904761904762 0.4154798761609907 0.7321428571428571 0.44024767801857584 0.6178571428571429 0.44024767801857584 0.6011904761904762 0.4390092879256966 0.6 0.40123839009287926 0.6 
30 0.3690402476780186 0.5714285714285714 0.36656346749226004 0.5726190476190476 0.36160990712074303 0.580952380952381 0.3318885448916409 0.6869047619047619 0.3318885448916409 0.7226190476190476 0.36656346749226004 0.7607142857142857 0.3696594427244582 0.7607142857142857 0.37089783281733746 0.7595238095238095 0.37585139318885447 0.7511904761904762 0.38575851393188854 0.7309523809523809 0.3907120743034056 0.7130952380952381 0.3956656346749226 0.694047619047619 0.4154798761609907 0.6083333333333333 0.4154798761609907 0.5928571428571429 0.4148606811145511 0.5904761904761905 0.4105263157894737 0.580952380952381 0.39504643962848296 0.5714285714285714 0.3690402476780186 0.5714285714285714 
31 0.3269349845201238 0.5333333333333333 0.3219814241486068 0.5428571428571428 0.28297213622291023 0.6571428571428571 0.2823529411764706 0.6595238095238095 0.2823529411764706 0.675 0.2978328173374613 0.694047619047619 0.3263157894736842 0.694047619047619 0.35541795665634673 0.6369047619047619 0.36594427244582045 0.6083333333333333 0.37089783281733746 0.5892857142857143 0.37089783281733746 0.5642857142857143 0.3702786377708978 0.5619047619047619 0.36594427244582045 0.5523809523809524 0.3411764705882353 0.5345238095238095 0.32755417956656346 0.5333333333333333 0.3269349845201238 0.5333333333333333 
32 0.2743034055727554 0.5333333333333333 0.2724458204334365 0.5357142857142857 0.2674922600619195 0.544047619047619 0.2532507739938081 0.5714285714285714 0.25263157894736843 0.5738095238095238 0.25263157894736843 0.6178571428571429 0.25758513931888544 0.6369047619047619 0.2631578947368421 0.6464285714285715 0.28173374613003094 0.6464285714285715 0.30030959752321984 0.6369047619047619 0.3015479876160991 0.6357142857142857 0.3065015479876161 0.6273809523809524 0.3077399380804954 0.6083333333333333 0.3077399380804954 0.5904761904761905 0.3065015479876161 0.5738095238095238 0.3058823529411765 0.5714285714285714 0.29659442724458207 0.544047619047619 0.29102167182662536 0.5333333333333333 0.2743034055727554 0.5333333333333333 