2 0.2835913312693498 0.3238095238095238 0.2823529411764706 0.325 0.25263157894736843 0.46785714285714286 0.25263157894736843 0.48333333333333334 0.25758513931888544 0.5011904761904762 0.2582043343653251 0.5023809523809524 0.27306501547987616 0.5226190476190476 0.3015479876160991 0.5226190476190476 0.3065015479876161 0.513095238095238 0.31640866873065016 0.42738095238095236 0.31640866873065016 0.3738095238095238 0.3157894736842105 0.37142857142857144 0.29659442724458207 0.3238095238095238 0.2835913312693498 0.3238095238095238 
3 0.3269349845201238 0.3619047619047619 0.31207430340557274 0.38095238095238093 0.3021671826625387 0.46904761904761905 0.3021671826625387 0.5392857142857143 0.3040247678018576 0.5416666666666666 0.3219814241486068 0.5511904761904762 0.3448916408668731 0.5511904761904762 0.3461300309597523 0.55 0.3510835913312694 0.5416666666666666 0.3560371517027864 0.4261904761904762 0.3560371517027864 0.3821428571428571 0.3510835913312694 0.3630952380952381 0.3498452012383901 0.3619047619047619 0.3269349845201238 0.3619047619047619 
4 0.3622291021671827 0.37142857142857144 0.356656346749226 0.3821428571428571 0.35170278637770896 0.4107142857142857 0.34674922600619196 0.4583333333333333 0.34674922600619196 0.5511904761904762 0.35170278637770896 0.5607142857142857 0.356656346749226 0.569047619047619 0.3585139318885449 0.5702380952380952 0.36780185758513934 0.5702380952380952 0.37089783281733746 0.569047619047619 0.38080495356037153 0.5607142857142857 0.38080495356037153 0.4869047619047619 0.37585139318885447 0.3726190476190476 0.3746130030959752 0.37142857142857144 0.3622291021671827 0.37142857142857144 
5 0.38390092879256965 0.38095238095238093 0.3814241486068111 0.3821428571428571 0.3764705882352941 0.39166666666666666 0.3764705882352941 0.5666666666666667 0.37708978328173376 0.5702380952380952 0.3863777089783282 0.5797619047619048 0.39442724458204337 0.5797619047619048 0.40495356037151703 0.5702380952380952 0.4105263157894737 0.5595238095238095 0.4105263157894737 0.4869047619047619 0.4 0.4 0.3956656346749226 0.38095238095238093 0.38390092879256965 0.38095238095238093 
6 0.4068111455108359 0.3238095238095238 0.40619195046439627 0.325 0.40123839009287926 0.3523809523809524 0.40123839009287926 0.4928571428571429 0.4024767801857585 0.5607142857142857 0.40619195046439627 0.569047619047619 0.40743034055727556 0.5702380952380952 0.4297213622291022 0.5702380952380952 0.43529411764705883 0.5607142857142857 0.44024767801857584 0.55 0.44024767801857584 0.5273809523809524 0.43529411764705883 0.41904761904761906 0.43034055727554177 0.36428571428571427 0.42538699690402476 0.3333333333333333 0.42043343653250775 0.3238095238095238 0.4068111455108359 0.3238095238095238 
7 0.4359133126934985 0.37142857142857144 0.4309597523219814 0.5047619047619047 0.4309597523219814 0.5226190476190476 0.4359133126934985 0.5654761904761905 0.43653250773993807 0.5702380952380952 0.46439628482972134 0.5702380952380952 0.465015479876161 0.5678571428571428 0.465015479876161 0.5238095238095238 0.4551083591331269 0.3726190476190476 0.4538699690402477 0.37142857142857144 0.4359133126934985 0.37142857142857144 
8 0.4712074303405573 0.34285714285714286 0.46563467492260063 0.3523809523809524 0.4613003095975232 0.3726190476190476 0.46068111455108357 0.3761904761904762 0.45572755417956656 0.430952380952381 0.45572755417956656 0.5773809523809523 0.4563467492260062 0.5797619047619048 0.46068111455108357 0.5880952380952381 0.46253869969040246 0.5892857142857143 0.49907120743034056 0.5892857142857143 0.4996904024767802 0.5869047619047619 0.4996904024767802 0.5619047619047619 0.49473684210526314 0.42023809523809524 0.48978328173374613 0.3619047619047619 0.4786377708978328 0.34285714285714286 0.4712074303405573 0.34285714285714286 
9 0.5102167182662539 0.3523809523809524 0.5052631578947369 0.3619047619047619 0.5003095975232198 0.39166666666666666 0.4953560371517028 0.42857142857142855 0.4904024767801858 0.5333333333333333 0.4904024767801858 0.5702380952380952 0.4953560371517028 0.5880952380952381 0.49597523219814244 0.5892857142857143 0.5287925696594428 0.5892857142857143 0.5343653250773994 0.5797619047619048 0.5343653250773994 0.4095238095238095 0.5294117647058824 0.3619047619047619 0.5244582043343653 0.3535714285714286 0.5226006191950464 0.3523809523809524 0.5102167182662539 0.3523809523809524 
10 0.5547987616099072 0.34285714285714286 0.544891640866873 0.3619047619047619 0.5399380804953561 0.38333333333333336 0.534984520123839 0.41904761904761906 0.530030959752322 0.45714285714285713 0.525077399380805 0.5714285714285714 0.525077399380805 0.5892857142857143 0.5529411764705883 0.5892857142857143 0.5541795665634675 0.5880952380952381 0.5585139318885449 0.5797619047619048 0.5591331269349845 0.5773809523809523 0.5640866873065016 0.5416666666666666 0.5690402476780185 0.4369047619047619 0.5690402476780185 0.3523809523809524 0.5634674922600619 0.34285714285714286 0.5547987616099072 0.34285714285714286 
11 0.5851393188854489 0.3238095238095238 0.5795665634674922 0.3345238095238095 0.5696594427244582 0.38333333333333336 0.5647058823529412 0.4095238095238095 0.5597523219814241 0.4380952380952381 0.5547987616099072 0.5345238095238095 0.5547987616099072 0.5797619047619048 0.5659442724458205 0.5892857142857143 0.5888544891640867 0.5892857142857143 0.5938080495356037 0.5785714285714286 0.5987616099071208 0.4261904761904762 0.5987616099071208 0.3333333333333333 0.5931888544891641 0.3238095238095238 0.5851393188854489 0.3238095238095238 
12 0.6092879256965944 0.3904761904761905 0.6043343653250774 0.4 0.5993808049535604 0.42023809523809524 0.5944272445820433 0.44761904761904764 0.5894736842105263 0.47619047619047616 0.5845201238390093 0.5154761904761904 0.5845201238390093 0.5297619047619048 0.5894736842105263 0.5785714285714286 0.5944272445820433 0.5880952380952381 0.5956656346749226 0.5892857142857143 0.6179566563467492 0.5892857142857143 0.6235294117647059 0.5785714285714286 0.6235294117647059 0.3904761904761905 0.6092879256965944 0.3904761904761905 
13 0.6291021671826625 0.3904761904761905 0.6241486068111455 0.4 0.6191950464396285 0.43214285714285716 0.6142414860681115 0.5714285714285714 0.6142414860681115 0.5785714285714286 0.6191950464396285 0.5892857142857143 0.6408668730650154 0.5892857142857143 0.6427244582043343 0.5880952380952381 0.648297213622291 0.5797619047619048 0.648297213622291 0.43452380952380953 0.643343653250774 0.3904761904761905 0.6291021671826625 0.3904761904761905 
14 0.6538699690402476 0.38095238095238093 0.6489164086687307 0.39166666666666666 0.6439628482972136 0.4107142857142857 0.6439628482972136 0.5595238095238095 0.6489164086687307 0.5702380952380952 0.686687306501548 0.5702380952380952 0.6879256965944273 0.569047619047619 0.6928792569659443 0.5607142857142857 0.6972136222910217 0.5511904761904762 0.6978328173374613 0.5488095238095239 0.6978328173374613 0.5047619047619047 0.6879256965944273 0.3952380952380952 0.6873065015479877 0.3904761904761905 0.6829721362229102 0.38095238095238093 0.6538699690402476 0.38095238095238093 
15 0.6941176470588235 0.3619047619047619 0.6885448916408669 0.37142857142857144 0.6835913312693499 0.3821428571428571 0.6835913312693499 0.48333333333333334 0.6934984520123839 0.55 0.6941176470588235 0.5511904761904762 0.7071207430340557 0.5511904761904762 0.7219814241486068 0.5416666666666666 0.7325077399380805 0.5321428571428571 0.7424148606811145 0.5226190476190476 0.7424148606811145 0.47619047619047616 0.7126934984520124 0.3630952380952381 0.7114551083591332 0.3619047619047619 0.6941176470588235 0.3619047619047619 
17 0.7380804953560371 0.5238095238095238 0.713312693498452 0.5523809523809524 0.713312693498452 0.5892857142857143 0.7287925696594427 0.6369047619047619 0.7380804953560371 0.6642857142857143 0.7430340557275542 0.675 0.7585139318885449 0.694047619047619 0.7770897832817337 0.694047619047619 0.7919504643962848 0.6654761904761904 0.7919504643962848 0.6476190476190476 0.7671826625386997 0.5452380952380952 0.76656346749226 0.5428571428571428 0.7572755417956656 0.5238095238095238 0.7380804953560371 0.5238095238095238 
18 0.6934984520123839 0.5619047619047619 0.6687306501547987 0.5904761904761905 0.6637770897832818 0.6 0.6637770897832818 0.6083333333333333 0.6687306501547987 0.6273809523809524 0.6885448916408669 0.694047619047619 0.7040247678018576 0.7226190476190476 0.7188854489164087 0.7416666666666667 0.7473684210526316 0.7416666666666667 0.7473684210526316 0.6952380952380952 0.7176470588235294 0.5726190476190476 0.7126934984520124 0.5619047619047619 0.6934984520123839 0.5619047619047619 
19 0.6452012383900929 0.5904761904761905 0.6340557275541796 0.6 0.6247678018575852 0.6095238095238096 0.6241486068111455 0.6107142857142858 0.6241486068111455 0.6464285714285715 0.6439628482972136 0.7321428571428571 0.6538699690402476 0.7690476190476191 0.6588235294117647 0.7797619047619048 0.6730650154798762 0.7797619047619048 0.7027863777089783 0.7607142857142857 0.7027863777089783 0.725 0.6730650154798762 0.5904761904761905 0.6452012383900929 0.5904761904761905 
20 0.6068111455108359 0.6 0.604953560371517 0.6011904761904762 0.6 0.6095238095238096 0.5944272445820433 0.6202380952380953 0.5944272445820433 0.655952380952381 0.6291021671826625 0.7892857142857143 0.6340557275541796 0.7988095238095239 0.6396284829721363 0.8083333333333333 0.6427244582043343 0.8083333333333333 0.643343653250774 0.8071428571428572 0.643343653250774 0.7333333333333333 0.6334365325077399 0.638095238095238 0.628482972136223 0.6107142857142858 0.6235294117647059 0.6011904761904762 0.6222910216718266 0.6 0.6068111455108359 0.6 
21 0.5857585139318885 0.6095238095238096 0.5845201238390093 0.6107142857142858 0.5795665634674922 0.6190476190476191 0.5746130030959752 0.638095238095238 0.5746130030959752 0.6821428571428572 0.5894736842105263 0.7511904761904762 0.5993808049535604 0.7892857142857143 0.6099071207430341 0.8083333333333333 0.6179566563467492 0.8083333333333333 0.6185758513931888 0.805952380952381 0.6185758513931888 0.7333333333333333 0.6136222910216719 0.6857142857142857 0.5987616099071208 0.6190476190476191 0.5931888544891641 0.6095238095238096 0.5857585139318885 0.6095238095238096 
22 0.5498452012383901 0.6 0.5498452012383901 0.75 0.5547987616099072 0.7952380952380952 0.5554179566563467 0.7988095238095239 0.5597523219814241 0.8178571428571428 0.5647058823529412 0.8273809523809523 0.5789473684210527 0.8273809523809523 0.5789473684210527 0.6107142857142858 0.5684210526315789 0.6 0.5498452012383901 0.6 
23 0.5256965944272446 0.6 0.525077399380805 0.6011904761904762 0.525077399380805 0.6369047619047619 0.530030959752322 0.7726190476190476 0.5306501547987617 0.7773809523809524 0.5318885448916408 0.7797619047619048 0.5442724458204334 0.7797619047619048 0.5492260061919505 0.7404761904761905 0.5541795665634675 0.6654761904761904 0.5541795665634675 0.6 0.5256965944272446 0.6 
24 0.5058823529411764 0.6 0.5052631578947369 0.6011904761904762 0.5052631578947369 0.7130952380952381 0.5102167182662539 0.7690476190476191 0.5108359133126935 0.7702380952380953 0.5232198142414861 0.7702380952380953 0.5244582043343653 0.7690476190476191 0.5294117647058824 0.7595238095238095 0.5343653250773994 0.7226190476190476 0.5343653250773994 0.6285714285714286 0.5294117647058824 0.6011904761904762 0.5275541795665635 0.6 0.5058823529411764 0.6 
25 0.48792569659442725 0.5904761904761905 0.4854489164086687 0.5916666666666667 0.48111455108359136 0.6011904761904762 0.4804953560371517 0.6059523809523809 0.4804953560371517 0.6464285714285715 0.4854489164086687 0.7083333333333334 0.4904024767801858 0.7607142857142857 0.49597523219814244 0.7702380952380953 0.503405572755418 0.7702380952380953 0.5046439628482973 0.7690476190476191 0.5095975232198142 0.7488095238095238 0.5095975232198142 0.6011904761904762 0.5046439628482973 0.5904761904761905 0.48792569659442725 0.5904761904761905 
26 0.46068111455108357 0.6 0.46068111455108357 0.6178571428571429 0.46563467492260063 0.7488095238095238 0.47058823529411764 0.7702380952380953 0.4842105263157895 0.7702380952380953 0.4848297213622291 0.763095238095238 0.48978328173374613 0.6452380952380953 0.48978328173374613 0.6392857142857142 0.4848297213622291 0.6 0.46068111455108357 0.6 
27 0.4470588235294118 0.580952380952381 0.4458204334365325 0.5821428571428572 0.4408668730650155 0.5904761904761905 0.4359133126934985 0.6095238095238096 0.4309597523219814 0.6785714285714286 0.4309597523219814 0.7416666666666667 0.4359133126934985 0.7880952380952381 0.4408668730650155 0.8083333333333333 0.44643962848297214 0.825 0.448297213622291 0.8273809523809523 0.460061919504644 0.8273809523809523 0.465015479876161 0.7654761904761904 0.469969040247678 0.655952380952381 0.469969040247678 0.5904761904761905 0.465015479876161 0.580952380952381 0.4470588235294118 0.580952380952381 
28 0.41114551083591333 0.5904761904761905 0.40123839009287926 0.6190476190476191 0.39628482972136225 0.705952380952381 0.39628482972136225 0.7797619047619048 0.41114551083591333 0.7797619047619048 0.41424148606811145 0.7761904761904762 0.42538699690402476 0.7511904761904762 0.43034055727554177 0.7321428571428571 0.44024767801857584 0.675 0.44024767801857584 0.6095238095238096 0.43529411764705883 0.5904761904761905 0.41114551083591333 0.5904761904761905 
29 0.3863777089783282 0.580952380952381 0.3814241486068111 0.6 0.3764705882352941 0.6261904761904762 0.3715170278637771 0.6666666666666666 0.36656346749226004 0.7166666666666667 0.36656346749226004 0.7702380952380953 0.38080495356037153 0.7702380952380953 0.3956656346749226 0.7416666666666667 0.4055727554179567 0.7035714285714286 0.4154798761609907 0.6166666666666667 0.4154798761609907 0.5904761904761905 0.4105263157894737 0.5821428571428572 0.40804953560371515 0.580952380952381 0.3863777089783282 0.580952380952381 
30 0.34674922600619196 0.5619047619047619 0.34179566563467495 0.5714285714285714 0.3368421052631579 0.5928571428571429 0.3170278637770898 0.6880952380952381 0.3170278637770898 0.7416666666666667 0.34179566563467495 0.7607142857142857 0.3498452012383901 0.7607142857142857 0.3510835913312694 0.7595238095238095 0.3560371517027864 0.75 0.36594427244582045 0.7214285714285714 0.37089783281733746 0.7023809523809523 0.38080495356037153 0.655952380952381 0.3907120743034056 0.6071428571428571 0.3907120743034056 0.5904761904761905 0.3851393188854489 0.580952380952381 0.3603715170278638 0.5619047619047619 0.34674922600619196 0.5619047619047619 
31 0.29721362229102166 0.5428571428571428 0.29226006191950465 0.5523809523809524 0.2873065015479876 0.5630952380952381 0.25758513931888544 0.6880952380952381 0.25758513931888544 0.7226190476190476 0.2743034055727554 0.7321428571428571 0.286687306501548 0.7321428571428571 0.3015479876160991 0.7035714285714286 0.33622291021671824 0.6357142857142857 0.33869969040247677 0.6273809523809524 0.3411764705882353 0.6178571428571429 0.3461300309597523 0.5976190476190476 0.3461300309597523 0.5821428571428572 0.3411764705882353 0.5714285714285714 0.33622291021671824 0.5619047619047619 0.31640866873065016 0.5428571428571428 0.29721362229102166 0.5428571428571428 
32 0.248297213622291 0.5047619047619047 0.2476780185758514 0.5059523809523809 0.22291021671826625 0.6 0.21795665634674924 0.6190476190476191 0.21795665634674924 0.6654761904761904 0.23343653250773994 0.6845238095238095 0.24210526315789474 0.6845238095238095 0.2520123839009288 0.675 0.26687306501547986 0.6452380952380953 0.291640866873065 0.5880952380952381 0.29659442724458207 0.569047619047619 0.29659442724458207 0.5345238095238095 0.2718266253869969 0.5047619047619047 0.248297213622291 0.5047619047619047 