6 0.40619195046439627 0.3523809523809524 0.40619195046439627 0.5773809523809523 0.4068111455108359 0.5797619047619048 0.41671826625387 0.5892857142857143 0.43034055727554177 0.5892857142857143 0.44458204334365325 0.5511904761904762 0.4452012383900929 0.5488095238095239 0.4452012383900929 0.5238095238095238 0.42538699690402476 0.36428571428571427 0.4247678018575851 0.3619047619047619 0.42043343653250775 0.3523809523809524 0.40619195046439627 0.3523809523809524 
7 0.44643962848297214 0.41904761904761906 0.4408668730650155 0.4297619047619048 0.4359133126934985 0.5154761904761904 0.4359133126934985 0.5226190476190476 0.4408668730650155 0.5797619047619048 0.465015479876161 0.5797619047619048 0.465015479876161 0.49642857142857144 0.460061919504644 0.41904761904761906 0.44643962848297214 0.41904761904761906 
8 0.4662538699690402 0.4 0.46563467492260063 0.4095238095238095 0.46068111455108357 0.5154761904761904 0.46068111455108357 0.5880952380952381 0.4613003095975232 0.5892857142857143 0.4786377708978328 0.5892857142857143 0.49473684210526314 0.5797619047619048 0.49473684210526314 0.47619047619047616 0.48978328173374613 0.4095238095238095 0.4780185758513932 0.4 0.4662538699690402 0.4 
9 0.5052631578947369 0.4 0.4953560371517028 0.42023809523809524 0.4904024767801858 0.4773809523809524 0.4904024767801858 0.5785714285714286 0.49102167182662537 0.5797619047619048 0.5244582043343653 0.5797619047619048 0.5244582043343653 0.4452380952380952 0.5238390092879257 0.4380952380952381 0.5195046439628483 0.4 0.5052631578947369 0.4 
10 0.530030959752322 0.38095238095238093 0.525077399380805 0.39166666666666666 0.5201238390092879 0.42023809523809524 0.5201238390092879 0.5416666666666666 0.525077399380805 0.5607142857142857 0.5393188854489164 0.5607142857142857 0.5442724458204334 0.5321428571428571 0.5442724458204334 0.4095238095238095 0.5393188854489164 0.3821428571428571 0.5386996904024768 0.38095238095238093 0.530030959752322 0.38095238095238093 
11 0.5696594427244582 0.3523809523809524 0.5647058823529412 0.3630952380952381 0.5622291021671827 0.37142857142857144 0.5597523219814241 0.38095238095238093 0.5547987616099072 0.4107142857142857 0.544891640866873 0.5 0.544891640866873 0.5666666666666667 0.5455108359133127 0.5702380952380952 0.5554179566563467 0.5797619047619048 0.5739938080495356 0.5797619047619048 0.5789473684210527 0.48214285714285715 0.5789473684210527 0.3523809523809524 0.5696594427244582 0.3523809523809524 
13 0.6099071207430341 0.3619047619047619 0.6043343653250774 0.37142857142857144 0.5993808049535604 0.4 0.5944272445820433 0.5142857142857142 0.5944272445820433 0.5511904761904762 0.5993808049535604 0.569047619047619 0.6 0.5702380952380952 0.628482972136223 0.5702380952380952 0.6334365325077399 0.5607142857142857 0.6334365325077399 0.5059523809523809 0.628482972136223 0.4380952380952381 0.6235294117647059 0.38095238095238093 0.6185758513931888 0.3619047619047619 0.6099071207430341 0.3619047619047619 
15 0.6755417956656347 0.41904761904761906 0.6736842105263158 0.42023809523809524 0.6445820433436532 0.4666666666666667 0.6390092879256966 0.47619047619047616 0.6390092879256966 0.5035714285714286 0.6687306501547987 0.513095238095238 0.6829721362229102 0.513095238095238 0.6879256965944273 0.5023809523809524 0.6928792569659443 0.475 0.6928792569659443 0.42023809523809524 0.6904024767801857 0.41904761904761906 0.6755417956656347 0.41904761904761906 
18 0.6551083591331269 0.5523809523809524 0.6346749226006192 0.5714285714285714 0.6241486068111455 0.5904761904761905 0.6241486068111455 0.5988095238095238 0.6340557275541796 0.6369047619047619 0.6594427244582043 0.7035714285714286 0.6637770897832818 0.7130952380952381 0.6736842105263158 0.7321428571428571 0.6835913312693499 0.7404761904761905 0.6879256965944273 0.7404761904761905 0.6978328173374613 0.7321428571428571 0.7077399380804954 0.7130952380952381 0.7077399380804954 0.6797619047619048 0.7071207430340557 0.6761904761904762 0.7027863777089783 0.6571428571428571 0.6730650154798762 0.5535714285714286 0.6724458204334365 0.5523809523809524 0.6551083591331269 0.5523809523809524 
20 0.5795665634674922 0.580952380952381 0.5696594427244582 0.5916666666666667 0.5696594427244582 0.6357142857142857 0.5894736842105263 0.7297619047619047 0.5944272445820433 0.7511904761904762 0.6043343653250774 0.7880952380952381 0.604953560371517 0.7892857142857143 0.6173374613003096 0.7892857142857143 0.6185758513931888 0.7880952380952381 0.6185758513931888 0.7535714285714286 0.6086687306501548 0.6107142857142858 0.6037151702786377 0.5833333333333334 0.6030959752321982 0.580952380952381 0.5795665634674922 0.580952380952381 
21 0.5603715170278638 0.580952380952381 0.5510835913312694 0.5916666666666667 0.5498452012383901 0.594047619047619 0.5498452012383901 0.6654761904761904 0.5597523219814241 0.7416666666666667 0.5647058823529412 0.7607142857142857 0.5746130030959752 0.7797619047619048 0.5777089783281734 0.7797619047619048 0.5882352941176471 0.7702380952380953 0.5888544891640867 0.7654761904761904 0.5888544891640867 0.725 0.5789473684210527 0.580952380952381 0.5603715170278638 0.580952380952381 
22 0.5306501547987617 0.580952380952381 0.530030959752322 0.5833333333333334 0.530030959752322 0.6833333333333333 0.5399380804953561 0.7880952380952381 0.5405572755417957 0.7892857142857143 0.5529411764705883 0.7892857142857143 0.5541795665634675 0.7880952380952381 0.5541795665634675 0.5928571428571429 0.5535603715170279 0.5904761904761905 0.5492260061919505 0.580952380952381 0.5306501547987617 0.580952380952381 
23 0.5151702786377709 0.5904761904761905 0.5102167182662539 0.6666666666666666 0.5102167182662539 0.7130952380952381 0.5151702786377709 0.75 0.5157894736842106 0.7511904761904762 0.5244582043343653 0.7511904761904762 0.5294117647058824 0.7404761904761905 0.5343653250773994 0.6678571428571428 0.5343653250773994 0.6 0.5287925696594428 0.5904761904761905 0.5151702786377709 0.5904761904761905 
24 0.4953560371517028 0.6 0.4953560371517028 0.6642857142857143 0.5003095975232198 0.7321428571428571 0.5058823529411764 0.7511904761904762 0.5089783281733746 0.7511904761904762 0.5139318885448917 0.7416666666666667 0.5145510835913313 0.7392857142857143 0.5195046439628483 0.6369047619047619 0.5195046439628483 0.6 0.4953560371517028 0.6 
25 0.47554179566563465 0.6 0.47554179566563465 0.655952380952381 0.4854489164086687 0.7321428571428571 0.49102167182662537 0.7416666666666667 0.49907120743034056 0.7416666666666667 0.4996904024767802 0.7404761904761905 0.4996904024767802 0.6130952380952381 0.49907120743034056 0.6095238095238096 0.49411764705882355 0.6 0.47554179566563465 0.6 
26 0.45572755417956656 0.5904761904761905 0.45572755417956656 0.6464285714285715 0.46563467492260063 0.7226190476190476 0.47058823529411764 0.7511904761904762 0.47554179566563465 0.7607142857142857 0.4773993808049536 0.7607142857142857 0.4792569659442725 0.7595238095238095 0.47987616099071206 0.7583333333333333 0.4848297213622291 0.7404761904761905 0.4848297213622291 0.6523809523809524 0.47987616099071206 0.594047619047619 0.4792569659442725 0.5904761904761905 0.45572755417956656 0.5904761904761905 
27 0.44272445820433437 0.5904761904761905 0.4408668730650155 0.5916666666666667 0.4359133126934985 0.6011904761904762 0.4359133126934985 0.675 0.4458204334365325 0.8047619047619048 0.44643962848297214 0.8083333333333333 0.45325077399380803 0.8083333333333333 0.4551083591331269 0.8071428571428572 0.460061919504644 0.7976190476190477 0.465015479876161 0.7321428571428571 0.465015479876161 0.638095238095238 0.460061919504644 0.5916666666666667 0.45944272445820433 0.5904761904761905 0.44272445820433437 0.5904761904761905 
29 0.3925696594427245 0.580952380952381 0.3913312693498452 0.5821428571428572 0.3863777089783282 0.6011904761904762 0.3715170278637771 0.7345238095238096 0.3715170278637771 0.7880952380952381 0.3721362229102167 0.7892857142857143 0.38575851393188854 0.7892857142857143 0.39504643962848296 0.7607142857142857 0.4006191950464396 0.7416666666666667 0.4105263157894737 0.7035714285714286 0.42538699690402476 0.6357142857142857 0.42538699690402476 0.6011904761904762 0.42043343653250775 0.5904761904761905 0.4105263157894737 0.580952380952381 0.3925696594427245 0.580952380952381 
31 0.33436532507739936 0.5523809523809524 0.3318885448916409 0.5547619047619048 0.3219814241486068 0.5714285714285714 0.2873065015479876 0.6678571428571428 0.2873065015479876 0.7130952380952381 0.3021671826625387 0.7416666666666667 0.330030959752322 0.7416666666666667 0.33126934984520123 0.7404761904761905 0.33622291021671824 0.7321428571428571 0.3461300309597523 0.7130952380952381 0.37089783281733746 0.6357142857142857 0.37089783281733746 0.5904761904761905 0.3560371517027864 0.5619047619047619 0.3411764705882353 0.5523809523809524 0.33436532507739936 0.5523809523809524 