1 0.21362229102167182 0.3142857142857143 0.2086687306501548 0.3238095238095238 0.178328173374613 0.4297619047619048 0.178328173374613 0.475 0.19814241486068113 0.49404761904761907 0.22229102167182663 0.49404761904761907 0.22662538699690402 0.4845238095238095 0.23157894736842105 0.4654761904761905 0.23219814241486067 0.4607142857142857 0.23219814241486067 0.34285714285714286 0.2173374613003096 0.3142857142857143 0.21362229102167182 0.3142857142857143 
2 0.24272445820433436 0.34285714285714286 0.23777089783281732 0.36428571428571427 0.21795665634674924 0.47619047619047616 0.21795665634674924 0.5035714285714286 0.2235294117647059 0.513095238095238 0.2476780185758514 0.5321428571428571 0.26191950464396285 0.5321428571428571 0.2712074303405573 0.5214285714285715 0.2718266253869969 0.5190476190476191 0.2718266253869969 0.3523809523809524 0.26687306501547986 0.34404761904761905 0.2656346749226006 0.34285714285714286 0.24272445820433436 0.34285714285714286 
3 0.29721362229102166 0.37142857142857144 0.2823529411764706 0.38095238095238093 0.2773993808049536 0.4119047619047619 0.2674922600619195 0.4857142857142857 0.2674922600619195 0.5321428571428571 0.28297213622291023 0.5511904761904762 0.29659442724458207 0.5511904761904762 0.31640866873065016 0.5416666666666666 0.31640866873065016 0.4976190476190476 0.31145510835913315 0.4 0.3065015479876161 0.3821428571428571 0.3015479876160991 0.37142857142857144 0.29721362229102166 0.37142857142857144 
4 0.32755417956656346 0.3523809523809524 0.3269349845201238 0.3535714285714286 0.3219814241486068 0.3726190476190476 0.31207430340557274 0.49523809523809526 0.31207430340557274 0.5416666666666666 0.3170278637770898 0.5511904761904762 0.3461300309597523 0.5511904761904762 0.3461300309597523 0.4583333333333333 0.3411764705882353 0.3726190476190476 0.33126934984520123 0.3523809523809524 0.32755417956656346 0.3523809523809524 
5 0.35294117647058826 0.3619047619047619 0.35170278637770896 0.3630952380952381 0.34179566563467495 0.5059523809523809 0.34179566563467495 0.5511904761904762 0.34674922600619196 0.5607142857142857 0.35170278637770896 0.569047619047619 0.35356037151702785 0.5702380952380952 0.3702786377708978 0.5702380952380952 0.38080495356037153 0.55 0.38080495356037153 0.5154761904761904 0.37089783281733746 0.4107142857142857 0.36594427244582045 0.3821428571428571 0.3609907120743034 0.3630952380952381 0.35789473684210527 0.3619047619047619 0.35294117647058826 0.3619047619047619 
6 0.3863777089783282 0.3523809523809524 0.38204334365325077 0.37142857142857144 0.3814241486068111 0.38095238095238093 0.3764705882352941 0.5142857142857142 0.3764705882352941 0.5595238095238095 0.3814241486068111 0.5702380952380952 0.39195046439628484 0.5797619047619048 0.40495356037151703 0.5797619047619048 0.4148606811145511 0.5702380952380952 0.4154798761609907 0.5678571428571428 0.4154798761609907 0.5047619047619047 0.4055727554179567 0.38095238095238093 0.4006191950464396 0.3535714285714286 0.4 0.3523809523809524 0.3863777089783282 0.3523809523809524 
7 0.4068111455108359 0.4 0.40619195046439627 0.40476190476190477 0.40619195046439627 0.4166666666666667 0.41114551083591333 0.5607142857142857 0.41609907120743034 0.5702380952380952 0.4501547987616099 0.5702380952380952 0.4501547987616099 0.5178571428571429 0.4452012383900929 0.4583333333333333 0.44024767801857584 0.4297619047619048 0.43034055727554177 0.4095238095238095 0.42538699690402476 0.4 0.4068111455108359 0.4 
8 0.4613003095975232 0.4 0.45572755417956656 0.4095238095238095 0.45077399380804956 0.5261904761904762 0.45077399380804956 0.5797619047619048 0.49411764705882355 0.5797619047619048 0.49473684210526314 0.5785714285714286 0.49473684210526314 0.525 0.4848297213622291 0.4392857142857143 0.47987616099071206 0.4023809523809524 0.4792569659442725 0.4 0.4613003095975232 0.4 
10 0.5801857585139318 0.4 0.5746130030959752 0.4095238095238095 0.5696594427244582 0.41904761904761906 0.5659442724458205 0.42857142857142855 0.5597523219814241 0.44761904761904764 0.5547987616099072 0.4857142857142857 0.5498452012383901 0.5535714285714286 0.5498452012383901 0.5880952380952381 0.5554179566563467 0.5988095238095238 0.5777089783281734 0.5988095238095238 0.5839009287925696 0.5892857142857143 0.5987616099071208 0.43333333333333335 0.5987616099071208 0.4119047619047619 0.5981424148606811 0.4095238095238095 0.5938080495356037 0.4 0.5801857585139318 0.4 
11 0.6092879256965944 0.37142857142857144 0.5993808049535604 0.4011904761904762 0.5944272445820433 0.41904761904761906 0.5894736842105263 0.4595238095238095 0.5845201238390093 0.5238095238095238 0.5845201238390093 0.5869047619047619 0.5851393188854489 0.5892857142857143 0.5894736842105263 0.5976190476190476 0.5907120743034056 0.5988095238095238 0.6136222910216719 0.5988095238095238 0.6185758513931888 0.5892857142857143 0.6235294117647059 0.5785714285714286 0.6235294117647059 0.5428571428571428 0.6185758513931888 0.37142857142857144 0.6092879256965944 0.37142857142857144 
12 0.6439628482972136 0.3904761904761905 0.6390092879256966 0.4 0.6340557275541796 0.41904761904761906 0.6142414860681115 0.5333333333333333 0.6142414860681115 0.5785714285714286 0.6191950464396285 0.5892857142857143 0.6340557275541796 0.5988095238095238 0.6470588235294118 0.5988095238095238 0.648297213622291 0.5976190476190476 0.6582043343653251 0.5797619047619048 0.6582043343653251 0.5523809523809524 0.653250773993808 0.4 0.6476780185758514 0.3904761904761905 0.6439628482972136 0.3904761904761905 
13 0.6693498452012384 0.38095238095238093 0.6637770897832818 0.4 0.6588235294117647 0.4392857142857143 0.6489164086687307 0.525 0.6489164086687307 0.55 0.6538699690402476 0.5773809523809523 0.6544891640866873 0.5797619047619048 0.6588235294117647 0.5892857142857143 0.676780185758514 0.5892857142857143 0.6879256965944273 0.5785714285714286 0.6879256965944273 0.5357142857142857 0.6829721362229102 0.3821428571428571 0.6817337461300309 0.38095238095238093 0.6693498452012384 0.38095238095238093 
14 0.6941176470588235 0.4 0.6934984520123839 0.4011904761904762 0.6885448916408669 0.42857142857142855 0.6835913312693499 0.525 0.6835913312693499 0.5678571428571428 0.6842105263157895 0.5702380952380952 0.6891640866873066 0.5797619047619048 0.7226006191950465 0.5797619047619048 0.7318885448916409 0.5702380952380952 0.7374613003095976 0.5607142857142857 0.7374613003095976 0.5238095238095238 0.7275541795665634 0.42023809523809524 0.7226006191950465 0.4 0.6941176470588235 0.4 
15 0.7585139318885449 0.3619047619047619 0.7430340557275542 0.38095238095238093 0.7386996904024767 0.39166666666666666 0.7380804953560371 0.39404761904761904 0.7331269349845201 0.42857142857142855 0.7331269349845201 0.5547619047619048 0.7337461300309598 0.5607142857142857 0.7622291021671826 0.5607142857142857 0.7820433436532508 0.5511904761904762 0.7820433436532508 0.4976190476190476 0.7770897832817337 0.3726190476190476 0.7721362229102167 0.3630952380952381 0.7702786377708978 0.3619047619047619 0.7585139318885449 0.3619047619047619 
17 0.7888544891640867 0.5428571428571428 0.7876160990712074 0.544047619047619 0.7826625386996904 0.5523809523809524 0.7826625386996904 0.6511904761904762 0.7839009287925697 0.655952380952381 0.7876160990712074 0.6654761904761904 0.8154798761609907 0.6654761904761904 0.8656346749226006 0.6369047619047619 0.8705882352941177 0.6273809523809524 0.8755417956656347 0.6166666666666667 0.8761609907120743 0.6142857142857143 0.8761609907120743 0.5630952380952381 0.8712074303405573 0.5523809523809524 0.8315789473684211 0.544047619047619 0.821671826625387 0.5428571428571428 0.7888544891640867 0.5428571428571428 
18 0.7436532507739938 0.5619047619047619 0.7294117647058823 0.5714285714285714 0.7281733746130031 0.5726190476190476 0.7238390092879257 0.580952380952381 0.7232198142414861 0.5857142857142857 0.7232198142414861 0.6130952380952381 0.7238390092879257 0.6178571428571429 0.7430340557275542 0.6928571428571428 0.7479876160990712 0.7035714285714286 0.7535603715170278 0.7130952380952381 0.7585139318885449 0.7214285714285714 0.7684210526315789 0.7321428571428571 0.8018575851393189 0.7321428571428571 0.8018575851393189 0.6892857142857143 0.7869969040247679 0.5630952380952381 0.7863777089783281 0.5619047619047619 0.7436532507739938 0.5619047619047619 
19 0.6934984520123839 0.580952380952381 0.6687306501547987 0.5904761904761905 0.6687306501547987 0.6357142857142857 0.6835913312693499 0.694047619047619 0.6934984520123839 0.7321428571428571 0.698452012383901 0.75 0.7034055727554179 0.7607142857142857 0.7170278637770898 0.7607142857142857 0.7417956656346749 0.7511904761904762 0.7424148606811145 0.75 0.7424148606811145 0.6892857142857143 0.7275541795665634 0.5821428571428572 0.7263157894736842 0.580952380952381 0.6934984520123839 0.580952380952381 
20 0.6291021671826625 0.5904761904761905 0.6291021671826625 0.6273809523809524 0.6538699690402476 0.7321428571428571 0.6594427244582043 0.7511904761904762 0.6637770897832818 0.7607142857142857 0.6724458204334365 0.7607142857142857 0.6730650154798762 0.7595238095238095 0.6730650154798762 0.5916666666666667 0.6712074303405573 0.5904761904761905 0.6291021671826625 0.5904761904761905 
21 0.5993808049535604 0.6 0.5993808049535604 0.655952380952381 0.6092879256965944 0.7119047619047619 0.6191950464396285 0.7511904761904762 0.6253869969040248 0.7607142857142857 0.6377708978328174 0.7607142857142857 0.638390092879257 0.7595238095238095 0.638390092879257 0.6190476190476191 0.628482972136223 0.6 0.5993808049535604 0.6 
22 0.5653250773993808 0.6 0.5597523219814241 0.6095238095238096 0.5597523219814241 0.6214285714285714 0.5647058823529412 0.6738095238095239 0.5801857585139318 0.7321428571428571 0.5993808049535604 0.7797619047619048 0.6043343653250774 0.7880952380952381 0.6055727554179566 0.7892857142857143 0.6136222910216719 0.7892857142857143 0.6136222910216719 0.7428571428571429 0.5987616099071208 0.6095238095238096 0.5931888544891641 0.6 0.5653250773993808 0.6 
23 0.5256965944272446 0.6 0.525077399380805 0.6047619047619047 0.525077399380805 0.6273809523809524 0.534984520123839 0.6845238095238095 0.544891640866873 0.7226190476190476 0.5597523219814241 0.7511904761904762 0.56656346749226 0.7511904761904762 0.5684210526315789 0.75 0.5739938080495356 0.7416666666666667 0.5739938080495356 0.7345238095238096 0.5640866873065016 0.611904761904762 0.5591331269349845 0.6011904761904762 0.5585139318885449 0.6 0.5256965944272446 0.6 
24 0.4953560371517028 0.5904761904761905 0.4953560371517028 0.6273809523809524 0.5009287925696595 0.675 0.5058823529411764 0.6928571428571428 0.5102167182662539 0.7023809523809523 0.5151702786377709 0.7130952380952381 0.5201238390092879 0.7226190476190476 0.525077399380805 0.7309523809523809 0.5269349845201239 0.7321428571428571 0.5337461300309597 0.7321428571428571 0.5343653250773994 0.7297619047619047 0.5343653250773994 0.6916666666666667 0.5294117647058824 0.6011904761904762 0.5244582043343653 0.5904761904761905 0.4953560371517028 0.5904761904761905 
25 0.4712074303405573 0.5904761904761905 0.47058823529411764 0.5928571428571429 0.47058823529411764 0.7309523809523809 0.4718266253869969 0.7321428571428571 0.4786377708978328 0.7321428571428571 0.48978328173374613 0.7226190476190476 0.49473684210526314 0.7119047619047619 0.4996904024767802 0.6833333333333333 0.4996904024767802 0.611904761904762 0.49907120743034056 0.6095238095238096 0.49473684210526314 0.6 0.4848297213622291 0.5904761904761905 0.4712074303405573 0.5904761904761905 
26 0.44148606811145513 0.580952380952381 0.4359133126934985 0.5904761904761905 0.4309597523219814 0.6583333333333333 0.4309597523219814 0.7226190476190476 0.44953560371517026 0.7226190476190476 0.4551083591331269 0.705952380952381 0.460061919504644 0.6904761904761905 0.465015479876161 0.655952380952381 0.469969040247678 0.6166666666666667 0.469969040247678 0.5904761904761905 0.465015479876161 0.580952380952381 0.44148606811145513 0.580952380952381 
27 0.4024767801857585 0.580952380952381 0.4018575851393189 0.5833333333333334 0.39628482972136225 0.6190476190476191 0.3913312693498452 0.6857142857142857 0.3913312693498452 0.7416666666666667 0.40495356037151703 0.7416666666666667 0.42043343653250775 0.7035714285714286 0.43034055727554177 0.6654761904761904 0.44024767801857584 0.6261904761904762 0.44024767801857584 0.6023809523809524 0.43962848297213625 0.6 0.4346749226006192 0.5904761904761905 0.42538699690402476 0.580952380952381 0.4024767801857585 0.580952380952381 
28 0.3671826625386997 0.5714285714285714 0.36656346749226004 0.5738095238095238 0.36160990712074303 0.638095238095238 0.36160990712074303 0.7309523809523809 0.3622291021671827 0.7321428571428571 0.3752321981424149 0.7321428571428571 0.38575851393188854 0.694047619047619 0.4055727554179567 0.6178571428571429 0.4055727554179567 0.580952380952381 0.4006191950464396 0.5726190476190476 0.39876160990712073 0.5714285714285714 0.3671826625386997 0.5714285714285714 
29 0.33746130030959753 0.5619047619047619 0.3368421052631579 0.5630952380952381 0.3219814241486068 0.6761904761904762 0.3219814241486068 0.7130952380952381 0.334984520123839 0.7130952380952381 0.33622291021671824 0.7119047619047619 0.3461300309597523 0.6833333333333333 0.3653250773993808 0.6166666666666667 0.3696594427244582 0.5988095238095238 0.3702786377708978 0.5952380952380952 0.37089783281733746 0.5904761904761905 0.37089783281733746 0.5714285714285714 0.36594427244582045 0.5619047619047619 0.33746130030959753 0.5619047619047619 
30 0.2873065015479876 0.5428571428571428 0.2724458204334365 0.6678571428571428 0.2724458204334365 0.6904761904761905 0.27306501547987616 0.6928571428571428 0.29845201238390096 0.7130952380952381 0.3108359133126935 0.7130952380952381 0.31640866873065016 0.7023809523809523 0.33622291021671824 0.5988095238095238 0.33622291021671824 0.5547619047619048 0.33560371517027865 0.5523809523809524 0.33126934984520123 0.544047619047619 0.31640866873065016 0.5428571428571428 0.2873065015479876 0.5428571428571428 
31 0.23777089783281732 0.5238095238095238 0.21795665634674924 0.6583333333333333 0.21795665634674924 0.675 0.22043343653250774 0.6845238095238095 0.243343653250774 0.694047619047619 0.25510835913312696 0.694047619047619 0.25696594427244585 0.6916666666666667 0.26191950464396285 0.6833333333333333 0.29102167182662536 0.5892857142857143 0.291640866873065 0.5869047619047619 0.291640866873065 0.5523809523809524 0.286687306501548 0.544047619047619 0.26625386996904027 0.5238095238095238 0.23777089783281732 0.5238095238095238 
32 0.18947368421052632 0.47619047619047616 0.18823529411764706 0.4785714285714286 0.18328173374613002 0.49523809523809526 0.1634674922600619 0.580952380952381 0.1634674922600619 0.5892857142857143 0.16408668730650156 0.5952380952380952 0.16842105263157894 0.6083333333333333 0.18390092879256967 0.6369047619047619 0.19752321981424148 0.6369047619047619 0.2068111455108359 0.6273809523809524 0.22229102167182663 0.5988095238095238 0.24210526315789474 0.5607142857142857 0.24705882352941178 0.530952380952381 0.24705882352941178 0.5238095238095238 0.23653250773993809 0.5047619047619047 0.22724458204334366 0.49523809523809526 0.20247678018575851 0.4773809523809524 0.20061919504643963 0.47619047619047616 0.18947368421052632 0.47619047619047616 