3 0.3671826625386997 0.42857142857142855 0.36656346749226004 0.430952380952381 0.356656346749226 0.5523809523809524 0.356656346749226 0.5976190476190476 0.36160990712074303 0.6166666666666667 0.3628482972136223 0.6178571428571429 0.38204334365325077 0.6273809523809524 0.4 0.6273809523809524 0.4006191950464396 0.6261904761904762 0.4006191950464396 0.5345238095238095 0.3956656346749226 0.4857142857142857 0.3907120743034056 0.44761904761904764 0.38080495356037153 0.42857142857142855 0.3671826625386997 0.42857142857142855 
4 0.39690402476780184 0.5238095238095238 0.39628482972136225 0.525 0.39628482972136225 0.6178571428571429 0.39876160990712073 0.6273809523809524 0.40619195046439627 0.6369047619047619 0.4105263157894737 0.6369047619047619 0.42043343653250775 0.6357142857142857 0.42538699690402476 0.625 0.42538699690402476 0.5369047619047619 0.4247678018575851 0.5333333333333333 0.4198142414860681 0.5238095238095238 0.39690402476780184 0.5238095238095238 
5 0.4260061919504644 0.41904761904761906 0.41609907120743034 0.555952380952381 0.41609907120743034 0.625 0.4173374613003096 0.6273809523809524 0.4439628482972136 0.6273809523809524 0.4501547987616099 0.6178571428571429 0.4501547987616099 0.6 0.4452012383900929 0.4380952380952381 0.44024767801857584 0.41904761904761906 0.4260061919504644 0.41904761904761906 
6 0.44643962848297214 0.4095238095238095 0.4458204334365325 0.4107142857142857 0.4408668730650155 0.44761904761904764 0.4408668730650155 0.6071428571428571 0.4458204334365325 0.6369047619047619 0.469969040247678 0.6369047619047619 0.47492260061919506 0.6083333333333333 0.47492260061919506 0.5452380952380952 0.465015479876161 0.4595238095238095 0.460061919504644 0.42023809523809524 0.4551083591331269 0.4095238095238095 0.44643962848297214 0.4095238095238095 
7 0.47058823529411764 0.4380952380952381 0.46563467492260063 0.45714285714285713 0.46068111455108357 0.49523809523809526 0.46068111455108357 0.513095238095238 0.46563467492260063 0.6261904761904762 0.4712074303405573 0.6369047619047619 0.4885448916408669 0.6369047619047619 0.48978328173374613 0.6357142857142857 0.48978328173374613 0.4785714285714286 0.4848297213622291 0.44761904761904764 0.4792569659442725 0.4380952380952381 0.47058823529411764 0.4380952380952381 
8 0.49102167182662537 0.4380952380952381 0.4904024767801858 0.4392857142857143 0.4854489164086687 0.45714285714285713 0.4854489164086687 0.6369047619047619 0.4904024767801858 0.6464285714285715 0.5145510835913313 0.6464285714285715 0.5145510835913313 0.5857142857142857 0.5095975232198142 0.49523809523809526 0.5046439628482973 0.4488095238095238 0.4996904024767802 0.4380952380952381 0.49102167182662537 0.4380952380952381 
9 0.525077399380805 0.4380952380952381 0.5201238390092879 0.4488095238095238 0.5151702786377709 0.4797619047619048 0.5102167182662539 0.5630952380952381 0.5102167182662539 0.6357142857142857 0.5151702786377709 0.6464285714285715 0.5436532507739938 0.6464285714285715 0.5442724458204334 0.6440476190476191 0.5442724458204334 0.6214285714285714 0.5393188854489164 0.4857142857142857 0.5343653250773994 0.4380952380952381 0.525077399380805 0.4380952380952381 
10 0.5455108359133127 0.44761904761904764 0.5399380804953561 0.46785714285714286 0.534984520123839 0.5380952380952381 0.534984520123839 0.6214285714285714 0.5356037151702786 0.6273809523809524 0.5399380804953561 0.6464285714285715 0.5578947368421052 0.6464285714285715 0.5591331269349845 0.6440476190476191 0.5591331269349845 0.4583333333333333 0.5535603715170279 0.44761904761904764 0.5455108359133127 0.44761904761904764 
11 0.5708978328173374 0.42857142857142855 0.5696594427244582 0.4297619047619048 0.5647058823529412 0.4380952380952381 0.5597523219814241 0.4666666666666667 0.5547987616099072 0.5142857142857142 0.5547987616099072 0.6369047619047619 0.5603715170278638 0.6452380952380953 0.561609907120743 0.6464285714285715 0.5839009287925696 0.6464285714285715 0.5839009287925696 0.4488095238095238 0.578328173374613 0.42857142857142855 0.5708978328173374 0.42857142857142855 
12 0.5894736842105263 0.47619047619047616 0.5795665634674922 0.49523809523809526 0.5795665634674922 0.6261904761904762 0.5851393188854489 0.6369047619047619 0.5987616099071208 0.6369047619047619 0.6080495356037152 0.6273809523809524 0.6086687306501548 0.625 0.6086687306501548 0.5238095238095238 0.6037151702786377 0.47619047619047616 0.5894736842105263 0.47619047619047616 
13 0.6099071207430341 0.41904761904761906 0.6092879256965944 0.4226190476190476 0.6043343653250774 0.5166666666666667 0.6043343653250774 0.6154761904761905 0.604953560371517 0.6178571428571429 0.6092879256965944 0.6273809523809524 0.6235294117647059 0.6273809523809524 0.643343653250774 0.6178571428571429 0.643343653250774 0.5428571428571428 0.6334365325077399 0.42857142857142855 0.628482972136223 0.42023809523809524 0.6272445820433437 0.41904761904761906 0.6099071207430341 0.41904761904761906 
14 0.6594427244582043 0.42857142857142855 0.6538699690402476 0.4380952380952381 0.6489164086687307 0.44761904761904764 0.6439628482972136 0.4583333333333333 0.6390092879256966 0.4988095238095238 0.6390092879256966 0.6154761904761905 0.6396284829721363 0.6178571428571429 0.6724458204334365 0.6178571428571429 0.6780185758513931 0.6083333333333333 0.6928792569659443 0.513095238095238 0.6928792569659443 0.4488095238095238 0.6823529411764706 0.42857142857142855 0.6594427244582043 0.42857142857142855 
19 0.6111455108359133 0.6285714285714286 0.6092879256965944 0.6297619047619047 0.6043343653250774 0.638095238095238 0.6043343653250774 0.675 0.6340557275541796 0.8071428571428572 0.6346749226006192 0.8083333333333333 0.6582043343653251 0.8083333333333333 0.6631578947368421 0.7226190476190476 0.6631578947368421 0.6869047619047619 0.6582043343653251 0.6571428571428571 0.6526315789473685 0.638095238095238 0.643343653250774 0.6285714285714286 0.6111455108359133 0.6285714285714286 
20 0.5795665634674922 0.6285714285714286 0.5746130030959752 0.638095238095238 0.5746130030959752 0.675 0.5845201238390093 0.8261904761904761 0.5857585139318885 0.8273809523809523 0.6037151702786377 0.8273809523809523 0.6136222910216719 0.7285714285714285 0.6136222910216719 0.6678571428571428 0.6086687306501548 0.638095238095238 0.6030959752321982 0.6285714285714286 0.5795665634674922 0.6285714285714286 
21 0.5603715170278638 0.6476190476190476 0.5597523219814241 0.6488095238095238 0.5547987616099072 0.6678571428571428 0.5547987616099072 0.7119047619047619 0.5696594427244582 0.8071428571428572 0.5752321981424149 0.8178571428571428 0.58328173374613 0.8178571428571428 0.5888544891640867 0.8083333333333333 0.5888544891640867 0.6773809523809524 0.5839009287925696 0.6666666666666666 0.573374613003096 0.6476190476190476 0.5603715170278638 0.6476190476190476 
22 0.544891640866873 0.6666666666666666 0.5399380804953561 0.6773809523809524 0.5399380804953561 0.7321428571428571 0.5498452012383901 0.7880952380952381 0.5547987616099072 0.7988095238095239 0.5597523219814241 0.8071428571428572 0.5640866873065016 0.8071428571428572 0.573374613003096 0.7988095238095239 0.5739938080495356 0.794047619047619 0.5739938080495356 0.7642857142857142 0.5690402476780185 0.7238095238095238 0.5591331269349845 0.669047619047619 0.5578947368421052 0.6666666666666666 0.544891640866873 0.6666666666666666 
23 0.525077399380805 0.6571428571428571 0.525077399380805 0.7892857142857143 0.5393188854489164 0.7892857142857143 0.5442724458204334 0.7476190476190476 0.5442724458204334 0.6571428571428571 0.525077399380805 0.6571428571428571 
24 0.5102167182662539 0.6571428571428571 0.5102167182662539 0.7202380952380952 0.5151702786377709 0.7702380952380953 0.5201238390092879 0.7797619047619048 0.5294117647058824 0.7797619047619048 0.5294117647058824 0.6583333333333333 0.5275541795665635 0.6571428571428571 0.5102167182662539 0.6571428571428571 
25 0.4972136222910217 0.6666666666666666 0.4953560371517028 0.6678571428571428 0.4953560371517028 0.7130952380952381 0.5003095975232198 0.7607142857142857 0.5052631578947369 0.7785714285714286 0.5058823529411764 0.7797619047619048 0.5195046439628483 0.7797619047619048 0.5195046439628483 0.7654761904761904 0.5145510835913313 0.6678571428571428 0.5139318885448917 0.6666666666666666 0.4972136222910217 0.6666666666666666 
26 0.4804953560371517 0.6666666666666666 0.4804953560371517 0.7416666666666667 0.4854489164086687 0.7690476190476191 0.49102167182662537 0.7892857142857143 0.49597523219814244 0.7988095238095239 0.5040247678018576 0.7988095238095239 0.5089783281733746 0.7892857142857143 0.5095975232198142 0.7678571428571429 0.5095975232198142 0.7619047619047619 0.5046439628482973 0.705952380952381 0.4996904024767802 0.6678571428571428 0.49907120743034056 0.6666666666666666 0.4804953560371517 0.6666666666666666 
27 0.46068111455108357 0.6666666666666666 0.45572755417956656 0.7047619047619048 0.45572755417956656 0.7321428571428571 0.46068111455108357 0.8071428571428572 0.4613003095975232 0.8083333333333333 0.4842105263157895 0.8083333333333333 0.4848297213622291 0.8071428571428572 0.4848297213622291 0.6666666666666666 0.46068111455108357 0.6666666666666666 
28 0.4408668730650155 0.638095238095238 0.4359133126934985 0.6476190476190476 0.4309597523219814 0.6666666666666666 0.4309597523219814 0.7416666666666667 0.4359133126934985 0.8369047619047619 0.4408668730650155 0.8654761904761905 0.4551083591331269 0.8654761904761905 0.460061919504644 0.8547619047619047 0.469969040247678 0.6714285714285714 0.469969040247678 0.6392857142857142 0.46873065015479876 0.638095238095238 0.4408668730650155 0.638095238095238 
29 0.41671826625387 0.6285714285714286 0.41114551083591333 0.638095238095238 0.40619195046439627 0.6702380952380952 0.40619195046439627 0.7892857142857143 0.4247678018575851 0.7892857142857143 0.42538699690402476 0.7880952380952381 0.43034055727554177 0.7678571428571429 0.43529411764705883 0.7321428571428571 0.4452012383900929 0.6547619047619048 0.4452012383900929 0.6392857142857142 0.43962848297213625 0.6285714285714286 0.41671826625387 0.6285714285714286 
30 0.37708978328173376 0.6190476190476191 0.3764705882352941 0.6202380952380953 0.3715170278637771 0.7154761904761905 0.3715170278637771 0.7785714285714286 0.3721362229102167 0.7797619047619048 0.3814241486068111 0.7880952380952381 0.38328173374613 0.7892857142857143 0.39009287925696595 0.7892857142857143 0.39504643962848296 0.7797619047619048 0.4 0.7607142857142857 0.4105263157894737 0.7035714285714286 0.4154798761609907 0.675 0.42043343653250775 0.6452380952380953 0.42043343653250775 0.6190476190476191 0.37708978328173376 0.6190476190476191 