3 0.35170278637770896 0.29523809523809524 0.3368421052631579 0.325 0.33250773993808047 0.34285714285714286 0.3318885448916409 0.35 0.3219814241486068 0.4666666666666667 0.3219814241486068 0.4928571428571429 0.3269349845201238 0.513095238095238 0.3318885448916409 0.5214285714285715 0.3331269349845201 0.5226190476190476 0.3752321981424149 0.5226190476190476 0.38080495356037153 0.513095238095238 0.3845201238390093 0.49404761904761907 0.38575851393188854 0.4857142857142857 0.38575851393188854 0.44761904761904764 0.37585139318885447 0.31666666666666665 0.3752321981424149 0.3142857142857143 0.37089783281733746 0.3047619047619048 0.36594427244582045 0.29523809523809524 0.35170278637770896 0.29523809523809524 
4 0.3863777089783282 0.34285714285714286 0.3814241486068111 0.3535714285714286 0.3715170278637771 0.3904761904761905 0.3715170278637771 0.530952380952381 0.3721362229102167 0.5321428571428571 0.39009287925696595 0.5321428571428571 0.4006191950464396 0.5226190476190476 0.4055727554179567 0.5119047619047619 0.4055727554179567 0.4666666666666667 0.4006191950464396 0.3904761904761905 0.3956656346749226 0.34285714285714286 0.3863777089783282 0.34285714285714286 
5 0.4018575851393189 0.3523809523809524 0.40123839009287926 0.3547619047619048 0.39628482972136225 0.3821428571428571 0.39628482972136225 0.475 0.40123839009287926 0.5226190476190476 0.40619195046439627 0.5321428571428571 0.4452012383900929 0.5321428571428571 0.4501547987616099 0.5226190476190476 0.4501547987616099 0.4785714285714286 0.43529411764705883 0.39285714285714285 0.43034055727554177 0.37142857142857144 0.42538699690402476 0.3619047619047619 0.4198142414860681 0.3523809523809524 0.4018575851393189 0.3523809523809524 
6 0.4309597523219814 0.34285714285714286 0.4309597523219814 0.44285714285714284 0.4359133126934985 0.5607142857142857 0.45944272445820433 0.5607142857142857 0.465015479876161 0.55 0.465015479876161 0.4857142857142857 0.460061919504644 0.3904761904761905 0.4551083591331269 0.3535714285714286 0.44953560371517026 0.34285714285714286 0.4309597523219814 0.34285714285714286 
7 0.46563467492260063 0.38095238095238093 0.45572755417956656 0.44761904761904764 0.45572755417956656 0.5595238095238095 0.46068111455108357 0.5702380952380952 0.4848297213622291 0.5702380952380952 0.4848297213622291 0.49523809523809526 0.47987616099071206 0.39166666666666666 0.47492260061919506 0.38095238095238093 0.46563467492260063 0.38095238095238093 
8 0.486687306501548 0.37142857142857144 0.4854489164086687 0.3726190476190476 0.48111455108359136 0.3904761904761905 0.47554179566563465 0.4857142857142857 0.47554179566563465 0.5035714285714286 0.4804953560371517 0.569047619047619 0.48111455108359136 0.5702380952380952 0.49102167182662537 0.5797619047619048 0.5089783281733746 0.5797619047619048 0.5095975232198142 0.5785714285714286 0.5095975232198142 0.46785714285714286 0.5046439628482973 0.3821428571428571 0.4996904024767802 0.3726190476190476 0.4972136222910217 0.37142857142857144 0.486687306501548 0.37142857142857144 
9 0.5157894736842106 0.37142857142857144 0.5151702786377709 0.3726190476190476 0.5102167182662539 0.4 0.5052631578947369 0.5142857142857142 0.5052631578947369 0.5607142857142857 0.5151702786377709 0.5797619047619048 0.5386996904024768 0.5797619047619048 0.5393188854489164 0.5773809523809523 0.5393188854489164 0.5071428571428571 0.5343653250773994 0.4023809523809524 0.5294117647058824 0.3726190476190476 0.5287925696594428 0.37142857142857144 0.5157894736842106 0.37142857142857144 
10 0.5461300309597523 0.3904761904761905 0.544891640866873 0.39166666666666666 0.5399380804953561 0.4023809523809524 0.534984520123839 0.4380952380952381 0.534984520123839 0.5702380952380952 0.5634674922600619 0.5702380952380952 0.5640866873065016 0.569047619047619 0.5640866873065016 0.47619047619047616 0.5591331269349845 0.42023809523809524 0.5541795665634675 0.39166666666666666 0.5535603715170279 0.3904761904761905 0.5461300309597523 0.3904761904761905 
11 0.5764705882352941 0.34285714285714286 0.5746130030959752 0.34404761904761905 0.5702786377708978 0.3535714285714286 0.5653250773993808 0.38095238095238093 0.5597523219814241 0.4392857142857143 0.5597523219814241 0.5595238095238095 0.5653250773993808 0.5702380952380952 0.5869969040247678 0.5702380952380952 0.5888544891640867 0.569047619047619 0.5938080495356037 0.5607142857142857 0.5938080495356037 0.5047619047619047 0.5888544891640867 0.4 0.5882352941176471 0.3904761904761905 0.5839009287925696 0.3523809523809524 0.5789473684210527 0.34285714285714286 0.5764705882352941 0.34285714285714286 
12 0.5894736842105263 0.34285714285714286 0.5845201238390093 0.41904761904761906 0.5845201238390093 0.513095238095238 0.5894736842105263 0.5511904761904762 0.6130030959752322 0.5511904761904762 0.6185758513931888 0.5321428571428571 0.6185758513931888 0.4857142857142857 0.6086687306501548 0.36904761904761907 0.6080495356037152 0.3619047619047619 0.6037151702786377 0.34285714285714286 0.5894736842105263 0.34285714285714286 
13 0.6142414860681115 0.3523809523809524 0.6092879256965944 0.3630952380952381 0.6043343653250774 0.4 0.6043343653250774 0.45595238095238094 0.6092879256965944 0.5416666666666666 0.6142414860681115 0.5511904761904762 0.628482972136223 0.5511904761904762 0.6414860681114551 0.5416666666666666 0.6427244582043343 0.5404761904761904 0.643343653250774 0.5392857142857143 0.643343653250774 0.48928571428571427 0.628482972136223 0.36904761904761907 0.6235294117647059 0.3535714285714286 0.6229102167182663 0.3523809523809524 0.6142414860681115 0.3523809523809524 
14 0.6340557275541796 0.3047619047619048 0.6291021671826625 0.4107142857142857 0.6291021671826625 0.4654761904761905 0.6390092879256966 0.5226190476190476 0.6557275541795665 0.5226190476190476 0.6780185758513931 0.513095238095238 0.6780185758513931 0.4595238095238095 0.6730650154798762 0.4297619047619048 0.6631578947368421 0.3821428571428571 0.6582043343653251 0.3619047619047619 0.643343653250774 0.3047619047619048 0.6340557275541796 0.3047619047619048 
15 0.679876160990712 0.2761904761904762 0.6786377708978328 0.2773809523809524 0.6743034055727554 0.2857142857142857 0.6687306501547987 0.3142857142857143 0.6637770897832818 0.3547619047619048 0.6637770897832818 0.43214285714285716 0.6643962848297214 0.4369047619047619 0.6687306501547987 0.4654761904761905 0.6736842105263158 0.48333333333333334 0.6743034055727554 0.4845238095238095 0.6978328173374613 0.4845238095238095 0.7077399380804954 0.4738095238095238 0.7126934984520124 0.4642857142857143 0.7126934984520124 0.41904761904761906 0.7071207430340557 0.3619047619047619 0.6978328173374613 0.29642857142857143 0.6928792569659443 0.2773809523809524 0.691640866873065 0.2761904761904762 0.679876160990712 0.2761904761904762 
18 0.6736842105263158 0.49523809523809526 0.6445820433436532 0.5238095238095238 0.6390092879256966 0.5333333333333333 0.6390092879256966 0.5595238095238095 0.6588235294117647 0.5988095238095238 0.6885448916408669 0.655952380952381 0.6990712074303406 0.675 0.7207430340557276 0.675 0.739938080495356 0.6654761904761904 0.7411764705882353 0.6642857142857143 0.7424148606811145 0.6619047619047619 0.7424148606811145 0.638095238095238 0.7374613003095976 0.6202380952380953 0.7027863777089783 0.5142857142857142 0.6972136222910217 0.5047619047619047 0.686687306501548 0.49523809523809526 0.6736842105263158 0.49523809523809526 
19 0.6346749226006192 0.5523809523809524 0.6055727554179566 0.5619047619047619 0.6043343653250774 0.5630952380952381 0.5993808049535604 0.5726190476190476 0.5993808049535604 0.6083333333333333 0.6198142414860681 0.655952380952381 0.6544891640866873 0.7226190476190476 0.6643962848297214 0.7321428571428571 0.6780185758513931 0.7321428571428571 0.691640866873065 0.7035714285714286 0.6928792569659443 0.6988095238095238 0.6928792569659443 0.6678571428571428 0.6829721362229102 0.638095238095238 0.6730650154798762 0.6107142857142858 0.6575851393188854 0.5714285714285714 0.653250773993808 0.5619047619047619 0.6476780185758514 0.5523809523809524 0.6346749226006192 0.5523809523809524 
20 0.5758513931888545 0.580952380952381 0.5746130030959752 0.5821428571428572 0.5746130030959752 0.6178571428571429 0.5795665634674922 0.6369047619047619 0.6043343653250774 0.7023809523809523 0.6247678018575852 0.7511904761904762 0.6427244582043343 0.7511904761904762 0.643343653250774 0.75 0.643343653250774 0.7333333333333333 0.638390092879257 0.6952380952380952 0.6334365325077399 0.6702380952380952 0.6235294117647059 0.6297619047619047 0.6037151702786377 0.580952380952381 0.5758513931888545 0.580952380952381 
21 0.5647058823529412 0.6095238095238096 0.5647058823529412 0.6845238095238095 0.5746130030959752 0.7416666666666667 0.5795665634674922 0.7607142857142857 0.5894736842105263 0.7785714285714286 0.5907120743034056 0.7797619047619048 0.6086687306501548 0.7797619047619048 0.6086687306501548 0.763095238095238 0.5987616099071208 0.6666666666666666 0.5931888544891641 0.638095238095238 0.5839009287925696 0.6107142857142858 0.58328173374613 0.6095238095238096 0.5647058823529412 0.6095238095238096 
22 0.5411764705882353 0.6 0.5399380804953561 0.6011904761904762 0.5399380804953561 0.655952380952381 0.5498452012383901 0.75 0.5554179566563467 0.7702380952380953 0.5597523219814241 0.7797619047619048 0.5671826625386996 0.7797619047619048 0.5690402476780185 0.7785714285714286 0.5690402476780185 0.6285714285714286 0.5640866873065016 0.6 0.5411764705882353 0.6 
23 0.5269349845201239 0.6 0.525077399380805 0.6011904761904762 0.525077399380805 0.7392857142857143 0.5256965944272446 0.7416666666666667 0.5380804953560372 0.7416666666666667 0.5393188854489164 0.7380952380952381 0.5442724458204334 0.7035714285714286 0.5442724458204334 0.6023809523809524 0.5436532507739938 0.6 0.5269349845201239 0.6 
24 0.5052631578947369 0.6 0.5052631578947369 0.7130952380952381 0.5102167182662539 0.7226190476190476 0.5238390092879257 0.7226190476190476 0.5244582043343653 0.7214285714285714 0.5244582043343653 0.6130952380952381 0.5238390092879257 0.6095238095238096 0.5188854489164086 0.6 0.5052631578947369 0.6 
25 0.4953560371517028 0.6095238095238096 0.4904024767801858 0.6595238095238095 0.4904024767801858 0.7130952380952381 0.4953560371517028 0.7309523809523809 0.496594427244582 0.7321428571428571 0.5071207430340557 0.7321428571428571 0.5095975232198142 0.7309523809523809 0.5095975232198142 0.6095238095238096 0.4953560371517028 0.6095238095238096 
26 0.4804953560371517 0.6 0.47554179566563465 0.6107142857142858 0.47554179566563465 0.7380952380952381 0.4761609907120743 0.7416666666666667 0.4804953560371517 0.7511904761904762 0.4885448916408669 0.7511904761904762 0.48978328173374613 0.75 0.49473684210526314 0.7404761904761905 0.4996904024767802 0.6416666666666667 0.4996904024767802 0.6095238095238096 0.49473684210526314 0.6 0.4804953560371517 0.6 
27 0.45572755417956656 0.6 0.45077399380804956 0.6095238095238096 0.4458204334365325 0.6595238095238095 0.4408668730650155 0.725 0.4408668730650155 0.7607142857142857 0.460061919504644 0.7607142857142857 0.465015479876161 0.7511904761904762 0.469969040247678 0.7309523809523809 0.4743034055727554 0.7035714285714286 0.47492260061919506 0.6976190476190476 0.47492260061919506 0.6666666666666666 0.469969040247678 0.6023809523809524 0.4693498452012384 0.6 0.45572755417956656 0.6 
28 0.43653250773993807 0.5904761904761905 0.4359133126934985 0.5916666666666667 0.42105263157894735 0.6297619047619047 0.40619195046439627 0.6952380952380952 0.40619195046439627 0.7595238095238095 0.41114551083591333 0.7702380952380953 0.4247678018575851 0.7702380952380953 0.42538699690402476 0.7690476190476191 0.43529411764705883 0.7416666666666667 0.4452012383900929 0.7119047619047619 0.4501547987616099 0.694047619047619 0.4551083591331269 0.6642857142857143 0.4551083591331269 0.5904761904761905 0.43653250773993807 0.5904761904761905 
29 0.4018575851393189 0.5714285714285714 0.39628482972136225 0.5821428571428572 0.3863777089783282 0.6285714285714286 0.3715170278637771 0.705952380952381 0.3715170278637771 0.7380952380952381 0.3721362229102167 0.7416666666666667 0.37708978328173376 0.7511904761904762 0.3851393188854489 0.7511904761904762 0.39504643962848296 0.7416666666666667 0.4055727554179567 0.7226190476190476 0.44024767801857584 0.6166666666666667 0.44024767801857584 0.5821428571428572 0.4346749226006192 0.5726190476190476 0.4321981424148607 0.5714285714285714 0.4018575851393189 0.5714285714285714 
30 0.3492260061919505 0.5523809523809524 0.3479876160990712 0.5535714285714286 0.34674922600619196 0.555952380952381 0.3077399380804954 0.6773809523809524 0.30712074303405573 0.6797619047619048 0.30712074303405573 0.7119047619047619 0.3368421052631579 0.7321428571428571 0.3609907120743034 0.7321428571428571 0.38575851393188854 0.6845238095238095 0.3907120743034056 0.6738095238095239 0.4105263157894737 0.5785714285714286 0.4105263157894737 0.5535714285714286 0.40990712074303404 0.5523809523809524 0.3492260061919505 0.5523809523809524 
31 0.2978328173374613 0.5047619047619047 0.29226006191950465 0.5238095238095238 0.2674922600619195 0.6190476190476191 0.2674922600619195 0.6654761904761904 0.2773993808049536 0.6845238095238095 0.29473684210526313 0.6845238095238095 0.29659442724458207 0.6833333333333333 0.3065015479876161 0.675 0.31640866873065016 0.6654761904761904 0.33622291021671824 0.6273809523809524 0.3411764705882353 0.6166666666666667 0.36594427244582045 0.5607142857142857 0.36594427244582045 0.544047619047619 0.3560371517027864 0.5238095238095238 0.330030959752322 0.5047619047619047 0.2978328173374613 0.5047619047619047 