2 0.3269349845201238 0.38095238095238093 0.3170278637770898 0.4880952380952381 0.3170278637770898 0.5095238095238095 0.3176470588235294 0.5119047619047619 0.32260061919504646 0.5226190476190476 0.34179566563467495 0.5416666666666666 0.35479876160990714 0.5416666666666666 0.3609907120743034 0.5321428571428571 0.3609907120743034 0.4797619047619048 0.3510835913312694 0.4095238095238095 0.3455108359133127 0.3904761904761905 0.3411764705882353 0.38095238095238093 0.3269349845201238 0.38095238095238093 
3 0.3671826625386997 0.38095238095238093 0.3572755417956656 0.3904761904761905 0.356656346749226 0.39166666666666666 0.35170278637770896 0.525 0.35170278637770896 0.5511904761904762 0.3572755417956656 0.5607142857142857 0.3907120743034056 0.5607142857142857 0.3956656346749226 0.5511904761904762 0.3956656346749226 0.4976190476190476 0.3907120743034056 0.42023809523809524 0.38575851393188854 0.3904761904761905 0.3801857585139319 0.38095238095238093 0.3671826625386997 0.38095238095238093 
4 0.3975232198142415 0.3904761904761905 0.39628482972136225 0.39166666666666666 0.3913312693498452 0.41309523809523807 0.3913312693498452 0.5595238095238095 0.3925696594427245 0.5607142857142857 0.4105263157894737 0.5607142857142857 0.4247678018575851 0.5416666666666666 0.42538699690402476 0.5392857142857143 0.42538699690402476 0.5142857142857142 0.4154798761609907 0.4 0.4105263157894737 0.3904761904761905 0.3975232198142415 0.3904761904761905 
5 0.41114551083591333 0.37142857142857144 0.41114551083591333 0.4726190476190476 0.41609907120743034 0.5392857142857143 0.41671826625387 0.5416666666666666 0.4346749226006192 0.5416666666666666 0.44024767801857584 0.5321428571428571 0.44024767801857584 0.49523809523809526 0.42538699690402476 0.37142857142857144 0.41114551083591333 0.37142857142857144 
6 0.4390092879256966 0.38095238095238093 0.4359133126934985 0.3821428571428571 0.43157894736842106 0.3904761904761905 0.4309597523219814 0.39404761904761904 0.4309597523219814 0.49166666666666664 0.4359133126934985 0.530952380952381 0.4408668730650155 0.55 0.4421052631578947 0.5511904761904762 0.4501547987616099 0.5511904761904762 0.4544891640866873 0.5416666666666666 0.460061919504644 0.513095238095238 0.460061919504644 0.4488095238095238 0.4501547987616099 0.39166666666666666 0.4452012383900929 0.38095238095238093 0.4390092879256966 0.38095238095238093 
7 0.46068111455108357 0.38095238095238093 0.45572755417956656 0.41904761904761906 0.45572755417956656 0.49404761904761907 0.4613003095975232 0.5035714285714286 0.4743034055727554 0.5035714285714286 0.47492260061919506 0.5023809523809524 0.47492260061919506 0.4107142857142857 0.469969040247678 0.38095238095238093 0.46068111455108357 0.38095238095238093 
8 0.47554179566563465 0.38095238095238093 0.4712074303405573 0.4 0.47058823529411764 0.40595238095238095 0.47058823529411764 0.5214285714285715 0.47554179566563465 0.5511904761904762 0.5040247678018576 0.5511904761904762 0.5046439628482973 0.55 0.5046439628482973 0.5238095238095238 0.49473684210526314 0.41904761904761906 0.48978328173374613 0.3821428571428571 0.4891640866873065 0.38095238095238093 0.47554179566563465 0.38095238095238093 
9 0.5052631578947369 0.37142857142857144 0.5003095975232198 0.3904761904761905 0.4953560371517028 0.4976190476190476 0.4953560371517028 0.530952380952381 0.5003095975232198 0.5416666666666666 0.5281733746130031 0.5416666666666666 0.5294117647058824 0.5404761904761904 0.5294117647058824 0.44047619047619047 0.5244582043343653 0.4 0.5188854489164086 0.38095238095238093 0.5139318885448917 0.3726190476190476 0.5120743034055728 0.37142857142857144 0.5052631578947369 0.37142857142857144 
10 0.5263157894736842 0.38095238095238093 0.525077399380805 0.3821428571428571 0.525077399380805 0.5416666666666666 0.5436532507739938 0.5416666666666666 0.5492260061919505 0.530952380952381 0.5492260061919505 0.42023809523809524 0.5442724458204334 0.39166666666666666 0.5393188854489164 0.38095238095238093 0.5263157894736842 0.38095238095238093 
11 0.5554179566563467 0.3523809523809524 0.5498452012383901 0.3821428571428571 0.544891640866873 0.4095238095238095 0.544891640866873 0.5321428571428571 0.5498452012383901 0.5416666666666666 0.5634674922600619 0.5416666666666666 0.5640866873065016 0.5404761904761904 0.5690402476780185 0.5226190476190476 0.5739938080495356 0.45595238095238094 0.5739938080495356 0.4 0.5690402476780185 0.3523809523809524 0.5554179566563467 0.3523809523809524 
12 0.5845201238390093 0.4 0.5647058823529412 0.4595238095238095 0.5597523219814241 0.5154761904761904 0.5597523219814241 0.530952380952381 0.5696594427244582 0.55 0.5708978328173374 0.5511904761904762 0.58328173374613 0.5511904761904762 0.5839009287925696 0.55 0.6037151702786377 0.44642857142857145 0.6037151702786377 0.4 0.5845201238390093 0.4 
13 0.6 0.4095238095238095 0.5993808049535604 0.4107142857142857 0.5845201238390093 0.47619047619047616 0.5795665634674922 0.5154761904761904 0.5795665634674922 0.5511904761904762 0.5851393188854489 0.5607142857142857 0.6037151702786377 0.5607142857142857 0.6185758513931888 0.45476190476190476 0.6185758513931888 0.41904761904761906 0.6136222910216719 0.4095238095238095 0.6 0.4095238095238095 
14 0.6160990712074303 0.38095238095238093 0.6142414860681115 0.3821428571428571 0.6099071207430341 0.3904761904761905 0.6092879256965944 0.39285714285714285 0.5993808049535604 0.5154761904761904 0.5993808049535604 0.55 0.6099071207430341 0.5702380952380952 0.6229102167182663 0.5702380952380952 0.6371517027863777 0.5607142857142857 0.6427244582043343 0.5511904761904762 0.643343653250774 0.5488095238095239 0.643343653250774 0.5154761904761904 0.6334365325077399 0.4107142857142857 0.6179566563467492 0.38095238095238093 0.6160990712074303 0.38095238095238093 
15 0.6489164086687307 0.3619047619047619 0.6439628482972136 0.37142857142857144 0.6396284829721363 0.38095238095238093 0.6390092879256966 0.38333333333333336 0.6340557275541796 0.49642857142857144 0.6340557275541796 0.5178571428571429 0.6346749226006192 0.5202380952380953 0.6390092879256966 0.530952380952381 0.6445820433436532 0.5416666666666666 0.6631578947368421 0.5416666666666666 0.6780185758513931 0.5321428571428571 0.6829721362229102 0.5214285714285715 0.6829721362229102 0.4773809523809524 0.6780185758513931 0.3619047619047619 0.6489164086687307 0.3619047619047619 
17 0.6792569659442724 0.5523809523809524 0.6736842105263158 0.5630952380952381 0.6637770897832818 0.5833333333333334 0.6588235294117647 0.6 0.6588235294117647 0.6178571428571429 0.6643962848297214 0.6369047619047619 0.6743034055727554 0.655952380952381 0.6804953560371517 0.6654761904761904 0.6891640866873066 0.675 0.7226006191950465 0.675 0.7325077399380805 0.6654761904761904 0.7374613003095976 0.6464285714285715 0.7374613003095976 0.6095238095238096 0.6978328173374613 0.5535714285714286 0.6965944272445821 0.5523809523809524 0.6792569659442724 0.5523809523809524 
22 0.5263157894736842 0.5619047619047619 0.525077399380805 0.5630952380952381 0.525077399380805 0.6166666666666667 0.530030959752322 0.6547619047619048 0.534984520123839 0.6821428571428572 0.5399380804953561 0.7035714285714286 0.5455108359133127 0.7130952380952381 0.5585139318885449 0.7130952380952381 0.5591331269349845 0.7119047619047619 0.5591331269349845 0.6869047619047619 0.5541795665634675 0.5726190476190476 0.5492260061919505 0.5619047619047619 0.5263157894736842 0.5619047619047619 
23 0.5052631578947369 0.580952380952381 0.5052631578947369 0.625 0.5151702786377709 0.675 0.5201238390092879 0.6928571428571428 0.5213622291021672 0.694047619047619 0.5337461300309597 0.694047619047619 0.5343653250773994 0.6892857142857143 0.5343653250773994 0.6095238095238096 0.5294117647058824 0.580952380952381 0.5052631578947369 0.580952380952381 
24 0.4904024767801858 0.5619047619047619 0.4904024767801858 0.7023809523809523 0.49287925696594426 0.7035714285714286 0.5021671826625387 0.7035714285714286 0.5046439628482973 0.7023809523809523 0.5095975232198142 0.6464285714285715 0.5095975232198142 0.5630952380952381 0.5089783281733746 0.5619047619047619 0.4904024767801858 0.5619047619047619 
25 0.4761609907120743 0.5714285714285714 0.47554179566563465 0.575 0.47554179566563465 0.680952380952381 0.4761609907120743 0.6845238095238095 0.48173374613003095 0.694047619047619 0.4891640866873065 0.694047619047619 0.48978328173374613 0.6916666666666667 0.49473684210526314 0.6464285714285715 0.49473684210526314 0.5738095238095238 0.49411764705882355 0.5714285714285714 0.4761609907120743 0.5714285714285714 
26 0.46191950464396286 0.5619047619047619 0.46068111455108357 0.5654761904761905 0.46068111455108357 0.655952380952381 0.46563467492260063 0.7 0.4662538699690402 0.7035714285714286 0.47058823529411764 0.7130952380952381 0.47987616099071206 0.7130952380952381 0.47987616099071206 0.5619047619047619 0.46191950464396286 0.5619047619047619 
27 0.4458204334365325 0.5619047619047619 0.4408668730650155 0.5714285714285714 0.4408668730650155 0.6654761904761904 0.4458204334365325 0.7023809523809523 0.45139318885448915 0.7119047619047619 0.45263157894736844 0.7130952380952381 0.45944272445820433 0.7130952380952381 0.465015479876161 0.694047619047619 0.465015479876161 0.5869047619047619 0.46439628482972134 0.580952380952381 0.460061919504644 0.5714285714285714 0.4551083591331269 0.5619047619047619 0.4458204334365325 0.5619047619047619 
28 0.42105263157894735 0.5619047619047619 0.41609907120743034 0.5714285714285714 0.41114551083591333 0.611904761904762 0.41114551083591333 0.6452380952380953 0.41609907120743034 0.7226190476190476 0.4247678018575851 0.7226190476190476 0.4452012383900929 0.6166666666666667 0.4452012383900929 0.5738095238095238 0.44458204334365325 0.5714285714285714 0.43962848297213625 0.5630952380952381 0.43839009287925695 0.5619047619047619 0.42105263157894735 0.5619047619047619 
31 0.3331269349845201 0.5333333333333333 0.3318885448916409 0.5345238095238095 0.32260061919504646 0.5523809523809524 0.29226006191950465 0.6476190476190476 0.29226006191950465 0.6726190476190477 0.29721362229102166 0.6916666666666667 0.29907120743034055 0.694047619047619 0.3263157894736842 0.694047619047619 0.33560371517027865 0.6845238095238095 0.3411764705882353 0.675 0.3560371517027864 0.6464285714285715 0.3653250773993808 0.6273809523809524 0.37089783281733746 0.6083333333333333 0.37089783281733746 0.5726190476190476 0.3609907120743034 0.5523809523809524 0.3461300309597523 0.5333333333333333 0.3331269349845201 0.5333333333333333 