2 0.29721362229102166 0.3523809523809524 0.29287925696594425 0.37142857142857144 0.29226006191950465 0.375 0.2823529411764706 0.47619047619047616 0.2823529411764706 0.5416666666666666 0.2873065015479876 0.5511904761904762 0.29287925696594425 0.5607142857142857 0.32445820433436534 0.5607142857142857 0.3263157894736842 0.5595238095238095 0.3263157894736842 0.4035714285714286 0.32136222910216716 0.3726190476190476 0.31640866873065016 0.3630952380952381 0.3065015479876161 0.3523809523809524 0.29721362229102166 0.3523809523809524 
3 0.34674922600619196 0.37142857142857144 0.3219814241486068 0.4 0.3219814241486068 0.5511904761904762 0.3269349845201238 0.5702380952380952 0.3318885448916409 0.5797619047619048 0.36594427244582045 0.5797619047619048 0.37089783281733746 0.5702380952380952 0.37089783281733746 0.44166666666666665 0.36594427244582045 0.4 0.3609907120743034 0.3738095238095238 0.3603715170278638 0.37142857142857144 0.34674922600619196 0.37142857142857144 
4 0.36780185758513934 0.38095238095238093 0.3671826625386997 0.3821428571428571 0.36656346749226004 0.38452380952380955 0.36160990712074303 0.5642857142857143 0.36160990712074303 0.5797619047619048 0.36656346749226004 0.5892857142857143 0.39009287925696595 0.5892857142857143 0.3956656346749226 0.5797619047619048 0.4006191950464396 0.5702380952380952 0.4006191950464396 0.5047619047619047 0.3907120743034056 0.4095238095238095 0.3851393188854489 0.3904761904761905 0.38080495356037153 0.38095238095238093 0.36780185758513934 0.38095238095238093 
5 0.39876160990712073 0.38095238095238093 0.39690402476780184 0.3821428571428571 0.3913312693498452 0.4 0.3863777089783282 0.4297619047619048 0.3863777089783282 0.48333333333333334 0.3913312693498452 0.5952380952380952 0.39195046439628484 0.5988095238095238 0.4018575851393189 0.6083333333333333 0.4148606811145511 0.6083333333333333 0.42043343653250775 0.5988095238095238 0.42538699690402476 0.5892857142857143 0.42538699690402476 0.5154761904761904 0.4154798761609907 0.41904761904761906 0.4105263157894737 0.3904761904761905 0.4055727554179567 0.38095238095238093 0.39876160990712073 0.38095238095238093 
6 0.42229102167182664 0.3523809523809524 0.42105263157894735 0.3535714285714286 0.41114551083591333 0.37142857142857144 0.40619195046439627 0.4 0.40619195046439627 0.42738095238095236 0.41114551083591333 0.5035714285714286 0.42105263157894735 0.5976190476190476 0.4260061919504644 0.6071428571428571 0.42724458204334365 0.6083333333333333 0.44024767801857584 0.6083333333333333 0.4452012383900929 0.5892857142857143 0.4452012383900929 0.47619047619047616 0.43529411764705883 0.3630952380952381 0.43034055727554177 0.3535714285714286 0.42910216718266253 0.3523809523809524 0.42229102167182664 0.3523809523809524 
7 0.4569659442724458 0.4 0.45572755417956656 0.4011904761904762 0.45077399380804956 0.4095238095238095 0.4408668730650155 0.5083333333333333 0.4408668730650155 0.6166666666666667 0.44148606811145513 0.6178571428571429 0.46439628482972134 0.6178571428571429 0.469969040247678 0.6083333333333333 0.469969040247678 0.4380952380952381 0.465015479876161 0.4 0.4569659442724458 0.4 
8 0.47058823529411764 0.41904761904761906 0.4662538699690402 0.42857142857142855 0.46563467492260063 0.430952380952381 0.46068111455108357 0.6107142857142858 0.46068111455108357 0.6273809523809524 0.46563467492260063 0.6369047619047619 0.49473684210526314 0.6369047619047619 0.49473684210526314 0.4857142857142857 0.48978328173374613 0.45 0.4848297213622291 0.41904761904761906 0.47058823529411764 0.41904761904761906 
9 0.5009287925696595 0.41904761904761906 0.4953560371517028 0.42857142857142855 0.4904024767801858 0.47619047619047616 0.4904024767801858 0.6261904761904762 0.49102167182662537 0.6273809523809524 0.5188854489164086 0.6273809523809524 0.5195046439628483 0.6261904761904762 0.5195046439628483 0.49642857142857144 0.5145510835913313 0.4297619047619048 0.5089783281733746 0.41904761904761906 0.5009287925696595 0.41904761904761906 
10 0.5207430340557275 0.3904761904761905 0.5151702786377709 0.4 0.5102167182662539 0.4119047619047619 0.5102167182662539 0.5011904761904762 0.5151702786377709 0.6261904761904762 0.5176470588235295 0.6273809523809524 0.5244582043343653 0.6273809523809524 0.5393188854489164 0.6178571428571429 0.5393188854489164 0.5047619047619047 0.5294117647058824 0.3904761904761905 0.5207430340557275 0.3904761904761905 
11 0.5609907120743034 0.38095238095238093 0.5554179566563467 0.3904761904761905 0.5547987616099072 0.39166666666666666 0.544891640866873 0.42857142857142855 0.534984520123839 0.4773809523809524 0.534984520123839 0.5988095238095238 0.544891640866873 0.6178571428571429 0.5498452012383901 0.6178571428571429 0.5541795665634675 0.6166666666666667 0.5591331269349845 0.6059523809523809 0.5640866873065016 0.5797619047619048 0.5789473684210527 0.49404761904761907 0.5789473684210527 0.4 0.5739938080495356 0.3821428571428571 0.573374613003096 0.38095238095238093 0.5609907120743034 0.38095238095238093 
12 0.5746130030959752 0.4095238095238095 0.5547987616099072 0.5726190476190476 0.5547987616099072 0.5988095238095238 0.5746130030959752 0.6178571428571429 0.5888544891640867 0.6178571428571429 0.5931888544891641 0.6083333333333333 0.5938080495356037 0.6059523809523809 0.5938080495356037 0.42857142857142855 0.5888544891640867 0.4107142857142857 0.5863777089783282 0.4095238095238095 0.5746130030959752 0.4095238095238095 
13 0.5993808049535604 0.3904761904761905 0.5944272445820433 0.4011904761904762 0.5894736842105263 0.41904761904761906 0.5894736842105263 0.5976190476190476 0.590092879256966 0.5988095238095238 0.6179566563467492 0.5988095238095238 0.6235294117647059 0.5880952380952381 0.6235294117647059 0.5642857142857143 0.6136222910216719 0.4095238095238095 0.6086687306501548 0.39166666666666666 0.6074303405572755 0.3904761904761905 0.5993808049535604 0.3904761904761905 
14 0.6247678018575852 0.3904761904761905 0.6191950464396285 0.4 0.6142414860681115 0.49523809523809526 0.6142414860681115 0.555952380952381 0.614860681114551 0.5607142857142857 0.6191950464396285 0.5892857142857143 0.6241486068111455 0.5988095238095238 0.628482972136223 0.5976190476190476 0.6526315789473685 0.5892857142857143 0.6582043343653251 0.5785714285714286 0.6631578947368421 0.48333333333333334 0.6631578947368421 0.4011904761904762 0.6575851393188854 0.3904761904761905 0.6247678018575852 0.3904761904761905 
15 0.6687306501547987 0.38095238095238093 0.6588235294117647 0.4095238095238095 0.6538699690402476 0.49642857142857144 0.6538699690402476 0.5583333333333333 0.6544891640866873 0.5607142857142857 0.6643962848297214 0.5797619047619048 0.6829721362229102 0.5797619047619048 0.7077399380804954 0.5607142857142857 0.7077399380804954 0.5178571428571429 0.6928792569659443 0.3821428571428571 0.6922600619195046 0.38095238095238093 0.6687306501547987 0.38095238095238093 
18 0.6835913312693499 0.5714285714285714 0.6693498452012384 0.580952380952381 0.6637770897832818 0.5904761904761905 0.6637770897832818 0.6357142857142857 0.6835913312693499 0.7130952380952381 0.6891640866873066 0.7321428571428571 0.6934984520123839 0.7416666666666667 0.7034055727554179 0.7607142857142857 0.7126934984520124 0.7607142857142857 0.7424148606811145 0.7416666666666667 0.7424148606811145 0.7130952380952381 0.7417956656346749 0.7047619047619048 0.7374613003095976 0.6773809523809524 0.7176470588235294 0.5821428571428572 0.7126934984520124 0.5714285714285714 0.6835913312693499 0.5714285714285714 
19 0.6390092879256966 0.5904761904761905 0.6092879256965944 0.6 0.6092879256965944 0.6464285714285715 0.6340557275541796 0.7797619047619048 0.6439628482972136 0.7988095238095239 0.6575851393188854 0.7988095238095239 0.6879256965944273 0.7702380952380953 0.6879256965944273 0.7535714285714286 0.6681114551083591 0.6095238095238096 0.6631578947368421 0.5928571428571429 0.6625386996904025 0.5916666666666667 0.6613003095975232 0.5904761904761905 0.6390092879256966 0.5904761904761905 
20 0.5808049535603715 0.6095238095238096 0.5795665634674922 0.6107142857142858 0.5795665634674922 0.6452380952380953 0.5845201238390093 0.694047619047619 0.5894736842105263 0.7309523809523809 0.5944272445820433 0.7607142857142857 0.5993808049535604 0.7785714285714286 0.6092879256965944 0.8071428571428572 0.6142414860681115 0.8178571428571428 0.6278637770897832 0.8178571428571428 0.628482972136223 0.8166666666666667 0.628482972136223 0.725 0.6185758513931888 0.6392857142857142 0.6136222910216719 0.611904761904762 0.6130030959752322 0.6095238095238096 0.5808049535603715 0.6095238095238096 
21 0.5597523219814241 0.6190476190476191 0.5554179566563467 0.6285714285714286 0.5547987616099072 0.6333333333333333 0.5547987616099072 0.6738095238095239 0.5597523219814241 0.7130952380952381 0.5647058823529412 0.7511904761904762 0.5696594427244582 0.7880952380952381 0.5746130030959752 0.7988095238095239 0.5795665634674922 0.8083333333333333 0.5931888544891641 0.8083333333333333 0.5938080495356037 0.8071428571428572 0.5938080495356037 0.6857142857142857 0.5888544891640867 0.638095238095238 0.5839009287925696 0.6190476190476191 0.5597523219814241 0.6190476190476191 
22 0.534984520123839 0.6190476190476191 0.5306501547987617 0.6285714285714286 0.530030959752322 0.6321428571428571 0.530030959752322 0.7202380952380952 0.5399380804953561 0.8071428571428572 0.544891640866873 0.8261904761904761 0.5547987616099072 0.8464285714285714 0.5578947368421052 0.8464285714285714 0.5591331269349845 0.8452380952380952 0.5640866873065016 0.8369047619047619 0.5640866873065016 0.7357142857142858 0.5591331269349845 0.6404761904761904 0.5541795665634675 0.6202380952380953 0.5535603715170279 0.6190476190476191 0.534984520123839 0.6190476190476191 
23 0.5058823529411764 0.6285714285714286 0.5052631578947369 0.6321428571428571 0.5052631578947369 0.6654761904761904 0.5102167182662539 0.7678571428571429 0.5151702786377709 0.7964285714285714 0.5157894736842106 0.7988095238095239 0.5213622291021672 0.8083333333333333 0.5275541795665635 0.8083333333333333 0.5294117647058824 0.8071428571428572 0.5343653250773994 0.7988095238095239 0.5343653250773994 0.6297619047619047 0.5337461300309597 0.6285714285714286 0.5058823529411764 0.6285714285714286 
24 0.4854489164086687 0.6285714285714286 0.4854489164086687 0.6726190476190477 0.4904024767801858 0.7226190476190476 0.4953560371517028 0.7678571428571429 0.5003095975232198 0.7988095238095239 0.5139318885448917 0.7988095238095239 0.5145510835913313 0.7976190476190477 0.5145510835913313 0.6595238095238095 0.5095975232198142 0.6285714285714286 0.4854489164086687 0.6285714285714286 
25 0.47058823529411764 0.6285714285714286 0.46563467492260063 0.638095238095238 0.46563467492260063 0.7023809523809523 0.47058823529411764 0.8083333333333333 0.47554179566563465 0.8178571428571428 0.47987616099071206 0.8178571428571428 0.48978328173374613 0.7988095238095239 0.48978328173374613 0.6285714285714286 0.47058823529411764 0.6285714285714286 
26 0.4520123839009288 0.6190476190476191 0.45077399380804956 0.6202380952380953 0.4458204334365325 0.6297619047619047 0.4458204334365325 0.7785714285714286 0.45077399380804956 0.8071428571428572 0.45139318885448915 0.8083333333333333 0.46377708978328175 0.8083333333333333 0.465015479876161 0.805952380952381 0.469969040247678 0.7797619047619048 0.47492260061919506 0.7226190476190476 0.47492260061919506 0.6321428571428571 0.4743034055727554 0.6285714285714286 0.465015479876161 0.6190476190476191 0.4520123839009288 0.6190476190476191 
27 0.43157894736842106 0.6095238095238096 0.4260061919504644 0.6190476190476191 0.42105263157894735 0.6404761904761904 0.41609907120743034 0.7095238095238096 0.41609907120743034 0.8083333333333333 0.4260061919504644 0.8273809523809523 0.4390092879256966 0.8273809523809523 0.44024767801857584 0.8261904761904761 0.44458204334365325 0.8178571428571428 0.4452012383900929 0.8154761904761905 0.4551083591331269 0.6845238095238095 0.4551083591331269 0.6285714285714286 0.4501547987616099 0.6095238095238096 0.43157894736842106 0.6095238095238096 
28 0.4018575851393189 0.6095238095238096 0.39690402476780184 0.6190476190476191 0.3913312693498452 0.6404761904761904 0.3913312693498452 0.8083333333333333 0.40495356037151703 0.8083333333333333 0.4105263157894737 0.7976190476190477 0.42538699690402476 0.7 0.43034055727554177 0.6464285714285715 0.43034055727554177 0.6309523809523809 0.4297213622291022 0.6285714285714286 0.42538699690402476 0.6190476190476191 0.4198142414860681 0.6095238095238096 0.4018575851393189 0.6095238095238096 
29 0.3721362229102167 0.6 0.3715170278637771 0.6011904761904762 0.36656346749226004 0.6190476190476191 0.36160990712074303 0.6476190476190476 0.36160990712074303 0.8071428571428572 0.3622291021671827 0.8083333333333333 0.3752321981424149 0.8083333333333333 0.38080495356037153 0.7988095238095239 0.38575851393188854 0.7702380952380953 0.3956656346749226 0.7119047619047619 0.4105263157894737 0.6178571428571429 0.4105263157894737 0.6095238095238096 0.3956656346749226 0.6 0.3721362229102167 0.6 
30 0.3238390092879257 0.580952380952381 0.3219814241486068 0.5821428571428572 0.3021671826625387 0.7071428571428572 0.3021671826625387 0.7511904761904762 0.3269349845201238 0.7797619047619048 0.33622291021671824 0.7797619047619048 0.3461300309597523 0.7702380952380953 0.3510835913312694 0.7595238095238095 0.3609907120743034 0.7214285714285714 0.37585139318885447 0.6273809523809524 0.37585139318885447 0.5916666666666667 0.37089783281733746 0.5821428571428572 0.3696594427244582 0.580952380952381 0.3238390092879257 0.580952380952381 
31 0.2823529411764706 0.5523809523809524 0.2724458204334365 0.5619047619047619 0.2476780185758514 0.6952380952380952 0.2476780185758514 0.7321428571428571 0.2674922600619195 0.75 0.2693498452012384 0.7511904761904762 0.28606811145510835 0.7511904761904762 0.29659442724458207 0.7321428571428571 0.3065015479876161 0.7035714285714286 0.31640866873065016 0.6654761904761904 0.32136222910216716 0.6452380952380953 0.3263157894736842 0.6178571428571429 0.3263157894736842 0.580952380952381 0.32136222910216716 0.5714285714285714 0.2953560371517028 0.5523809523809524 0.2823529411764706 0.5523809523809524 