1 0.2476780185758514 0.3619047619047619 0.23281733746130032 0.46904761904761905 0.23281733746130032 0.5392857142857143 0.23839009287925697 0.55 0.24086687306501547 0.5511904761904762 0.2476780185758514 0.5511904761904762 0.2513931888544892 0.55 0.26191950464396285 0.5321428571428571 0.26687306501547986 0.5011904761904762 0.26687306501547986 0.3726190476190476 0.26191950464396285 0.3619047619047619 0.2476780185758514 0.3619047619047619 
2 0.2934984520123839 0.37142857142857144 0.2823529411764706 0.38095238095238093 0.27801857585139317 0.3904761904761905 0.2724458204334365 0.4095238095238095 0.2674922600619195 0.430952380952381 0.25758513931888544 0.49642857142857144 0.25758513931888544 0.5511904761904762 0.27801857585139317 0.5607142857142857 0.29659442724458207 0.5607142857142857 0.3108359133126935 0.5511904761904762 0.31640866873065016 0.5404761904761904 0.31640866873065016 0.4785714285714286 0.31145510835913315 0.39404761904761904 0.3108359133126935 0.3904761904761905 0.30092879256965943 0.37142857142857144 0.2934984520123839 0.37142857142857144 
3 0.3368421052631579 0.38095238095238093 0.32321981424148605 0.3904761904761905 0.3170278637770898 0.4 0.31207430340557274 0.4857142857142857 0.31207430340557274 0.5404761904761904 0.3170278637770898 0.5511904761904762 0.3219814241486068 0.5607142857142857 0.34179566563467495 0.5702380952380952 0.3560371517027864 0.5702380952380952 0.36594427244582045 0.5607142857142857 0.37089783281733746 0.5511904761904762 0.37089783281733746 0.49523809523809526 0.36594427244582045 0.4380952380952381 0.3609907120743034 0.4 0.3510835913312694 0.38095238095238093 0.3368421052631579 0.38095238095238093 
4 0.3863777089783282 0.3619047619047619 0.3764705882352941 0.37142857142857144 0.3715170278637771 0.39166666666666666 0.36656346749226004 0.4297619047619048 0.36160990712074303 0.4785714285714286 0.36160990712074303 0.5702380952380952 0.3671826625386997 0.5785714285714286 0.3684210526315789 0.5797619047619048 0.3801857585139319 0.5797619047619048 0.3956656346749226 0.5702380952380952 0.4006191950464396 0.5607142857142857 0.4006191950464396 0.37142857142857144 0.3956656346749226 0.3630952380952381 0.3925696594427245 0.3619047619047619 0.3863777089783282 0.3619047619047619 
5 0.41114551083591333 0.4 0.40619195046439627 0.4107142857142857 0.40123839009287926 0.42857142857142855 0.39628482972136225 0.4488095238095238 0.3913312693498452 0.5630952380952381 0.3913312693498452 0.5797619047619048 0.41919504643962846 0.5797619047619048 0.43034055727554177 0.5702380952380952 0.43034055727554177 0.5166666666666667 0.42538699690402476 0.4023809523809524 0.4247678018575851 0.4011904761904762 0.4235294117647059 0.4 0.41114551083591333 0.4 
6 0.44148606811145513 0.38095238095238093 0.4408668730650155 0.3821428571428571 0.4359133126934985 0.4 0.4309597523219814 0.42142857142857143 0.42105263157894735 0.4773809523809524 0.42105263157894735 0.5202380952380953 0.4260061919504644 0.5785714285714286 0.4309597523219814 0.5892857142857143 0.4501547987616099 0.5892857142857143 0.460061919504644 0.5702380952380952 0.465015479876161 0.5416666666666666 0.465015479876161 0.47619047619047616 0.460061919504644 0.39404761904761904 0.45944272445820433 0.3904761904761905 0.4551083591331269 0.38095238095238093 0.44148606811145513 0.38095238095238093 
7 0.47058823529411764 0.3904761904761905 0.46563467492260063 0.4095238095238095 0.45572755417956656 0.4666666666666667 0.45572755417956656 0.5880952380952381 0.4563467492260062 0.5892857142857143 0.48359133126934983 0.5892857142857143 0.4848297213622291 0.5880952380952381 0.48978328173374613 0.49047619047619045 0.48978328173374613 0.4 0.4842105263157895 0.3904761904761905 0.47058823529411764 0.3904761904761905 
8 0.5015479876160991 0.3904761904761905 0.5003095975232198 0.39285714285714285 0.4953560371517028 0.4107142857142857 0.4904024767801858 0.4380952380952381 0.4854489164086687 0.46785714285714286 0.4804953560371517 0.5047619047619047 0.4804953560371517 0.5880952380952381 0.4854489164086687 0.5976190476190476 0.486687306501548 0.5988095238095238 0.5089783281733746 0.5988095238095238 0.5139318885448917 0.5880952380952381 0.5195046439628483 0.5607142857142857 0.5195046439628483 0.4107142857142857 0.5145510835913313 0.3904761904761905 0.5015479876160991 0.3904761904761905 
9 0.5256965944272446 0.3904761904761905 0.5151702786377709 0.4107142857142857 0.5102167182662539 0.5523809523809524 0.5102167182662539 0.5892857142857143 0.5213622291021672 0.5988095238095238 0.5486068111455108 0.5988095238095238 0.5541795665634675 0.5785714285714286 0.5541795665634675 0.5619047619047619 0.5492260061919505 0.48928571428571427 0.5442724458204334 0.41904761904761906 0.5393188854489164 0.3904761904761905 0.5256965944272446 0.3904761904761905 
10 0.5653250773993808 0.4 0.5597523219814241 0.4095238095238095 0.5554179566563467 0.41904761904761906 0.5547987616099072 0.4238095238095238 0.544891640866873 0.5535714285714286 0.544891640866873 0.5880952380952381 0.5498452012383901 0.5988095238095238 0.5739938080495356 0.5988095238095238 0.5739938080495356 0.4011904761904762 0.573374613003096 0.4 0.5653250773993808 0.4 
11 0.5907120743034056 0.3904761904761905 0.5894736842105263 0.39166666666666666 0.5845201238390093 0.4 0.5795665634674922 0.42857142857142855 0.5746130030959752 0.4583333333333333 0.5696594427244582 0.5238095238095238 0.5696594427244582 0.5892857142857143 0.5758513931888545 0.5988095238095238 0.5845201238390093 0.6083333333333333 0.5987616099071208 0.6083333333333333 0.6037151702786377 0.5976190476190476 0.6086687306501548 0.5797619047619048 0.6086687306501548 0.5357142857142857 0.6037151702786377 0.39166666666666666 0.6030959752321982 0.3904761904761905 0.5907120743034056 0.3904761904761905 
12 0.6068111455108359 0.3904761904761905 0.6055727554179566 0.39166666666666666 0.6043343653250774 0.39404761904761904 0.5993808049535604 0.4226190476190476 0.5993808049535604 0.5833333333333334 0.6 0.5869047619047619 0.6006191950464397 0.5892857142857143 0.6142414860681115 0.5988095238095238 0.6334365325077399 0.5988095238095238 0.6334365325077399 0.4607142857142857 0.628482972136223 0.3952380952380952 0.6278637770897832 0.39285714285714285 0.6260061919504644 0.3904761904761905 0.6068111455108359 0.3904761904761905 
13 0.6297213622291021 0.4 0.6291021671826625 0.4011904761904762 0.6241486068111455 0.4297619047619048 0.6241486068111455 0.4654761904761905 0.6291021671826625 0.5880952380952381 0.6303405572755418 0.5892857142857143 0.6631578947368421 0.5892857142857143 0.6631578947368421 0.5380952380952381 0.653250773993808 0.430952380952381 0.648297213622291 0.4095238095238095 0.643343653250774 0.4011904761904762 0.6421052631578947 0.4 0.6297213622291021 0.4 
15 0.7139318885448916 0.3904761904761905 0.708359133126935 0.4 0.7034055727554179 0.4095238095238095 0.698452012383901 0.42857142857142855 0.6885448916408669 0.5142857142857142 0.6885448916408669 0.5357142857142857 0.6891640866873066 0.5416666666666666 0.6934984520123839 0.5607142857142857 0.6990712074303406 0.5702380952380952 0.7176470588235294 0.5702380952380952 0.746749226006192 0.5607142857142857 0.7473684210526316 0.5583333333333333 0.7473684210526316 0.5154761904761904 0.7374613003095976 0.4095238095238095 0.7325077399380805 0.39166666666666666 0.7318885448916409 0.3904761904761905 0.7139318885448916 0.3904761904761905 
16 0.7591331269349845 0.38095238095238093 0.7486068111455109 0.3904761904761905 0.7436532507739938 0.4 0.7380804953560371 0.41904761904761906 0.7331269349845201 0.44047619047619047 0.7281733746130031 0.4785714285714286 0.7281733746130031 0.49404761904761907 0.7380804953560371 0.5190476190476191 0.7393188854489164 0.5214285714285715 0.7405572755417956 0.5226190476190476 0.7523219814241486 0.5226190476190476 0.7572755417956656 0.513095238095238 0.7622291021671826 0.5023809523809524 0.7671826625386997 0.4845238095238095 0.7770897832817337 0.42738095238095236 0.7770897832817337 0.3821428571428571 0.7764705882352941 0.38095238095238093 0.7591331269349845 0.38095238095238093 
17 0.7386996904024767 0.5523809523809524 0.7281733746130031 0.5619047619047619 0.7232198142414861 0.5714285714285714 0.7232198142414861 0.6071428571428571 0.7281733746130031 0.6261904761904762 0.7380804953560371 0.655952380952381 0.7578947368421053 0.694047619047619 0.7919504643962848 0.694047619047619 0.7969040247678019 0.6845238095238095 0.7969040247678019 0.6488095238095238 0.7770897832817337 0.5630952380952381 0.7721362229102167 0.5523809523809524 0.7386996904024767 0.5523809523809524 
18 0.7040247678018576 0.580952380952381 0.6835913312693499 0.5904761904761905 0.6792569659442724 0.6 0.6786377708978328 0.6023809523809524 0.6786377708978328 0.6464285714285715 0.698452012383901 0.7119047619047619 0.718266253869969 0.7511904761904762 0.7238390092879257 0.7607142857142857 0.7374613003095976 0.7607142857142857 0.7572755417956656 0.7321428571428571 0.7572755417956656 0.7083333333333334 0.7325077399380805 0.6095238095238096 0.7275541795665634 0.5916666666666667 0.7226006191950465 0.5821428571428572 0.7207430340557276 0.580952380952381 0.7040247678018576 0.580952380952381 
19 0.6501547987616099 0.6 0.6241486068111455 0.6095238095238096 0.6241486068111455 0.6464285714285715 0.6439628482972136 0.7404761904761905 0.6495356037151703 0.7607142857142857 0.6637770897832818 0.7797619047619048 0.6780185758513931 0.7797619047619048 0.6978328173374613 0.7607142857142857 0.6978328173374613 0.7142857142857143 0.6829721362229102 0.6 0.6501547987616099 0.6 
20 0.6092879256965944 0.6095238095238096 0.5944272445820433 0.6285714285714286 0.5944272445820433 0.6440476190476191 0.595046439628483 0.6488095238095238 0.5993808049535604 0.6726190476190477 0.6241486068111455 0.7690476190476191 0.6291021671826625 0.7880952380952381 0.6340557275541796 0.7988095238095239 0.6390092879256966 0.8071428571428572 0.643343653250774 0.8071428571428572 0.643343653250774 0.6988095238095238 0.638390092879257 0.65 0.628482972136223 0.6107142857142858 0.6278637770897832 0.6095238095238096 0.6092879256965944 0.6095238095238096 
21 0.5795665634674922 0.6190476190476191 0.5696594427244582 0.638095238095238 0.5696594427244582 0.6833333333333333 0.5845201238390093 0.7988095238095239 0.5907120743034056 0.8083333333333333 0.6012383900928793 0.8083333333333333 0.6030959752321982 0.8011904761904762 0.6086687306501548 0.7297619047619047 0.6086687306501548 0.6666666666666666 0.6037151702786377 0.6190476190476191 0.5795665634674922 0.6190476190476191 
22 0.5498452012383901 0.6285714285714286 0.5405572755417957 0.6476190476190476 0.5399380804953561 0.6535714285714286 0.5399380804953561 0.7035714285714286 0.544891640866873 0.7892857142857143 0.5504643962848297 0.8083333333333333 0.5678018575851393 0.8083333333333333 0.5690402476780185 0.8071428571428572 0.5739938080495356 0.7785714285714286 0.5789473684210527 0.680952380952381 0.5789473684210527 0.6797619047619048 0.5739938080495356 0.6297619047619047 0.573374613003096 0.6285714285714286 0.5498452012383901 0.6285714285714286 
23 0.525077399380805 0.6095238095238096 0.5201238390092879 0.6202380952380953 0.5201238390092879 0.7785714285714286 0.5226006191950464 0.7797619047619048 0.5337461300309597 0.7797619047619048 0.5393188854489164 0.7702380952380953 0.5492260061919505 0.6726190476190477 0.5492260061919505 0.6190476190476191 0.5343653250773994 0.6095238095238096 0.525077399380805 0.6095238095238096 
24 0.5052631578947369 0.6095238095238096 0.5009287925696595 0.6190476190476191 0.5003095975232198 0.6238095238095238 0.5003095975232198 0.680952380952381 0.5052631578947369 0.7321428571428571 0.5102167182662539 0.7535714285714286 0.5114551083591331 0.7571428571428571 0.5145510835913313 0.7607142857142857 0.5195046439628483 0.7607142857142857 0.5244582043343653 0.75 0.5244582043343653 0.6190476190476191 0.5145510835913313 0.6107142857142858 0.5095975232198142 0.6095238095238096 0.5052631578947369 0.6095238095238096 
25 0.4953560371517028 0.611904761904762 0.4804953560371517 0.6190476190476191 0.4804953560371517 0.6357142857142857 0.4904024767801858 0.7416666666666667 0.4953560371517028 0.7702380952380953 0.5040247678018576 0.7702380952380953 0.5046439628482973 0.7678571428571429 0.5046439628482973 0.6190476190476191 0.5021671826625387 0.6154761904761905 0.496594427244582 0.611904761904762 0.4953560371517028 0.611904761904762 
26 0.47678018575851394 0.6095238095238096 0.45572755417956656 0.6190476190476191 0.45572755417956656 0.6273809523809524 0.47058823529411764 0.7392857142857143 0.47554179566563465 0.7702380952380953 0.4804953560371517 0.7797619047619048 0.49473684210526314 0.7797619047619048 0.49473684210526314 0.7345238095238096 0.48978328173374613 0.6095238095238096 0.47678018575851394 0.6095238095238096 
27 0.4359133126934985 0.6190476190476191 0.4309597523219814 0.6595238095238095 0.4309597523219814 0.694047619047619 0.4359133126934985 0.7773809523809524 0.4408668730650155 0.7988095238095239 0.4458204334365325 0.8071428571428572 0.4476780185758514 0.8083333333333333 0.448297213622291 0.8083333333333333 0.4501547987616099 0.8071428571428572 0.4551083591331269 0.7976190476190477 0.460061919504644 0.7785714285714286 0.465015479876161 0.75 0.469969040247678 0.6928571428571428 0.469969040247678 0.6583333333333333 0.465015479876161 0.638095238095238 0.460061919504644 0.6285714285714286 0.4544891640866873 0.6190476190476191 0.4359133126934985 0.6190476190476191 
28 0.41114551083591333 0.6095238095238096 0.40619195046439627 0.6190476190476191 0.4018575851393189 0.6285714285714286 0.40123839009287926 0.6309523809523809 0.40123839009287926 0.7976190476190477 0.4018575851393189 0.7988095238095239 0.4154798761609907 0.7988095238095239 0.4198142414860681 0.7892857142857143 0.42538699690402476 0.7678571428571429 0.43529411764705883 0.7035714285714286 0.44024767801857584 0.6630952380952381 0.44024767801857584 0.6190476190476191 0.4346749226006192 0.6095238095238096 0.41114551083591333 0.6095238095238096 
29 0.3721362229102167 0.6 0.3715170278637771 0.6023809523809524 0.36656346749226004 0.6583333333333333 0.36656346749226004 0.7976190476190477 0.3671826625386997 0.7988095238095239 0.38080495356037153 0.7988095238095239 0.38575851393188854 0.7880952380952381 0.3907120743034056 0.7702380952380953 0.3956656346749226 0.75 0.4055727554179567 0.6928571428571428 0.4105263157894737 0.6369047619047619 0.4105263157894737 0.6107142857142858 0.40495356037151703 0.6 0.3721362229102167 0.6 
30 0.3219814241486068 0.5904761904761905 0.3170278637770898 0.6107142857142858 0.29721362229102166 0.7238095238095238 0.29721362229102166 0.7607142857142857 0.3176470588235294 0.7797619047619048 0.32507739938080493 0.7797619047619048 0.33622291021671824 0.7702380952380953 0.3455108359133127 0.7607142857142857 0.3510835913312694 0.7511904761904762 0.3609907120743034 0.7321428571428571 0.37089783281733746 0.694047619047619 0.37585139318885447 0.655952380952381 0.37585139318885447 0.6107142857142858 0.3752321981424149 0.6095238095238096 0.3609907120743034 0.5928571428571429 0.3585139318885449 0.5904761904761905 0.3219814241486068 0.5904761904761905 
31 0.2736842105263158 0.5714285714285714 0.2724458204334365 0.5726190476190476 0.2674922600619195 0.5821428571428572 0.2631578947368421 0.6 0.2476780185758514 0.7047619047619048 0.2476780185758514 0.7321428571428571 0.25263157894736843 0.7404761904761905 0.26873065015479874 0.7511904761904762 0.28606811145510835 0.7511904761904762 0.3015479876160991 0.7309523809523809 0.3065015479876161 0.7130952380952381 0.31145510835913315 0.694047619047619 0.32136222910216716 0.6464285714285715 0.3263157894736842 0.6166666666666667 0.3263157894736842 0.5916666666666667 0.3256965944272446 0.5904761904761905 0.31145510835913315 0.5714285714285714 0.2736842105263158 0.5714285714285714 
32 0.2241486068111455 0.5619047619047619 0.22291021671826625 0.5630952380952381 0.21857585139318886 0.5714285714285714 0.21795665634674924 0.5738095238095238 0.20804953560371517 0.6488095238095238 0.20804953560371517 0.7023809523809523 0.2086687306501548 0.7035714285714286 0.21795665634674924 0.7130952380952381 0.24643962848297213 0.7130952380952381 0.2520123839009288 0.7035714285714286 0.2563467492260062 0.694047619047619 0.26191950464396285 0.6726190476190477 0.26687306501547986 0.6452380952380953 0.2718266253869969 0.6083333333333333 0.2718266253869969 0.5738095238095238 0.2712074303405573 0.5714285714285714 0.26687306501547986 0.5619047619047619 0.2241486068111455 0.5619047619047619 