1 0.2724458204334365 0.2761904761904762 0.2674922600619195 0.3047619047619048 0.2625386996904025 0.3619047619047619 0.2625386996904025 0.4238095238095238 0.2631578947368421 0.42738095238095236 0.2674922600619195 0.4357142857142857 0.2773993808049536 0.44642857142857145 0.31145510835913315 0.44642857142857145 0.3157894736842105 0.4369047619047619 0.31640866873065016 0.43333333333333335 0.31640866873065016 0.4 0.3065015479876161 0.34404761904761905 0.3015479876160991 0.31785714285714284 0.29659442724458207 0.29523809523809524 0.291640866873065 0.2761904761904762 0.2724458204334365 0.2761904761904762 
5 0.3863777089783282 0.26666666666666666 0.3814241486068111 0.2761904761904762 0.3764705882352941 0.29523809523809524 0.3715170278637771 0.3904761904761905 0.3715170278637771 0.4654761904761905 0.3764705882352941 0.475 0.39009287925696595 0.475 0.40990712074303404 0.4654761904761905 0.4105263157894737 0.4630952380952381 0.4105263157894737 0.3904761904761905 0.4055727554179567 0.3345238095238095 0.4006191950464396 0.2892857142857143 0.4 0.2857142857142857 0.39009287925696595 0.26666666666666666 0.3863777089783282 0.26666666666666666 
6 0.4068111455108359 0.23809523809523808 0.4018575851393189 0.24761904761904763 0.40123839009287926 0.25 0.40123839009287926 0.3607142857142857 0.40619195046439627 0.475 0.43034055727554177 0.475 0.44024767801857584 0.4654761904761905 0.44024767801857584 0.42142857142857143 0.43034055727554177 0.3047619047619048 0.42043343653250775 0.24761904761904763 0.4154798761609907 0.23809523809523808 0.4068111455108359 0.23809523809523808 
7 0.45139318885448915 0.2761904761904762 0.4458204334365325 0.2857142857142857 0.4408668730650155 0.3142857142857143 0.4359133126934985 0.36547619047619045 0.4359133126934985 0.4845238095238095 0.4681114551083591 0.4845238095238095 0.4693498452012384 0.48333333333333334 0.469969040247678 0.48214285714285715 0.469969040247678 0.4380952380952381 0.465015479876161 0.31547619047619047 0.460061919504644 0.2869047619047619 0.4551083591331269 0.2761904761904762 0.45139318885448915 0.2761904761904762 
8 0.46563467492260063 0.2761904761904762 0.46068111455108357 0.34285714285714286 0.46068111455108357 0.44642857142857145 0.46563467492260063 0.4845238095238095 0.5046439628482973 0.4845238095238095 0.5046439628482973 0.4488095238095238 0.4996904024767802 0.38095238095238093 0.49473684210526314 0.34523809523809523 0.4848297213622291 0.2761904761904762 0.46563467492260063 0.2761904761904762 
9 0.5102167182662539 0.2761904761904762 0.5052631578947369 0.3047619047619048 0.4953560371517028 0.42142857142857143 0.4953560371517028 0.4523809523809524 0.5003095975232198 0.49404761904761907 0.5386996904024768 0.49404761904761907 0.5393188854489164 0.49047619047619045 0.5393188854489164 0.38095238095238093 0.5343653250773994 0.30952380952380953 0.5337461300309597 0.3047619047619048 0.5294117647058824 0.2761904761904762 0.5102167182662539 0.2761904761904762 
10 0.5405572755417957 0.26666666666666666 0.5399380804953561 0.26785714285714285 0.534984520123839 0.3523809523809524 0.534984520123839 0.4845238095238095 0.5492260061919505 0.4845238095238095 0.5690402476780185 0.475 0.5690402476780185 0.3523809523809524 0.5640866873065016 0.3047619047619048 0.5591331269349845 0.2761904761904762 0.5541795665634675 0.26666666666666666 0.5405572755417957 0.26666666666666666 
11 0.5752321981424149 0.23809523809523808 0.5746130030959752 0.24166666666666667 0.5696594427244582 0.2857142857142857 0.5647058823529412 0.4107142857142857 0.5647058823529412 0.444047619047619 0.5696594427244582 0.48214285714285715 0.5702786377708978 0.4845238095238095 0.6030959752321982 0.4845238095238095 0.6037151702786377 0.48214285714285715 0.6037151702786377 0.34285714285714286 0.5987616099071208 0.28809523809523807 0.5888544891640867 0.23809523809523808 0.5752321981424149 0.23809523809523808 
12 0.6043343653250774 0.26666666666666666 0.5993808049535604 0.2761904761904762 0.5944272445820433 0.3238095238095238 0.5944272445820433 0.35119047619047616 0.5993808049535604 0.48214285714285715 0.6 0.4845238095238095 0.6043343653250774 0.49404761904761907 0.6173374613003096 0.49404761904761907 0.628482972136223 0.4845238095238095 0.6328173374613003 0.475 0.6334365325077399 0.4726190476190476 0.6334365325077399 0.4 0.6235294117647059 0.3047619047619048 0.6185758513931888 0.2773809523809524 0.6136222910216719 0.26666666666666666 0.6043343653250774 0.26666666666666666 
18 0.7380804953560371 0.4857142857142857 0.718266253869969 0.5154761904761904 0.713312693498452 0.525 0.713312693498452 0.55 0.718266253869969 0.5702380952380952 0.7331269349845201 0.5988095238095238 0.7386996904024767 0.6083333333333333 0.7578947368421053 0.6369047619047619 0.7814241486068112 0.6369047619047619 0.7919504643962848 0.6273809523809524 0.8018575851393189 0.6178571428571429 0.8018575851393189 0.5916666666666667 0.7962848297213623 0.5714285714285714 0.7671826625386997 0.4869047619047619 0.76656346749226 0.4857142857142857 0.7380804953560371 0.4857142857142857 
19 0.6934984520123839 0.5142857142857142 0.6687306501547987 0.5428571428571428 0.6687306501547987 0.5797619047619048 0.6792569659442724 0.6083333333333333 0.698452012383901 0.655952380952381 0.708359133126935 0.675 0.7139318885448916 0.6845238095238095 0.7232198142414861 0.694047619047619 0.7424148606811145 0.694047619047619 0.7517027863777089 0.675 0.7523219814241486 0.6369047619047619 0.7523219814241486 0.6285714285714286 0.7473684210526316 0.611904761904762 0.7176470588235294 0.5238095238095238 0.7126934984520124 0.5142857142857142 0.6934984520123839 0.5142857142857142 
20 0.6544891640866873 0.5333333333333333 0.6390092879256966 0.5428571428571428 0.6390092879256966 0.6083333333333333 0.6439628482972136 0.6261904761904762 0.6588235294117647 0.6738095238095239 0.6786377708978328 0.7309523809523809 0.679876160990712 0.7321428571428571 0.6922600619195046 0.7321428571428571 0.6928792569659443 0.7297619047619047 0.6928792569659443 0.6761904761904762 0.6780185758513931 0.580952380952381 0.6730650154798762 0.5523809523809524 0.6681114551083591 0.5345238095238095 0.6674922600619195 0.5333333333333333 0.6544891640866873 0.5333333333333333 
21 0.6099071207430341 0.5428571428571428 0.6043343653250774 0.5535714285714286 0.6043343653250774 0.5666666666666667 0.6092879256965944 0.6166666666666667 0.6241486068111455 0.7297619047619047 0.6291021671826625 0.7511904761904762 0.6476780185758514 0.7511904761904762 0.648297213622291 0.75 0.648297213622291 0.7047619047619048 0.643343653250774 0.580952380952381 0.6377708978328174 0.5523809523809524 0.6328173374613003 0.5428571428571428 0.6099071207430341 0.5428571428571428 
22 0.5758513931888545 0.5523809523809524 0.5746130030959752 0.5535714285714286 0.5696594427244582 0.5630952380952381 0.5696594427244582 0.6178571428571429 0.5746130030959752 0.6630952380952381 0.5845201238390093 0.719047619047619 0.5944272445820433 0.7583333333333333 0.595046439628483 0.7607142857142857 0.6 0.7702380952380953 0.6130030959752322 0.7702380952380953 0.6136222910216719 0.7690476190476191 0.6136222910216719 0.6547619047619048 0.6086687306501548 0.5738095238095238 0.6080495356037152 0.5714285714285714 0.6037151702786377 0.5619047619047619 0.5981424148606811 0.5523809523809524 0.5758513931888545 0.5523809523809524 
23 0.5455108359133127 0.5714285714285714 0.5399380804953561 0.580952380952381 0.5399380804953561 0.6166666666666667 0.5547987616099072 0.7119047619047619 0.5647058823529412 0.7702380952380953 0.5777089783281734 0.7702380952380953 0.5789473684210527 0.7678571428571429 0.5789473684210527 0.6761904761904762 0.5739938080495356 0.575 0.573374613003096 0.5714285714285714 0.5455108359133127 0.5714285714285714 
24 0.5003095975232198 0.5714285714285714 0.5003095975232198 0.5857142857142857 0.5052631578947369 0.6273809523809524 0.5151702786377709 0.6845238095238095 0.5207430340557275 0.7130952380952381 0.525077399380805 0.7309523809523809 0.530030959752322 0.7511904761904762 0.5436532507739938 0.7511904761904762 0.5442724458204334 0.75 0.5442724458204334 0.6595238095238095 0.5393188854489164 0.5904761904761905 0.5343653250773994 0.5726190476190476 0.5331269349845201 0.5714285714285714 0.5003095975232198 0.5714285714285714 
25 0.48297213622291024 0.5714285714285714 0.4804953560371517 0.5726190476190476 0.47554179566563465 0.580952380952381 0.47058823529411764 0.6023809523809524 0.47058823529411764 0.7023809523809523 0.47554179566563465 0.7702380952380953 0.4804953560371517 0.7797619047619048 0.4891640866873065 0.7797619047619048 0.49473684210526314 0.7702380952380953 0.4996904024767802 0.7595238095238095 0.5046439628482973 0.7226190476190476 0.5095975232198142 0.6369047619047619 0.5095975232198142 0.5845238095238096 0.5089783281733746 0.580952380952381 0.5046439628482973 0.5714285714285714 0.48297213622291024 0.5714285714285714 
26 0.44148606811145513 0.5714285714285714 0.4408668730650155 0.5738095238095238 0.4408668730650155 0.7607142857142857 0.4501547987616099 0.7607142857142857 0.4551083591331269 0.7511904761904762 0.45944272445820433 0.7416666666666667 0.460061919504644 0.7392857142857143 0.465015479876161 0.7095238095238096 0.469969040247678 0.6738095238095239 0.47492260061919506 0.6369047619047619 0.47492260061919506 0.5738095238095238 0.4743034055727554 0.5726190476190476 0.4712074303405573 0.5714285714285714 0.44148606811145513 0.5714285714285714 
27 0.41609907120743034 0.5619047619047619 0.40619195046439627 0.580952380952381 0.40123839009287926 0.6773809523809524 0.40123839009287926 0.7607142857142857 0.4148606811145511 0.7607142857142857 0.42043343653250775 0.7511904761904762 0.44024767801857584 0.6654761904761904 0.44024767801857584 0.5642857142857143 0.4390092879256966 0.5619047619047619 0.41609907120743034 0.5619047619047619 
28 0.38204334365325077 0.5523809523809524 0.37708978328173376 0.5619047619047619 0.3764705882352941 0.5642857142857143 0.36656346749226004 0.6761904761904762 0.36656346749226004 0.7416666666666667 0.3752321981424149 0.7416666666666667 0.38080495356037153 0.7309523809523809 0.38575851393188854 0.7130952380952381 0.3907120743034056 0.6928571428571428 0.4055727554179567 0.6273809523809524 0.4105263157894737 0.5988095238095238 0.4105263157894737 0.5714285714285714 0.4 0.5523809523809524 0.38204334365325077 0.5523809523809524 
29 0.3523219814241486 0.5523809523809524 0.34674922600619196 0.5619047619047619 0.3318885448916409 0.6678571428571428 0.3318885448916409 0.7130952380952381 0.3510835913312694 0.7130952380952381 0.3560371517027864 0.7023809523809523 0.37585139318885447 0.6369047619047619 0.38080495356037153 0.6178571428571429 0.38080495356037153 0.555952380952381 0.37956656346749224 0.5523809523809524 0.3523219814241486 0.5523809523809524 
31 0.243343653250774 0.47619047619047616 0.2130030959752322 0.5238095238095238 0.20371517027863778 0.5428571428571428 0.19814241486068113 0.5630952380952381 0.19814241486068113 0.569047619047619 0.20309597523219813 0.5880952380952381 0.2086687306501548 0.6083333333333333 0.2452012383900929 0.6083333333333333 0.24705882352941178 0.6071428571428571 0.26687306501547986 0.5797619047619048 0.28173374613003094 0.5511904761904762 0.28173374613003094 0.5047619047619047 0.27678018575851393 0.49523809523809526 0.2712074303405573 0.4857142857142857 0.26191950464396285 0.47619047619047616 0.243343653250774 0.47619047619047616 