2 0.2724458204334365 0.3523809523809524 0.2674922600619195 0.49642857142857144 0.2674922600619195 0.513095238095238 0.2724458204334365 0.5404761904761904 0.2773993808049536 0.5511904761904762 0.3201238390092879 0.5511904761904762 0.3306501547987616 0.5416666666666666 0.33126934984520123 0.5404761904761904 0.33126934984520123 0.4880952380952381 0.32136222910216716 0.4392857142857143 0.31640866873065016 0.41904761904761906 0.3065015479876161 0.38095238095238093 0.30092879256965943 0.3619047619047619 0.29659442724458207 0.3523809523809524 0.2724458204334365 0.3523809523809524 
3 0.334984520123839 0.3523809523809524 0.3318885448916409 0.3547619047619048 0.3269349845201238 0.3619047619047619 0.3219814241486068 0.37142857142857144 0.3219814241486068 0.4928571428571429 0.3269349845201238 0.5511904761904762 0.36470588235294116 0.5511904761904762 0.3801857585139319 0.5416666666666666 0.38080495356037153 0.5404761904761904 0.38080495356037153 0.45714285714285713 0.37585139318885447 0.41904761904761906 0.3603715170278638 0.37142857142857144 0.3510835913312694 0.3535714285714286 0.3492260061919505 0.3523809523809524 0.334984520123839 0.3523809523809524 
4 0.36160990712074303 0.3333333333333333 0.36160990712074303 0.40595238095238095 0.3715170278637771 0.5404761904761904 0.3721362229102167 0.5416666666666666 0.37770897832817335 0.5511904761904762 0.4105263157894737 0.5511904761904762 0.4154798761609907 0.5416666666666666 0.42043343653250775 0.530952380952381 0.42043343653250775 0.4857142857142857 0.38575851393188854 0.3619047619047619 0.37585139318885447 0.3345238095238095 0.3746130030959752 0.3333333333333333 0.36160990712074303 0.3333333333333333 
6 0.40123839009287926 0.3047619047619048 0.39628482972136225 0.3142857142857143 0.3913312693498452 0.34404761904761905 0.3913312693498452 0.4261904761904762 0.40619195046439627 0.5416666666666666 0.44024767801857584 0.5416666666666666 0.4452012383900929 0.5321428571428571 0.4452012383900929 0.45714285714285713 0.43529411764705883 0.3904761904761905 0.4154798761609907 0.305952380952381 0.4136222910216718 0.3047619047619048 0.40123839009287926 0.3047619047619048 
7 0.4563467492260062 0.3047619047619048 0.45572755417956656 0.305952380952381 0.4458204334365325 0.3619047619047619 0.4408668730650155 0.4035714285714286 0.4408668730650155 0.530952380952381 0.4421052631578947 0.5321428571428571 0.469969040247678 0.5321428571428571 0.4743034055727554 0.5226190476190476 0.47492260061919506 0.5202380952380953 0.47492260061919506 0.4 0.469969040247678 0.3142857142857143 0.46439628482972134 0.3047619047619048 0.4563467492260062 0.3047619047619048 
8 0.4904024767801858 0.3142857142857143 0.48606811145510836 0.3238095238095238 0.4804953560371517 0.3464285714285714 0.47058823529411764 0.39166666666666666 0.47058823529411764 0.530952380952381 0.4712074303405573 0.5321428571428571 0.5095975232198142 0.5321428571428571 0.5095975232198142 0.3904761904761905 0.5046439628482973 0.34404761904761905 0.4996904024767802 0.3142857142857143 0.4904024767801858 0.3142857142857143 
9 0.5201238390092879 0.3142857142857143 0.5151702786377709 0.3238095238095238 0.5102167182662539 0.34285714285714286 0.5052631578947369 0.44166666666666665 0.5052631578947369 0.5297619047619048 0.5058823529411764 0.5321428571428571 0.5442724458204334 0.5321428571428571 0.5492260061919505 0.5214285714285715 0.5492260061919505 0.4928571428571429 0.5486068111455108 0.4666666666666667 0.5442724458204334 0.37142857142857144 0.5436532507739938 0.3619047619047619 0.5386996904024768 0.3142857142857143 0.5201238390092879 0.3142857142857143 
10 0.5547987616099072 0.3238095238095238 0.5498452012383901 0.3619047619047619 0.544891640866873 0.41904761904761906 0.544891640866873 0.513095238095238 0.5789473684210527 0.513095238095238 0.5789473684210527 0.38333333333333336 0.5739938080495356 0.3238095238095238 0.5547987616099072 0.3238095238095238 
11 0.5993808049535604 0.3047619047619048 0.590092879256966 0.3238095238095238 0.5845201238390093 0.34404761904761905 0.5795665634674922 0.3964285714285714 0.5746130030959752 0.45714285714285713 0.5746130030959752 0.48333333333333334 0.5795665634674922 0.5226190476190476 0.6086687306501548 0.5226190476190476 0.6130030959752322 0.513095238095238 0.6136222910216719 0.5107142857142857 0.6136222910216719 0.3238095238095238 0.6086687306501548 0.305952380952381 0.6068111455108359 0.3047619047619048 0.5993808049535604 0.3047619047619048 
12 0.6396284829721363 0.3142857142857143 0.6291021671826625 0.3333333333333333 0.6247678018575852 0.34285714285714286 0.6191950464396285 0.36428571428571427 0.6142414860681115 0.4011904761904762 0.6092879256965944 0.44761904761904764 0.6043343653250774 0.5154761904761904 0.6043343653250774 0.5226190476190476 0.6427244582043343 0.5226190476190476 0.643343653250774 0.5190476190476191 0.648297213622291 0.45595238095238094 0.648297213622291 0.31547619047619047 0.6464396284829721 0.3142857142857143 0.6396284829721363 0.3142857142857143 
14 0.6643962848297214 0.3333333333333333 0.6538699690402476 0.3535714285714286 0.6439628482972136 0.3904761904761905 0.6390092879256966 0.45714285714285713 0.6390092879256966 0.5202380952380953 0.6396284829721363 0.5226190476190476 0.6829721362229102 0.5226190476190476 0.6879256965944273 0.49404761904761907 0.6879256965944273 0.375 0.6873065015479877 0.37142857142857144 0.6829721362229102 0.3535714285714286 0.6780185758513931 0.3333333333333333 0.6643962848297214 0.3333333333333333 
15 0.7034055727554179 0.3238095238095238 0.698452012383901 0.3333333333333333 0.6891640866873066 0.3523809523809524 0.6835913312693499 0.36428571428571427 0.6786377708978328 0.4869047619047619 0.6786377708978328 0.5035714285714286 0.6835913312693499 0.5226190476190476 0.7213622291021672 0.5226190476190476 0.7325077399380805 0.513095238095238 0.7374613003095976 0.4928571428571429 0.7374613003095976 0.4666666666666667 0.7269349845201238 0.3238095238095238 0.7034055727554179 0.3238095238095238 
18 0.6687306501547987 0.5238095238095238 0.6637770897832818 0.5333333333333333 0.6637770897832818 0.5547619047619048 0.6687306501547987 0.6071428571428571 0.6736842105263158 0.6369047619047619 0.6835913312693499 0.6738095238095239 0.6941176470588235 0.7035714285714286 0.7170278637770898 0.7035714285714286 0.7368421052631579 0.6845238095238095 0.7374613003095976 0.6833333333333333 0.7374613003095976 0.611904761904762 0.7226006191950465 0.5428571428571428 0.7170278637770898 0.5238095238095238 0.6687306501547987 0.5238095238095238 
19 0.614860681114551 0.5238095238095238 0.6142414860681115 0.525 0.6142414860681115 0.5892857142857143 0.6241486068111455 0.6916666666666667 0.6291021671826625 0.7119047619047619 0.6390092879256966 0.7309523809523809 0.6414860681114551 0.7321428571428571 0.653250773993808 0.7321428571428571 0.6780185758513931 0.7226190476190476 0.6780185758513931 0.6607142857142857 0.6681114551083591 0.544047619047619 0.6625386996904025 0.5333333333333333 0.653250773993808 0.5238095238095238 0.614860681114551 0.5238095238095238 
20 0.5845201238390093 0.5428571428571428 0.5795665634674922 0.5535714285714286 0.5795665634674922 0.5892857142857143 0.5944272445820433 0.6845238095238095 0.6043343653250774 0.7226190476190476 0.6229102167182663 0.7226190476190476 0.6235294117647059 0.694047619047619 0.6235294117647059 0.580952380952381 0.6185758513931888 0.5428571428571428 0.5845201238390093 0.5428571428571428 
22 0.5647058823529412 0.5238095238095238 0.5597523219814241 0.5333333333333333 0.5597523219814241 0.6273809523809524 0.5795665634674922 0.7321428571428571 0.5851393188854489 0.7416666666666667 0.595046439628483 0.7511904761904762 0.5987616099071208 0.7511904761904762 0.5987616099071208 0.6607142857142857 0.5888544891640867 0.5345238095238095 0.5839009287925696 0.5238095238095238 0.5647058823529412 0.5238095238095238 
23 0.530030959752322 0.5333333333333333 0.530030959752322 0.6083333333333333 0.534984520123839 0.694047619047619 0.5399380804953561 0.7226190476190476 0.544891640866873 0.7416666666666667 0.5591331269349845 0.7416666666666667 0.5640866873065016 0.6083333333333333 0.5640866873065016 0.5345238095238095 0.5628482972136223 0.5333333333333333 0.530030959752322 0.5333333333333333 
24 0.5108359133126935 0.5333333333333333 0.5102167182662539 0.5345238095238095 0.5102167182662539 0.6238095238095238 0.5151702786377709 0.694047619047619 0.5201238390092879 0.7130952380952381 0.5337461300309597 0.7130952380952381 0.5343653250773994 0.7119047619047619 0.5393188854489164 0.5869047619047619 0.5393188854489164 0.5630952380952381 0.5343653250773994 0.5333333333333333 0.5108359133126935 0.5333333333333333 
25 0.4854489164086687 0.5428571428571428 0.4854489164086687 0.6178571428571429 0.4904024767801858 0.6928571428571428 0.4953560371517028 0.7226190476190476 0.5108359133126935 0.7226190476190476 0.5145510835913313 0.6833333333333333 0.5145510835913313 0.5428571428571428 0.4854489164086687 0.5428571428571428 
26 0.46687306501547987 0.5428571428571428 0.4613003095975232 0.5523809523809524 0.46068111455108357 0.5583333333333333 0.46068111455108357 0.5976190476190476 0.46563467492260063 0.7035714285714286 0.4712074303405573 0.7226190476190476 0.4761609907120743 0.7321428571428571 0.49473684210526314 0.7321428571428571 0.49473684210526314 0.6107142857142858 0.48978328173374613 0.5428571428571428 0.46687306501547987 0.5428571428571428 
27 0.4476780185758514 0.5428571428571428 0.4458204334365325 0.5452380952380952 0.4408668730650155 0.5535714285714286 0.43653250773993807 0.5619047619047619 0.4359133126934985 0.5642857142857143 0.4359133126934985 0.7607142857142857 0.4452012383900929 0.7607142857142857 0.4501547987616099 0.7511904761904762 0.460061919504644 0.7309523809523809 0.465015479876161 0.7130952380952381 0.465015479876161 0.544047619047619 0.46377708978328175 0.5428571428571428 0.4476780185758514 0.5428571428571428 
28 0.4068111455108359 0.5619047619047619 0.40123839009287926 0.5714285714285714 0.40123839009287926 0.75 0.4018575851393189 0.7511904761904762 0.4154798761609907 0.7511904761904762 0.42538699690402476 0.7416666666666667 0.43529411764705883 0.7226190476190476 0.43962848297213625 0.6845238095238095 0.44024767801857584 0.6761904761904762 0.44024767801857584 0.5619047619047619 0.4068111455108359 0.5619047619047619 
29 0.3027863777089783 0.5428571428571428 0.29721362229102166 0.5523809523809524 0.29226006191950465 0.5619047619047619 0.2773993808049536 0.6392857142857142 0.2724458204334365 0.6666666666666666 0.2724458204334365 0.7214285714285714 0.27306501547987616 0.7226190476190476 0.29226006191950465 0.7416666666666667 0.3015479876160991 0.7416666666666667 0.33126934984520123 0.7035714285714286 0.34055727554179566 0.6654761904761904 0.3461300309597523 0.6369047619047619 0.3560371517027864 0.5773809523809523 0.3560371517027864 0.5619047619047619 0.31640866873065016 0.5428571428571428 0.3027863777089783 0.5428571428571428 
30 0.3975232198142415 0.5428571428571428 0.3653250773993808 0.5523809523809524 0.36160990712074303 0.5535714285714286 0.35170278637770896 0.5630952380952381 0.34241486068111454 0.580952380952381 0.34179566563467495 0.5833333333333334 0.34179566563467495 0.6178571428571429 0.34674922600619196 0.7511904761904762 0.3603715170278638 0.7511904761904762 0.3993808049535604 0.7416666666666667 0.4006191950464396 0.7404761904761905 0.4055727554179567 0.7321428571428571 0.4154798761609907 0.5702380952380952 0.4154798761609907 0.5630952380952381 0.4055727554179567 0.5452380952380952 0.4037151702786378 0.5428571428571428 0.3975232198142415 0.5428571428571428 