2 0.3269349845201238 0.34285714285714286 0.3170278637770898 0.3619047619047619 0.3027863777089783 0.4 0.3021671826625387 0.4023809523809524 0.3021671826625387 0.45476190476190476 0.3176470588235294 0.4845238095238095 0.34055727554179566 0.4845238095238095 0.3461300309597523 0.475 0.3609907120743034 0.3880952380952381 0.3609907120743034 0.37142857142857144 0.330030959752322 0.34285714285714286 0.3269349845201238 0.34285714285714286 
3 0.35294117647058826 0.37142857142857144 0.35170278637770896 0.3726190476190476 0.3318885448916409 0.4869047619047619 0.3318885448916409 0.5416666666666666 0.3368421052631579 0.5511904761904762 0.34241486068111454 0.5607142857142857 0.37585139318885447 0.5607142857142857 0.38080495356037153 0.5416666666666666 0.38080495356037153 0.38095238095238093 0.3609907120743034 0.37142857142857144 0.35294117647058826 0.37142857142857144 
4 0.3913312693498452 0.34285714285714286 0.3814241486068111 0.4011904761904762 0.3814241486068111 0.4369047619047619 0.3863777089783282 0.4845238095238095 0.39195046439628484 0.49404761904761907 0.4105263157894737 0.49404761904761907 0.42043343653250775 0.48333333333333334 0.4247678018575851 0.475 0.42538699690402476 0.47023809523809523 0.42538699690402476 0.45 0.4105263157894737 0.3535714285714286 0.40495356037151703 0.34285714285714286 0.3913312693498452 0.34285714285714286 
5 0.41671826625387 0.3619047619047619 0.41114551083591333 0.3821428571428571 0.40619195046439627 0.5619047619047619 0.40619195046439627 0.5785714285714286 0.40743034055727556 0.5797619047619048 0.4198142414860681 0.5797619047619048 0.42910216718266253 0.5702380952380952 0.43529411764705883 0.5595238095238095 0.44024767801857584 0.475 0.44024767801857584 0.38095238095238093 0.4346749226006192 0.3619047619047619 0.41671826625387 0.3619047619047619 
6 0.4421052631578947 0.3523809523809524 0.4408668730650155 0.3547619047619048 0.4359133126934985 0.3904761904761905 0.4309597523219814 0.46785714285714286 0.4260061919504644 0.5535714285714286 0.4260061919504644 0.569047619047619 0.4309597523219814 0.5976190476190476 0.43157894736842106 0.5988095238095238 0.44953560371517026 0.5988095238095238 0.4551083591331269 0.5785714285714286 0.460061919504644 0.5404761904761904 0.460061919504644 0.3738095238095238 0.4551083591331269 0.3523809523809524 0.4421052631578947 0.3523809523809524 
7 0.4662538699690402 0.41904761904761906 0.46068111455108357 0.42857142857142855 0.45572755417956656 0.44761904761904764 0.45077399380804956 0.5047619047619047 0.45077399380804956 0.5988095238095238 0.46068111455108357 0.6178571428571429 0.47492260061919506 0.6178571428571429 0.47987616099071206 0.5964285714285714 0.47987616099071206 0.41904761904761906 0.4662538699690402 0.41904761904761906 
8 0.4854489164086687 0.4095238095238095 0.4804953560371517 0.42857142857142855 0.47554179566563465 0.4869047619047619 0.47058823529411764 0.5904761904761905 0.47058823529411764 0.6071428571428571 0.4804953560371517 0.6273809523809524 0.5046439628482973 0.6273809523809524 0.5095975232198142 0.5988095238095238 0.5095975232198142 0.5547619047619048 0.5046439628482973 0.46904761904761905 0.4996904024767802 0.42857142857142855 0.49411764705882355 0.4095238095238095 0.4854489164086687 0.4095238095238095 
9 0.5226006191950464 0.4 0.5213622291021672 0.4011904761904762 0.5151702786377709 0.4095238095238095 0.5102167182662539 0.41904761904761906 0.5052631578947369 0.45714285714285713 0.5052631578947369 0.6273809523809524 0.5343653250773994 0.6273809523809524 0.5393188854489164 0.6178571428571429 0.5393188854489164 0.5523809523809524 0.5343653250773994 0.4511904761904762 0.5294117647058824 0.4107142857142857 0.5238390092879257 0.4 0.5226006191950464 0.4 
10 0.5368421052631579 0.41904761904761906 0.534984520123839 0.42023809523809524 0.530030959752322 0.44761904761904764 0.530030959752322 0.513095238095238 0.534984520123839 0.6059523809523809 0.5356037151702786 0.6083333333333333 0.5399380804953561 0.6166666666666667 0.5411764705882353 0.6178571428571429 0.5541795665634675 0.6178571428571429 0.5585139318885449 0.6083333333333333 0.5591331269349845 0.6023809523809524 0.5591331269349845 0.525 0.5541795665634675 0.46785714285714286 0.5492260061919505 0.4380952380952381 0.5442724458204334 0.42023809523809524 0.5430340557275541 0.41904761904761906 0.5368421052631579 0.41904761904761906 
11 0.5597523219814241 0.34285714285714286 0.5547987616099072 0.3726190476190476 0.5547987616099072 0.5797619047619048 0.5597523219814241 0.5976190476190476 0.561609907120743 0.5988095238095238 0.578328173374613 0.5988095238095238 0.5839009287925696 0.5880952380952381 0.5839009287925696 0.55 0.5789473684210527 0.3726190476190476 0.5739938080495356 0.34285714285714286 0.5597523219814241 0.34285714285714286 
12 0.5801857585139318 0.37142857142857144 0.5752321981424149 0.38095238095238093 0.5746130030959752 0.38333333333333336 0.5746130030959752 0.5535714285714286 0.5795665634674922 0.5797619047619048 0.5845201238390093 0.5892857142857143 0.5987616099071208 0.5892857142857143 0.6030959752321982 0.5797619047619048 0.6037151702786377 0.5761904761904761 0.6037151702786377 0.4880952380952381 0.5987616099071208 0.38095238095238093 0.5938080495356037 0.37142857142857144 0.5801857585139318 0.37142857142857144 
13 0.5993808049535604 0.3523809523809524 0.5894736842105263 0.430952380952381 0.5894736842105263 0.48333333333333334 0.5993808049535604 0.5035714285714286 0.6043343653250774 0.513095238095238 0.611764705882353 0.513095238095238 0.6136222910216719 0.5119047619047619 0.6185758513931888 0.5023809523809524 0.6235294117647059 0.48333333333333334 0.628482972136223 0.4261904761904762 0.628482972136223 0.3523809523809524 0.5993808049535604 0.3523809523809524 
14 0.631578947368421 0.3523809523809524 0.6297213622291021 0.3535714285714286 0.6291021671826625 0.3547619047619048 0.6241486068111455 0.38095238095238093 0.6241486068111455 0.4523809523809524 0.6291021671826625 0.5321428571428571 0.6340557275541796 0.5595238095238095 0.6346749226006192 0.5607142857142857 0.6520123839009287 0.5607142857142857 0.6718266253869969 0.5511904761904762 0.6730650154798762 0.55 0.6780185758513931 0.5404761904761904 0.6780185758513931 0.4785714285714286 0.6582043343653251 0.38095238095238093 0.648297213622291 0.3535714285714286 0.6470588235294118 0.3523809523809524 0.631578947368421 0.3523809523809524 
15 0.6842105263157895 0.3142857142857143 0.6557275541795665 0.3333333333333333 0.6544891640866873 0.3345238095238095 0.6489164086687307 0.34285714285714286 0.6489164086687307 0.3678571428571429 0.6588235294117647 0.45595238095238094 0.6637770897832818 0.4738095238095238 0.6693498452012384 0.4845238095238095 0.6879256965944273 0.4845238095238095 0.7027863777089783 0.475 0.7077399380804954 0.44642857142857145 0.7077399380804954 0.4 0.6978328173374613 0.3261904761904762 0.6972136222910217 0.3238095238095238 0.6928792569659443 0.31547619047619047 0.6904024767801857 0.3142857142857143 0.6842105263157895 0.3142857142857143 
17 0.7287925696594427 0.5333333333333333 0.7232198142414861 0.5428571428571428 0.718266253869969 0.5904761904761905 0.718266253869969 0.6178571428571429 0.7232198142414861 0.6369047619047619 0.746749226006192 0.6369047619047619 0.7473684210526316 0.6357142857142857 0.7622291021671826 0.5654761904761905 0.7622291021671826 0.555952380952381 0.7609907120743034 0.5523809523809524 0.7572755417956656 0.5428571428571428 0.7523219814241486 0.5333333333333333 0.7287925696594427 0.5333333333333333 
18 0.6934984520123839 0.5619047619047619 0.6743034055727554 0.580952380952381 0.6693498452012384 0.5904761904761905 0.6687306501547987 0.594047619047619 0.6687306501547987 0.6273809523809524 0.6885448916408669 0.7035714285714286 0.698452012383901 0.7214285714285714 0.7089783281733746 0.7321428571428571 0.7325077399380805 0.7321428571428571 0.7374613003095976 0.7226190476190476 0.7424148606811145 0.7119047619047619 0.7424148606811145 0.6666666666666666 0.7275541795665634 0.6095238095238096 0.7176470588235294 0.5821428571428572 0.7071207430340557 0.5619047619047619 0.6934984520123839 0.5619047619047619 
19 0.6452012383900929 0.5714285714285714 0.6247678018575852 0.5904761904761905 0.6241486068111455 0.5928571428571429 0.6241486068111455 0.6357142857142857 0.6390092879256966 0.7107142857142857 0.6489164086687307 0.75 0.6588235294117647 0.7702380952380953 0.6780185758513931 0.7702380952380953 0.6972136222910217 0.7607142857142857 0.6978328173374613 0.7595238095238095 0.7027863777089783 0.7488095238095238 0.7027863777089783 0.7154761904761905 0.6730650154798762 0.580952380952381 0.6674922600619195 0.5714285714285714 0.6452012383900929 0.5714285714285714 
20 0.6099071207430341 0.6666666666666666 0.5993808049535604 0.6869047619047619 0.5993808049535604 0.7226190476190476 0.6043343653250774 0.7404761904761905 0.6241486068111455 0.7988095238095239 0.6291021671826625 0.8083333333333333 0.6377708978328174 0.8083333333333333 0.643343653250774 0.7988095238095239 0.648297213622291 0.7892857142857143 0.648297213622291 0.7547619047619047 0.638390092879257 0.6869047619047619 0.6334365325077399 0.6761904761904762 0.6278637770897832 0.6666666666666666 0.6099071207430341 0.6666666666666666 
21 0.5746130030959752 0.6285714285714286 0.5696594427244582 0.6476190476190476 0.5696594427244582 0.675 0.5795665634674922 0.7511904761904762 0.5845201238390093 0.7797619047619048 0.5944272445820433 0.7988095238095239 0.6086687306501548 0.7988095238095239 0.6136222910216719 0.7880952380952381 0.6136222910216719 0.7547619047619047 0.5987616099071208 0.6404761904761904 0.5981424148606811 0.638095238095238 0.5931888544891641 0.6285714285714286 0.5746130030959752 0.6285714285714286 
22 0.5603715170278638 0.6285714285714286 0.5504643962848297 0.6476190476190476 0.5498452012383901 0.65 0.5498452012383901 0.7761904761904762 0.5504643962848297 0.7797619047619048 0.5597523219814241 0.8178571428571428 0.5696594427244582 0.8369047619047619 0.5839009287925696 0.8369047619047619 0.5839009287925696 0.7821428571428571 0.5789473684210527 0.6416666666666667 0.578328173374613 0.638095238095238 0.5739938080495356 0.6297619047619047 0.5727554179566563 0.6285714285714286 0.5603715170278638 0.6285714285714286 
23 0.5306501547987617 0.638095238095238 0.530030959752322 0.6416666666666667 0.530030959752322 0.75 0.534984520123839 0.7702380952380953 0.544891640866873 0.7892857142857143 0.5535603715170279 0.7892857142857143 0.5541795665634675 0.7821428571428571 0.5541795665634675 0.6476190476190476 0.5492260061919505 0.638095238095238 0.5306501547987617 0.638095238095238 
24 0.5102167182662539 0.638095238095238 0.5102167182662539 0.6654761904761904 0.5151702786377709 0.7297619047619047 0.5201238390092879 0.7690476190476191 0.525077399380805 0.7797619047619048 0.5331269349845201 0.7797619047619048 0.5343653250773994 0.7773809523809524 0.5343653250773994 0.6476190476190476 0.5287925696594428 0.638095238095238 0.5102167182662539 0.638095238095238 
25 0.491640866873065 0.638095238095238 0.4904024767801858 0.6404761904761904 0.4904024767801858 0.6702380952380952 0.4953560371517028 0.7226190476190476 0.5052631578947369 0.7702380952380953 0.5102167182662539 0.7892857142857143 0.5238390092879257 0.7892857142857143 0.5244582043343653 0.7880952380952381 0.5244582043343653 0.7238095238095238 0.5145510835913313 0.6404761904761904 0.5139318885448917 0.638095238095238 0.491640866873065 0.638095238095238 
26 0.4712074303405573 0.638095238095238 0.47058823529411764 0.6416666666666667 0.47058823529411764 0.6904761904761905 0.4761609907120743 0.7226190476190476 0.4804953560371517 0.7404761904761905 0.4854489164086687 0.7607142857142857 0.4904024767801858 0.7797619047619048 0.5009287925696595 0.7892857142857143 0.5095975232198142 0.7892857142857143 0.5095975232198142 0.7345238095238096 0.4996904024767802 0.6761904761904762 0.49473684210526314 0.6476190476190476 0.4848297213622291 0.638095238095238 0.4712074303405573 0.638095238095238 
27 0.4563467492260062 0.638095238095238 0.45077399380804956 0.6476190476190476 0.4458204334365325 0.6583333333333333 0.4458204334365325 0.6845238095238095 0.45572755417956656 0.7702380952380953 0.46068111455108357 0.8083333333333333 0.47058823529411764 0.8261904761904761 0.4718266253869969 0.8273809523809523 0.47987616099071206 0.8273809523809523 0.4891640866873065 0.8178571428571428 0.49473684210526314 0.8083333333333333 0.49473684210526314 0.7821428571428571 0.47492260061919506 0.6392857142857142 0.4743034055727554 0.638095238095238 0.4563467492260062 0.638095238095238 
28 0.43157894736842106 0.638095238095238 0.4309597523219814 0.6392857142857142 0.4260061919504644 0.6571428571428571 0.4260061919504644 0.7702380952380953 0.4309597523219814 0.7976190476190477 0.4328173374613003 0.7988095238095239 0.4452012383900929 0.7988095238095239 0.4501547987616099 0.7892857142857143 0.4551083591331269 0.7702380952380953 0.4551083591331269 0.6392857142857142 0.45325077399380803 0.638095238095238 0.43157894736842106 0.638095238095238 
29 0.4068111455108359 0.6761904761904762 0.39195046439628484 0.6857142857142857 0.3863777089783282 0.6964285714285714 0.3814241486068111 0.7142857142857143 0.3715170278637771 0.780952380952381 0.3715170278637771 0.8178571428571428 0.37708978328173376 0.8273809523809523 0.39442724458204337 0.8273809523809523 0.3956656346749226 0.8261904761904761 0.4 0.8178571428571428 0.40990712074303404 0.7892857142857143 0.4247678018575851 0.7404761904761905 0.42538699690402476 0.7380952380952381 0.42538699690402476 0.6857142857142857 0.4198142414860681 0.6761904761904762 0.4068111455108359 0.6761904761904762 
30 0.36160990712074303 0.580952380952381 0.34674922600619196 0.5904761904761905 0.3219814241486068 0.7047619047619048 0.3219814241486068 0.7607142857142857 0.35170278637770896 0.7797619047619048 0.36408668730650157 0.7797619047619048 0.36594427244582045 0.7785714285714286 0.37089783281733746 0.7702380952380953 0.37585139318885447 0.7595238095238095 0.4006191950464396 0.6440476190476191 0.4006191950464396 0.6023809523809524 0.4 0.6 0.3907120743034056 0.5904761904761905 0.37089783281733746 0.580952380952381 0.36160990712074303 0.580952380952381 
31 0.3077399380804954 0.5714285714285714 0.3021671826625387 0.580952380952381 0.2978328173374613 0.5904761904761905 0.2773993808049536 0.6785714285714286 0.2773993808049536 0.7023809523809523 0.28297213622291023 0.7130952380952381 0.30712074303405573 0.7404761904761905 0.3108359133126935 0.7416666666666667 0.32507739938080493 0.7416666666666667 0.3263157894736842 0.7404761904761905 0.3461300309597523 0.6440476190476191 0.3461300309597523 0.6 0.3411764705882353 0.5904761904761905 0.3256965944272446 0.5714285714285714 0.3077399380804954 0.5714285714285714 
32 0.26873065015479874 0.5428571428571428 0.2674922600619195 0.544047619047619 0.2625386996904025 0.5523809523809524 0.25758513931888544 0.5619047619047619 0.25758513931888544 0.5976190476190476 0.26811145510835915 0.6464285714285715 0.2724458204334365 0.655952380952381 0.286687306501548 0.655952380952381 0.291640866873065 0.6464285714285715 0.29659442724458207 0.6357142857142857 0.3015479876160991 0.6166666666666667 0.3015479876160991 0.5904761904761905 0.2959752321981424 0.5619047619047619 0.291640866873065 0.5523809523809524 0.28173374613003094 0.5428571428571428 0.26873065015479874 0.5428571428571428 
A 0.38204334365325077 0.41904761904761906 0.3764705882352941 0.42857142857142855 0.3764705882352941 0.5702380952380952 0.38699690402476783 0.5797619047619048 0.4105263157894737 0.5797619047619048 0.4148606811145511 0.5702380952380952 0.4154798761609907 0.5678571428571428 0.4154798761609907 0.4785714285714286 0.3907120743034056 0.42857142857142855 0.38575851393188854 0.42023809523809524 0.3845201238390093 0.41904761904761906 0.38204334365325077 0.41904761904761906 
J 0.6191950464396285 0.42857142857142855 0.5944272445820433 0.5071428571428571 0.5944272445820433 0.5297619047619048 0.5993808049535604 0.569047619047619 0.604953560371517 0.5797619047619048 0.6167182662538699 0.5797619047619048 0.6334365325077399 0.5702380952380952 0.638390092879257 0.5595238095238095 0.638390092879257 0.5238095238095238 0.6334365325077399 0.4380952380952381 0.6278637770897832 0.42857142857142855 0.6191950464396285 0.42857142857142855 
K 0.6043343653250774 0.6095238095238096 0.5944272445820433 0.6202380952380953 0.5894736842105263 0.6297619047619047 0.5894736842105263 0.6440476190476191 0.5944272445820433 0.7035714285714286 0.6340557275541796 0.7130952380952381 0.643343653250774 0.7130952380952381 0.643343653250774 0.6857142857142857 0.628482972136223 0.6095238095238096 0.6043343653250774 0.6095238095238096 
S 0.39628482972136225 0.6095238095238096 0.3764705882352941 0.705952380952381 0.3764705882352941 0.75 0.37708978328173376 0.7511904761904762 0.42538699690402476 0.7511904761904762 0.43034055727554177 0.7309523809523809 0.44024767801857584 0.6440476190476191 0.44024767801857584 0.6297619047619047 0.43962848297213625 0.6285714285714286 0.4340557275541796 0.6190476190476191 0.42043343653250775 0.6095238095238096 0.39628482972136225 0.6095238095238096 