2 0.29721362229102166 0.42857142857142855 0.29226006191950465 0.4392857142857143 0.2724458204334365 0.5059523809523809 0.2674922600619195 0.5238095238095238 0.2674922600619195 0.5702380952380952 0.2773993808049536 0.5892857142857143 0.3021671826625387 0.5988095238095238 0.3108359133126935 0.5988095238095238 0.3157894736842105 0.5892857142857143 0.31640866873065016 0.5869047619047619 0.31640866873065016 0.4392857142857143 0.31021671826625385 0.42857142857142855 0.29721362229102166 0.42857142857142855 
3 0.3219814241486068 0.42857142857142855 0.3170278637770898 0.4380952380952381 0.31207430340557274 0.4869047619047619 0.31207430340557274 0.5880952380952381 0.31331269349845203 0.5892857142857143 0.3492260061919505 0.5892857142857143 0.3504643962848297 0.5880952380952381 0.35541795665634673 0.5797619047619048 0.3609907120743034 0.5630952380952381 0.3609907120743034 0.5428571428571428 0.3461300309597523 0.46785714285714286 0.3411764705882353 0.4452380952380952 0.339938080495356 0.44166666666666665 0.33126934984520123 0.42857142857142855 0.3219814241486068 0.42857142857142855 
4 0.35294117647058826 0.4380952380952381 0.35170278637770896 0.4392857142857143 0.35170278637770896 0.5976190476190476 0.3572755417956656 0.6083333333333333 0.3801857585139319 0.6083333333333333 0.38575851393188854 0.5988095238095238 0.38575851393188854 0.5333333333333333 0.38080495356037153 0.46904761904761905 0.3801857585139319 0.4666666666666667 0.37585139318885447 0.45714285714285713 0.36594427244582045 0.4380952380952381 0.35294117647058826 0.4380952380952381 
5 0.38823529411764707 0.4380952380952381 0.3863777089783282 0.4392857142857143 0.3814241486068111 0.44761904761904764 0.3814241486068111 0.6047619047619047 0.38204334365325077 0.6083333333333333 0.3876160990712074 0.6178571428571429 0.40928792569659445 0.6178571428571429 0.4148606811145511 0.6083333333333333 0.4198142414860681 0.5988095238095238 0.42043343653250775 0.5964285714285714 0.42043343653250775 0.5619047619047619 0.4006191950464396 0.44761904761904764 0.3956656346749226 0.4392857142857143 0.39442724458204337 0.4380952380952381 0.38823529411764707 0.4380952380952381 
6 0.4130030959752322 0.4095238095238095 0.41114551083591333 0.4107142857142857 0.40619195046439627 0.42857142857142855 0.40619195046439627 0.48095238095238096 0.41114551083591333 0.5702380952380952 0.41609907120743034 0.6059523809523809 0.42105263157894735 0.6178571428571429 0.4260061919504644 0.6273809523809524 0.44024767801857584 0.6273809523809524 0.4452012383900929 0.6178571428571429 0.4501547987616099 0.5988095238095238 0.4501547987616099 0.5535714285714286 0.44024767801857584 0.49642857142857144 0.4346749226006192 0.4666666666666667 0.42538699690402476 0.42023809523809524 0.42043343653250775 0.4107142857142857 0.41919504643962846 0.4095238095238095 0.4130030959752322 0.4095238095238095 
7 0.4359133126934985 0.4380952380952381 0.4359133126934985 0.4869047619047619 0.4408668730650155 0.5607142857142857 0.4458204334365325 0.6059523809523809 0.44643962848297214 0.6083333333333333 0.47492260061919506 0.6083333333333333 0.47492260061919506 0.5333333333333333 0.469969040247678 0.49642857142857144 0.465015479876161 0.47619047619047616 0.460061919504644 0.4583333333333333 0.4501547987616099 0.4380952380952381 0.4359133126934985 0.4380952380952381 
8 0.48111455108359136 0.41904761904761906 0.47554179566563465 0.42857142857142855 0.47058823529411764 0.4666666666666667 0.47058823529411764 0.5988095238095238 0.47554179566563465 0.6071428571428571 0.47678018575851394 0.6083333333333333 0.5095975232198142 0.6083333333333333 0.5095975232198142 0.5547619047619048 0.5046439628482973 0.4666666666666667 0.4996904024767802 0.430952380952381 0.49907120743034056 0.42857142857142855 0.49473684210526314 0.42023809523809524 0.4934984520123839 0.41904761904761906 0.48111455108359136 0.41904761904761906 
9 0.5151702786377709 0.42857142857142855 0.5102167182662539 0.4392857142857143 0.5052631578947369 0.5095238095238095 0.5052631578947369 0.6071428571428571 0.5065015479876162 0.6083333333333333 0.5386996904024768 0.6083333333333333 0.5393188854489164 0.6035714285714285 0.5393188854489164 0.544047619047619 0.5343653250773994 0.42857142857142855 0.5151702786377709 0.42857142857142855 
10 0.5609907120743034 0.42857142857142855 0.5597523219814241 0.4297619047619048 0.5498452012383901 0.4488095238095238 0.544891640866873 0.46904761904761905 0.5399380804953561 0.49523809523809526 0.534984520123839 0.525 0.534984520123839 0.5892857142857143 0.5399380804953561 0.5988095238095238 0.5640866873065016 0.5988095238095238 0.5690402476780185 0.5892857142857143 0.5739938080495356 0.4642857142857143 0.5739938080495356 0.42857142857142855 0.5609907120743034 0.42857142857142855 
11 0.5845201238390093 0.4095238095238095 0.5795665634674922 0.41904761904761906 0.5746130030959752 0.4392857142857143 0.5696594427244582 0.47619047619047616 0.5647058823529412 0.5357142857142857 0.5647058823529412 0.5976190476190476 0.5696594427244582 0.6083333333333333 0.5746130030959752 0.6178571428571429 0.5839009287925696 0.6178571428571429 0.5987616099071208 0.5988095238095238 0.5987616099071208 0.5357142857142857 0.5938080495356037 0.4095238095238095 0.5845201238390093 0.4095238095238095 
12 0.604953560371517 0.41904761904761906 0.5993808049535604 0.45714285714285713 0.5944272445820433 0.5345238095238095 0.5944272445820433 0.5988095238095238 0.6 0.6083333333333333 0.6278637770897832 0.6083333333333333 0.628482972136223 0.6071428571428571 0.628482972136223 0.5523809523809524 0.6235294117647059 0.4297619047619048 0.6179566563467492 0.41904761904761906 0.604953560371517 0.41904761904761906 
13 0.6291021671826625 0.42857142857142855 0.6241486068111455 0.4583333333333333 0.6191950464396285 0.5535714285714286 0.6191950464396285 0.5571428571428572 0.6241486068111455 0.5976190476190476 0.6247678018575852 0.5988095238095238 0.6526315789473685 0.5988095238095238 0.6582043343653251 0.5892857142857143 0.6582043343653251 0.5523809523809524 0.648297213622291 0.4488095238095238 0.643343653250774 0.4297619047619048 0.6427244582043343 0.42857142857142855 0.6291021671826625 0.42857142857142855 
14 0.6687306501547987 0.41904761904761906 0.6637770897832818 0.4297619047619048 0.6588235294117647 0.45 0.6489164086687307 0.5095238095238095 0.6489164086687307 0.5583333333333333 0.6538699690402476 0.5892857142857143 0.6922600619195046 0.5892857142857143 0.6978328173374613 0.5797619047619048 0.6978328173374613 0.5380952380952381 0.6928792569659443 0.44761904761904764 0.6879256965944273 0.4297619047619048 0.6829721362229102 0.41904761904761906 0.6687306501547987 0.41904761904761906 
15 0.6934984520123839 0.4095238095238095 0.6885448916408669 0.46785714285714286 0.6885448916408669 0.5404761904761904 0.6934984520123839 0.5702380952380952 0.6990712074303406 0.5797619047619048 0.7114551083591332 0.5797619047619048 0.7269349845201238 0.5702380952380952 0.7325077399380805 0.5607142857142857 0.7325077399380805 0.5059523809523809 0.7126934984520124 0.42023809523809524 0.7071207430340557 0.4095238095238095 0.6934984520123839 0.4095238095238095 
16 0.7139318885448916 0.3904761904761905 0.713312693498452 0.39166666666666666 0.713312693498452 0.4726190476190476 0.718266253869969 0.5011904761904762 0.7188854489164087 0.5035714285714286 0.7281733746130031 0.530952380952381 0.730030959752322 0.5321428571428571 0.7523219814241486 0.5321428571428571 0.76656346749226 0.513095238095238 0.7671826625386997 0.5119047619047619 0.7721362229102167 0.49404761904761907 0.7721362229102167 0.44761904761904764 0.7616099071207431 0.42857142857142855 0.7461300309597523 0.4095238095238095 0.7226006191950465 0.3904761904761905 0.7139318885448916 0.3904761904761905 
17 0.7442724458204334 0.5428571428571428 0.7430340557275542 0.544047619047619 0.7380804953560371 0.5523809523809524 0.7331269349845201 0.5619047619047619 0.7281733746130031 0.6107142857142858 0.7281733746130031 0.6464285714285715 0.7337461300309598 0.655952380952381 0.7517027863777089 0.655952380952381 0.7962848297213623 0.6273809523809524 0.7969040247678019 0.6261904761904762 0.7969040247678019 0.5916666666666667 0.7919504643962848 0.5714285714285714 0.7869969040247679 0.5619047619047619 0.7616099071207431 0.5428571428571428 0.7442724458204334 0.5428571428571428 
18 0.7151702786377709 0.5714285714285714 0.6941176470588235 0.580952380952381 0.6835913312693499 0.5904761904761905 0.6835913312693499 0.6321428571428571 0.6842105263157895 0.6369047619047619 0.708359133126935 0.7226190476190476 0.7139318885448916 0.7321428571428571 0.7374613003095976 0.7321428571428571 0.7374613003095976 0.6 0.7325077399380805 0.5821428571428572 0.7275541795665634 0.5714285714285714 0.7151702786377709 0.5714285714285714 
19 0.6643962848297214 0.5904761904761905 0.6346749226006192 0.6 0.6340557275541796 0.6035714285714285 0.6340557275541796 0.6357142857142857 0.6637770897832818 0.7607142857142857 0.6687306501547987 0.7702380952380953 0.6736842105263158 0.7785714285714286 0.6755417956656347 0.7797619047619048 0.6829721362229102 0.7797619047619048 0.7021671826625387 0.7511904761904762 0.7027863777089783 0.75 0.7027863777089783 0.7047619047619048 0.6928792569659443 0.6285714285714286 0.6879256965944273 0.5916666666666667 0.686687306501548 0.5904761904761905 0.6643962848297214 0.5904761904761905 
20 0.6142414860681115 0.6095238095238096 0.5993808049535604 0.6190476190476191 0.5993808049535604 0.6464285714285715 0.6340557275541796 0.7511904761904762 0.6390092879256966 0.7607142857142857 0.648297213622291 0.7607142857142857 0.653250773993808 0.7416666666666667 0.653250773993808 0.6988095238095238 0.648297213622291 0.6571428571428571 0.643343653250774 0.6297619047619047 0.6377708978328174 0.6095238095238096 0.6142414860681115 0.6095238095238096 
21 0.5894736842105263 0.6095238095238096 0.5795665634674922 0.6285714285714286 0.5795665634674922 0.6642857142857143 0.5944272445820433 0.7607142857142857 0.5993808049535604 0.7880952380952381 0.6006191950464397 0.7892857142857143 0.6136222910216719 0.7892857142857143 0.6185758513931888 0.7797619047619048 0.6185758513931888 0.6964285714285714 0.6136222910216719 0.6476190476190476 0.6086687306501548 0.6107142857142858 0.6074303405572755 0.6095238095238096 0.5894736842105263 0.6095238095238096 
22 0.5554179566563467 0.6095238095238096 0.5504643962848297 0.6190476190476191 0.5498452012383901 0.6226190476190476 0.5498452012383901 0.655952380952381 0.5647058823529412 0.7785714285714286 0.5702786377708978 0.7988095238095239 0.5777089783281734 0.7988095238095239 0.5839009287925696 0.7892857142857143 0.5839009287925696 0.6285714285714286 0.5739938080495356 0.6095238095238096 0.5554179566563467 0.6095238095238096 
23 0.5275541795665635 0.6190476190476191 0.5263157894736842 0.6202380952380953 0.525077399380805 0.6226190476190476 0.525077399380805 0.655952380952381 0.534984520123839 0.7797619047619048 0.5436532507739938 0.7797619047619048 0.5442724458204334 0.7785714285714286 0.5492260061919505 0.7607142857142857 0.5541795665634675 0.7226190476190476 0.5541795665634675 0.6190476190476191 0.5275541795665635 0.6190476190476191 
24 0.5003095975232198 0.6190476190476191 0.5003095975232198 0.6845238095238095 0.5102167182662539 0.7571428571428571 0.5108359133126935 0.7607142857142857 0.5151702786377709 0.7785714285714286 0.5157894736842106 0.7797619047619048 0.5337461300309597 0.7797619047619048 0.5343653250773994 0.7785714285714286 0.5343653250773994 0.6488095238095238 0.5294117647058824 0.6285714285714286 0.5244582043343653 0.6202380952380953 0.5232198142414861 0.6190476190476191 0.5003095975232198 0.6190476190476191 
25 0.4804953560371517 0.6285714285714286 0.4804953560371517 0.6607142857142857 0.4854489164086687 0.7666666666666667 0.48606811145510836 0.7702380952380953 0.49102167182662537 0.7797619047619048 0.4972136222910217 0.7797619047619048 0.49907120743034056 0.7785714285714286 0.5046439628482973 0.7690476190476191 0.5046439628482973 0.6285714285714286 0.4804953560371517 0.6285714285714286 
26 0.45572755417956656 0.6285714285714286 0.45572755417956656 0.6797619047619048 0.46068111455108357 0.7416666666666667 0.46563467492260063 0.7773809523809524 0.46687306501547987 0.7797619047619048 0.4743034055727554 0.7797619047619048 0.47987616099071206 0.7690476190476191 0.4848297213622291 0.7488095238095238 0.4848297213622291 0.6297619047619047 0.48359133126934983 0.6285714285714286 0.45572755417956656 0.6285714285714286 
27 0.43653250773993807 0.6190476190476191 0.4309597523219814 0.6297619047619047 0.4309597523219814 0.7988095238095239 0.4359133126934985 0.8083333333333333 0.44458204334365325 0.8083333333333333 0.4501547987616099 0.7880952380952381 0.4544891640866873 0.7690476190476191 0.4551083591331269 0.7654761904761904 0.460061919504644 0.7011904761904761 0.460061919504644 0.6297619047619047 0.4544891640866873 0.6190476190476191 0.43653250773993807 0.6190476190476191 
28 0.40123839009287926 0.6095238095238096 0.39628482972136225 0.6297619047619047 0.3913312693498452 0.705952380952381 0.3913312693498452 0.7785714285714286 0.39195046439628484 0.7797619047619048 0.4055727554179567 0.7797619047619048 0.4105263157894737 0.7678571428571429 0.4154798761609907 0.75 0.4346749226006192 0.6654761904761904 0.43529411764705883 0.6607142857142857 0.43529411764705883 0.6404761904761904 0.4346749226006192 0.638095238095238 0.43034055727554177 0.6285714285714286 0.42043343653250775 0.6095238095238096 0.40123839009287926 0.6095238095238096 
29 0.3721362229102167 0.6190476190476191 0.36656346749226004 0.6297619047619047 0.35170278637770896 0.705952380952381 0.34674922600619196 0.7345238095238096 0.34674922600619196 0.7797619047619048 0.3609907120743034 0.7797619047619048 0.37585139318885447 0.7511904761904762 0.4006191950464396 0.6845238095238095 0.4006191950464396 0.6285714285714286 0.39009287925696595 0.6190476190476191 0.3721362229102167 0.6190476190476191 
30 0.3219814241486068 0.5904761904761905 0.3170278637770898 0.6 0.3021671826625387 0.7261904761904762 0.3021671826625387 0.7690476190476191 0.3027863777089783 0.7702380952380953 0.33250773993808047 0.7892857142857143 0.3411764705882353 0.7892857142857143 0.3510835913312694 0.7702380952380953 0.37089783281733746 0.6642857142857143 0.37585139318885447 0.6369047619047619 0.37585139318885447 0.6202380952380953 0.3702786377708978 0.6095238095238096 0.3541795665634675 0.6 0.33622291021671824 0.5904761904761905 0.3219814241486068 0.5904761904761905 
31 0.27925696594427246 0.580952380952381 0.2773993808049536 0.5821428571428572 0.2724458204334365 0.5904761904761905 0.2724458204334365 0.75 0.27306501547987616 0.7511904761904762 0.29659442724458207 0.7511904761904762 0.3065015479876161 0.7214285714285714 0.32136222910216716 0.655952380952381 0.32136222910216716 0.5904761904761905 0.3015479876160991 0.580952380952381 0.27925696594427246 0.580952380952381 
32 0.23777089783281732 0.5619047619047619 0.21795665634674924 0.580952380952381 0.20804953560371517 0.6 0.20309597523219813 0.611904761904762 0.20309597523219813 0.6440476190476191 0.20804953560371517 0.655952380952381 0.25263157894736843 0.6845238095238095 0.27678018575851393 0.6845238095238095 0.27678018575851393 0.6023809523809524 0.2718266253869969 0.5714285714285714 0.26687306501547986 0.5630952380952381 0.265015479876161 0.5619047619047619 0.23777089783281732 0.5619047619047619 