1 0.29721362229102166 0.2857142857142857 0.25263157894736843 0.41904761904761906 0.25263157894736843 0.4654761904761905 0.2582043343653251 0.475 0.2743034055727554 0.4845238095238095 0.30092879256965943 0.4845238095238095 0.3065015479876161 0.4738095238095238 0.33126934984520123 0.35119047619047616 0.33126934984520123 0.305952380952381 0.3306501547987616 0.3047619047619048 0.31145510835913315 0.2857142857142857 0.29721362229102166 0.2857142857142857 
2 0.32755417956656346 0.3047619047619048 0.30712074303405573 0.38333333333333336 0.3021671826625387 0.44166666666666665 0.3021671826625387 0.48333333333333334 0.30712074303405573 0.49404761904761907 0.3560371517027864 0.49404761904761907 0.3609907120743034 0.4845238095238095 0.3609907120743034 0.44166666666666665 0.3510835913312694 0.3345238095238095 0.3411764705882353 0.3047619047619048 0.32755417956656346 0.3047619047619048 
4 0.3721362229102167 0.29523809523809524 0.3622291021671827 0.3142857142857143 0.36160990712074303 0.31666666666666665 0.356656346749226 0.3464285714285714 0.35170278637770896 0.4 0.35170278637770896 0.513095238095238 0.3523219814241486 0.5202380952380953 0.35294117647058826 0.5226190476190476 0.37089783281733746 0.5226190476190476 0.39009287925696595 0.5035714285714286 0.3907120743034056 0.5023809523809524 0.3907120743034056 0.3738095238095238 0.38575851393188854 0.31547619047619047 0.38080495356037153 0.29523809523809524 0.3721362229102167 0.29523809523809524 
5 0.39628482972136225 0.3238095238095238 0.3913312693498452 0.3345238095238095 0.3863777089783282 0.3547619047619048 0.3814241486068111 0.49523809523809526 0.3814241486068111 0.5214285714285715 0.3826625386996904 0.5226190476190476 0.4043343653250774 0.5226190476190476 0.4198142414860681 0.513095238095238 0.42538699690402476 0.5035714285714286 0.42538699690402476 0.45714285714285713 0.4105263157894737 0.325 0.40990712074303404 0.3238095238095238 0.39628482972136225 0.3238095238095238 
6 0.426625386996904 0.29523809523809524 0.41114551083591333 0.4 0.40619195046439627 0.5047619047619047 0.40619195046439627 0.5202380952380953 0.4068111455108359 0.5226190476190476 0.4346749226006192 0.5226190476190476 0.4501547987616099 0.4928571428571429 0.4501547987616099 0.38333333333333336 0.4452012383900929 0.305952380952381 0.44024767801857584 0.29523809523809524 0.426625386996904 0.29523809523809524 
7 0.46068111455108357 0.3238095238095238 0.45572755417956656 0.34523809523809523 0.4458204334365325 0.42857142857142855 0.4408668730650155 0.4869047619047619 0.4408668730650155 0.5083333333333333 0.44148606811145513 0.5119047619047619 0.4458204334365325 0.5226190476190476 0.47987616099071206 0.5226190476190476 0.47987616099071206 0.4107142857142857 0.47492260061919506 0.325 0.4743034055727554 0.3238095238095238 0.46068111455108357 0.3238095238095238 
8 0.4854489164086687 0.3142857142857143 0.4804953560371517 0.34285714285714286 0.47554179566563465 0.4 0.47058823529411764 0.5154761904761904 0.47058823529411764 0.5416666666666666 0.5089783281733746 0.5416666666666666 0.5095975232198142 0.5404761904761904 0.5095975232198142 0.4392857142857143 0.5046439628482973 0.3238095238095238 0.4996904024767802 0.3142857142857143 0.4854489164086687 0.3142857142857143 
9 0.5207430340557275 0.3238095238095238 0.5151702786377709 0.34523809523809523 0.5102167182662539 0.3821428571428571 0.5052631578947369 0.430952380952381 0.5052631578947369 0.5416666666666666 0.5442724458204334 0.5416666666666666 0.5442724458204334 0.4726190476190476 0.5343653250773994 0.3261904761904762 0.5337461300309597 0.3238095238095238 0.5207430340557275 0.3238095238095238 
10 0.5504643962848297 0.34285714285714286 0.544891640866873 0.3535714285714286 0.5399380804953561 0.38095238095238093 0.5399380804953561 0.5321428571428571 0.5727554179566563 0.5321428571428571 0.5739938080495356 0.5297619047619048 0.5739938080495356 0.49642857142857144 0.5640866873065016 0.34285714285714286 0.5504643962848297 0.34285714285714286 
11 0.5820433436532507 0.29523809523809524 0.5801857585139318 0.2976190476190476 0.5795665634674922 0.3 0.5746130030959752 0.3345238095238095 0.5647058823529412 0.4583333333333333 0.5647058823529412 0.5035714285714286 0.5696594427244582 0.5321428571428571 0.5808049535603715 0.5416666666666666 0.5888544891640867 0.5416666666666666 0.5987616099071208 0.5321428571428571 0.5987616099071208 0.305952380952381 0.5938080495356037 0.29642857142857143 0.5919504643962848 0.29523809523809524 0.5820433436532507 0.29523809523809524 
12 0.6099071207430341 0.3333333333333333 0.5993808049535604 0.3523809523809524 0.5944272445820433 0.37142857142857144 0.5944272445820433 0.530952380952381 0.5956656346749226 0.5321428571428571 0.6222910216718266 0.5321428571428571 0.6235294117647059 0.530952380952381 0.628482972136223 0.5214285714285715 0.6334365325077399 0.5035714285714286 0.6334365325077399 0.4857142857142857 0.6235294117647059 0.34285714285714286 0.6179566563467492 0.3333333333333333 0.6099071207430341 0.3333333333333333 
13 0.6402476780185758 0.3238095238095238 0.6390092879256966 0.325 0.6340557275541796 0.3333333333333333 0.6291021671826625 0.34523809523809523 0.6241486068111455 0.37142857142857144 0.6191950464396285 0.41904761904761906 0.6191950464396285 0.45595238095238094 0.6241486068111455 0.5273809523809524 0.6247678018575852 0.5321428571428571 0.6340557275541796 0.5416666666666666 0.6470588235294118 0.5416666666666666 0.6582043343653251 0.530952380952381 0.6631578947368421 0.5214285714285715 0.6631578947368421 0.5059523809523809 0.6625386996904025 0.48928571428571427 0.653250773993808 0.3547619047619048 0.648297213622291 0.3238095238095238 0.6402476780185758 0.3238095238095238 
14 0.6594427244582043 0.3333333333333333 0.6588235294117647 0.3345238095238095 0.6489164086687307 0.44761904761904764 0.6489164086687307 0.45595238095238094 0.6538699690402476 0.49047619047619045 0.6588235294117647 0.5214285714285715 0.6606811145510836 0.5226190476190476 0.6780185758513931 0.5226190476190476 0.6965944272445821 0.513095238095238 0.6978328173374613 0.5119047619047619 0.7027863777089783 0.5011904761904762 0.7027863777089783 0.46904761904761905 0.6928792569659443 0.4107142857142857 0.6829721362229102 0.36428571428571427 0.6780185758513931 0.34285714285714286 0.6730650154798762 0.3333333333333333 0.6594427244582043 0.3333333333333333 
15 0.6934984520123839 0.3047619047619048 0.6891640866873066 0.3142857142857143 0.6885448916408669 0.31666666666666665 0.6885448916408669 0.38571428571428573 0.6934984520123839 0.4738095238095238 0.698452012383901 0.5011904761904762 0.6990712074303406 0.5035714285714286 0.7034055727554179 0.5119047619047619 0.7052631578947368 0.513095238095238 0.7170278637770898 0.513095238095238 0.7325077399380805 0.5035714285714286 0.746749226006192 0.4845238095238095 0.7473684210526316 0.48333333333333334 0.7523219814241486 0.4714285714285714 0.7523219814241486 0.44761904761904764 0.7473684210526316 0.4297619047619048 0.7176470588235294 0.3345238095238095 0.7077399380804954 0.305952380952381 0.7071207430340557 0.3047619047619048 0.6934984520123839 0.3047619047619048 
18 0.7089783281733746 0.5047619047619047 0.6693498452012384 0.5142857142857142 0.6637770897832818 0.5238095238095238 0.6637770897832818 0.5607142857142857 0.6835913312693499 0.6369047619047619 0.6891640866873066 0.655952380952381 0.6934984520123839 0.6654761904761904 0.708359133126935 0.694047619047619 0.7226006191950465 0.694047619047619 0.7325077399380805 0.6738095238095239 0.7325077399380805 0.525 0.7275541795665634 0.5142857142857142 0.7226006191950465 0.5047619047619047 0.7089783281733746 0.5047619047619047 
19 0.6204334365325077 0.5142857142857142 0.6092879256965944 0.5238095238095238 0.6092879256965944 0.5785714285714286 0.6390092879256966 0.7321428571428571 0.6445820433436532 0.7416666666666667 0.6520123839009287 0.7416666666666667 0.6922600619195046 0.7035714285714286 0.6928792569659443 0.7023809523809523 0.6928792569659443 0.6761904761904762 0.6681114551083591 0.5142857142857142 0.6204334365325077 0.5142857142857142 
20 0.5869969040247678 0.5238095238095238 0.5845201238390093 0.525 0.5845201238390093 0.5880952380952381 0.6043343653250774 0.7214285714285714 0.6105263157894737 0.7321428571428571 0.6185758513931888 0.7321428571428571 0.6229102167182663 0.7226190476190476 0.6235294117647059 0.7202380952380952 0.6235294117647059 0.65 0.6185758513931888 0.5714285714285714 0.6136222910216719 0.5333333333333333 0.6086687306501548 0.525 0.6068111455108359 0.5238095238095238 0.5869969040247678 0.5238095238095238 
21 0.5653250773993808 0.5333333333333333 0.5597523219814241 0.5428571428571428 0.5554179566563467 0.5523809523809524 0.5547987616099072 0.555952380952381 0.5547987616099072 0.6071428571428571 0.5696594427244582 0.7214285714285714 0.5752321981424149 0.7321428571428571 0.5826625386996904 0.7321428571428571 0.5839009287925696 0.7309523809523809 0.5888544891640867 0.7226190476190476 0.5888544891640867 0.5428571428571428 0.58328173374613 0.5333333333333333 0.5653250773993808 0.5333333333333333 
22 0.5399380804953561 0.5238095238095238 0.5207430340557275 0.5333333333333333 0.5201238390092879 0.5345238095238095 0.5201238390092879 0.5702380952380952 0.530030959752322 0.7226190476190476 0.534984520123839 0.7607142857142857 0.5486068111455108 0.7607142857142857 0.5541795665634675 0.7511904761904762 0.5591331269349845 0.7309523809523809 0.5591331269349845 0.5333333333333333 0.5535603715170279 0.5238095238095238 0.5399380804953561 0.5238095238095238 
23 0.5052631578947369 0.5428571428571428 0.5003095975232198 0.5619047619047619 0.5003095975232198 0.6369047619047619 0.5052631578947369 0.7023809523809523 0.5058823529411764 0.7035714285714286 0.5176470588235295 0.7035714285714286 0.5195046439628483 0.7023809523809523 0.5244582043343653 0.694047619047619 0.5294117647058824 0.6464285714285715 0.5294117647058824 0.5642857142857143 0.5244582043343653 0.5428571428571428 0.5052631578947369 0.5428571428571428 
24 0.4804953560371517 0.5333333333333333 0.4804953560371517 0.569047619047619 0.4854489164086687 0.6452380952380953 0.4904024767801858 0.675 0.49597523219814244 0.6845238095238095 0.5040247678018576 0.6845238095238095 0.5046439628482973 0.6833333333333333 0.5095975232198142 0.6369047619047619 0.5095975232198142 0.5333333333333333 0.4804953560371517 0.5333333333333333 
25 0.4662538699690402 0.5333333333333333 0.46563467492260063 0.5345238095238095 0.46563467492260063 0.6273809523809524 0.47058823529411764 0.6845238095238095 0.4848297213622291 0.6845238095238095 0.4891640866873065 0.6654761904761904 0.48978328173374613 0.6619047619047619 0.48978328173374613 0.5714285714285714 0.4848297213622291 0.5333333333333333 0.4662538699690402 0.5333333333333333 
26 0.4421052631578947 0.5238095238095238 0.4408668730650155 0.5261904761904762 0.4408668730650155 0.6261904761904762 0.4458204334365325 0.6535714285714286 0.45572755417956656 0.7023809523809523 0.4563467492260062 0.7035714285714286 0.46873065015479876 0.7035714285714286 0.4693498452012384 0.7023809523809523 0.469969040247678 0.7 0.469969040247678 0.525 0.4693498452012384 0.5238095238095238 0.4421052631578947 0.5238095238095238 
27 0.43157894736842106 0.5238095238095238 0.4260061919504644 0.5333333333333333 0.42105263157894735 0.5523809523809524 0.41671826625387 0.5904761904761905 0.41609907120743034 0.5964285714285714 0.41609907120743034 0.6630952380952381 0.42105263157894735 0.7130952380952381 0.4260061919504644 0.7321428571428571 0.44458204334365325 0.7321428571428571 0.4452012383900929 0.7309523809523809 0.4501547987616099 0.7130952380952381 0.4501547987616099 0.6 0.4452012383900929 0.525 0.44458204334365325 0.5238095238095238 0.43157894736842106 0.5238095238095238 
28 0.4037151702786378 0.5142857142857142 0.4018575851393189 0.5154761904761904 0.39690402476780184 0.5238095238095238 0.39628482972136225 0.525 0.3913312693498452 0.5452380952380952 0.3863777089783282 0.6 0.3863777089783282 0.7107142857142857 0.38699690402476783 0.7130952380952381 0.39504643962848296 0.7130952380952381 0.4006191950464396 0.7035714285714286 0.4105263157894737 0.6845238095238095 0.4148606811145511 0.675 0.4154798761609907 0.6726190476190477 0.42043343653250775 0.6273809523809524 0.42538699690402476 0.569047619047619 0.42538699690402476 0.5428571428571428 0.42043343653250775 0.525 0.4154798761609907 0.5142857142857142 0.4037151702786378 0.5142857142857142 
29 0.3715170278637771 0.5142857142857142 0.36656346749226004 0.5238095238095238 0.356656346749226 0.5619047619047619 0.35170278637770896 0.6392857142857142 0.35170278637770896 0.7119047619047619 0.35356037151702785 0.7130952380952381 0.3696594427244582 0.7130952380952381 0.3702786377708978 0.7119047619047619 0.37585139318885447 0.6928571428571428 0.3907120743034056 0.6273809523809524 0.4006191950464396 0.5488095238095239 0.4006191950464396 0.5357142857142857 0.4 0.5333333333333333 0.3907120743034056 0.5142857142857142 0.3715170278637771 0.5142857142857142 
30 0.3126934984520124 0.5047619047619047 0.30712074303405573 0.5154761904761904 0.29226006191950465 0.6297619047619047 0.29226006191950465 0.675 0.29721362229102166 0.6845238095238095 0.3219814241486068 0.694047619047619 0.33622291021671824 0.694047619047619 0.3411764705882353 0.6845238095238095 0.3461300309597523 0.6642857142857143 0.3702786377708978 0.5511904761904762 0.37089783281733746 0.5464285714285714 0.37089783281733746 0.5333333333333333 0.3603715170278638 0.5142857142857142 0.33622291021671824 0.5047619047619047 0.3126934984520124 0.5047619047619047 
31 0.25758513931888544 0.4857142857142857 0.25263157894736843 0.49523809523809526 0.2476780185758514 0.5619047619047619 0.2476780185758514 0.6321428571428571 0.248297213622291 0.6357142857142857 0.2532507739938081 0.655952380952381 0.2724458204334365 0.6654761904761904 0.28173374613003094 0.6654761904761904 0.291640866873065 0.6464285714285715 0.29659442724458207 0.6357142857142857 0.31145510835913315 0.5678571428571428 0.31145510835913315 0.5166666666666667 0.3108359133126935 0.5142857142857142 0.3065015479876161 0.4988095238095238 0.30526315789473685 0.49523809523809526 0.2773993808049536 0.4857142857142857 0.25758513931888544 0.4857142857142857 