2 0.3021671826625387 0.34285714285714286 0.29721362229102166 0.3630952380952381 0.27306501547987616 0.49523809523809526 0.2724458204334365 0.5 0.2724458204334365 0.5416666666666666 0.2773993808049536 0.5511904761904762 0.29287925696594425 0.5702380952380952 0.31021671826625385 0.5702380952380952 0.32136222910216716 0.5607142857142857 0.3263157894736842 0.5202380952380953 0.33126934984520123 0.47023809523809523 0.33126934984520123 0.39285714285714285 0.3263157894736842 0.37142857142857144 0.32136222910216716 0.3535714285714286 0.31640866873065016 0.34285714285714286 0.3021671826625387 0.34285714285714286 
3 0.34055727554179566 0.37142857142857144 0.3368421052631579 0.3726190476190476 0.3269349845201238 0.38095238095238093 0.3170278637770898 0.5238095238095238 0.3170278637770898 0.5607142857142857 0.3219814241486068 0.5785714285714286 0.32260061919504646 0.5797619047619048 0.34179566563467495 0.5892857142857143 0.3461300309597523 0.5892857142857143 0.3609907120743034 0.5880952380952381 0.37089783281733746 0.5797619047619048 0.37585139318885447 0.5488095238095239 0.37585139318885447 0.49523809523809526 0.37089783281733746 0.44761904761904764 0.36594427244582045 0.4023809523809524 0.3609907120743034 0.38095238095238093 0.3411764705882353 0.37142857142857144 0.34055727554179566 0.37142857142857144 
4 0.3721362229102167 0.3619047619047619 0.3715170278637771 0.3630952380952381 0.36656346749226004 0.4488095238095238 0.36160990712074303 0.5714285714285714 0.36160990712074303 0.5892857142857143 0.36656346749226004 0.5988095238095238 0.4 0.5988095238095238 0.4006191950464396 0.5976190476190476 0.4055727554179567 0.5773809523809523 0.4055727554179567 0.544047619047619 0.4006191950464396 0.46190476190476193 0.3956656346749226 0.38095238095238093 0.3907120743034056 0.3619047619047619 0.3721362229102167 0.3619047619047619 
5 0.39628482972136225 0.3619047619047619 0.3913312693498452 0.37142857142857144 0.3913312693498452 0.5964285714285714 0.39195046439628484 0.5988095238095238 0.3975232198142415 0.6083333333333333 0.4154798761609907 0.6083333333333333 0.4297213622291022 0.5988095238095238 0.43034055727554177 0.5976190476190476 0.43034055727554177 0.5238095238095238 0.42043343653250775 0.4226190476190476 0.4154798761609907 0.38095238095238093 0.4105263157894737 0.3619047619047619 0.39628482972136225 0.3619047619047619 
6 0.41671826625387 0.3523809523809524 0.41609907120743034 0.3535714285714286 0.41114551083591333 0.38452380952380955 0.41114551083591333 0.425 0.41609907120743034 0.49404761904761907 0.4260061919504644 0.6166666666666667 0.426625386996904 0.6178571428571429 0.43962848297213625 0.6178571428571429 0.4551083591331269 0.5702380952380952 0.4551083591331269 0.544047619047619 0.4452012383900929 0.44285714285714284 0.44024767801857584 0.4011904761904762 0.43529411764705883 0.3619047619047619 0.43034055727554177 0.3535714285714286 0.42910216718266253 0.3523809523809524 0.41671826625387 0.3523809523809524 
7 0.45572755417956656 0.4095238095238095 0.45077399380804956 0.43214285714285716 0.4458204334365325 0.5333333333333333 0.4458204334365325 0.5488095238095239 0.45077399380804956 0.5976190476190476 0.45572755417956656 0.6083333333333333 0.47492260061919506 0.6083333333333333 0.47492260061919506 0.4380952380952381 0.469969040247678 0.4095238095238095 0.45572755417956656 0.4095238095238095 
8 0.4823529411764706 0.4095238095238095 0.4804953560371517 0.4107142857142857 0.47554179566563465 0.41904761904761906 0.47058823529411764 0.5452380952380952 0.47058823529411764 0.6083333333333333 0.4761609907120743 0.6178571428571429 0.503405572755418 0.6178571428571429 0.5040247678018576 0.6166666666666667 0.5046439628482973 0.6142857142857143 0.5046439628482973 0.4666666666666667 0.4996904024767802 0.41904761904761906 0.49473684210526314 0.4095238095238095 0.4823529411764706 0.4095238095238095 
9 0.5151702786377709 0.3904761904761905 0.5102167182662539 0.4011904761904762 0.5058823529411764 0.42857142857142855 0.5052631578947369 0.43333333333333335 0.5003095975232198 0.47619047619047616 0.5003095975232198 0.6178571428571429 0.5287925696594428 0.6178571428571429 0.5294117647058824 0.6166666666666667 0.5294117647058824 0.42023809523809524 0.5244582043343653 0.4 0.5195046439628483 0.3904761904761905 0.5151702786377709 0.3904761904761905 
10 0.5356037151702786 0.4095238095238095 0.534984520123839 0.4107142857142857 0.530030959752322 0.42857142857142855 0.530030959752322 0.6071428571428571 0.5306501547987617 0.6083333333333333 0.5541795665634675 0.6083333333333333 0.5591331269349845 0.5976190476190476 0.5591331269349845 0.42023809523809524 0.5535603715170279 0.4095238095238095 0.5356037151702786 0.4095238095238095 
11 0.561609907120743 0.34285714285714286 0.5597523219814241 0.34523809523809523 0.5547987616099072 0.38333333333333336 0.5498452012383901 0.4583333333333333 0.5498452012383901 0.5666666666666667 0.5547987616099072 0.6083333333333333 0.5647058823529412 0.6178571428571429 0.5721362229102167 0.6178571428571429 0.5739938080495356 0.6166666666666667 0.5839009287925696 0.6083333333333333 0.5839009287925696 0.49642857142857144 0.5789473684210527 0.4011904761904762 0.5739938080495356 0.34523809523809523 0.573374613003096 0.34285714285714286 0.561609907120743 0.34285714285714286 
12 0.5801857585139318 0.3904761904761905 0.5746130030959752 0.4095238095238095 0.5746130030959752 0.5035714285714286 0.5795665634674922 0.5976190476190476 0.5801857585139318 0.5988095238095238 0.5894736842105263 0.6083333333333333 0.6086687306501548 0.6083333333333333 0.6086687306501548 0.5535714285714286 0.6037151702786377 0.4 0.5981424148606811 0.3904761904761905 0.5801857585139318 0.3904761904761905 
13 0.604953560371517 0.38095238095238093 0.6043343653250774 0.3821428571428571 0.5993808049535604 0.4 0.5993808049535604 0.5595238095238095 0.6043343653250774 0.5892857142857143 0.6210526315789474 0.5988095238095238 0.6328173374613003 0.5988095238095238 0.638390092879257 0.5892857142857143 0.638390092879257 0.5428571428571428 0.628482972136223 0.4 0.6235294117647059 0.3821428571428571 0.6229102167182663 0.38095238095238093 0.604953560371517 0.38095238095238093 
14 0.6489164086687307 0.37142857142857144 0.6291021671826625 0.39166666666666666 0.6241486068111455 0.4226190476190476 0.6241486068111455 0.4845238095238095 0.6291021671826625 0.544047619047619 0.6340557275541796 0.5773809523809523 0.6346749226006192 0.5797619047619048 0.6569659442724458 0.5797619047619048 0.6823529411764706 0.5702380952380952 0.6829721362229102 0.5678571428571428 0.6829721362229102 0.5238095238095238 0.6730650154798762 0.40476190476190477 0.6724458204334365 0.4 0.6674922600619195 0.38095238095238093 0.6631578947368421 0.37142857142857144 0.6489164086687307 0.37142857142857144 
15 0.679876160990712 0.3523809523809524 0.6786377708978328 0.3535714285714286 0.6736842105263158 0.3726190476190476 0.6693498452012384 0.4 0.6687306501547987 0.40476190476190477 0.6687306501547987 0.49166666666666664 0.6736842105263158 0.530952380952381 0.6786377708978328 0.5511904761904762 0.6842105263157895 0.5607142857142857 0.7077399380804954 0.5607142857142857 0.7170278637770898 0.5511904761904762 0.7219814241486068 0.5416666666666666 0.7226006191950465 0.5369047619047619 0.7226006191950465 0.47619047619047616 0.6978328173374613 0.37142857142857144 0.6928792569659443 0.3523809523809524 0.679876160990712 0.3523809523809524 
18 0.6885448916408669 0.5523809523809524 0.6544891640866873 0.5714285714285714 0.6538699690402476 0.5726190476190476 0.6538699690402476 0.6071428571428571 0.6786377708978328 0.7107142857142857 0.6792569659442724 0.7130952380952381 0.6934984520123839 0.7416666666666667 0.708359133126935 0.7702380952380953 0.7275541795665634 0.7702380952380953 0.7275541795665634 0.6773809523809524 0.7176470588235294 0.580952380952381 0.7126934984520124 0.5619047619047619 0.7071207430340557 0.5523809523809524 0.6885448916408669 0.5523809523809524 
19 0.604953560371517 0.580952380952381 0.6043343653250774 0.5821428571428572 0.6043343653250774 0.6369047619047619 0.6291021671826625 0.7511904761904762 0.6439628482972136 0.7797619047619048 0.6495356037151703 0.7892857142857143 0.6575851393188854 0.7892857142857143 0.6773993808049535 0.7702380952380953 0.6780185758513931 0.7678571428571429 0.6780185758513931 0.7154761904761905 0.6730650154798762 0.6761904761904762 0.6631578947368421 0.6 0.6582043343653251 0.5821428571428572 0.6575851393188854 0.580952380952381 0.604953560371517 0.580952380952381 
20 0.5696594427244582 0.6 0.5696594427244582 0.6452380952380953 0.5993808049535604 0.7702380952380953 0.6043343653250774 0.7892857142857143 0.6092879256965944 0.8071428571428572 0.6105263157894737 0.8083333333333333 0.6229102167182663 0.8083333333333333 0.6235294117647059 0.8071428571428572 0.6235294117647059 0.7571428571428571 0.6185758513931888 0.6880952380952381 0.6136222910216719 0.6297619047619047 0.6086687306501548 0.6 0.5696594427244582 0.6 
21 0.5603715170278638 0.6095238095238096 0.5498452012383901 0.6190476190476191 0.5498452012383901 0.6642857142857143 0.5647058823529412 0.7785714285714286 0.5702786377708978 0.8083333333333333 0.5746130030959752 0.8273809523809523 0.58328173374613 0.8273809523809523 0.5888544891640867 0.8166666666666667 0.5888544891640867 0.6583333333333333 0.5739938080495356 0.6107142857142858 0.5727554179566563 0.6095238095238096 0.5603715170278638 0.6095238095238096 
22 0.5399380804953561 0.6190476190476191 0.530030959752322 0.638095238095238 0.530030959752322 0.7119047619047619 0.534984520123839 0.844047619047619 0.5356037151702786 0.8464285714285714 0.5535603715170279 0.8464285714285714 0.5585139318885449 0.8357142857142857 0.5634674922600619 0.8083333333333333 0.5640866873065016 0.8047619047619048 0.5640866873065016 0.6880952380952381 0.5541795665634675 0.6190476190476191 0.5399380804953561 0.6190476190476191 
23 0.5108359133126935 0.6285714285714286 0.5102167182662539 0.6297619047619047 0.5102167182662539 0.7892857142857143 0.5244582043343653 0.7892857142857143 0.5294117647058824 0.7785714285714286 0.5343653250773994 0.7107142857142857 0.5343653250773994 0.6297619047619047 0.5337461300309597 0.6285714285714286 0.5108359133126935 0.6285714285714286 
24 0.49102167182662537 0.6285714285714286 0.4904024767801858 0.6297619047619047 0.4904024767801858 0.7702380952380953 0.4953560371517028 0.7797619047619048 0.5040247678018576 0.7797619047619048 0.5095975232198142 0.7607142857142857 0.5145510835913313 0.7023809523809523 0.5145510835913313 0.6297619047619047 0.5139318885448917 0.6285714285714286 0.49102167182662537 0.6285714285714286 
25 0.47554179566563465 0.6285714285714286 0.47554179566563465 0.7785714285714286 0.4773993808049536 0.7797619047619048 0.4891640866873065 0.7797619047619048 0.48978328173374613 0.7773809523809524 0.49473684210526314 0.7226190476190476 0.49473684210526314 0.6285714285714286 0.47554179566563465 0.6285714285714286 
26 0.45077399380804956 0.6285714285714286 0.45077399380804956 0.7892857142857143 0.4563467492260062 0.7988095238095239 0.465015479876161 0.7988095238095239 0.469969040247678 0.7892857142857143 0.47492260061919506 0.7 0.47492260061919506 0.6297619047619047 0.47368421052631576 0.6285714285714286 0.45077399380804956 0.6285714285714286 
27 0.43157894736842106 0.6190476190476191 0.4260061919504644 0.6297619047619047 0.42105263157894735 0.6571428571428571 0.42105263157894735 0.8273809523809523 0.4260061919504644 0.8369047619047619 0.4309597523219814 0.8452380952380952 0.43343653250773995 0.8464285714285714 0.44024767801857584 0.8464285714285714 0.4452012383900929 0.8369047619047619 0.4551083591331269 0.694047619047619 0.4551083591331269 0.6285714285714286 0.4501547987616099 0.6190476190476191 0.43157894736842106 0.6190476190476191 
28 0.4018575851393189 0.6095238095238096 0.39628482972136225 0.6190476190476191 0.39628482972136225 0.8273809523809523 0.40123839009287926 0.8369047619047619 0.40495356037151703 0.8369047619047619 0.4148606811145511 0.8178571428571428 0.4154798761609907 0.8154761904761905 0.42043343653250775 0.7952380952380952 0.42538699690402476 0.7535714285714286 0.43529411764705883 0.6369047619047619 0.43529411764705883 0.6297619047619047 0.42538699690402476 0.6095238095238096 0.4018575851393189 0.6095238095238096 
29 0.37708978328173376 0.6 0.3764705882352941 0.6011904761904762 0.3715170278637771 0.6202380952380953 0.356656346749226 0.7738095238095238 0.356656346749226 0.8071428571428572 0.35789473684210527 0.8083333333333333 0.37089783281733746 0.8083333333333333 0.38080495356037153 0.7892857142857143 0.3851393188854489 0.7797619047619048 0.3907120743034056 0.7583333333333333 0.4006191950464396 0.694047619047619 0.4105263157894737 0.6178571428571429 0.4105263157894737 0.6107142857142858 0.4055727554179567 0.6011904761904762 0.4043343653250774 0.6 0.37708978328173376 0.6 
30 0.3380804953560371 0.580952380952381 0.3269349845201238 0.5904761904761905 0.31207430340557274 0.7154761904761905 0.31207430340557274 0.7702380952380953 0.3318885448916409 0.8083333333333333 0.33869969040247677 0.8083333333333333 0.3411764705882353 0.8071428571428572 0.3560371517027864 0.7785714285714286 0.3609907120743034 0.7607142857142857 0.37585139318885447 0.6642857142857143 0.38080495356037153 0.6261904761904762 0.38080495356037153 0.5916666666666667 0.37894736842105264 0.5904761904761905 0.3510835913312694 0.580952380952381 0.3380804953560371 0.580952380952381 
31 0.2873065015479876 0.5619047619047619 0.2823529411764706 0.5726190476190476 0.2773993808049536 0.5904761904761905 0.25758513931888544 0.725 0.25758513931888544 0.7595238095238095 0.2625386996904025 0.7702380952380953 0.26811145510835915 0.7797619047619048 0.27678018575851393 0.7797619047619048 0.286687306501548 0.7702380952380953 0.291640866873065 0.7607142857142857 0.3015479876160991 0.7404761904761905 0.33126934984520123 0.6452380952380953 0.33622291021671824 0.5976190476190476 0.33622291021671824 0.5833333333333334 0.33560371517027865 0.580952380952381 0.3306501547987616 0.5714285714285714 0.3015479876160991 0.5619047619047619 0.2873065015479876 0.5619047619047619 