2 0.3690402476780186 0.41904761904761906 0.36656346749226004 0.42023809523809524 0.36160990712074303 0.42857142857142855 0.356656346749226 0.4392857142857143 0.34674922600619196 0.46785714285714286 0.34674922600619196 0.4845238095238095 0.356656346749226 0.513095238095238 0.3671826625386997 0.5321428571428571 0.38080495356037153 0.5321428571428571 0.39009287925696595 0.513095238095238 0.3956656346749226 0.49404761904761907 0.4006191950464396 0.475 0.4006191950464396 0.43214285714285716 0.4 0.42857142857142855 0.3956656346749226 0.41904761904761906 0.3690402476780186 0.41904761904761906 
3 0.39690402476780184 0.45714285714285713 0.39628482972136225 0.4583333333333333 0.38699690402476783 0.4857142857142857 0.3764705882352941 0.5238095238095238 0.3764705882352941 0.6083333333333333 0.38699690402476783 0.6178571428571429 0.4055727554179567 0.6178571428571429 0.4105263157894737 0.6083333333333333 0.4154798761609907 0.5797619047619048 0.4154798761609907 0.46785714285714286 0.4105263157894737 0.45714285714285713 0.39690402476780184 0.45714285714285713 
4 0.41609907120743034 0.42857142857142855 0.41114551083591333 0.4488095238095238 0.41114551083591333 0.5511904761904762 0.41671826625387 0.5607142857142857 0.4247678018575851 0.5607142857142857 0.4346749226006192 0.5511904761904762 0.44024767801857584 0.5416666666666666 0.4452012383900929 0.5214285714285715 0.4452012383900929 0.44761904761904764 0.44024767801857584 0.4297619047619048 0.43962848297213625 0.42857142857142855 0.41609907120743034 0.42857142857142855 
5 0.4408668730650155 0.49523809523809526 0.4260061919504644 0.5428571428571428 0.4260061919504644 0.5857142857142857 0.426625386996904 0.5892857142857143 0.4359133126934985 0.5988095238095238 0.4452012383900929 0.5988095238095238 0.4501547987616099 0.5880952380952381 0.4551083591331269 0.5702380952380952 0.4551083591331269 0.5154761904761904 0.4501547987616099 0.5047619047619047 0.44458204334365325 0.49523809523809526 0.4408668730650155 0.49523809523809526 
6 0.4359133126934985 0.41904761904761906 0.4359133126934985 0.45357142857142857 0.4408668730650155 0.5035714285714286 0.45077399380804956 0.5511904761904762 0.465015479876161 0.5511904761904762 0.469969040247678 0.5416666666666666 0.47492260061919506 0.5226190476190476 0.47492260061919506 0.4869047619047619 0.465015479876161 0.4392857142857143 0.460061919504644 0.42023809523809524 0.45944272445820433 0.41904761904761906 0.4359133126934985 0.41904761904761906 
7 0.47058823529411764 0.5047619047619047 0.4662538699690402 0.5142857142857142 0.46563467492260063 0.5166666666666667 0.45572755417956656 0.5928571428571429 0.45572755417956656 0.6464285714285715 0.46068111455108357 0.6642857142857143 0.46563467492260063 0.675 0.47492260061919506 0.675 0.4848297213622291 0.6547619047619048 0.4848297213622291 0.6190476190476191 0.47987616099071206 0.5047619047619047 0.47058823529411764 0.5047619047619047 
8 0.4854489164086687 0.49523809523809526 0.4804953560371517 0.5238095238095238 0.47554179566563465 0.5726190476190476 0.47554179566563465 0.6654761904761904 0.4804953560371517 0.6833333333333333 0.48111455108359136 0.6845238095238095 0.5095975232198142 0.6845238095238095 0.5095975232198142 0.5928571428571429 0.5046439628482973 0.49642857142857144 0.5040247678018576 0.49523809523809526 0.4854489164086687 0.49523809523809526 
9 0.5201238390092879 0.47619047619047616 0.5108359133126935 0.49523809523809526 0.5102167182662539 0.4976190476190476 0.5052631578947369 0.5238095238095238 0.5052631578947369 0.6702380952380952 0.5065015479876162 0.675 0.5102167182662539 0.6833333333333333 0.5126934984520124 0.6845238095238095 0.5294117647058824 0.6845238095238095 0.5393188854489164 0.6654761904761904 0.5393188854489164 0.6285714285714286 0.5294117647058824 0.4857142857142857 0.5244582043343653 0.4773809523809524 0.5232198142414861 0.47619047619047616 0.5201238390092879 0.47619047619047616 
10 0.5306501547987617 0.5047619047619047 0.530030959752322 0.5059523809523809 0.530030959752322 0.5607142857142857 0.534984520123839 0.6654761904761904 0.5405572755417957 0.675 0.5492260061919505 0.675 0.5591331269349845 0.6654761904761904 0.5591331269349845 0.5904761904761905 0.5492260061919505 0.5154761904761904 0.5436532507739938 0.5047619047619047 0.5306501547987617 0.5047619047619047 
11 0.5597523219814241 0.3904761904761905 0.5504643962848297 0.41904761904761906 0.544891640866873 0.4392857142857143 0.534984520123839 0.47619047619047616 0.534984520123839 0.5083333333333333 0.5356037151702786 0.5107142857142857 0.5399380804953561 0.5214285714285715 0.5498452012383901 0.5404761904761904 0.551702786377709 0.5416666666666666 0.5554179566563467 0.5416666666666666 0.5585139318885449 0.5404761904761904 0.5640866873065016 0.5321428571428571 0.5739938080495356 0.513095238095238 0.5789473684210527 0.4452380952380952 0.5789473684210527 0.4011904761904762 0.5739938080495356 0.39166666666666666 0.5727554179566563 0.3904761904761905 0.5597523219814241 0.3904761904761905 
12 0.5597523219814241 0.5142857142857142 0.5597523219814241 0.5797619047619048 0.5647058823529412 0.5892857142857143 0.5876160990712074 0.5892857142857143 0.5888544891640867 0.5869047619047619 0.5888544891640867 0.5428571428571428 0.5826625386996904 0.5333333333333333 0.5690402476780185 0.5142857142857142 0.5597523219814241 0.5142857142857142 
13 0.5795665634674922 0.4380952380952381 0.5702786377708978 0.45714285714285713 0.5696594427244582 0.4595238095238095 0.5653250773993808 0.4988095238095238 0.5647058823529412 0.5047619047619047 0.5647058823529412 0.5214285714285715 0.5702786377708978 0.5416666666666666 0.5795665634674922 0.55 0.5814241486068111 0.5511904761904762 0.5981424148606811 0.5511904761904762 0.6037151702786377 0.5416666666666666 0.6037151702786377 0.49523809523809526 0.5987616099071208 0.46904761904761905 0.5931888544891641 0.44761904761904764 0.5888544891640867 0.4380952380952381 0.5795665634674922 0.4380952380952381 
14 0.5962848297213622 0.42857142857142855 0.5944272445820433 0.4297619047619048 0.5894736842105263 0.4392857142857143 0.5894736842105263 0.4714285714285714 0.5944272445820433 0.5797619047619048 0.6043343653250774 0.5988095238095238 0.6099071207430341 0.6083333333333333 0.6328173374613003 0.6083333333333333 0.6334365325077399 0.6071428571428571 0.643343653250774 0.5797619047619048 0.643343653250774 0.5535714285714286 0.638390092879257 0.5333333333333333 0.6334365325077399 0.5142857142857142 0.6061919504643963 0.42857142857142855 0.5962848297213622 0.42857142857142855 
15 0.6297213622291021 0.4095238095238095 0.6092879256965944 0.4380952380952381 0.6092879256965944 0.475 0.6142414860681115 0.4928571428571429 0.6191950464396285 0.5035714285714286 0.6291021671826625 0.5226190476190476 0.653250773993808 0.5226190476190476 0.6582043343653251 0.49166666666666664 0.6582043343653251 0.4297619047619048 0.648297213622291 0.4095238095238095 0.6297213622291021 0.4095238095238095 
18 0.6736842105263158 0.6190476190476191 0.6687306501547987 0.6285714285714286 0.6538699690402476 0.6583333333333333 0.6538699690402476 0.7035714285714286 0.6588235294117647 0.7130952380952381 0.6743034055727554 0.7321428571428571 0.6965944272445821 0.7321428571428571 0.6978328173374613 0.7309523809523809 0.7021671826625387 0.7130952380952381 0.7077399380804954 0.6845238095238095 0.7077399380804954 0.6678571428571428 0.7027863777089783 0.6285714285714286 0.6978328173374613 0.6202380952380953 0.6965944272445821 0.6190476190476191 0.6736842105263158 0.6190476190476191 
19 0.6160990712074303 0.6095238095238096 0.5993808049535604 0.6190476190476191 0.5944272445820433 0.6285714285714286 0.5944272445820433 0.6547619047619048 0.6092879256965944 0.7226190476190476 0.6297213622291021 0.7702380952380953 0.6346749226006192 0.7797619047619048 0.653250773993808 0.7797619047619048 0.6674922600619195 0.7511904761904762 0.6681114551083591 0.7488095238095238 0.6681114551083591 0.7273809523809524 0.6674922600619195 0.7238095238095238 0.648297213622291 0.638095238095238 0.6427244582043343 0.6190476190476191 0.6377708978328174 0.6095238095238096 0.6160990712074303 0.6095238095238096 
20 0.6 0.7333333333333333 0.5944272445820433 0.7428571428571429 0.5894736842105263 0.763095238095238 0.5894736842105263 0.7892857142857143 0.6043343653250774 0.8357142857142857 0.6092879256965944 0.8452380952380952 0.6105263157894737 0.8464285714285714 0.6247678018575852 0.8464285714285714 0.628482972136223 0.8452380952380952 0.628482972136223 0.7904761904761904 0.6235294117647059 0.7464285714285714 0.6185758513931888 0.7357142857142858 0.6167182662538699 0.7333333333333333 0.6 0.7333333333333333 
21 0.5647058823529412 0.7333333333333333 0.5597523219814241 0.7523809523809524 0.5597523219814241 0.7880952380952381 0.5845201238390093 0.8464285714285714 0.6037151702786377 0.8464285714285714 0.6080495356037152 0.8369047619047619 0.6086687306501548 0.8285714285714286 0.6086687306501548 0.8119047619047619 0.5938080495356037 0.7428571428571429 0.5888544891640867 0.7333333333333333 0.5647058823529412 0.7333333333333333 
22 0.5455108359133127 0.8 0.544891640866873 0.8011904761904762 0.544891640866873 0.8452380952380952 0.5498452012383901 0.8654761904761905 0.5696594427244582 0.9035714285714286 0.5876160990712074 0.9035714285714286 0.5888544891640867 0.9023809523809524 0.5888544891640867 0.8380952380952381 0.5739938080495356 0.8011904761904762 0.573374613003096 0.8 0.5455108359133127 0.8 
23 0.5356037151702786 0.6952380952380952 0.530030959752322 0.705952380952381 0.525077399380805 0.725 0.525077399380805 0.7404761904761905 0.530030959752322 0.8559523809523809 0.534984520123839 0.8654761904761905 0.5442724458204334 0.8654761904761905 0.5492260061919505 0.8464285714285714 0.5541795665634675 0.7690476190476191 0.5541795665634675 0.7071428571428572 0.5535603715170279 0.7047619047619048 0.5436532507739938 0.6952380952380952 0.5356037151702786 0.6952380952380952 
24 0.5102167182662539 0.7047619047619048 0.5102167182662539 0.8047619047619048 0.5151702786377709 0.8559523809523809 0.5244582043343653 0.8559523809523809 0.5294117647058824 0.8369047619047619 0.5343653250773994 0.7857142857142857 0.5343653250773994 0.7142857142857143 0.5287925696594428 0.7047619047619048 0.5102167182662539 0.7047619047619048 
25 0.491640866873065 0.7047619047619048 0.4904024767801858 0.705952380952381 0.4904024767801858 0.7785714285714286 0.4953560371517028 0.8630952380952381 0.49597523219814244 0.8654761904761905 0.5040247678018576 0.8654761904761905 0.5095975232198142 0.8464285714285714 0.5145510835913313 0.7880952380952381 0.5195046439628483 0.7130952380952381 0.5195046439628483 0.705952380952381 0.5188854489164086 0.7047619047619048 0.491640866873065 0.7047619047619048 
26 0.47058823529411764 0.7047619047619048 0.47058823529411764 0.825 0.47554179566563465 0.8547619047619047 0.4761609907120743 0.8559523809523809 0.48978328173374613 0.8559523809523809 0.49473684210526314 0.8369047619047619 0.49473684210526314 0.7047619047619048 0.47058823529411764 0.7047619047619048 
27 0.4563467492260062 0.7904761904761904 0.45077399380804956 0.8 0.44148606811145513 0.819047619047619 0.4359133126934985 0.8357142857142857 0.4260061919504644 0.8678571428571429 0.4260061919504644 0.8904761904761904 0.426625386996904 0.8940476190476191 0.43157894736842106 0.9023809523809524 0.4328173374613003 0.9035714285714286 0.4501547987616099 0.9035714285714286 0.460061919504644 0.8940476190476191 0.47987616099071206 0.8369047619047619 0.47987616099071206 0.819047619047619 0.47492260061919506 0.7916666666666666 0.47368421052631576 0.7904761904761904 0.4563467492260062 0.7904761904761904 
28 0.43157894736842106 0.7428571428571429 0.4309597523219814 0.7440476190476191 0.4260061919504644 0.763095238095238 0.42105263157894735 0.7916666666666666 0.42105263157894735 0.8654761904761905 0.43529411764705883 0.8654761904761905 0.4452012383900929 0.8464285714285714 0.460061919504644 0.7964285714285714 0.460061919504644 0.7619047619047619 0.4551083591331269 0.7523809523809524 0.4452012383900929 0.7428571428571429 0.43157894736842106 0.7428571428571429 
29 0.39628482972136225 0.7428571428571429 0.38699690402476783 0.7619047619047619 0.3863777089783282 0.7642857142857142 0.3863777089783282 0.844047619047619 0.38699690402476783 0.8464285714285714 0.4154798761609907 0.8464285714285714 0.42043343653250775 0.8261904761904761 0.42538699690402476 0.7988095238095239 0.42538699690402476 0.7619047619047619 0.42043343653250775 0.7535714285714286 0.40928792569659445 0.7428571428571429 0.39628482972136225 0.7428571428571429 
30 0.3814241486068111 0.6095238095238096 0.3764705882352941 0.6190476190476191 0.3715170278637771 0.6309523809523809 0.35170278637770896 0.7142857142857143 0.35170278637770896 0.7773809523809524 0.36780185758513934 0.8083333333333333 0.38080495356037153 0.8083333333333333 0.38575851393188854 0.7988095238095239 0.3907120743034056 0.7880952380952381 0.4006191950464396 0.7607142857142857 0.4055727554179567 0.7416666666666667 0.42043343653250775 0.6738095238095239 0.42043343653250775 0.638095238095238 0.4148606811145511 0.6285714285714286 0.3956656346749226 0.6095238095238096 0.3814241486068111 0.6095238095238096 
31 0.33374613003095976 0.6190476190476191 0.33250773993808047 0.6202380952380953 0.3269349845201238 0.6285714285714286 0.3219814241486068 0.638095238095238 0.3170278637770898 0.6488095238095238 0.31207430340557274 0.6678571428571428 0.31207430340557274 0.7023809523809523 0.3219814241486068 0.7226190476190476 0.32755417956656346 0.7321428571428571 0.3510835913312694 0.7321428571428571 0.3603715170278638 0.7130952380952381 0.3609907120743034 0.7107142857142857 0.3609907120743034 0.6583333333333333 0.3461300309597523 0.6190476190476191 0.33374613003095976 0.6190476190476191 
A 0.4117647058823529 0.5428571428571428 0.41114551083591333 0.5452380952380952 0.40619195046439627 0.5714285714285714 0.40123839009287926 0.6 0.40123839009287926 0.625 0.4018575851393189 0.6273809523809524 0.40619195046439627 0.6357142857142857 0.40743034055727556 0.6369047619047619 0.43034055727554177 0.6369047619047619 0.4346749226006192 0.6261904761904762 0.43529411764705883 0.6226190476190476 0.43529411764705883 0.5845238095238096 0.43034055727554177 0.544047619047619 0.42910216718266253 0.5428571428571428 0.4117647058823529 0.5428571428571428 
B 0.4309597523219814 0.580952380952381 0.4260061919504644 0.6190476190476191 0.4260061919504644 0.6535714285714286 0.426625386996904 0.6547619047619048 0.4278637770897833 0.655952380952381 0.4452012383900929 0.655952380952381 0.4501547987616099 0.6452380952380953 0.4501547987616099 0.5833333333333334 0.44953560371517026 0.5821428571428572 0.448297213622291 0.580952380952381 0.4309597523219814 0.580952380952381 
C 0.45139318885448915 0.5523809523809524 0.4458204334365325 0.5630952380952381 0.4408668730650155 0.6404761904761904 0.4408668730650155 0.6654761904761904 0.460061919504644 0.6654761904761904 0.46439628482972134 0.655952380952381 0.465015479876161 0.6523809523809524 0.465015479876161 0.638095238095238 0.460061919504644 0.5619047619047619 0.4544891640866873 0.5523809523809524 0.45139318885448915 0.5523809523809524 
I 0.5554179566563467 0.5523809523809524 0.5547987616099072 0.5535714285714286 0.5547987616099072 0.6452380952380953 0.5597523219814241 0.655952380952381 0.5839009287925696 0.655952380952381 0.5888544891640867 0.6452380952380953 0.5888544891640867 0.6190476190476191 0.5839009287925696 0.5928571428571429 0.58328173374613 0.5904761904761905 0.5634674922600619 0.5523809523809524 0.5554179566563467 0.5523809523809524 
J 0.5845201238390093 0.5428571428571428 0.5795665634674922 0.5821428571428572 0.5795665634674922 0.6261904761904762 0.5845201238390093 0.6369047619047619 0.5938080495356037 0.6369047619047619 0.6030959752321982 0.6273809523809524 0.6086687306501548 0.6178571428571429 0.6086687306501548 0.5916666666666667 0.5987616099071208 0.544047619047619 0.5975232198142415 0.5428571428571428 0.5845201238390093 0.5428571428571428 
K 0.5845201238390093 0.6476190476190476 0.5752321981424149 0.6571428571428571 0.5696594427244582 0.6666666666666666 0.5696594427244582 0.7130952380952381 0.5795665634674922 0.7416666666666667 0.5894736842105263 0.7607142857142857 0.5987616099071208 0.7607142857142857 0.6185758513931888 0.7416666666666667 0.6185758513931888 0.7178571428571429 0.6179566563467492 0.7142857142857143 0.6086687306501548 0.6666666666666666 0.6037151702786377 0.6476190476190476 0.5845201238390093 0.6476190476190476 
M 0.5498452012383901 0.6952380952380952 0.5498452012383901 0.7833333333333333 0.5504643962848297 0.7892857142857143 0.5547987616099072 0.8071428571428572 0.5554179566563467 0.8083333333333333 0.5678018575851393 0.8083333333333333 0.5690402476780185 0.805952380952381 0.5739938080495356 0.7416666666666667 0.5739938080495356 0.7380952380952381 0.573374613003096 0.7142857142857143 0.5684210526315789 0.6952380952380952 0.5498452012383901 0.6952380952380952 
R 0.45572755417956656 0.6952380952380952 0.4458204334365325 0.7523809523809524 0.4458204334365325 0.7607142857142857 0.45572755417956656 0.7976190476190477 0.4563467492260062 0.7988095238095239 0.46439628482972134 0.7988095238095239 0.469969040247678 0.7892857142857143 0.47492260061919506 0.7607142857142857 0.47492260061919506 0.7238095238095238 0.4693498452012384 0.7047619047619048 0.465015479876161 0.6952380952380952 0.45572755417956656 0.6952380952380952 
S 0.4408668730650155 0.6761904761904762 0.4309597523219814 0.7142857142857143 0.4309597523219814 0.7511904761904762 0.44148606811145513 0.7607142857142857 0.4544891640866873 0.7607142857142857 0.460061919504644 0.7321428571428571 0.460061919504644 0.6892857142857143 0.45944272445820433 0.6857142857142857 0.4544891640866873 0.6761904761904762 0.4408668730650155 0.6761904761904762 
T 0.41609907120743034 0.6476190476190476 0.40619195046439627 0.6857142857142857 0.40123839009287926 0.705952380952381 0.40123839009287926 0.7488095238095238 0.4018575851393189 0.7511904761904762 0.4117647058823529 0.7607142857142857 0.43034055727554177 0.7607142857142857 0.43529411764705883 0.7511904761904762 0.4452012383900929 0.7119047619047619 0.4452012383900929 0.6666666666666666 0.43034055727554177 0.6476190476190476 0.41609907120743034 0.6476190476190476 