2 0.29721362229102166 0.26666666666666666 0.29226006191950465 0.2761904761904762 0.28792569659442724 0.2857142857142857 0.2873065015479876 0.2892857142857143 0.2823529411764706 0.3238095238095238 0.2823529411764706 0.3880952380952381 0.28297213622291023 0.3892857142857143 0.3027863777089783 0.4083333333333333 0.3157894736842105 0.4083333333333333 0.3263157894736842 0.39880952380952384 0.33126934984520123 0.3892857142857143 0.33622291021671824 0.35 0.33622291021671824 0.29523809523809524 0.30092879256965943 0.26666666666666666 0.29721362229102166 0.26666666666666666 
3 0.33250773993808047 0.29523809523809524 0.3318885448916409 0.29642857142857143 0.3269349845201238 0.3464285714285714 0.3219814241486068 0.4 0.3219814241486068 0.49404761904761907 0.3269349845201238 0.5119047619047619 0.32755417956656346 0.513095238095238 0.36594427244582045 0.513095238095238 0.37585139318885447 0.5035714285714286 0.38080495356037153 0.4928571428571429 0.38080495356037153 0.4488095238095238 0.37585139318885447 0.4 0.36594427244582045 0.31666666666666665 0.3609907120743034 0.3047619047619048 0.34055727554179566 0.29523809523809524 0.33250773993808047 0.29523809523809524 
4 0.3863777089783282 0.3238095238095238 0.36160990712074303 0.3523809523809524 0.36160990712074303 0.36547619047619045 0.3622291021671827 0.37023809523809526 0.3715170278637771 0.425 0.3721362229102167 0.42738095238095236 0.3764705882352941 0.4369047619047619 0.39504643962848296 0.4369047619047619 0.4154798761609907 0.41785714285714287 0.4154798761609907 0.3535714285714286 0.4105263157894737 0.3345238095238095 0.40495356037151703 0.3238095238095238 0.3863777089783282 0.3238095238095238 
5 0.40743034055727556 0.2857142857142857 0.40619195046439627 0.28809523809523807 0.40123839009287926 0.31666666666666665 0.39628482972136225 0.4095238095238095 0.39628482972136225 0.42738095238095236 0.40619195046439627 0.44642857142857145 0.4117647058823529 0.45595238095238094 0.43034055727554177 0.45595238095238094 0.44024767801857584 0.42738095238095236 0.4452012383900929 0.3976190476190476 0.4452012383900929 0.3523809523809524 0.43962848297213625 0.3333333333333333 0.42043343653250775 0.29523809523809524 0.4148606811145511 0.2857142857142857 0.40743034055727556 0.2857142857142857 
6 0.443343653250774 0.19047619047619047 0.4117647058823529 0.20952380952380953 0.41114551083591333 0.21071428571428572 0.41114551083591333 0.29404761904761906 0.41609907120743034 0.3130952380952381 0.421671826625387 0.32261904761904764 0.4309597523219814 0.33095238095238094 0.4328173374613003 0.33214285714285713 0.44891640866873067 0.33214285714285713 0.4501547987616099 0.33095238095238094 0.4551083591331269 0.32261904761904764 0.460061919504644 0.2988095238095238 0.460061919504644 0.2571428571428571 0.4551083591331269 0.21904761904761905 0.4501547987616099 0.19166666666666668 0.448297213622291 0.19047619047619047 0.443343653250774 0.19047619047619047 
8 0.5009287925696595 0.2761904761904762 0.49102167182662537 0.29523809523809524 0.4904024767801858 0.2988095238095238 0.4804953560371517 0.42857142857142855 0.4804953560371517 0.44642857142857145 0.4854489164086687 0.4845238095238095 0.4904024767801858 0.4928571428571429 0.49226006191950467 0.49404761904761907 0.5219814241486068 0.49404761904761907 0.5244582043343653 0.4928571428571429 0.5294117647058824 0.48333333333333334 0.5294117647058824 0.4392857142857143 0.5244582043343653 0.31547619047619047 0.5195046439628483 0.2857142857142857 0.5139318885448917 0.2761904761904762 0.5009287925696595 0.2761904761904762 
9 0.5498452012383901 0.2761904761904762 0.544891640866873 0.2857142857142857 0.5399380804953561 0.3047619047619048 0.525077399380805 0.4 0.525077399380805 0.4738095238095238 0.530030959752322 0.49404761904761907 0.5634674922600619 0.49404761904761907 0.5640866873065016 0.4928571428571429 0.5690402476780185 0.44166666666666665 0.5690402476780185 0.2857142857142857 0.5640866873065016 0.2761904761904762 0.5498452012383901 0.2761904761904762 
10 0.5851393188854489 0.2761904761904762 0.5801857585139318 0.2857142857142857 0.5746130030959752 0.3047619047619048 0.5696594427244582 0.325 0.5647058823529412 0.3547619047619048 0.5647058823529412 0.3880952380952381 0.5696594427244582 0.40714285714285714 0.5746130030959752 0.41785714285714287 0.5938080495356037 0.41785714285714287 0.5981424148606811 0.4083333333333333 0.6037151702786377 0.3773809523809524 0.6037151702786377 0.2892857142857143 0.6030959752321982 0.2857142857142857 0.5987616099071208 0.2761904761904762 0.5851393188854489 0.2761904761904762 
11 0.6142414860681115 0.18095238095238095 0.6092879256965944 0.19047619047619047 0.604953560371517 0.20952380952380953 0.5944272445820433 0.26666666666666666 0.5944272445820433 0.28214285714285714 0.5993808049535604 0.3404761904761905 0.6 0.3416666666666667 0.6185758513931888 0.3416666666666667 0.6334365325077399 0.3130952380952381 0.638390092879257 0.28214285714285714 0.638390092879257 0.19404761904761905 0.6377708978328174 0.19047619047619047 0.6334365325077399 0.18095238095238095 0.6142414860681115 0.18095238095238095 
12 0.6191950464396285 0.3238095238095238 0.6092879256965944 0.34285714285714286 0.6043343653250774 0.3630952380952381 0.5993808049535604 0.39285714285714285 0.5993808049535604 0.41785714285714287 0.6092879256965944 0.4642857142857143 0.6105263157894737 0.4654761904761905 0.628482972136223 0.4654761904761905 0.638390092879257 0.44642857142857145 0.643343653250774 0.39880952380952384 0.643343653250774 0.3238095238095238 0.6191950464396285 0.3238095238095238 
13 0.6495356037151703 0.3047619047619048 0.6439628482972136 0.3142857142857143 0.6396284829721363 0.3238095238095238 0.6390092879256966 0.3261904761904762 0.6340557275541796 0.3904761904761905 0.6340557275541796 0.4357142857142857 0.6396284829721363 0.44642857142857145 0.6631578947368421 0.44642857142857145 0.6681114551083591 0.4142857142857143 0.6730650154798762 0.37857142857142856 0.6730650154798762 0.305952380952381 0.6718266253869969 0.3047619047619048 0.6495356037151703 0.3047619047619048 
14 0.6687306501547987 0.3333333333333333 0.6588235294117647 0.4666666666666667 0.6588235294117647 0.5226190476190476 0.6773993808049535 0.5226190476190476 0.7077399380804954 0.4928571428571429 0.7077399380804954 0.45714285714285713 0.7027863777089783 0.4023809523809524 0.6978328173374613 0.37142857142857144 0.6928792569659443 0.34285714285714286 0.6773993808049535 0.3333333333333333 0.6687306501547987 0.3333333333333333 
15 0.7040247678018576 0.2857142857142857 0.698452012383901 0.29523809523809524 0.6941176470588235 0.3142857142857143 0.6934984520123839 0.31785714285714284 0.6934984520123839 0.40476190476190477 0.698452012383901 0.41785714285714287 0.708359133126935 0.42738095238095236 0.7219814241486068 0.42738095238095236 0.7424148606811145 0.40714285714285714 0.7424148606811145 0.3273809523809524 0.7374613003095976 0.29523809523809524 0.7275541795665634 0.2857142857142857 0.7040247678018576 0.2857142857142857 
18 0.7232198142414861 0.5523809523809524 0.7034055727554179 0.580952380952381 0.7034055727554179 0.6321428571428571 0.7040247678018576 0.6369047619047619 0.708359133126935 0.655952380952381 0.7232198142414861 0.6845238095238095 0.7318885448916409 0.6845238095238095 0.7523219814241486 0.675 0.7572755417956656 0.6654761904761904 0.7622291021671826 0.6523809523809524 0.7622291021671826 0.6059523809523809 0.7616099071207431 0.6 0.7572755417956656 0.5714285714285714 0.7517027863777089 0.5619047619047619 0.7424148606811145 0.5523809523809524 0.7232198142414861 0.5523809523809524 
19 0.6792569659442724 0.5142857142857142 0.660061919504644 0.5238095238095238 0.6439628482972136 0.5333333333333333 0.6396284829721363 0.5428571428571428 0.6390092879256966 0.5452380952380952 0.6390092879256966 0.5952380952380952 0.6396284829721363 0.5988095238095238 0.6439628482972136 0.6178571428571429 0.6687306501547987 0.7035714285714286 0.6786377708978328 0.7214285714285714 0.679876160990712 0.7226190476190476 0.6928792569659443 0.7226190476190476 0.7120743034055728 0.7035714285714286 0.7126934984520124 0.7023809523809523 0.7126934984520124 0.6404761904761904 0.7027863777089783 0.575 0.6928792569659443 0.5142857142857142 0.6792569659442724 0.5142857142857142 
20 0.6452012383900929 0.6285714285714286 0.6390092879256966 0.638095238095238 0.6291021671826625 0.6583333333333333 0.6291021671826625 0.7321428571428571 0.6340557275541796 0.7511904761904762 0.6582043343653251 0.7511904761904762 0.6674922600619195 0.7321428571428571 0.6681114551083591 0.7297619047619047 0.6681114551083591 0.6595238095238095 0.6674922600619195 0.6571428571428571 0.6582043343653251 0.638095238095238 0.653250773993808 0.6285714285714286 0.6452012383900929 0.6285714285714286 
21 0.6055727554179566 0.6285714285714286 0.6043343653250774 0.6297619047619047 0.5993808049535604 0.6392857142857142 0.5944272445820433 0.6583333333333333 0.5944272445820433 0.7130952380952381 0.6 0.7321428571428571 0.604953560371517 0.7416666666666667 0.6235294117647059 0.7416666666666667 0.6278637770897832 0.7321428571428571 0.628482972136223 0.7285714285714285 0.628482972136223 0.6488095238095238 0.6185758513931888 0.6285714285714286 0.6055727554179566 0.6285714285714286 
22 0.5746130030959752 0.6285714285714286 0.5653250773993808 0.6476190476190476 0.5647058823529412 0.65 0.5647058823529412 0.7392857142857143 0.5696594427244582 0.7702380952380953 0.5746130030959752 0.7892857142857143 0.5795665634674922 0.7976190476190477 0.5808049535603715 0.7988095238095239 0.5925696594427244 0.7988095238095239 0.5938080495356037 0.7976190476190477 0.5987616099071208 0.7892857142857143 0.5987616099071208 0.669047619047619 0.5938080495356037 0.6488095238095238 0.5839009287925696 0.6285714285714286 0.5746130030959752 0.6285714285714286 
23 0.5547987616099072 0.5333333333333333 0.5498452012383901 0.544047619047619 0.544891640866873 0.638095238095238 0.544891640866873 0.7214285714285714 0.5498452012383901 0.7309523809523809 0.5510835913312694 0.7321428571428571 0.5591331269349845 0.7321428571428571 0.5640866873065016 0.7035714285714286 0.5690402476780185 0.6726190476190477 0.5739938080495356 0.6273809523809524 0.5739938080495356 0.544047619047619 0.5684210526315789 0.5333333333333333 0.5547987616099072 0.5333333333333333 
24 0.530030959752322 0.5142857142857142 0.525077399380805 0.5238095238095238 0.525077399380805 0.6083333333333333 0.530030959752322 0.6714285714285714 0.534984520123839 0.7095238095238096 0.5356037151702786 0.7130952380952381 0.5405572755417957 0.7226190476190476 0.5442724458204334 0.7226190476190476 0.5492260061919505 0.7119047619047619 0.5541795665634675 0.5785714285714286 0.5541795665634675 0.5238095238095238 0.5486068111455108 0.5142857142857142 0.530030959752322 0.5142857142857142 
25 0.5009287925696595 0.5047619047619047 0.5003095975232198 0.5059523809523809 0.5003095975232198 0.5666666666666667 0.5052631578947369 0.655952380952381 0.5102167182662539 0.7035714285714286 0.5294117647058824 0.7035714285714286 0.5294117647058824 0.5047619047619047 0.5009287925696595 0.5047619047619047 
26 0.4823529411764706 0.5619047619047619 0.47554179566563465 0.5726190476190476 0.47554179566563465 0.6178571428571429 0.4854489164086687 0.7119047619047619 0.4904024767801858 0.7416666666666667 0.4953560371517028 0.75 0.4996904024767802 0.7511904761904762 0.5095975232198142 0.7511904761904762 0.5145510835913313 0.7404761904761905 0.5145510835913313 0.6488095238095238 0.5095975232198142 0.5630952380952381 0.5077399380804953 0.5619047619047619 0.4823529411764706 0.5619047619047619 
27 0.4520123839009288 0.6476190476190476 0.45077399380804956 0.6488095238095238 0.4458204334365325 0.6571428571428571 0.4359133126934985 0.6857142857142857 0.4359133126934985 0.7964285714285714 0.43653250773993807 0.7988095238095239 0.44643962848297214 0.8083333333333333 0.469969040247678 0.8083333333333333 0.47492260061919506 0.7880952380952381 0.47987616099071206 0.7583333333333333 0.47987616099071206 0.6702380952380952 0.4786377708978328 0.6666666666666666 0.469969040247678 0.6476190476190476 0.4520123839009288 0.6476190476190476 
28 0.42105263157894735 0.5333333333333333 0.41671826625387 0.544047619047619 0.41114551083591333 0.5619047619047619 0.41114551083591333 0.6523809523809524 0.4117647058823529 0.655952380952381 0.41609907120743034 0.6738095238095239 0.42105263157894735 0.6845238095238095 0.43962848297213625 0.6845238095238095 0.4501547987616099 0.6654761904761904 0.4551083591331269 0.6452380952380953 0.4551083591331269 0.5904761904761905 0.4501547987616099 0.5619047619047619 0.4452012383900929 0.5523809523809524 0.43034055727554177 0.5333333333333333 0.42105263157894735 0.5333333333333333 
29 0.3913312693498452 0.6190476190476191 0.38204334365325077 0.6285714285714286 0.3814241486068111 0.6297619047619047 0.37708978328173376 0.6476190476190476 0.3764705882352941 0.6511904761904762 0.3715170278637771 0.6952380952380952 0.3715170278637771 0.7107142857142857 0.3764705882352941 0.7309523809523809 0.378328173374613 0.7321428571428571 0.40990712074303404 0.7321428571428571 0.4105263157894737 0.7309523809523809 0.4154798761609907 0.7130952380952381 0.42043343653250775 0.6845238095238095 0.42043343653250775 0.6202380952380953 0.41919504643962846 0.6190476190476191 0.3913312693498452 0.6190476190476191 
30 0.3318885448916409 0.5047619047619047 0.3269349845201238 0.5238095238095238 0.3126934984520124 0.6666666666666666 0.31207430340557274 0.6738095238095239 0.31207430340557274 0.6857142857142857 0.31331269349845203 0.6916666666666667 0.3170278637770898 0.7023809523809523 0.3176470588235294 0.7035714285714286 0.34179566563467495 0.7226190476190476 0.3510835913312694 0.7226190476190476 0.36594427244582045 0.694047619047619 0.37089783281733746 0.675 0.3956656346749226 0.569047619047619 0.3956656346749226 0.5238095238095238 0.39009287925696595 0.5142857142857142 0.3609907120743034 0.5047619047619047 0.3318885448916409 0.5047619047619047 
31 0.2823529411764706 0.5523809523809524 0.2773993808049536 0.5619047619047619 0.26811145510835915 0.580952380952381 0.2625386996904025 0.6107142857142858 0.2625386996904025 0.6535714285714286 0.2674922600619195 0.675 0.27306501547987616 0.6845238095238095 0.31145510835913315 0.6845238095238095 0.31640866873065016 0.6738095238095239 0.32136222910216716 0.655952380952381 0.3263157894736842 0.6369047619047619 0.3263157894736842 0.5904761904761905 0.32136222910216716 0.5714285714285714 0.3015479876160991 0.5523809523809524 0.2823529411764706 0.5523809523809524 
A 0.3721362229102167 0.42857142857142855 0.3715170278637771 0.430952380952381 0.36656346749226004 0.5142857142857142 0.36656346749226004 0.5178571428571429 0.36780185758513934 0.5226190476190476 0.39195046439628484 0.5416666666666666 0.4055727554179567 0.5416666666666666 0.4154798761609907 0.5035714285714286 0.4154798761609907 0.4488095238095238 0.40495356037151703 0.42857142857142855 0.3721362229102167 0.42857142857142855 
B 0.4328173374613003 0.41904761904761906 0.40619195046439627 0.4380952380952381 0.40619195046439627 0.45595238095238094 0.41114551083591333 0.5035714285714286 0.42105263157894735 0.5226190476190476 0.44272445820433437 0.5226190476190476 0.4439628482972136 0.5214285714285715 0.4452012383900929 0.5190476190476191 0.4452012383900929 0.4869047619047619 0.44024767801857584 0.44761904761904764 0.43343653250773995 0.41904761904761906 0.4328173374613003 0.41904761904761906 
C 0.4408668730650155 0.34285714285714286 0.4309597523219814 0.4226190476190476 0.4309597523219814 0.45595238095238094 0.4359133126934985 0.48333333333333334 0.4408668730650155 0.5023809523809524 0.4458204334365325 0.513095238095238 0.4588235294117647 0.513095238095238 0.460061919504644 0.5119047619047619 0.465015479876161 0.5023809523809524 0.469969040247678 0.4845238095238095 0.469969040247678 0.430952380952381 0.465015479876161 0.3904761904761905 0.4551083591331269 0.3619047619047619 0.4452012383900929 0.34285714285714286 0.4408668730650155 0.34285714285714286 
D 0.4761609907120743 0.3142857142857143 0.44643962848297214 0.3238095238095238 0.4458204334365325 0.3261904761904762 0.4458204334365325 0.3678571428571429 0.45139318885448915 0.3892857142857143 0.46068111455108357 0.40714285714285714 0.46253869969040246 0.4083333333333333 0.48978328173374613 0.4083333333333333 0.48978328173374613 0.3238095238095238 0.4848297213622291 0.3142857142857143 0.4761609907120743 0.3142857142857143 
H 0.5993808049535604 0.3619047619047619 0.5944272445820433 0.37142857142857144 0.5746130030959752 0.4380952380952381 0.5746130030959752 0.5035714285714286 0.5845201238390093 0.5226190476190476 0.5938080495356037 0.5226190476190476 0.5987616099071208 0.5119047619047619 0.6086687306501548 0.425 0.6086687306501548 0.3619047619047619 0.5993808049535604 0.3619047619047619 
I 0.6099071207430341 0.4380952380952381 0.6043343653250774 0.44761904761904764 0.5944272445820433 0.4773809523809524 0.5944272445820433 0.5226190476190476 0.5993808049535604 0.5416666666666666 0.604953560371517 0.5511904761904762 0.6229102167182663 0.5511904761904762 0.6235294117647059 0.55 0.628482972136223 0.5119047619047619 0.6334365325077399 0.4654761904761905 0.6334365325077399 0.45714285714285713 0.6130030959752322 0.4380952380952381 0.6099071207430341 0.4380952380952381 
J 0.6340557275541796 0.42857142857142855 0.6291021671826625 0.4488095238095238 0.6241486068111455 0.47023809523809523 0.6241486068111455 0.5416666666666666 0.6291021671826625 0.5583333333333333 0.6303405572755418 0.5607142857142857 0.6414860681114551 0.5607142857142857 0.643343653250774 0.5595238095238095 0.6625386996904025 0.5416666666666666 0.6631578947368421 0.5369047619047619 0.6681114551083591 0.475 0.6681114551083591 0.42857142857142855 0.6340557275541796 0.42857142857142855 
P 0.46068111455108357 0.49523809523809526 0.45572755417956656 0.5154761904761904 0.45572755417956656 0.6321428571428571 0.4563467492260062 0.6369047619047619 0.46068111455108357 0.6535714285714286 0.46563467492260063 0.6654761904761904 0.47492260061919506 0.6654761904761904 0.48978328173374613 0.5702380952380952 0.48978328173374613 0.5428571428571428 0.4891640866873065 0.5357142857142857 0.4848297213622291 0.5154761904761904 0.47492260061919506 0.49523809523809526 0.46068111455108357 0.49523809523809526 