2 0.24891640866873066 0.3238095238095238 0.21919504643962848 0.34285714285714286 0.21795665634674924 0.34523809523809523 0.21795665634674924 0.36904761904761907 0.22786377708978328 0.4083333333333333 0.25758513931888544 0.5119047619047619 0.2582043343653251 0.513095238095238 0.2625386996904025 0.5202380952380953 0.2773993808049536 0.5321428571428571 0.291640866873065 0.5321428571428571 0.3015479876160991 0.5226190476190476 0.3108359133126935 0.513095238095238 0.31145510835913315 0.5119047619047619 0.31145510835913315 0.4380952380952381 0.3015479876160991 0.4 0.27678018575851393 0.3345238095238095 0.2761609907120743 0.3333333333333333 0.2712074303405573 0.325 0.2693498452012384 0.3238095238095238 0.24891640866873066 0.3238095238095238 
4 0.3572755417956656 0.3142857142857143 0.356656346749226 0.31785714285714284 0.34674922600619196 0.5142857142857142 0.34674922600619196 0.5416666666666666 0.3523219814241486 0.5511904761904762 0.37585139318885447 0.5511904761904762 0.4006191950464396 0.5416666666666666 0.4006191950464396 0.49523809523809526 0.3907120743034056 0.35714285714285715 0.39009287925696595 0.3535714285714286 0.38575851393188854 0.3333333333333333 0.3752321981424149 0.3142857142857143 0.3572755417956656 0.3142857142857143 
5 0.38204334365325077 0.3238095238095238 0.3814241486068111 0.325 0.3814241486068111 0.3607142857142857 0.3863777089783282 0.5404761904761904 0.39195046439628484 0.5511904761904762 0.4148606811145511 0.5511904761904762 0.43034055727554177 0.5416666666666666 0.43962848297213625 0.5321428571428571 0.44024767801857584 0.530952380952381 0.44024767801857584 0.4595238095238095 0.43529411764705883 0.3726190476190476 0.43034055727554177 0.3523809523809524 0.42538699690402476 0.3333333333333333 0.4198142414860681 0.3238095238095238 0.38204334365325077 0.3238095238095238 
6 0.4408668730650155 0.3142857142857143 0.4359133126934985 0.3238095238095238 0.43157894736842106 0.3333333333333333 0.4260061919504644 0.3535714285714286 0.4260061919504644 0.5511904761904762 0.45944272445820433 0.5511904761904762 0.465015479876161 0.5321428571428571 0.465015479876161 0.45714285714285713 0.4551083591331269 0.3142857142857143 0.4408668730650155 0.3142857142857143 
7 0.4804953560371517 0.3142857142857143 0.47554179566563465 0.3238095238095238 0.4712074303405573 0.34285714285714286 0.46068111455108357 0.39166666666666666 0.45572755417956656 0.4297619047619048 0.45077399380804956 0.5428571428571428 0.45077399380804956 0.5571428571428572 0.4520123839009288 0.5595238095238095 0.45325077399380803 0.5607142857142857 0.47987616099071206 0.5607142857142857 0.48978328173374613 0.5416666666666666 0.49473684210526314 0.475 0.49473684210526314 0.3142857142857143 0.4804953560371517 0.3142857142857143 
8 0.5058823529411764 0.3238095238095238 0.5003095975232198 0.3333333333333333 0.4904024767801858 0.3630952380952381 0.4804953560371517 0.5333333333333333 0.4804953560371517 0.5583333333333333 0.48173374613003095 0.5607142857142857 0.5195046439628483 0.5607142857142857 0.5244582043343653 0.45595238095238094 0.5244582043343653 0.38452380952380955 0.5195046439628483 0.325 0.518266253869969 0.3238095238095238 0.5058823529411764 0.3238095238095238 
9 0.5356037151702786 0.3238095238095238 0.5306501547987617 0.3333333333333333 0.525077399380805 0.3523809523809524 0.5201238390092879 0.3726190476190476 0.5151702786377709 0.4488095238095238 0.5151702786377709 0.5583333333333333 0.5164086687306502 0.5607142857142857 0.5492260061919505 0.5607142857142857 0.5492260061919505 0.3238095238095238 0.5356037151702786 0.3238095238095238 
10 0.5653250773993808 0.3523809523809524 0.5647058823529412 0.3535714285714286 0.5597523219814241 0.38095238095238093 0.544891640866873 0.47619047619047616 0.544891640866873 0.5511904761904762 0.5510835913312694 0.5607142857142857 0.5789473684210527 0.5607142857142857 0.5839009287925696 0.444047619047619 0.5839009287925696 0.37142857142857144 0.5789473684210527 0.3523809523809524 0.5653250773993808 0.3523809523809524 
11 0.6043343653250774 0.3333333333333333 0.5944272445820433 0.3523809523809524 0.5845201238390093 0.39166666666666666 0.5752321981424149 0.4380952380952381 0.5746130030959752 0.44285714285714284 0.5746130030959752 0.5511904761904762 0.5845201238390093 0.5702380952380952 0.5987616099071208 0.5702380952380952 0.6080495356037152 0.5607142857142857 0.6086687306501548 0.5595238095238095 0.6136222910216719 0.5321428571428571 0.6185758513931888 0.47023809523809523 0.6185758513931888 0.3345238095238095 0.6179566563467492 0.3333333333333333 0.6043343653250774 0.3333333333333333 
12 0.6241486068111455 0.34285714285714286 0.6142414860681115 0.3523809523809524 0.6043343653250774 0.5273809523809524 0.6043343653250774 0.5476190476190477 0.604953560371517 0.5511904761904762 0.6092879256965944 0.5607142857142857 0.6371517027863777 0.5607142857142857 0.638390092879257 0.5595238095238095 0.638390092879257 0.34285714285714286 0.6241486068111455 0.34285714285714286 
14 0.6736842105263158 0.3619047619047619 0.6687306501547987 0.38095238095238093 0.6637770897832818 0.42023809523809524 0.6588235294117647 0.49642857142857144 0.6588235294117647 0.5511904761904762 0.698452012383901 0.5607142857142857 0.7009287925696595 0.5607142857142857 0.7027863777089783 0.5595238095238095 0.7077399380804954 0.5511904761904762 0.7176470588235294 0.4369047619047619 0.7176470588235294 0.3904761904761905 0.6879256965944273 0.3619047619047619 0.6736842105263158 0.3619047619047619 
16 0.7436532507739938 0.34285714285714286 0.7380804953560371 0.3523809523809524 0.7331269349845201 0.3619047619047619 0.718266253869969 0.41904761904761906 0.713312693498452 0.44761904761904764 0.713312693498452 0.5321428571428571 0.718266253869969 0.5404761904761904 0.7195046439628483 0.5416666666666666 0.7417956656346749 0.5416666666666666 0.7523219814241486 0.5321428571428571 0.7572755417956656 0.513095238095238 0.7671826625386997 0.41785714285714287 0.7671826625386997 0.3523809523809524 0.7622291021671826 0.34285714285714286 0.7436532507739938 0.34285714285714286 
18 0.718266253869969 0.5523809523809524 0.6990712074303406 0.5619047619047619 0.6941176470588235 0.5714285714285714 0.6934984520123839 0.575 0.6934984520123839 0.5988095238095238 0.7034055727554179 0.6357142857142857 0.713312693498452 0.6654761904761904 0.7232198142414861 0.694047619047619 0.7281733746130031 0.7035714285714286 0.7430340557275542 0.7226190476190476 0.7529411764705882 0.7321428571428571 0.76656346749226 0.7321428571428571 0.7671826625386997 0.7309523809523809 0.7671826625386997 0.6773809523809524 0.7622291021671826 0.6476190476190476 0.7523219814241486 0.5904761904761905 0.7417956656346749 0.5523809523809524 0.718266253869969 0.5523809523809524 
19 0.6544891640866873 0.5714285714285714 0.6489164086687307 0.580952380952381 0.6489164086687307 0.6273809523809524 0.6588235294117647 0.6845238095238095 0.6637770897832818 0.7035714285714286 0.6743034055727554 0.7416666666666667 0.6941176470588235 0.7797619047619048 0.7263157894736842 0.7797619047619048 0.7275541795665634 0.7785714285714286 0.7275541795665634 0.7238095238095238 0.7027863777089783 0.5916666666666667 0.6972136222910217 0.5714285714285714 0.6544891640866873 0.5714285714285714 
20 0.6396284829721363 0.5714285714285714 0.6191950464396285 0.580952380952381 0.6191950464396285 0.6178571428571429 0.6390092879256966 0.75 0.6439628482972136 0.7797619047619048 0.6495356037151703 0.7880952380952381 0.6513931888544892 0.7892857142857143 0.6625386996904025 0.7892857142857143 0.6631578947368421 0.7880952380952381 0.6631578947368421 0.7345238095238096 0.6582043343653251 0.6190476190476191 0.653250773993808 0.5726190476190476 0.6520123839009287 0.5714285714285714 0.6396284829721363 0.5714285714285714 
21 0.595046439628483 0.580952380952381 0.590092879256966 0.5904761904761905 0.5894736842105263 0.594047619047619 0.5894736842105263 0.625 0.6043343653250774 0.7380952380952381 0.6092879256965944 0.7702380952380953 0.6142414860681115 0.7880952380952381 0.614860681114551 0.7892857142857143 0.6334365325077399 0.7892857142857143 0.6334365325077399 0.7345238095238096 0.628482972136223 0.6190476190476191 0.6235294117647059 0.5821428571428572 0.6229102167182663 0.580952380952381 0.595046439628483 0.580952380952381 
22 0.5647058823529412 0.5714285714285714 0.5597523219814241 0.5928571428571429 0.5597523219814241 0.6273809523809524 0.5647058823529412 0.694047619047619 0.5746130030959752 0.7690476190476191 0.5795665634674922 0.7797619047619048 0.5845201238390093 0.7892857142857143 0.5888544891640867 0.7892857142857143 0.5938080495356037 0.7785714285714286 0.5938080495356037 0.580952380952381 0.5882352941176471 0.5714285714285714 0.5647058823529412 0.5714285714285714 
23 0.5405572755417957 0.5714285714285714 0.534984520123839 0.580952380952381 0.534984520123839 0.5952380952380952 0.544891640866873 0.7345238095238096 0.5498452012383901 0.7595238095238095 0.5504643962848297 0.7607142857142857 0.5640866873065016 0.7607142857142857 0.5690402476780185 0.6333333333333333 0.5690402476780185 0.6285714285714286 0.5640866873065016 0.5714285714285714 0.5405572755417957 0.5714285714285714 
24 0.5170278637770898 0.5714285714285714 0.5157894736842106 0.5726190476190476 0.5151702786377709 0.5738095238095238 0.5151702786377709 0.6440476190476191 0.5201238390092879 0.7154761904761905 0.525077399380805 0.7392857142857143 0.5256965944272446 0.7416666666666667 0.5393188854489164 0.7416666666666667 0.5393188854489164 0.5714285714285714 0.5170278637770898 0.5714285714285714 
25 0.49102167182662537 0.5714285714285714 0.4904024767801858 0.575 0.4904024767801858 0.6357142857142857 0.4953560371517028 0.6833333333333333 0.5003095975232198 0.719047619047619 0.5009287925696595 0.7226190476190476 0.5108359133126935 0.7416666666666667 0.5176470588235295 0.7416666666666667 0.5195046439628483 0.7404761904761905 0.5195046439628483 0.5714285714285714 0.49102167182662537 0.5714285714285714 
26 0.4724458204334365 0.5714285714285714 0.47058823529411764 0.5726190476190476 0.47058823529411764 0.6369047619047619 0.47554179566563465 0.6904761904761905 0.4904024767801858 0.7511904761904762 0.5040247678018576 0.7511904761904762 0.5046439628482973 0.7476190476190476 0.5046439628482973 0.6952380952380952 0.4996904024767802 0.6285714285714286 0.49473684210526314 0.5714285714285714 0.4724458204334365 0.5714285714285714 
27 0.4520123839009288 0.5619047619047619 0.45077399380804956 0.5630952380952381 0.4458204334365325 0.5714285714285714 0.4408668730650155 0.5904761904761905 0.4408668730650155 0.7880952380952381 0.4458204334365325 0.7976190476190477 0.4470588235294118 0.7988095238095239 0.45325077399380803 0.7988095238095239 0.4551083591331269 0.7976190476190477 0.460061919504644 0.7892857142857143 0.469969040247678 0.7702380952380953 0.47492260061919506 0.7416666666666667 0.47987616099071206 0.6654761904761904 0.47987616099071206 0.6309523809523809 0.47492260061919506 0.5642857142857143 0.4743034055727554 0.5619047619047619 0.4520123839009288 0.5619047619047619 
28 0.41671826625387 0.5619047619047619 0.40619195046439627 0.580952380952381 0.40123839009287926 0.7238095238095238 0.40123839009287926 0.7988095238095239 0.40619195046439627 0.8083333333333333 0.4154798761609907 0.8083333333333333 0.42538699690402476 0.7880952380952381 0.43034055727554177 0.7702380952380953 0.44024767801857584 0.7130952380952381 0.4452012383900929 0.6654761904761904 0.4501547987616099 0.5988095238095238 0.4501547987616099 0.5821428571428572 0.44953560371517026 0.580952380952381 0.43034055727554177 0.5619047619047619 0.41671826625387 0.5619047619047619 
29 0.3721362229102167 0.5619047619047619 0.36656346749226004 0.5726190476190476 0.356656346749226 0.7071428571428572 0.356656346749226 0.7892857142857143 0.37585139318885447 0.7892857142857143 0.4105263157894737 0.6452380952380953 0.4154798761609907 0.5880952380952381 0.4154798761609907 0.575 0.41424148606811145 0.5714285714285714 0.3907120743034056 0.5619047619047619 0.3721362229102167 0.5619047619047619 
30 0.32260061919504646 0.5523809523809524 0.3170278637770898 0.5619047619047619 0.31207430340557274 0.5821428571428572 0.2823529411764706 0.705952380952381 0.2823529411764706 0.7511904761904762 0.3021671826625387 0.7607142857142857 0.32136222910216716 0.7607142857142857 0.33126934984520123 0.7511904761904762 0.33622291021671824 0.7416666666666667 0.3461300309597523 0.7119047619047619 0.3510835913312694 0.694047619047619 0.37089783281733746 0.6178571428571429 0.37585139318885447 0.5773809523809523 0.37585139318885447 0.5630952380952381 0.3752321981424149 0.5619047619047619 0.3560371517027864 0.5523809523809524 0.32260061919504646 0.5523809523809524 
31 0.26873065015479874 0.5333333333333333 0.2674922600619195 0.5345238095238095 0.2625386996904025 0.5428571428571428 0.2235294117647059 0.6476190476190476 0.21795665634674924 0.6678571428571428 0.21795665634674924 0.694047619047619 0.23839009287925697 0.7321428571428571 0.25696594427244585 0.7321428571428571 0.2712074303405573 0.7130952380952381 0.286687306501548 0.6845238095238095 0.3015479876160991 0.6547619047619048 0.3157894736842105 0.6178571428571429 0.31640866873065016 0.6154761904761905 0.32136222910216716 0.5880952380952381 0.32136222910216716 0.5523809523809524 0.3157894736842105 0.5428571428571428 0.291640866873065 0.5333333333333333 0.26873065015479874 0.5333333333333333 