1 0.26006191950464397 0.3619047619047619 0.25758513931888544 0.3630952380952381 0.2476780185758514 0.37142857142857144 0.24272445820433436 0.3904761904761905 0.23777089783281732 0.41904761904761906 0.23777089783281732 0.5011904761904762 0.24272445820433436 0.5321428571428571 0.2835913312693498 0.5321428571428571 0.28606811145510835 0.530952380952381 0.286687306501548 0.5297619047619048 0.286687306501548 0.4595238095238095 0.28173374613003094 0.3726190476190476 0.28111455108359135 0.37142857142857144 0.27678018575851393 0.36428571428571427 0.2736842105263158 0.3619047619047619 0.26006191950464397 0.3619047619047619 
2 0.2873065015479876 0.41904761904761906 0.2823529411764706 0.430952380952381 0.2625386996904025 0.5428571428571428 0.2625386996904025 0.5797619047619048 0.2674922600619195 0.5988095238095238 0.27306501547987616 0.6083333333333333 0.30526315789473685 0.6083333333333333 0.3065015479876161 0.6071428571428571 0.3065015479876161 0.4380952380952381 0.30092879256965943 0.41904761904761906 0.2873065015479876 0.41904761904761906 
3 0.3170278637770898 0.42857142857142855 0.2978328173374613 0.4380952380952381 0.29721362229102166 0.4392857142857143 0.29721362229102166 0.44642857142857145 0.3021671826625387 0.6083333333333333 0.3126934984520124 0.6273809523809524 0.3461300309597523 0.6273809523809524 0.3461300309597523 0.5166666666666667 0.3411764705882353 0.4583333333333333 0.33622291021671824 0.4392857142857143 0.33126934984520123 0.42857142857142855 0.3170278637770898 0.42857142857142855 
4 0.3479876160990712 0.42857142857142855 0.3368421052631579 0.4392857142857143 0.3368421052631579 0.5226190476190476 0.34179566563467495 0.6345238095238095 0.34674922600619196 0.6357142857142857 0.36656346749226004 0.6369047619047619 0.37089783281733746 0.6369047619047619 0.37585139318885447 0.6273809523809524 0.37585139318885447 0.580952380952381 0.36594427244582045 0.47619047619047616 0.3609907120743034 0.45 0.3603715170278638 0.44761904761904764 0.3504643962848297 0.42857142857142855 0.3479876160990712 0.42857142857142855 
5 0.3622291021671827 0.42857142857142855 0.356656346749226 0.4380952380952381 0.356656346749226 0.4845238095238095 0.3622291021671827 0.5595238095238095 0.3715170278637771 0.6261904761904762 0.373374613003096 0.6273809523809524 0.3993808049535604 0.6273809523809524 0.4006191950464396 0.6261904761904762 0.4006191950464396 0.5333333333333333 0.3956656346749226 0.47619047619047616 0.3907120743034056 0.45 0.39009287925696595 0.44761904761904764 0.38575851393188854 0.4380952380952381 0.38080495356037153 0.42857142857142855 0.3622291021671827 0.42857142857142855 
6 0.38699690402476783 0.41904761904761906 0.3863777089783282 0.42023809523809524 0.3863777089783282 0.48333333333333334 0.39628482972136225 0.6369047619047619 0.4247678018575851 0.6369047619047619 0.42538699690402476 0.6357142857142857 0.42538699690402476 0.5619047619047619 0.4154798761609907 0.4785714285714286 0.4105263157894737 0.4488095238095238 0.4006191950464396 0.42142857142857143 0.4 0.42023809523809524 0.39814241486068114 0.41904761904761906 0.38699690402476783 0.41904761904761906 
7 0.41238390092879257 0.4380952380952381 0.41114551083591333 0.4392857142857143 0.41114551083591333 0.48333333333333334 0.41609907120743034 0.569047619047619 0.42105263157894735 0.6059523809523809 0.421671826625387 0.6083333333333333 0.4260061919504644 0.6178571428571429 0.4309597523219814 0.6273809523809524 0.4538699690402477 0.6273809523809524 0.4551083591331269 0.6261904761904762 0.4551083591331269 0.6130952380952381 0.4501547987616099 0.5619047619047619 0.4452012383900929 0.5142857142857142 0.43034055727554177 0.44761904761904764 0.42538699690402476 0.4380952380952381 0.41238390092879257 0.4380952380952381 
8 0.44643962848297214 0.4380952380952381 0.4408668730650155 0.45714285714285713 0.4408668730650155 0.5702380952380952 0.4458204334365325 0.6166666666666667 0.45077399380804956 0.6357142857142857 0.45139318885448915 0.6369047619047619 0.4848297213622291 0.6369047619047619 0.4848297213622291 0.6011904761904762 0.47492260061919506 0.5142857142857142 0.469969040247678 0.4869047619047619 0.460061919504644 0.4380952380952381 0.44643962848297214 0.4380952380952381 
9 0.47554179566563465 0.4380952380952381 0.47554179566563465 0.6083333333333333 0.48111455108359136 0.6369047619047619 0.5139318885448917 0.6369047619047619 0.5145510835913313 0.6345238095238095 0.5145510835913313 0.5904761904761905 0.5095975232198142 0.5297619047619048 0.5089783281733746 0.525 0.5046439628482973 0.49523809523809526 0.49473684210526314 0.45714285714285713 0.4848297213622291 0.4380952380952381 0.47554179566563465 0.4380952380952381 
10 0.49597523219814244 0.4380952380952381 0.4953560371517028 0.4392857142857143 0.4953560371517028 0.49404761904761907 0.5052631578947369 0.5797619047619048 0.5102167182662539 0.6059523809523809 0.5108359133126935 0.6083333333333333 0.5151702786377709 0.6178571428571429 0.5201238390092879 0.6273809523809524 0.5380804953560372 0.6273809523809524 0.5393188854489164 0.6261904761904762 0.5442724458204334 0.6166666666666667 0.5442724458204334 0.5833333333333334 0.5386996904024768 0.5333333333333333 0.5343653250773994 0.49642857142857144 0.5294117647058824 0.47619047619047616 0.5195046439628483 0.44761904761904764 0.5145510835913313 0.4380952380952381 0.49597523219814244 0.4380952380952381 
11 0.5362229102167183 0.3904761904761905 0.530030959752322 0.4011904761904762 0.5256965944272446 0.42023809523809524 0.525077399380805 0.425 0.525077399380805 0.5011904761904762 0.534984520123839 0.5880952380952381 0.5399380804953561 0.6178571428571429 0.544891640866873 0.6273809523809524 0.5634674922600619 0.6273809523809524 0.573374613003096 0.6178571428571429 0.5739938080495356 0.6142857142857143 0.5739938080495356 0.580952380952381 0.5690402476780185 0.5142857142857142 0.5541795665634675 0.3904761904761905 0.5362229102167183 0.3904761904761905 
12 0.5597523219814241 0.4 0.5547987616099072 0.4095238095238095 0.5547987616099072 0.4928571428571429 0.5647058823529412 0.5857142857142857 0.5696594427244582 0.6166666666666667 0.5708978328173374 0.6178571428571429 0.6024767801857586 0.6178571428571429 0.6037151702786377 0.6166666666666667 0.6136222910216719 0.5988095238095238 0.6136222910216719 0.5642857142857143 0.6086687306501548 0.5357142857142857 0.6080495356037152 0.5333333333333333 0.5739938080495356 0.4095238095238095 0.5690402476780185 0.4 0.5597523219814241 0.4 
13 0.5944272445820433 0.3904761904761905 0.5845201238390093 0.4095238095238095 0.5845201238390093 0.5035714285714286 0.6043343653250774 0.6083333333333333 0.638390092879257 0.6083333333333333 0.638390092879257 0.5738095238095238 0.6334365325077399 0.525 0.628482972136223 0.4857142857142857 0.6185758513931888 0.4095238095238095 0.6086687306501548 0.3904761904761905 0.5944272445820433 0.3904761904761905 
14 0.6291021671826625 0.3904761904761905 0.6191950464396285 0.4095238095238095 0.6191950464396285 0.49404761904761907 0.6291021671826625 0.6083333333333333 0.6823529411764706 0.6083333333333333 0.6829721362229102 0.6059523809523809 0.6829721362229102 0.5726190476190476 0.6582043343653251 0.430952380952381 0.648297213622291 0.3904761904761905 0.6291021671826625 0.3904761904761905 
15 0.6693498452012384 0.3904761904761905 0.6637770897832818 0.4 0.6538699690402476 0.42023809523809524 0.6538699690402476 0.46190476190476193 0.6588235294117647 0.5107142857142857 0.6637770897832818 0.5392857142857143 0.6736842105263158 0.5785714285714286 0.6786377708978328 0.5976190476190476 0.6792569659442724 0.5988095238095238 0.7071207430340557 0.5988095238095238 0.7269349845201238 0.5785714285714286 0.7275541795665634 0.5773809523809523 0.7275541795665634 0.5238095238095238 0.6829721362229102 0.3904761904761905 0.6693498452012384 0.3904761904761905 
16 0.7046439628482972 0.3142857142857143 0.7034055727554179 0.31547619047619047 0.6885448916408669 0.3333333333333333 0.6786377708978328 0.38333333333333336 0.6786377708978328 0.4166666666666667 0.6885448916408669 0.475 0.698452012383901 0.49404761904761907 0.7108359133126935 0.49404761904761907 0.7473684210526316 0.475 0.7523219814241486 0.4654761904761905 0.7523219814241486 0.4107142857142857 0.7473684210526316 0.3357142857142857 0.7424148606811145 0.3142857142857143 0.7046439628482972 0.3142857142857143 
17 0.7653250773993808 0.5904761904761905 0.7628482972136222 0.5916666666666667 0.7492260061919505 0.6 0.7479876160990712 0.6011904761904762 0.7380804953560371 0.6297619047619047 0.7331269349845201 0.6488095238095238 0.7331269349845201 0.6738095238095239 0.7380804953560371 0.6845238095238095 0.7529411764705882 0.7130952380952381 0.7640866873065015 0.7226190476190476 0.7789473684210526 0.7321428571428571 0.8352941176470589 0.7321428571428571 0.836532507739938 0.7309523809523809 0.8414860681114551 0.7214285714285714 0.8414860681114551 0.6773809523809524 0.836532507739938 0.6583333333333333 0.7919504643962848 0.6 0.7764705882352941 0.5904761904761905 0.7653250773993808 0.5904761904761905 
18 0.7040247678018576 0.580952380952381 0.6792569659442724 0.5904761904761905 0.669969040247678 0.6 0.6687306501547987 0.6023809523809524 0.6687306501547987 0.6369047619047619 0.6786377708978328 0.694047619047619 0.6842105263157895 0.7130952380952381 0.6934984520123839 0.7404761904761905 0.708359133126935 0.7702380952380953 0.7139318885448916 0.7797619047619048 0.7275541795665634 0.7797619047619048 0.7671826625386997 0.7702380952380953 0.7671826625386997 0.7345238095238096 0.7622291021671826 0.7142857142857143 0.7325077399380805 0.6 0.7275541795665634 0.5821428571428572 0.7269349845201238 0.580952380952381 0.7040247678018576 0.580952380952381 
19 0.6241486068111455 0.6 0.6191950464396285 0.6095238095238096 0.6191950464396285 0.6654761904761904 0.6340557275541796 0.7321428571428571 0.6439628482972136 0.7702380952380953 0.6637770897832818 0.8083333333333333 0.6823529411764706 0.8083333333333333 0.7120743034055728 0.7892857142857143 0.7126934984520124 0.7857142857142857 0.7126934984520124 0.7535714285714286 0.6730650154798762 0.6023809523809524 0.6705882352941176 0.6 0.6241486068111455 0.6 
20 0.5851393188854489 0.6095238095238096 0.5795665634674922 0.6190476190476191 0.5795665634674922 0.6535714285714286 0.5801857585139318 0.655952380952381 0.6043343653250774 0.7416666666666667 0.6142414860681115 0.7690476190476191 0.6340557275541796 0.8083333333333333 0.6439628482972136 0.8273809523809523 0.6563467492260062 0.8273809523809523 0.6582043343653251 0.8261904761904761 0.6582043343653251 0.7714285714285715 0.638390092879257 0.6773809523809524 0.6235294117647059 0.6107142857142858 0.6222910216718266 0.6095238095238096 0.5851393188854489 0.6095238095238096 
21 0.5696594427244582 0.6190476190476191 0.5603715170278638 0.6285714285714286 0.5597523219814241 0.6297619047619047 0.5597523219814241 0.6714285714285714 0.5647058823529412 0.7261904761904762 0.5653250773993808 0.7321428571428571 0.5696594427244582 0.7595238095238095 0.5795665634674922 0.7892857142857143 0.5894736842105263 0.8083333333333333 0.595046439628483 0.8178571428571428 0.6080495356037152 0.8178571428571428 0.6086687306501548 0.8154761904761905 0.6086687306501548 0.7904761904761904 0.6037151702786377 0.6869047619047619 0.5888544891640867 0.6190476190476191 0.5696594427244582 0.6190476190476191 
22 0.5473684210526316 0.6285714285714286 0.5455108359133127 0.6297619047619047 0.5405572755417957 0.638095238095238 0.534984520123839 0.6476190476190476 0.530030959752322 0.6857142857142857 0.530030959752322 0.7011904761904761 0.534984520123839 0.8178571428571428 0.5399380804953561 0.8273809523809523 0.5578947368421052 0.8273809523809523 0.5591331269349845 0.8261904761904761 0.5640866873065016 0.8178571428571428 0.5739938080495356 0.7607142857142857 0.5739938080495356 0.6964285714285714 0.5640866873065016 0.6285714285714286 0.5473684210526316 0.6285714285714286 
23 0.5108359133126935 0.638095238095238 0.5052631578947369 0.6488095238095238 0.5052631578947369 0.7928571428571428 0.5058823529411764 0.7988095238095239 0.5102167182662539 0.8178571428571428 0.5238390092879257 0.8178571428571428 0.5294117647058824 0.8083333333333333 0.5337461300309597 0.7988095238095239 0.5343653250773994 0.7952380952380952 0.5393188854489164 0.7404761904761905 0.5393188854489164 0.6392857142857142 0.5386996904024768 0.638095238095238 0.5108359133126935 0.638095238095238 
24 0.5009287925696595 0.638095238095238 0.4873065015479876 0.6476190476190476 0.48606811145510836 0.65 0.4854489164086687 0.6523809523809524 0.4854489164086687 0.805952380952381 0.49102167182662537 0.8273809523809523 0.4996904024767802 0.8273809523809523 0.5040247678018576 0.8178571428571428 0.5095975232198142 0.7880952380952381 0.5095975232198142 0.638095238095238 0.5009287925696595 0.638095238095238 
25 0.46687306501547987 0.6476190476190476 0.46563467492260063 0.6488095238095238 0.46563467492260063 0.7595238095238095 0.47058823529411764 0.8083333333333333 0.47987616099071206 0.8083333333333333 0.4848297213622291 0.7988095238095239 0.48978328173374613 0.7607142857142857 0.48978328173374613 0.6476190476190476 0.46687306501547987 0.6476190476190476 
26 0.4458204334365325 0.6571428571428571 0.4408668730650155 0.6678571428571428 0.4408668730650155 0.7202380952380952 0.45077399380804956 0.7952380952380952 0.45139318885448915 0.7988095238095239 0.460061919504644 0.7988095238095239 0.465015479876161 0.7869047619047619 0.469969040247678 0.7595238095238095 0.469969040247678 0.6595238095238095 0.4693498452012384 0.6571428571428571 0.4458204334365325 0.6571428571428571 
27 0.42105263157894735 0.6476190476190476 0.41609907120743034 0.6571428571428571 0.41114551083591333 0.6880952380952381 0.41114551083591333 0.8154761904761905 0.41609907120743034 0.8273809523809523 0.4247678018575851 0.8273809523809523 0.43034055727554177 0.805952380952381 0.43529411764705883 0.7797619047619048 0.44024767801857584 0.7511904761904762 0.4452012383900929 0.7130952380952381 0.4452012383900929 0.6666666666666666 0.44024767801857584 0.6476190476190476 0.42105263157894735 0.6476190476190476 
28 0.3913312693498452 0.6285714285714286 0.3863777089783282 0.638095238095238 0.3814241486068111 0.7428571428571429 0.3814241486068111 0.7880952380952381 0.3863777089783282 0.8071428571428572 0.38699690402476783 0.8083333333333333 0.4 0.8083333333333333 0.4006191950464396 0.8071428571428572 0.4055727554179567 0.7892857142857143 0.4105263157894737 0.7678571428571429 0.42043343653250775 0.6916666666666667 0.42043343653250775 0.6583333333333333 0.4154798761609907 0.6392857142857142 0.4105263157894737 0.6285714285714286 0.3913312693498452 0.6285714285714286 
29 0.3715170278637771 0.6190476190476191 0.3622291021671827 0.6285714285714286 0.356656346749226 0.6392857142857142 0.35170278637770896 0.6761904761904762 0.35170278637770896 0.8178571428571428 0.36594427244582045 0.8178571428571428 0.37089783281733746 0.8083333333333333 0.3907120743034056 0.694047619047619 0.3956656346749226 0.6428571428571429 0.3956656346749226 0.6190476190476191 0.3715170278637771 0.6190476190476191 
30 0.3176470588235294 0.6190476190476191 0.31207430340557274 0.6285714285714286 0.29226006191950465 0.7619047619047619 0.29226006191950465 0.805952380952381 0.29287925696594425 0.8083333333333333 0.32260061919504646 0.8178571428571428 0.33622291021671824 0.8178571428571428 0.3461300309597523 0.7988095238095239 0.3560371517027864 0.7404761904761905 0.36594427244582045 0.6452380952380953 0.36594427244582045 0.6285714285714286 0.3461300309597523 0.6190476190476191 0.3176470588235294 0.6190476190476191 
31 0.27306501547987616 0.6 0.2674922600619195 0.6190476190476191 0.2476780185758514 0.7238095238095238 0.2476780185758514 0.7880952380952381 0.24891640866873066 0.7892857142857143 0.27801857585139317 0.7988095238095239 0.29040247678018577 0.7988095238095239 0.29659442724458207 0.7892857142857143 0.3015479876160991 0.7690476190476191 0.3065015479876161 0.7416666666666667 0.31640866873065016 0.6714285714285714 0.31640866873065016 0.6107142857142858 0.3151702786377709 0.6095238095238096 0.29102167182662536 0.6 0.27306501547987616 0.6 
32 0.23777089783281732 0.6190476190476191 0.20309597523219813 0.6773809523809524 0.19814241486068113 0.6880952380952381 0.19814241486068113 0.7202380952380952 0.19876160990712075 0.7226190476190476 0.2130030959752322 0.7595238095238095 0.21362229102167182 0.7607142857142857 0.23653250773993809 0.7607142857142857 0.24643962848297213 0.7511904761904762 0.25696594427244585 0.7321428571428571 0.26687306501547986 0.6928571428571428 0.26687306501547986 0.638095238095238 0.25696594427244585 0.6190476190476191 0.23777089783281732 0.6190476190476191 