2 0.33746130030959753 0.41904761904761906 0.32755417956656346 0.42857142857142855 0.3176470588235294 0.45714285714285713 0.3021671826625387 0.5059523809523809 0.29721362229102166 0.5238095238095238 0.29721362229102166 0.55 0.3021671826625387 0.5607142857142857 0.3170278637770898 0.5892857142857143 0.33374613003095976 0.5892857142857143 0.33622291021671824 0.5880952380952381 0.3411764705882353 0.5797619047619048 0.3461300309597523 0.5607142857142857 0.3510835913312694 0.4845238095238095 0.3510835913312694 0.4380952380952381 0.3461300309597523 0.41904761904761906 0.33746130030959753 0.41904761904761906 
3 0.3572755417956656 0.4380952380952381 0.35170278637770896 0.4488095238095238 0.34674922600619196 0.47619047619047616 0.3318885448916409 0.5714285714285714 0.3318885448916409 0.5976190476190476 0.3380804953560371 0.6083333333333333 0.34674922600619196 0.6178571428571429 0.3752321981424149 0.6178571428571429 0.3907120743034056 0.6083333333333333 0.3907120743034056 0.580952380952381 0.38080495356037153 0.5142857142857142 0.36594427244582045 0.4380952380952381 0.3572755417956656 0.4380952380952381 
4 0.3876160990712074 0.44761904761904764 0.3863777089783282 0.4488095238095238 0.3814241486068111 0.5619047619047619 0.3814241486068111 0.5880952380952381 0.3863777089783282 0.6071428571428571 0.3913312693498452 0.6166666666666667 0.4006191950464396 0.6166666666666667 0.42043343653250775 0.6083333333333333 0.42043343653250775 0.5630952380952381 0.4105263157894737 0.49642857142857144 0.4055727554179567 0.46785714285714286 0.4006191950464396 0.4488095238095238 0.4 0.44761904761904764 0.3876160990712074 0.44761904761904764 
5 0.40743034055727556 0.44761904761904764 0.40619195046439627 0.4488095238095238 0.40619195046439627 0.5476190476190477 0.41114551083591333 0.6071428571428571 0.41609907120743034 0.6166666666666667 0.4173374613003096 0.6178571428571429 0.42538699690402476 0.6178571428571429 0.43529411764705883 0.5988095238095238 0.43529411764705883 0.5333333333333333 0.43034055727554177 0.49523809523809526 0.42538699690402476 0.46785714285714286 0.42043343653250775 0.44761904761904764 0.40743034055727556 0.44761904761904764 
6 0.43839009287925695 0.44761904761904764 0.4359133126934985 0.4488095238095238 0.4309597523219814 0.45714285714285713 0.4260061919504644 0.49523809523809526 0.4260061919504644 0.5035714285714286 0.4309597523219814 0.5880952380952381 0.43157894736842106 0.5892857142857143 0.4501547987616099 0.5892857142857143 0.4551083591331269 0.5547619047619048 0.4551083591331269 0.5464285714285714 0.4501547987616099 0.4857142857142857 0.4452012383900929 0.45714285714285713 0.43962848297213625 0.44761904761904764 0.43839009287925695 0.44761904761904764 
7 0.45077399380804956 0.44761904761904764 0.4458204334365325 0.5142857142857142 0.4458204334365325 0.5797619047619048 0.4693498452012384 0.5797619047619048 0.469969040247678 0.5785714285714286 0.469969040247678 0.5452380952380952 0.4693498452012384 0.5333333333333333 0.465015479876161 0.46785714285714286 0.460061919504644 0.44761904761904764 0.45077399380804956 0.44761904761904764 
8 0.4662538699690402 0.42857142857142855 0.46563467492260063 0.4297619047619048 0.46563467492260063 0.475 0.47554179566563465 0.5988095238095238 0.4854489164086687 0.6083333333333333 0.49473684210526314 0.6083333333333333 0.5040247678018576 0.5988095238095238 0.5046439628482973 0.5964285714285714 0.5046439628482973 0.5238095238095238 0.4996904024767802 0.4976190476190476 0.49473684210526314 0.47619047619047616 0.48978328173374613 0.4583333333333333 0.4891640866873065 0.45714285714285713 0.469969040247678 0.42857142857142855 0.4662538699690402 0.42857142857142855 
9 0.5275541795665635 0.42857142857142855 0.525077399380805 0.4297619047619048 0.5201238390092879 0.4392857142857143 0.5151702786377709 0.45714285714285713 0.5003095975232198 0.5428571428571428 0.5003095975232198 0.5880952380952381 0.5052631578947369 0.6083333333333333 0.5287925696594428 0.6083333333333333 0.5343653250773994 0.5773809523809523 0.5393188854489164 0.513095238095238 0.5393188854489164 0.4297619047619048 0.5374613003095975 0.42857142857142855 0.5275541795665635 0.42857142857142855 
10 0.544891640866873 0.4666666666666667 0.544891640866873 0.5892857142857143 0.5535603715170279 0.5892857142857143 0.5634674922600619 0.5797619047619048 0.5640866873065016 0.5738095238095238 0.5640866873065016 0.5428571428571428 0.5591331269349845 0.4773809523809524 0.5535603715170279 0.4666666666666667 0.544891640866873 0.4666666666666667 
11 0.5702786377708978 0.45714285714285713 0.5647058823529412 0.4666666666666667 0.5547987616099072 0.5428571428571428 0.5547987616099072 0.5797619047619048 0.5603715170278638 0.5988095238095238 0.5653250773993808 0.6083333333333333 0.5739938080495356 0.6083333333333333 0.5789473684210527 0.5976190476190476 0.5789473684210527 0.46785714285714286 0.573374613003096 0.45714285714285713 0.5702786377708978 0.45714285714285713 
12 0.5845201238390093 0.45714285714285713 0.5746130030959752 0.5142857142857142 0.5696594427244582 0.5916666666666667 0.5696594427244582 0.6047619047619047 0.5708978328173374 0.6083333333333333 0.5752321981424149 0.6178571428571429 0.5845201238390093 0.6273809523809524 0.5981424148606811 0.6273809523809524 0.6037151702786377 0.6178571428571429 0.6037151702786377 0.5428571428571428 0.5987616099071208 0.45714285714285713 0.5845201238390093 0.45714285714285713 
13 0.6 0.4380952380952381 0.5993808049535604 0.44047619047619047 0.5944272445820433 0.4785714285714286 0.5944272445820433 0.5511904761904762 0.5993808049535604 0.6059523809523809 0.6 0.6083333333333333 0.6043343653250774 0.6166666666666667 0.6105263157894737 0.6178571428571429 0.6229102167182663 0.6178571428571429 0.6235294117647059 0.6166666666666667 0.6235294117647059 0.5261904761904762 0.6185758513931888 0.4666666666666667 0.6136222910216719 0.4392857142857143 0.6130030959752322 0.4380952380952381 0.6 0.4380952380952381 
14 0.6445820433436532 0.42857142857142855 0.6439628482972136 0.4297619047619048 0.6390092879256966 0.44047619047619047 0.6340557275541796 0.45714285714285713 0.6291021671826625 0.4785714285714286 0.6247678018575852 0.5083333333333333 0.6191950464396285 0.5619047619047619 0.6191950464396285 0.6083333333333333 0.6241486068111455 0.6178571428571429 0.628482972136223 0.6178571428571429 0.648297213622291 0.6166666666666667 0.6631578947368421 0.6083333333333333 0.6681114551083591 0.5976190476190476 0.6718266253869969 0.5869047619047619 0.6730650154798762 0.580952380952381 0.6730650154798762 0.5714285714285714 0.6582043343653251 0.44047619047619047 0.653250773993808 0.4297619047619048 0.6526315789473685 0.42857142857142855 0.6445820433436532 0.42857142857142855 
15 0.6643962848297214 0.42857142857142855 0.6544891640866873 0.44761904761904764 0.6538699690402476 0.4511904761904762 0.6538699690402476 0.48214285714285715 0.6588235294117647 0.5404761904761904 0.6637770897832818 0.569047619047619 0.6687306501547987 0.5880952380952381 0.6693498452012384 0.5892857142857143 0.6922600619195046 0.5892857142857143 0.7021671826625387 0.5702380952380952 0.7027863777089783 0.5666666666666667 0.7027863777089783 0.5261904761904762 0.6879256965944273 0.4666666666666667 0.6780185758513931 0.42857142857142855 0.6643962848297214 0.42857142857142855 
18 0.6848297213622291 0.580952380952381 0.6835913312693499 0.5821428571428572 0.6588235294117647 0.6095238095238096 0.6538699690402476 0.6190476190476191 0.6538699690402476 0.6440476190476191 0.6544891640866873 0.6464285714285715 0.6687306501547987 0.694047619047619 0.6736842105263158 0.7035714285714286 0.6928792569659443 0.7226190476190476 0.7114551083591332 0.7226190476190476 0.7126934984520124 0.7214285714285714 0.7176470588235294 0.7130952380952381 0.7226006191950465 0.7023809523809523 0.7226006191950465 0.6857142857142857 0.7027863777089783 0.5916666666666667 0.6978328173374613 0.580952380952381 0.6848297213622291 0.580952380952381 
19 0.6204334365325077 0.6190476190476191 0.6191950464396285 0.6202380952380953 0.6142414860681115 0.6297619047619047 0.6142414860681115 0.6654761904761904 0.6241486068111455 0.7130952380952381 0.6340557275541796 0.75 0.6439628482972136 0.7702380952380953 0.6495356037151703 0.7797619047619048 0.6730650154798762 0.7797619047619048 0.6730650154798762 0.7428571428571429 0.6681114551083591 0.6964285714285714 0.6668730650154798 0.6857142857142857 0.6582043343653251 0.6190476190476191 0.6204334365325077 0.6190476190476191 
20 0.6130030959752322 0.6285714285714286 0.5993808049535604 0.6297619047619047 0.5894736842105263 0.638095238095238 0.5845201238390093 0.6488095238095238 0.5845201238390093 0.675 0.6043343653250774 0.7797619047619048 0.6092879256965944 0.7988095238095239 0.6179566563467492 0.7988095238095239 0.6185758513931888 0.7976190476190477 0.6185758513931888 0.638095238095238 0.6136222910216719 0.6285714285714286 0.6130030959752322 0.6285714285714286 
21 0.5746130030959752 0.6285714285714286 0.5647058823529412 0.6488095238095238 0.5647058823529412 0.7964285714285714 0.5653250773993808 0.7988095238095239 0.5702786377708978 0.8083333333333333 0.578328173374613 0.8083333333333333 0.5839009287925696 0.7988095238095239 0.5888544891640867 0.7785714285714286 0.5938080495356037 0.7095238095238096 0.5938080495356037 0.6726190476190477 0.5931888544891641 0.6666666666666666 0.5888544891640867 0.6285714285714286 0.5746130030959752 0.6285714285714286 
22 0.5405572755417957 0.6190476190476191 0.5399380804953561 0.6226190476190476 0.5399380804953561 0.7988095238095239 0.544891640866873 0.8154761904761905 0.5461300309597523 0.8178571428571428 0.556656346749226 0.8178571428571428 0.5591331269349845 0.8166666666666667 0.5640866873065016 0.7976190476190477 0.5690402476780185 0.6678571428571428 0.5690402476780185 0.65 0.5634674922600619 0.6285714285714286 0.5585139318885449 0.6190476190476191 0.5405572755417957 0.6190476190476191 
23 0.5256965944272446 0.6095238095238096 0.5201238390092879 0.6190476190476191 0.5201238390092879 0.7583333333333333 0.525077399380805 0.7892857142857143 0.5393188854489164 0.7892857142857143 0.5393188854489164 0.6095238095238096 0.5256965944272446 0.6095238095238096 
24 0.5065015479876162 0.6190476190476191 0.5052631578947369 0.6202380952380953 0.5052631578947369 0.7321428571428571 0.5102167182662539 0.7702380952380953 0.5151702786377709 0.7797619047619048 0.5195046439628483 0.7797619047619048 0.5195046439628483 0.6190476190476191 0.5065015479876162 0.6190476190476191 
25 0.4873065015479876 0.6190476190476191 0.4854489164086687 0.6202380952380953 0.4854489164086687 0.6845238095238095 0.4904024767801858 0.7702380952380953 0.5040247678018576 0.7702380952380953 0.5046439628482973 0.7666666666666667 0.5095975232198142 0.6642857142857143 0.5095975232198142 0.6392857142857142 0.5040247678018576 0.6190476190476191 0.4873065015479876 0.6190476190476191 
26 0.46563467492260063 0.6095238095238096 0.46563467492260063 0.6654761904761904 0.47058823529411764 0.7202380952380952 0.47554179566563465 0.7607142857142857 0.48978328173374613 0.7607142857142857 0.48978328173374613 0.65 0.4848297213622291 0.6214285714285714 0.4842105263157895 0.6190476190476191 0.4792569659442725 0.6095238095238096 0.46563467492260063 0.6095238095238096 
27 0.45077399380804956 0.6190476190476191 0.4458204334365325 0.6285714285714286 0.4408668730650155 0.6392857142857142 0.4408668730650155 0.7119047619047619 0.45077399380804956 0.7797619047619048 0.45572755417956656 0.7976190476190477 0.4613003095975232 0.8083333333333333 0.46439628482972134 0.8083333333333333 0.469969040247678 0.7988095238095239 0.469969040247678 0.6428571428571429 0.4693498452012384 0.638095238095238 0.45944272445820433 0.6190476190476191 0.45077399380804956 0.6190476190476191 
28 0.41609907120743034 0.638095238095238 0.41114551083591333 0.6488095238095238 0.41114551083591333 0.6738095238095239 0.41609907120743034 0.7321428571428571 0.42105263157894735 0.7773809523809524 0.4260061919504644 0.7976190476190477 0.426625386996904 0.7988095238095239 0.43962848297213625 0.7988095238095239 0.44024767801857584 0.7964285714285714 0.4452012383900929 0.6833333333333333 0.4452012383900929 0.6488095238095238 0.44024767801857584 0.638095238095238 0.41609907120743034 0.638095238095238 
29 0.37708978328173376 0.7047619047619048 0.3715170278637771 0.7142857142857143 0.3715170278637771 0.8547619047619047 0.37708978328173376 0.8654761904761905 0.3907120743034056 0.8654761904761905 0.3956656346749226 0.8369047619047619 0.4055727554179567 0.75 0.4055727554179567 0.7047619047619048 0.37708978328173376 0.7047619047619048 
30 0.3368421052631579 0.6190476190476191 0.3318885448916409 0.6297619047619047 0.30712074303405573 0.7440476190476191 0.30712074303405573 0.7880952380952381 0.3077399380804954 0.7892857142857143 0.3461300309597523 0.7892857142857143 0.3560371517027864 0.7690476190476191 0.3894736842105263 0.680952380952381 0.3907120743034056 0.6773809523809524 0.3907120743034056 0.6476190476190476 0.38575851393188854 0.638095238095238 0.37956656346749224 0.6285714285714286 0.3609907120743034 0.6190476190476191 0.3368421052631579 0.6190476190476191 
31 0.30712074303405573 0.5714285714285714 0.2978328173374613 0.5821428571428572 0.29287925696594425 0.5904761904761905 0.29226006191950465 0.5916666666666667 0.2873065015479876 0.6095238095238096 0.2773993808049536 0.6476190476190476 0.2674922600619195 0.7047619047619048 0.2674922600619195 0.7309523809523809 0.26811145510835915 0.7321428571428571 0.3015479876160991 0.7321428571428571 0.32136222910216716 0.694047619047619 0.3263157894736842 0.6821428571428572 0.3461300309597523 0.6273809523809524 0.3461300309597523 0.6142857142857143 0.3455108359133127 0.6095238095238096 0.34055727554179566 0.6 0.31145510835913315 0.5714285714285714 0.30712074303405573 0.5714285714285714 
T 0.3925696594427245 0.6571428571428571 0.3913312693498452 0.6583333333333333 0.38204334365325077 0.6761904761904762 0.3814241486068111 0.6785714285714286 0.3814241486068111 0.7107142857142857 0.3826625386996904 0.7130952380952381 0.40123839009287926 0.7226190476190476 0.41424148606811145 0.7226190476190476 0.4154798761609907 0.7214285714285714 0.4198142414860681 0.7130952380952381 0.42043343653250775 0.7107142857142857 0.42043343653250775 0.6666666666666666 0.4154798761609907 0.6571428571428571 0.3925696594427245 0.6571428571428571 