2 0.3170278637770898 0.41904761904761906 0.30712074303405573 0.4380952380952381 0.3021671826625387 0.4595238095238095 0.3021671826625387 0.49404761904761907 0.3077399380804954 0.5035714285714286 0.3219814241486068 0.5214285714285715 0.32321981424148605 0.5226190476190476 0.3411764705882353 0.5226190476190476 0.3510835913312694 0.5035714285714286 0.3560371517027864 0.49166666666666664 0.3560371517027864 0.4488095238095238 0.35541795665634673 0.44761904761904764 0.32136222910216716 0.42023809523809524 0.3188854489164087 0.41904761904761906 0.3170278637770898 0.41904761904761906 
3 0.36594427244582045 0.47619047619047616 0.356656346749226 0.4773809523809524 0.3523219814241486 0.4857142857142857 0.3318885448916409 0.5428571428571428 0.3318885448916409 0.5797619047619048 0.3368421052631579 0.6071428571428571 0.3380804953560371 0.6083333333333333 0.356656346749226 0.6178571428571429 0.3702786377708978 0.6178571428571429 0.3801857585139319 0.6083333333333333 0.38080495356037153 0.6047619047619047 0.38575851393188854 0.569047619047619 0.38575851393188854 0.4773809523809524 0.3851393188854489 0.47619047619047616 0.36594427244582045 0.47619047619047616 
4 0.3925696594427245 0.4380952380952381 0.3913312693498452 0.4392857142857143 0.3863777089783282 0.4488095238095238 0.3814241486068111 0.5059523809523809 0.3814241486068111 0.5226190476190476 0.4105263157894737 0.5226190476190476 0.42538699690402476 0.513095238095238 0.43034055727554177 0.5035714285714286 0.43034055727554177 0.45 0.4297213622291022 0.44761904761904764 0.4247678018575851 0.4380952380952381 0.3925696594427245 0.4380952380952381 
5 0.4260061919504644 0.44761904761904764 0.40619195046439627 0.5059523809523809 0.40619195046439627 0.5285714285714286 0.4068111455108359 0.5321428571428571 0.41609907120743034 0.5511904761904762 0.43034055727554177 0.5511904761904762 0.4452012383900929 0.5214285714285715 0.4452012383900929 0.46785714285714286 0.43529411764705883 0.44761904761904764 0.4260061919504644 0.44761904761904764 
6 0.4421052631578947 0.3619047619047619 0.4309597523219814 0.38095238095238093 0.4260061919504644 0.4 0.4260061919504644 0.45476190476190476 0.4309597523219814 0.4654761904761905 0.4359133126934985 0.475 0.44148606811145513 0.4845238095238095 0.4551083591331269 0.4845238095238095 0.465015479876161 0.475 0.465015479876161 0.4166666666666667 0.460061919504644 0.3726190476190476 0.45944272445820433 0.37142857142857144 0.4501547987616099 0.3619047619047619 0.4421052631578947 0.3619047619047619 
7 0.46563467492260063 0.4380952380952381 0.4613003095975232 0.44761904761904764 0.45077399380804956 0.4773809523809524 0.4458204334365325 0.49523809523809526 0.4458204334365325 0.5416666666666666 0.4613003095975232 0.5702380952380952 0.47368421052631576 0.5702380952380952 0.4848297213622291 0.5607142857142857 0.4848297213622291 0.46785714285714286 0.47987616099071206 0.4392857142857143 0.4786377708978328 0.4380952380952381 0.46563467492260063 0.4380952380952381 
8 0.4972136222910217 0.42857142857142855 0.4953560371517028 0.4297619047619048 0.4904024767801858 0.4380952380952381 0.4804953560371517 0.47619047619047616 0.47058823529411764 0.5547619047619048 0.47058823529411764 0.5785714285714286 0.47554179566563465 0.5892857142857143 0.4804953560371517 0.5988095238095238 0.4904024767801858 0.6083333333333333 0.5040247678018576 0.6083333333333333 0.5145510835913313 0.5892857142857143 0.5145510835913313 0.49642857142857144 0.5095975232198142 0.4380952380952381 0.5046439628482973 0.4297619047619048 0.503405572755418 0.42857142857142855 0.4972136222910217 0.42857142857142855 
9 0.5207430340557275 0.4380952380952381 0.5151702786377709 0.45714285714285713 0.5108359133126935 0.4857142857142857 0.5102167182662539 0.49642857142857144 0.5102167182662539 0.6047619047619047 0.5114551083591331 0.6071428571428571 0.5126934984520124 0.6083333333333333 0.5442724458204334 0.6083333333333333 0.5492260061919505 0.5988095238095238 0.5492260061919505 0.5238095238095238 0.5442724458204334 0.4666666666666667 0.5393188854489164 0.44761904761904764 0.5343653250773994 0.4380952380952381 0.5207430340557275 0.4380952380952381 
10 0.551702786377709 0.4380952380952381 0.5498452012383901 0.4392857142857143 0.5399380804953561 0.47619047619047616 0.5399380804953561 0.5297619047619048 0.544891640866873 0.569047619047619 0.5467492260061919 0.5702380952380952 0.5678018575851393 0.5702380952380952 0.5690402476780185 0.569047619047619 0.573374613003096 0.5607142857142857 0.5739938080495356 0.5583333333333333 0.5739938080495356 0.5047619047619047 0.5640866873065016 0.4595238095238095 0.5591331269349845 0.4392857142857143 0.5585139318885449 0.4380952380952381 0.551702786377709 0.4380952380952381 
11 0.5715170278637771 0.3904761904761905 0.5696594427244582 0.39166666666666666 0.5597523219814241 0.4107142857142857 0.5547987616099072 0.4297619047619048 0.5547987616099072 0.4595238095238095 0.5597523219814241 0.49404761904761907 0.5647058823529412 0.5035714285714286 0.5826625386996904 0.5035714285714286 0.5839009287925696 0.5023809523809524 0.5981424148606811 0.4845238095238095 0.5987616099071208 0.48333333333333334 0.6037151702786377 0.44285714285714284 0.6037151702786377 0.4392857142857143 0.6018575851393189 0.41904761904761906 0.5987616099071208 0.39285714285714285 0.5981424148606811 0.3904761904761905 0.5715170278637771 0.3904761904761905 
12 0.5956656346749226 0.4666666666666667 0.5845201238390093 0.47619047619047616 0.5746130030959752 0.49523809523809526 0.5746130030959752 0.530952380952381 0.5752321981424149 0.5321428571428571 0.5845201238390093 0.5416666666666666 0.5944272445820433 0.5511904761904762 0.6080495356037152 0.5511904761904762 0.6086687306501548 0.5488095238095239 0.6086687306501548 0.5059523809523809 0.5987616099071208 0.4666666666666667 0.5956656346749226 0.4666666666666667 
13 0.5993808049535604 0.4380952380952381 0.595046439628483 0.44761904761904764 0.5944272445820433 0.4511904761904762 0.5944272445820433 0.5011904761904762 0.5993808049535604 0.5226190476190476 0.6092879256965944 0.5416666666666666 0.6377708978328174 0.5416666666666666 0.638390092879257 0.5404761904761904 0.638390092879257 0.47619047619047616 0.6334365325077399 0.4583333333333333 0.6229102167182663 0.4380952380952381 0.5993808049535604 0.4380952380952381 
14 0.6588235294117647 0.47619047619047616 0.6396284829721363 0.49523809523809526 0.6390092879256966 0.4976190476190476 0.6340557275541796 0.5630952380952381 0.6340557275541796 0.5773809523809523 0.6445820433436532 0.6273809523809524 0.6829721362229102 0.6273809523809524 0.6879256965944273 0.6166666666666667 0.6879256965944273 0.5619047619047619 0.6730650154798762 0.49523809523809526 0.6681114551083591 0.47619047619047616 0.6588235294117647 0.47619047619047616 
15 0.6959752321981424 0.4380952380952381 0.6643962848297214 0.4666666666666667 0.6637770897832818 0.46785714285714286 0.6637770897832818 0.4928571428571429 0.6687306501547987 0.513095238095238 0.6736842105263158 0.530952380952381 0.6743034055727554 0.5321428571428571 0.6904024767801857 0.5416666666666666 0.6953560371517028 0.5416666666666666 0.6978328173374613 0.5404761904761904 0.7170278637770898 0.5226190476190476 0.7226006191950465 0.5119047619047619 0.7226006191950465 0.47619047619047616 0.7120743034055728 0.44761904761904764 0.7077399380804954 0.4380952380952381 0.6959752321981424 0.4380952380952381 
18 0.713312693498452 0.6952380952380952 0.698452012383901 0.7047619047619048 0.6934984520123839 0.7261904761904762 0.6934984520123839 0.7595238095238095 0.698452012383901 0.7785714285714286 0.7009287925696595 0.7797619047619048 0.7126934984520124 0.7797619047619048 0.7374613003095976 0.7511904761904762 0.7424148606811145 0.7416666666666667 0.7424148606811145 0.7047619047619048 0.7368421052631579 0.6952380952380952 0.713312693498452 0.6952380952380952 
19 0.6458204334365325 0.638095238095238 0.6439628482972136 0.6392857142857142 0.6340557275541796 0.6488095238095238 0.6340557275541796 0.7035714285714286 0.6439628482972136 0.7595238095238095 0.6489164086687307 0.7797619047619048 0.6538699690402476 0.7988095238095239 0.6631578947368421 0.7988095238095239 0.6922600619195046 0.7892857142857143 0.6928792569659443 0.7869047619047619 0.6928792569659443 0.7523809523809524 0.6879256965944273 0.6476190476190476 0.6829721362229102 0.638095238095238 0.6458204334365325 0.638095238095238 
20 0.6142414860681115 0.7428571428571429 0.6092879256965944 0.7535714285714286 0.6092879256965944 0.7952380952380952 0.6142414860681115 0.825 0.614860681114551 0.8273809523809523 0.6191950464396285 0.8369047619047619 0.6427244582043343 0.8369047619047619 0.643343653250774 0.8357142857142857 0.643343653250774 0.763095238095238 0.6328173374613003 0.7428571428571429 0.6142414860681115 0.7428571428571429 
21 0.5845201238390093 0.7333333333333333 0.5746130030959752 0.7535714285714286 0.5746130030959752 0.8154761904761905 0.5795665634674922 0.844047619047619 0.5801857585139318 0.8464285714285714 0.5956656346749226 0.8464285714285714 0.5987616099071208 0.8452380952380952 0.6086687306501548 0.8261904761904761 0.6086687306501548 0.7583333333333333 0.6080495356037152 0.7523809523809524 0.6030959752321982 0.7345238095238096 0.6018575851393189 0.7333333333333333 0.5845201238390093 0.7333333333333333 
22 0.5603715170278638 0.7714285714285715 0.5547987616099072 0.780952380952381 0.544891640866873 0.8 0.5399380804953561 0.8285714285714286 0.5399380804953561 0.8821428571428571 0.5405572755417957 0.8845238095238095 0.5498452012383901 0.9035714285714286 0.561609907120743 0.9035714285714286 0.5640866873065016 0.9023809523809524 0.578328173374613 0.8940476190476191 0.5789473684210527 0.888095238095238 0.5789473684210527 0.8023809523809524 0.5739938080495356 0.780952380952381 0.5690402476780185 0.7726190476190476 0.5659442724458205 0.7714285714285715 0.5603715170278638 0.7714285714285715 
23 0.534984520123839 0.6285714285714286 0.530030959752322 0.6857142857142857 0.530030959752322 0.7785714285714286 0.534984520123839 0.7892857142857143 0.5442724458204334 0.7892857142857143 0.5492260061919505 0.7785714285714286 0.5541795665634675 0.7607142857142857 0.5591331269349845 0.7035714285714286 0.5591331269349845 0.6392857142857142 0.5535603715170279 0.6285714285714286 0.534984520123839 0.6285714285714286 
24 0.5102167182662539 0.6285714285714286 0.5102167182662539 0.6904761904761905 0.5151702786377709 0.7892857142857143 0.5287925696594428 0.7892857142857143 0.5294117647058824 0.7880952380952381 0.5343653250773994 0.7416666666666667 0.5343653250773994 0.6321428571428571 0.5337461300309597 0.6297619047619047 0.5325077399380805 0.6285714285714286 0.5102167182662539 0.6285714285714286 
25 0.4904024767801858 0.6285714285714286 0.4904024767801858 0.6726190476190477 0.4953560371517028 0.7404761904761905 0.5003095975232198 0.7678571428571429 0.5052631578947369 0.7892857142857143 0.5145510835913313 0.7892857142857143 0.5145510835913313 0.6285714285714286 0.4904024767801858 0.6285714285714286 
26 0.4724458204334365 0.6666666666666666 0.4712074303405573 0.6678571428571428 0.47058823529411764 0.669047619047619 0.47058823529411764 0.75 0.47554179566563465 0.7880952380952381 0.4804953560371517 0.8071428571428572 0.48111455108359136 0.8083333333333333 0.4996904024767802 0.8083333333333333 0.4996904024767802 0.6773809523809524 0.49411764705882355 0.6666666666666666 0.4724458204334365 0.6666666666666666 
27 0.45572755417956656 0.7714285714285715 0.4458204334365325 0.7916666666666666 0.4458204334365325 0.8845238095238095 0.45139318885448915 0.8940476190476191 0.46439628482972134 0.8940476190476191 0.47492260061919506 0.8845238095238095 0.4786377708978328 0.875 0.47987616099071206 0.8702380952380953 0.47987616099071206 0.7928571428571428 0.469969040247678 0.7714285714285715 0.45572755417956656 0.7714285714285715 
28 0.426625386996904 0.7238095238095238 0.42105263157894735 0.7345238095238096 0.42105263157894735 0.8166666666666667 0.426625386996904 0.8273809523809523 0.4452012383900929 0.8273809523809523 0.44953560371517026 0.8166666666666667 0.4551083591331269 0.7988095238095239 0.4551083591331269 0.7333333333333333 0.44953560371517026 0.7238095238095238 0.426625386996904 0.7238095238095238 
29 0.3913312693498452 0.7238095238095238 0.3814241486068111 0.7345238095238096 0.3814241486068111 0.7690476190476191 0.3863777089783282 0.8178571428571428 0.3913312693498452 0.8273809523809523 0.4086687306501548 0.8273809523809523 0.4105263157894737 0.825 0.4148606811145511 0.8178571428571428 0.4154798761609907 0.8166666666666667 0.42043343653250775 0.7880952380952381 0.42043343653250775 0.7607142857142857 0.4198142414860681 0.7535714285714286 0.4148606811145511 0.7345238095238096 0.4105263157894737 0.7238095238095238 0.3913312693498452 0.7238095238095238 
30 0.36160990712074303 0.6095238095238096 0.34674922600619196 0.6190476190476191 0.34179566563467495 0.6297619047619047 0.3368421052631579 0.7273809523809524 0.3368421052631579 0.7797619047619048 0.3628482972136223 0.7892857142857143 0.3690402476780186 0.7892857142857143 0.37585139318885447 0.7797619047619048 0.38080495356037153 0.7678571428571429 0.39504643962848296 0.7023809523809523 0.3956656346749226 0.6964285714285714 0.3956656346749226 0.6392857142857142 0.3907120743034056 0.6202380952380953 0.39009287925696595 0.6190476190476191 0.36594427244582045 0.6095238095238096 0.36160990712074303 0.6095238095238096 
31 0.29907120743034055 0.6666666666666666 0.29721362229102166 0.6678571428571428 0.29226006191950465 0.6761904761904762 0.2873065015479876 0.6976190476190476 0.2873065015479876 0.7607142857142857 0.2978328173374613 0.7702380952380953 0.3256965944272446 0.7702380952380953 0.33126934984520123 0.7607142857142857 0.3411764705882353 0.7416666666666667 0.3411764705882353 0.705952380952381 0.33622291021671824 0.6857142857142857 0.3151702786377709 0.6666666666666666 0.29907120743034055 0.6666666666666666 
A 0.3814241486068111 0.5083333333333333 0.3715170278637771 0.6 0.3715170278637771 0.6178571428571429 0.4154798761609907 0.6178571428571429 0.42043343653250775 0.5880952380952381 0.42043343653250775 0.5547619047619048 0.4154798761609907 0.5238095238095238 0.4105263157894737 0.5142857142857142 0.3814241486068111 0.5083333333333333 
B 0.43343653250773995 0.5238095238095238 0.41114551083591333 0.5333333333333333 0.41114551083591333 0.6261904761904762 0.41238390092879257 0.6273809523809524 0.44024767801857584 0.6273809523809524 0.4452012383900929 0.6166666666666667 0.4452012383900929 0.5619047619047619 0.44024767801857584 0.5238095238095238 0.43343653250773995 0.5238095238095238 
C 0.4408668730650155 0.5047619047619047 0.4359133126934985 0.5142857142857142 0.43157894736842106 0.5238095238095238 0.4309597523219814 0.5273809523809524 0.4309597523219814 0.5321428571428571 0.4408668730650155 0.6166666666666667 0.44148606811145513 0.6178571428571429 0.460061919504644 0.6178571428571429 0.465015479876161 0.6083333333333333 0.465015479876161 0.5916666666666667 0.460061919504644 0.5523809523809524 0.4501547987616099 0.5047619047619047 0.4408668730650155 0.5047619047619047 
D 0.4631578947368421 0.5523809523809524 0.46068111455108357 0.5535714285714286 0.45572755417956656 0.5630952380952381 0.45572755417956656 0.5988095238095238 0.46068111455108357 0.6178571428571429 0.4792569659442725 0.6178571428571429 0.4848297213622291 0.6083333333333333 0.4848297213622291 0.5952380952380952 0.4842105263157895 0.5904761904761905 0.47987616099071206 0.5714285714285714 0.47492260061919506 0.5630952380952381 0.46439628482972134 0.5523809523809524 0.4631578947368421 0.5523809523809524 
G 0.5455108359133127 0.5619047619047619 0.544891640866873 0.5642857142857143 0.5399380804953561 0.5904761904761905 0.5399380804953561 0.6142857142857143 0.5405572755417957 0.6178571428571429 0.5572755417956656 0.6178571428571429 0.5591331269349845 0.6166666666666667 0.5591331269349845 0.5630952380952381 0.5585139318885449 0.5619047619047619 0.5455108359133127 0.5619047619047619 
H 0.5795665634674922 0.5333333333333333 0.5746130030959752 0.5345238095238095 0.5647058823529412 0.5523809523809524 0.5597523219814241 0.5619047619047619 0.5547987616099072 0.5833333333333334 0.5547987616099072 0.6166666666666667 0.5597523219814241 0.6273809523809524 0.5789473684210527 0.6273809523809524 0.5839009287925696 0.5880952380952381 0.5839009287925696 0.5333333333333333 0.5795665634674922 0.5333333333333333 
I 0.5795665634674922 0.5238095238095238 0.5746130030959752 0.580952380952381 0.5746130030959752 0.6369047619047619 0.6086687306501548 0.6369047619047619 0.6086687306501548 0.544047619047619 0.6080495356037152 0.5428571428571428 0.5888544891640867 0.5238095238095238 0.5795665634674922 0.5238095238095238 
J 0.6352941176470588 0.5047619047619047 0.6092879256965944 0.5142857142857142 0.604953560371517 0.5238095238095238 0.6043343653250774 0.5261904761904762 0.5993808049535604 0.5714285714285714 0.5993808049535604 0.6166666666666667 0.6043343653250774 0.6357142857142857 0.604953560371517 0.6369047619047619 0.6427244582043343 0.6369047619047619 0.648297213622291 0.6333333333333333 0.648297213622291 0.5845238095238096 0.643343653250774 0.5047619047619047 0.6352941176470588 0.5047619047619047 
K 0.5944272445820433 0.6476190476190476 0.5944272445820433 0.6833333333333333 0.5993808049535604 0.7607142857142857 0.6427244582043343 0.7607142857142857 0.643343653250774 0.7583333333333333 0.643343653250774 0.7333333333333333 0.638390092879257 0.6476190476190476 0.5944272445820433 0.6476190476190476 
L 0.5708978328173374 0.6476190476190476 0.5696594427244582 0.6488095238095238 0.5696594427244582 0.7595238095238095 0.5702786377708978 0.7607142857142857 0.58328173374613 0.7607142857142857 0.6037151702786377 0.7511904761904762 0.6037151702786377 0.6773809523809524 0.5987616099071208 0.6476190476190476 0.5708978328173374 0.6476190476190476 
M 0.5609907120743034 0.6476190476190476 0.5597523219814241 0.6488095238095238 0.5547987616099072 0.6607142857142857 0.5547987616099072 0.7761904761904762 0.5554179566563467 0.7797619047619048 0.5684210526315789 0.7797619047619048 0.5739938080495356 0.7690476190476191 0.5739938080495356 0.65 0.573374613003096 0.6476190476190476 0.5609907120743034 0.6476190476190476 
Q 0.47554179566563465 0.6285714285714286 0.47058823529411764 0.6392857142857142 0.47058823529411764 0.675 0.49411764705882355 0.675 0.49473684210526314 0.6726190476190477 0.49473684210526314 0.6392857142857142 0.49411764705882355 0.638095238095238 0.4891640866873065 0.6297619047619047 0.48792569659442725 0.6285714285714286 0.47554179566563465 0.6285714285714286 
R 0.4563467492260062 0.6285714285714286 0.45572755417956656 0.6297619047619047 0.45572755417956656 0.7511904761904762 0.46068111455108357 0.7690476190476191 0.4613003095975232 0.7702380952380953 0.4743034055727554 0.7702380952380953 0.47492260061919506 0.7595238095238095 0.47492260061919506 0.6297619047619047 0.47306501547987617 0.6285714285714286 0.4563467492260062 0.6285714285714286 
S 0.4260061919504644 0.638095238095238 0.421671826625387 0.6571428571428571 0.42105263157894735 0.6607142857142857 0.42105263157894735 0.7321428571428571 0.45139318885448915 0.7702380952380953 0.465015479876161 0.7702380952380953 0.465015479876161 0.7440476190476191 0.460061919504644 0.6452380952380953 0.45944272445820433 0.638095238095238 0.4260061919504644 0.638095238095238 
T 0.3863777089783282 0.6285714285714286 0.3814241486068111 0.7154761904761905 0.3814241486068111 0.7309523809523809 0.38204334365325077 0.7321428571428571 0.42105263157894735 0.7511904761904762 0.421671826625387 0.7511904761904762 0.42538699690402476 0.7476190476190476 0.4297213622291022 0.7416666666666667 0.43034055727554177 0.7380952380952381 0.43034055727554177 0.6404761904761904 0.4297213622291022 0.6392857142857142 0.4198142414860681 0.6285714285714286 0.3863777089783282 0.6285714285714286 