2 0.2934984520123839 0.37142857142857144 0.29226006191950465 0.3726190476190476 0.2873065015479876 0.38095238095238093 0.2724458204334365 0.525 0.2724458204334365 0.5607142857142857 0.2773993808049536 0.5702380952380952 0.29845201238390096 0.5892857142857143 0.31145510835913315 0.5892857142857143 0.3256965944272446 0.5797619047619048 0.3263157894736842 0.5773809523809523 0.3263157894736842 0.42857142857142855 0.32136222910216716 0.4011904761904762 0.31640866873065016 0.38095238095238093 0.3108359133126935 0.37142857142857144 0.2934984520123839 0.37142857142857144 
3 0.3318885448916409 0.38095238095238093 0.3269349845201238 0.3904761904761905 0.3219814241486068 0.525 0.3219814241486068 0.5785714285714286 0.3318885448916409 0.5988095238095238 0.37585139318885447 0.5988095238095238 0.38080495356037153 0.5880952380952381 0.38080495356037153 0.5333333333333333 0.37585139318885447 0.47619047619047616 0.3702786377708978 0.45714285714285713 0.3609907120743034 0.4297619047619048 0.3510835913312694 0.4011904761904762 0.34055727554179566 0.38095238095238093 0.3318885448916409 0.38095238095238093 
4 0.39195046439628484 0.4 0.3863777089783282 0.4095238095238095 0.3814241486068111 0.42023809523809524 0.3764705882352941 0.4488095238095238 0.3715170278637771 0.4857142857142857 0.3715170278637771 0.6083333333333333 0.39504643962848296 0.6083333333333333 0.40990712074303404 0.5988095238095238 0.4105263157894737 0.5964285714285714 0.4105263157894737 0.525 0.4055727554179567 0.4 0.39195046439628484 0.4 
6 0.41609907120743034 0.38095238095238093 0.41114551083591333 0.39166666666666666 0.40619195046439627 0.4095238095238095 0.40123839009287926 0.44761904761904764 0.39628482972136225 0.5904761904761905 0.39628482972136225 0.5952380952380952 0.39690402476780184 0.5988095238095238 0.40123839009287926 0.6166666666666667 0.40309597523219814 0.6178571428571429 0.4235294117647059 0.6178571428571429 0.42538699690402476 0.6166666666666667 0.43529411764705883 0.5797619047619048 0.43529411764705883 0.4095238095238095 0.43034055727554177 0.3821428571428571 0.4297213622291022 0.38095238095238093 0.41609907120743034 0.38095238095238093 
7 0.4458204334365325 0.4 0.4408668730650155 0.41904761904761906 0.4309597523219814 0.4666666666666667 0.4260061919504644 0.5738095238095238 0.4260061919504644 0.6178571428571429 0.4538699690402477 0.6178571428571429 0.4551083591331269 0.6166666666666667 0.460061919504644 0.6083333333333333 0.460061919504644 0.40595238095238095 0.45944272445820433 0.4 0.4458204334365325 0.4 
8 0.47058823529411764 0.4095238095238095 0.46068111455108357 0.44761904761904764 0.45572755417956656 0.46785714285714286 0.45572755417956656 0.6178571428571429 0.4582043343653251 0.6273809523809524 0.49473684210526314 0.6273809523809524 0.49473684210526314 0.5273809523809524 0.48978328173374613 0.4666666666666667 0.4885448916408669 0.45714285714285713 0.47987616099071206 0.4095238095238095 0.47058823529411764 0.4095238095238095 
9 0.4953560371517028 0.3904761904761905 0.4904024767801858 0.4095238095238095 0.4904024767801858 0.6273809523809524 0.5095975232198142 0.6273809523809524 0.5294117647058824 0.6178571428571429 0.5294117647058824 0.5619047619047619 0.5195046439628483 0.42857142857142855 0.5145510835913313 0.4 0.5095975232198142 0.3904761904761905 0.4953560371517028 0.3904761904761905 
10 0.5213622291021672 0.41904761904761906 0.5201238390092879 0.42023809523809524 0.5201238390092879 0.5702380952380952 0.525077399380805 0.6178571428571429 0.5541795665634675 0.6178571428571429 0.5541795665634675 0.5404761904761904 0.5442724458204334 0.4583333333333333 0.5343653250773994 0.41904761904761906 0.5213622291021672 0.41904761904761906 
11 0.5510835913312694 0.3619047619047619 0.5504643962848297 0.3630952380952381 0.5498452012383901 0.36547619047619045 0.544891640866873 0.4857142857142857 0.544891640866873 0.5416666666666666 0.5498452012383901 0.594047619047619 0.5504643962848297 0.5988095238095238 0.5547987616099072 0.6261904761904762 0.5572755417956656 0.6273809523809524 0.5789473684210527 0.6273809523809524 0.5888544891640867 0.6083333333333333 0.5888544891640867 0.5345238095238095 0.5789473684210527 0.4095238095238095 0.5739938080495356 0.3904761904761905 0.5690402476780185 0.3726190476190476 0.5640866873065016 0.3619047619047619 0.5510835913312694 0.3619047619047619 
12 0.5814241486068111 0.4 0.5795665634674922 0.4011904761904762 0.5752321981424149 0.4095238095238095 0.5746130030959752 0.41309523809523807 0.5746130030959752 0.48095238095238096 0.5795665634674922 0.6071428571428571 0.5801857585139318 0.6083333333333333 0.5894736842105263 0.6178571428571429 0.6130030959752322 0.6178571428571429 0.6136222910216719 0.6166666666666667 0.6136222910216719 0.5178571428571429 0.6086687306501548 0.45714285714285713 0.6037151702786377 0.4297619047619048 0.5987616099071208 0.4095238095238095 0.5938080495356037 0.4011904761904762 0.5919504643962848 0.4 0.5814241486068111 0.4 
14 0.6297213622291021 0.41904761904761906 0.6241486068111455 0.42857142857142855 0.6191950464396285 0.4392857142857143 0.6092879256965944 0.5333333333333333 0.6092879256965944 0.6071428571428571 0.6142414860681115 0.6166666666666667 0.6154798761609908 0.6178571428571429 0.6328173374613003 0.6178571428571429 0.6575851393188854 0.6083333333333333 0.6674922600619195 0.5988095238095238 0.6681114551083591 0.5976190476190476 0.6681114551083591 0.5428571428571428 0.6631578947368421 0.4297619047619048 0.6575851393188854 0.41904761904761906 0.6297213622291021 0.41904761904761906 
15 0.6835913312693499 0.38095238095238093 0.6693498452012384 0.4095238095238095 0.6637770897832818 0.42857142857142855 0.6588235294117647 0.44761904761904764 0.6588235294117647 0.55 0.6637770897832818 0.5892857142857143 0.6687306501547987 0.5988095238095238 0.6965944272445821 0.5988095238095238 0.6978328173374613 0.5976190476190476 0.7114551083591332 0.5797619047619048 0.7176470588235294 0.569047619047619 0.7176470588235294 0.5273809523809524 0.7027863777089783 0.3904761904761905 0.6978328173374613 0.38095238095238093 0.6835913312693499 0.38095238095238093 
18 0.6786377708978328 0.6 0.6439628482972136 0.6190476190476191 0.6439628482972136 0.6619047619047619 0.6489164086687307 0.7035714285714286 0.6637770897832818 0.7595238095238095 0.6687306501547987 0.7702380952380953 0.6736842105263158 0.7785714285714286 0.6885448916408669 0.7976190476190477 0.6990712074303406 0.8083333333333333 0.7176470588235294 0.8083333333333333 0.7275541795665634 0.7988095238095239 0.7275541795665634 0.7535714285714286 0.7226006191950465 0.7238095238095238 0.7021671826625387 0.6190476190476191 0.6978328173374613 0.6011904761904762 0.6953560371517028 0.6 0.6786377708978328 0.6 
19 0.5962848297213622 0.6285714285714286 0.5944272445820433 0.6297619047619047 0.5944272445820433 0.6845238095238095 0.6043343653250774 0.7511904761904762 0.6099071207430341 0.7690476190476191 0.6142414860681115 0.7785714285714286 0.6390092879256966 0.8273809523809523 0.6445820433436532 0.8369047619047619 0.6569659442724458 0.8369047619047619 0.6773993808049535 0.8273809523809523 0.6780185758513931 0.8261904761904761 0.6780185758513931 0.7916666666666666 0.6730650154798762 0.7535714285714286 0.648297213622291 0.6297619047619047 0.6470588235294118 0.6285714285714286 0.5962848297213622 0.6285714285714286 
20 0.5653250773993808 0.638095238095238 0.5647058823529412 0.6392857142857142 0.5647058823529412 0.694047619047619 0.5696594427244582 0.7511904761904762 0.5746130030959752 0.7785714285714286 0.5845201238390093 0.8273809523809523 0.5894736842105263 0.8369047619047619 0.6099071207430341 0.8369047619047619 0.6099071207430341 0.819047619047619 0.6086687306501548 0.705952380952381 0.5987616099071208 0.638095238095238 0.5653250773993808 0.638095238095238 
22 0.5510835913312694 0.6285714285714286 0.5498452012383901 0.6297619047619047 0.544891640866873 0.638095238095238 0.5399380804953561 0.7238095238095238 0.5498452012383901 0.8357142857142857 0.5547987616099072 0.8464285714285714 0.5597523219814241 0.8559523809523809 0.5690402476780185 0.8559523809523809 0.5739938080495356 0.8452380952380952 0.5739938080495356 0.6880952380952381 0.5690402476780185 0.638095238095238 0.5640866873065016 0.6285714285714286 0.5510835913312694 0.6285714285714286 
23 0.525077399380805 0.6285714285714286 0.5201238390092879 0.6392857142857142 0.5201238390092879 0.844047619047619 0.5207430340557275 0.8464285714285714 0.5343653250773994 0.8464285714285714 0.5386996904024768 0.8369047619047619 0.5393188854489164 0.8345238095238096 0.5442724458204334 0.7797619047619048 0.5492260061919505 0.7226190476190476 0.5492260061919505 0.6392857142857142 0.5486068111455108 0.638095238095238 0.5393188854489164 0.6285714285714286 0.525077399380805 0.6285714285714286 
24 0.4953560371517028 0.638095238095238 0.4953560371517028 0.8273809523809523 0.5089783281733746 0.8273809523809523 0.5145510835913313 0.8166666666666667 0.5195046439628483 0.7595238095238095 0.5195046439628483 0.6392857142857142 0.5170278637770898 0.638095238095238 0.4953560371517028 0.638095238095238 
25 0.47678018575851394 0.6285714285714286 0.47554179566563465 0.6297619047619047 0.47554179566563465 0.7130952380952381 0.4804953560371517 0.7952380952380952 0.4854489164086687 0.8369047619047619 0.49102167182662537 0.8464285714285714 0.49907120743034056 0.8464285714285714 0.4996904024767802 0.8452380952380952 0.4996904024767802 0.6285714285714286 0.47678018575851394 0.6285714285714286 
26 0.4613003095975232 0.638095238095238 0.45572755417956656 0.6488095238095238 0.45572755417956656 0.7226190476190476 0.46068111455108357 0.7964285714285714 0.46563467492260063 0.8369047619047619 0.47987616099071206 0.8369047619047619 0.4848297213622291 0.8273809523809523 0.4848297213622291 0.7619047619047619 0.47987616099071206 0.6392857142857142 0.4792569659442725 0.638095238095238 0.4613003095975232 0.638095238095238 
27 0.4309597523219814 0.6285714285714286 0.4260061919504644 0.638095238095238 0.4260061919504644 0.8559523809523809 0.4297213622291022 0.8559523809523809 0.43529411764705883 0.8464285714285714 0.4452012383900929 0.8261904761904761 0.4501547987616099 0.8071428571428572 0.4544891640866873 0.7702380952380953 0.460061919504644 0.719047619047619 0.460061919504644 0.638095238095238 0.4551083591331269 0.6285714285714286 0.4309597523219814 0.6285714285714286 
28 0.4086687306501548 0.6190476190476191 0.40619195046439627 0.6202380952380953 0.39690402476780184 0.6285714285714286 0.3913312693498452 0.638095238095238 0.3863777089783282 0.8035714285714286 0.3863777089783282 0.8452380952380952 0.38699690402476783 0.8464285714285714 0.4055727554179567 0.8464285714285714 0.4105263157894737 0.8369047619047619 0.4154798761609907 0.8178571428571428 0.42043343653250775 0.7976190476190477 0.43034055727554177 0.7130952380952381 0.43529411764705883 0.6428571428571429 0.43529411764705883 0.6214285714285714 0.4346749226006192 0.6190476190476191 0.4086687306501548 0.6190476190476191 
30 0.35356037151702785 0.6190476190476191 0.3523219814241486 0.6202380952380953 0.3473684210526316 0.6285714285714286 0.34674922600619196 0.6297619047619047 0.3269349845201238 0.763095238095238 0.3269349845201238 0.8071428571428572 0.32755417956656346 0.8083333333333333 0.34674922600619196 0.8273809523809523 0.35975232198142415 0.8273809523809523 0.37089783281733746 0.8178571428571428 0.37585139318885447 0.8083333333333333 0.38575851393188854 0.7797619047619048 0.3956656346749226 0.75 0.4006191950464396 0.7023809523809523 0.4055727554179567 0.6333333333333333 0.4055727554179567 0.6226190476190476 0.40495356037151703 0.6190476190476191 0.35356037151702785 0.6190476190476191 
31 0.30712074303405573 0.6 0.29721362229102166 0.6190476190476191 0.2823529411764706 0.725 0.2823529411764706 0.8083333333333333 0.30092879256965943 0.8083333333333333 0.31145510835913315 0.7988095238095239 0.33622291021671824 0.7511904761904762 0.3510835913312694 0.6845238095238095 0.3560371517027864 0.6369047619047619 0.3560371517027864 0.6214285714285714 0.35541795665634673 0.6190476190476191 0.3510835913312694 0.6095238095238096 0.3263157894736842 0.6 0.30712074303405573 0.6 