1 0.23343653250773994 0.2857142857142857 0.22786377708978328 0.29523809523809524 0.22291021671826625 0.4035714285714286 0.22291021671826625 0.4642857142857143 0.2235294117647059 0.4654761904761905 0.2476780185758514 0.475 0.2712074303405573 0.475 0.27678018575851393 0.4654761904761905 0.27678018575851393 0.34523809523809523 0.2718266253869969 0.29642857142857143 0.2712074303405573 0.29523809523809524 0.24643962848297213 0.2857142857142857 0.23343653250773994 0.2857142857142857 
2 0.2848297213622291 0.2857142857142857 0.2823529411764706 0.2869047619047619 0.26811145510835915 0.3142857142857143 0.2674922600619195 0.31666666666666665 0.2674922600619195 0.48333333333333334 0.2773993808049536 0.5035714285714286 0.29907120743034055 0.513095238095238 0.3065015479876161 0.513095238095238 0.31640866873065016 0.49404761904761907 0.31640866873065016 0.31547619047619047 0.3108359133126935 0.29523809523809524 0.3065015479876161 0.2857142857142857 0.2848297213622291 0.2857142857142857 
3 0.3269349845201238 0.3047619047619048 0.31207430340557274 0.3619047619047619 0.31207430340557274 0.49404761904761907 0.3170278637770898 0.513095238095238 0.35479876160990714 0.513095238095238 0.3560371517027864 0.5119047619047619 0.3609907120743034 0.5035714285714286 0.36594427244582045 0.49404761904761907 0.37089783281733746 0.475 0.37089783281733746 0.45714285714285713 0.3560371517027864 0.3333333333333333 0.3510835913312694 0.3142857142857143 0.3461300309597523 0.3047619047619048 0.3269349845201238 0.3047619047619048 
4 0.36656346749226004 0.3047619047619048 0.3622291021671827 0.3142857142857143 0.36160990712074303 0.31666666666666665 0.356656346749226 0.35595238095238096 0.356656346749226 0.513095238095238 0.36160990712074303 0.5226190476190476 0.38575851393188854 0.5226190476190476 0.39504643962848296 0.513095238095238 0.3956656346749226 0.5119047619047619 0.3956656346749226 0.4488095238095238 0.3907120743034056 0.3464285714285714 0.39009287925696595 0.34285714285714286 0.38080495356037153 0.305952380952381 0.37894736842105264 0.3047619047619048 0.36656346749226004 0.3047619047619048 
5 0.3913312693498452 0.3142857142857143 0.3863777089783282 0.3333333333333333 0.3863777089783282 0.5119047619047619 0.3925696594427245 0.5226190476190476 0.40990712074303404 0.5226190476190476 0.4247678018575851 0.513095238095238 0.42538699690402476 0.5107142857142857 0.42538699690402476 0.44761904761904764 0.42043343653250775 0.39404761904761904 0.4154798761609907 0.34523809523809523 0.4105263157894737 0.325 0.4055727554179567 0.3142857142857143 0.3913312693498452 0.3142857142857143 
6 0.41609907120743034 0.2761904761904762 0.41609907120743034 0.513095238095238 0.42105263157894735 0.530952380952381 0.4260061919504644 0.5404761904761904 0.4284829721362229 0.5416666666666666 0.43962848297213625 0.5416666666666666 0.4452012383900929 0.5321428571428571 0.4501547987616099 0.5214285714285715 0.4551083591331269 0.5023809523809524 0.4551083591331269 0.430952380952381 0.4501547987616099 0.38095238095238093 0.4452012383900929 0.3333333333333333 0.44024767801857584 0.30714285714285716 0.43529411764705883 0.2857142857142857 0.43034055727554177 0.2761904761904762 0.41609907120743034 0.2761904761904762 
7 0.45077399380804956 0.3142857142857143 0.4458204334365325 0.42857142857142855 0.4458204334365325 0.5321428571428571 0.4563467492260062 0.5416666666666666 0.47368421052631576 0.5416666666666666 0.47987616099071206 0.5321428571428571 0.47987616099071206 0.47619047619047616 0.47492260061919506 0.37142857142857144 0.469969040247678 0.31547619047619047 0.4693498452012384 0.3142857142857143 0.45077399380804956 0.3142857142857143 
8 0.4854489164086687 0.3333333333333333 0.4804953560371517 0.34285714285714286 0.47554179566563465 0.3619047619047619 0.47058823529411764 0.4773809523809524 0.47058823529411764 0.5380952380952381 0.4712074303405573 0.5416666666666666 0.47554179566563465 0.5511904761904762 0.5040247678018576 0.5511904761904762 0.5095975232198142 0.5404761904761904 0.5095975232198142 0.44761904761904764 0.5046439628482973 0.39404761904761904 0.4996904024767802 0.3619047619047619 0.49473684210526314 0.34285714285714286 0.48978328173374613 0.3333333333333333 0.4854489164086687 0.3333333333333333 
9 0.5226006191950464 0.34285714285714286 0.5207430340557275 0.34404761904761905 0.5201238390092879 0.34523809523809523 0.5151702786377709 0.3630952380952381 0.5102167182662539 0.4 0.5052631578947369 0.44761904761904764 0.5052631578947369 0.5511904761904762 0.5393188854489164 0.5511904761904762 0.5393188854489164 0.38095238095238093 0.5343653250773994 0.34285714285714286 0.5226006191950464 0.34285714285714286 
10 0.5411764705882353 0.3238095238095238 0.5405572755417957 0.325 0.5399380804953561 0.3273809523809524 0.534984520123839 0.3523809523809524 0.534984520123839 0.5119047619047619 0.5399380804953561 0.5392857142857143 0.5405572755417957 0.5416666666666666 0.544891640866873 0.55 0.5473684210526316 0.5511904761904762 0.5585139318885449 0.5511904761904762 0.5634674922600619 0.5416666666666666 0.5684210526315789 0.5226190476190476 0.5690402476780185 0.5178571428571429 0.5690402476780185 0.5047619047619047 0.5591331269349845 0.3547619047619048 0.5541795665634675 0.325 0.5535603715170279 0.3238095238095238 0.5411764705882353 0.3238095238095238 
11 0.5845201238390093 0.2857142857142857 0.5795665634674922 0.3047619047619048 0.5696594427244582 0.3523809523809524 0.5597523219814241 0.4380952380952381 0.5597523219814241 0.5297619047619048 0.5603715170278638 0.5321428571428571 0.5647058823529412 0.5404761904761904 0.5795665634674922 0.5607142857142857 0.58328173374613 0.5607142857142857 0.5938080495356037 0.5511904761904762 0.5987616099071208 0.5416666666666666 0.5987616099071208 0.2916666666666667 0.5981424148606811 0.2869047619047619 0.5975232198142415 0.2857142857142857 0.5845201238390093 0.2857142857142857 
12 0.604953560371517 0.3333333333333333 0.6006191950464397 0.34285714285714286 0.6 0.34523809523809523 0.595046439628483 0.37142857142857144 0.5944272445820433 0.375 0.5944272445820433 0.530952380952381 0.6043343653250774 0.5511904761904762 0.6185758513931888 0.5511904761904762 0.6278637770897832 0.5416666666666666 0.628482972136223 0.5404761904761904 0.628482972136223 0.44047619047619047 0.6235294117647059 0.34285714285714286 0.6185758513931888 0.3345238095238095 0.6173374613003096 0.3333333333333333 0.604953560371517 0.3333333333333333 
13 0.6253869969040248 0.34285714285714286 0.6241486068111455 0.34404761904761905 0.6191950464396285 0.37142857142857144 0.6191950464396285 0.44642857142857145 0.6241486068111455 0.5297619047619048 0.6247678018575852 0.5321428571428571 0.6340557275541796 0.5511904761904762 0.648297213622291 0.5511904761904762 0.653250773993808 0.5404761904761904 0.653250773993808 0.42023809523809524 0.643343653250774 0.34285714285714286 0.6253869969040248 0.34285714285714286 
14 0.6613003095975232 0.3523809523809524 0.6588235294117647 0.3535714285714286 0.6538699690402476 0.3619047619047619 0.6495356037151703 0.3904761904761905 0.6489164086687307 0.3976190476190476 0.6489164086687307 0.5226190476190476 0.6588235294117647 0.5416666666666666 0.6922600619195046 0.5416666666666666 0.6978328173374613 0.530952380952381 0.6978328173374613 0.3904761904761905 0.6730650154798762 0.3523809523809524 0.6613003095975232 0.3523809523809524 
15 0.7040247678018576 0.3333333333333333 0.6934984520123839 0.3535714285714286 0.6934984520123839 0.5202380952380953 0.6953560371517028 0.5226190476190476 0.7034055727554179 0.5321428571428571 0.7164086687306501 0.5321428571428571 0.7368421052631579 0.5226190476190476 0.7424148606811145 0.513095238095238 0.7424148606811145 0.45714285714285713 0.7374613003095976 0.3619047619047619 0.7120743034055728 0.3333333333333333 0.7040247678018576 0.3333333333333333 
16 0.7486068111455109 0.3238095238095238 0.7380804953560371 0.34285714285714286 0.7331269349845201 0.36428571428571427 0.7331269349845201 0.4642857142857143 0.7380804953560371 0.49404761904761907 0.7486068111455109 0.5035714285714286 0.7572755417956656 0.5035714285714286 0.7770897832817337 0.4845238095238095 0.7820433436532508 0.475 0.7820433436532508 0.4488095238095238 0.7572755417956656 0.3345238095238095 0.7517027863777089 0.3238095238095238 0.7486068111455109 0.3238095238095238 
17 0.7578947368421053 0.4857142857142857 0.7386996904024767 0.49523809523809526 0.7281733746130031 0.5142857142857142 0.7281733746130031 0.5404761904761904 0.7337461300309598 0.5607142857142857 0.7678018575851393 0.6452380952380953 0.778328173374613 0.655952380952381 0.7919504643962848 0.655952380952381 0.8111455108359134 0.6273809523809524 0.8117647058823529 0.6261904761904762 0.8117647058823529 0.5904761904761905 0.7820433436532508 0.4869047619047619 0.7808049535603715 0.4857142857142857 0.7578947368421053 0.4857142857142857 
18 0.713312693498452 0.5142857142857142 0.6934984520123839 0.5238095238095238 0.6786377708978328 0.5333333333333333 0.6786377708978328 0.5678571428571428 0.708359133126935 0.6845238095238095 0.7139318885448916 0.7035714285714286 0.7188854489164087 0.7130952380952381 0.7232198142414861 0.7202380952380952 0.7281733746130031 0.7226190476190476 0.7325077399380805 0.7226190476190476 0.7671826625386997 0.6845238095238095 0.7671826625386997 0.6511904761904762 0.7374613003095976 0.5333333333333333 0.7275541795665634 0.5142857142857142 0.713312693498452 0.5142857142857142 
19 0.6445820433436532 0.5333333333333333 0.6340557275541796 0.5428571428571428 0.6340557275541796 0.5880952380952381 0.6390092879256966 0.6369047619047619 0.6439628482972136 0.675 0.6588235294117647 0.7214285714285714 0.6637770897832818 0.7321428571428571 0.6773993808049535 0.7321428571428571 0.7071207430340557 0.7035714285714286 0.7077399380804954 0.7 0.7077399380804954 0.6857142857142857 0.6978328173374613 0.5904761904761905 0.6829721362229102 0.5428571428571428 0.6773993808049535 0.5333333333333333 0.6445820433436532 0.5333333333333333 
20 0.6105263157894737 0.5523809523809524 0.6092879256965944 0.5535714285714286 0.6092879256965944 0.6226190476190476 0.614860681114551 0.6547619047619048 0.6241486068111455 0.7035714285714286 0.6390092879256966 0.7607142857142857 0.648297213622291 0.7607142857142857 0.653250773993808 0.7511904761904762 0.653250773993808 0.7238095238095238 0.643343653250774 0.5833333333333334 0.638390092879257 0.5535714285714286 0.6365325077399381 0.5523809523809524 0.6105263157894737 0.5523809523809524 
21 0.5944272445820433 0.5523809523809524 0.5795665634674922 0.5619047619047619 0.5795665634674922 0.6083333333333333 0.5894736842105263 0.6916666666666667 0.5944272445820433 0.7321428571428571 0.5993808049535604 0.7416666666666667 0.6130030959752322 0.7416666666666667 0.6136222910216719 0.7404761904761905 0.6136222910216719 0.5619047619047619 0.6086687306501548 0.5535714285714286 0.6074303405572755 0.5523809523809524 0.5944272445820433 0.5523809523809524 
22 0.5547987616099072 0.5523809523809524 0.5498452012383901 0.5714285714285714 0.5498452012383901 0.6273809523809524 0.5547987616099072 0.694047619047619 0.5647058823529412 0.7607142857142857 0.5702786377708978 0.7797619047619048 0.5801857585139318 0.7988095238095239 0.58328173374613 0.7988095238095239 0.5882352941176471 0.7892857142857143 0.5931888544891641 0.7702380952380953 0.5938080495356037 0.7666666666666667 0.5938080495356037 0.6583333333333333 0.5839009287925696 0.5619047619047619 0.5789473684210527 0.5523809523809524 0.5547987616099072 0.5523809523809524 
23 0.5263157894736842 0.5619047619047619 0.525077399380805 0.5630952380952381 0.525077399380805 0.5892857142857143 0.530030959752322 0.675 0.534984520123839 0.7035714285714286 0.5399380804953561 0.7214285714285714 0.5405572755417957 0.7226190476190476 0.5492260061919505 0.7226190476190476 0.5535603715170279 0.7130952380952381 0.5541795665634675 0.7107142857142857 0.5591331269349845 0.6428571428571429 0.5591331269349845 0.6190476190476191 0.5541795665634675 0.5630952380952381 0.5523219814241486 0.5619047619047619 0.5263157894736842 0.5619047619047619 
24 0.5058823529411764 0.5523809523809524 0.5052631578947369 0.5547619047619048 0.5052631578947369 0.6821428571428572 0.5102167182662539 0.7130952380952381 0.5151702786377709 0.7321428571428571 0.5232198142414861 0.7321428571428571 0.5244582043343653 0.7297619047619047 0.5294117647058824 0.7119047619047619 0.5343653250773994 0.6738095238095239 0.5343653250773994 0.5642857142857143 0.5337461300309597 0.5619047619047619 0.5294117647058824 0.5523809523809524 0.5058823529411764 0.5523809523809524 
25 0.486687306501548 0.5523809523809524 0.4854489164086687 0.5535714285714286 0.4804953560371517 0.6511904761904762 0.4804953560371517 0.7095238095238096 0.48173374613003095 0.7119047619047619 0.48297213622291024 0.7130952380952381 0.49473684210526314 0.7130952380952381 0.5046439628482973 0.6452380952380953 0.5095975232198142 0.5952380952380952 0.5095975232198142 0.5583333333333333 0.5089783281733746 0.5535714285714286 0.5077399380804953 0.5523809523809524 0.486687306501548 0.5523809523809524 
26 0.46687306501547987 0.5428571428571428 0.46563467492260063 0.544047619047619 0.46068111455108357 0.5726190476190476 0.45572755417956656 0.6095238095238096 0.45572755417956656 0.7119047619047619 0.4563467492260062 0.7130952380952381 0.465015479876161 0.7130952380952381 0.469969040247678 0.7023809523809523 0.4848297213622291 0.6178571428571429 0.48978328173374613 0.5845238095238096 0.48978328173374613 0.544047619047619 0.4885448916408669 0.5428571428571428 0.46687306501547987 0.5428571428571428 
27 0.4458204334365325 0.5238095238095238 0.4408668730650155 0.5333333333333333 0.4359133126934985 0.544047619047619 0.4309597523219814 0.5619047619047619 0.42105263157894735 0.669047619047619 0.42105263157894735 0.7130952380952381 0.4260061919504644 0.7511904761904762 0.4309597523219814 0.7607142857142857 0.43529411764705883 0.7607142857142857 0.43962848297213625 0.7511904761904762 0.44024767801857584 0.7488095238095238 0.4452012383900929 0.7226190476190476 0.4551083591331269 0.6654761904761904 0.465015479876161 0.5976190476190476 0.465015479876161 0.5464285714285714 0.46439628482972134 0.5428571428571428 0.4544891640866873 0.5238095238095238 0.4458204334365325 0.5238095238095238 
28 0.4130030959752322 0.5238095238095238 0.4117647058823529 0.525 0.40619195046439627 0.5333333333333333 0.40123839009287926 0.5523809523809524 0.39628482972136225 0.638095238095238 0.39628482972136225 0.7130952380952381 0.4024767801857585 0.7226190476190476 0.40990712074303404 0.7226190476190476 0.4154798761609907 0.7119047619047619 0.42538699690402476 0.675 0.43034055727554177 0.6547619047619048 0.43529411764705883 0.6166666666666667 0.44024767801857584 0.5702380952380952 0.44024767801857584 0.5428571428571428 0.4297213622291022 0.5238095238095238 0.4130030959752322 0.5238095238095238 
29 0.3764705882352941 0.5238095238095238 0.3715170278637771 0.5369047619047619 0.36656346749226004 0.611904761904762 0.36656346749226004 0.7107142857142857 0.3671826625386997 0.7130952380952381 0.3715170278637771 0.7226190476190476 0.3801857585139319 0.7226190476190476 0.3907120743034056 0.7035714285714286 0.3956656346749226 0.6821428571428572 0.4105263157894737 0.555952380952381 0.4105263157894737 0.5238095238095238 0.3764705882352941 0.5238095238095238 
30 0.3219814241486068 0.5047619047619047 0.3021671826625387 0.6190476190476191 0.29721362229102166 0.6571428571428571 0.29721362229102166 0.6845238095238095 0.33250773993808047 0.7035714285714286 0.3455108359133127 0.7035714285714286 0.3510835913312694 0.694047619047619 0.3609907120743034 0.675 0.37585139318885447 0.5988095238095238 0.38575851393188854 0.5321428571428571 0.38575851393188854 0.525 0.38080495356037153 0.5142857142857142 0.3609907120743034 0.5047619047619047 0.3219814241486068 0.5047619047619047 
31 0.2773993808049536 0.49523809523809526 0.25758513931888544 0.5916666666666667 0.25263157894736843 0.6214285714285714 0.25263157894736843 0.6642857142857143 0.25386996904024767 0.6654761904761904 0.27801857585139317 0.6845238095238095 0.29040247678018577 0.6845238095238095 0.291640866873065 0.6833333333333333 0.3065015479876161 0.6547619047619048 0.3263157894736842 0.5583333333333333 0.3263157894736842 0.5059523809523809 0.3256965944272446 0.5047619047619047 0.30092879256965943 0.49523809523809526 0.2773993808049536 0.49523809523809526 
32 0.2284829721362229 0.45714285714285713 0.21795665634674924 0.47619047619047616 0.20309597523219813 0.5238095238095238 0.19814241486068113 0.5428571428571428 0.19814241486068113 0.5785714285714286 0.2130030959752322 0.6261904761904762 0.21362229102167182 0.6273809523809524 0.22662538699690402 0.6273809523809524 0.2371517027863777 0.6178571428571429 0.26687306501547986 0.5607142857142857 0.27678018575851393 0.5404761904761904 0.28173374613003094 0.5226190476190476 0.28173374613003094 0.49642857142857144 0.2712074303405573 0.47619047619047616 0.24643962848297213 0.45714285714285713 0.2284829721362229 0.45714285714285713 