2 0.28297213622291023 0.3238095238095238 0.2823529411764706 0.325 0.2773993808049536 0.3535714285714286 0.25758513931888544 0.4726190476190476 0.25758513931888544 0.5119047619047619 0.2582043343653251 0.513095238095238 0.2773993808049536 0.5321428571428571 0.2873065015479876 0.5416666666666666 0.30030959752321984 0.5416666666666666 0.3065015479876161 0.530952380952381 0.3108359133126935 0.5226190476190476 0.31145510835913315 0.5166666666666667 0.31640866873065016 0.45476190476190476 0.31640866873065016 0.375 0.31145510835913315 0.3535714285714286 0.3065015479876161 0.34285714285714286 0.3015479876160991 0.3333333333333333 0.2959752321981424 0.3238095238095238 0.28297213622291023 0.3238095238095238 
3 0.32755417956656346 0.3619047619047619 0.3219814241486068 0.3726190476190476 0.3170278637770898 0.39166666666666666 0.3027863777089783 0.5142857142857142 0.3021671826625387 0.5238095238095238 0.3021671826625387 0.525 0.3027863777089783 0.5297619047619048 0.30712074303405573 0.55 0.3077399380804954 0.5511904761904762 0.32260061919504646 0.5607142857142857 0.3609907120743034 0.5607142857142857 0.3609907120743034 0.5095238095238095 0.3560371517027864 0.4023809523809524 0.3510835913312694 0.375 0.3461300309597523 0.3619047619047619 0.32755417956656346 0.3619047619047619 
4 0.35789473684210527 0.3619047619047619 0.356656346749226 0.3630952380952381 0.34674922600619196 0.3821428571428571 0.34674922600619196 0.3892857142857143 0.35170278637770896 0.5095238095238095 0.356656346749226 0.5702380952380952 0.378328173374613 0.5702380952380952 0.38080495356037153 0.569047619047619 0.39009287925696595 0.5607142857142857 0.3907120743034056 0.5547619047619048 0.3907120743034056 0.5238095238095238 0.38575851393188854 0.4380952380952381 0.38080495356037153 0.4011904761904762 0.3752321981424149 0.37142857142857144 0.37089783281733746 0.3630952380952381 0.3684210526315789 0.3619047619047619 0.35789473684210527 0.3619047619047619 
5 0.3863777089783282 0.34285714285714286 0.3814241486068111 0.3535714285714286 0.3764705882352941 0.37142857142857144 0.3764705882352941 0.44642857142857145 0.3814241486068111 0.5607142857142857 0.38699690402476783 0.5702380952380952 0.4055727554179567 0.5702380952380952 0.42043343653250775 0.5607142857142857 0.42043343653250775 0.4880952380952381 0.4154798761609907 0.44761904761904764 0.4105263157894737 0.4095238095238095 0.4006191950464396 0.3523809523809524 0.3956656346749226 0.34285714285714286 0.3863777089783282 0.34285714285714286 
6 0.40619195046439627 0.3333333333333333 0.40619195046439627 0.45476190476190476 0.41114551083591333 0.5702380952380952 0.41609907120743034 0.5785714285714286 0.4179566563467492 0.5797619047619048 0.4297213622291022 0.5797619047619048 0.44024767801857584 0.5702380952380952 0.4452012383900929 0.5607142857142857 0.4452012383900929 0.5238095238095238 0.43529411764705883 0.4095238095238095 0.42538699690402476 0.3535714285714286 0.42043343653250775 0.3333333333333333 0.40619195046439627 0.3333333333333333 
7 0.45077399380804956 0.3619047619047619 0.44643962848297214 0.3726190476190476 0.4458204334365325 0.375 0.4408668730650155 0.41904761904761906 0.4408668730650155 0.569047619047619 0.44148606811145513 0.5702380952380952 0.4693498452012384 0.5702380952380952 0.469969040247678 0.569047619047619 0.469969040247678 0.42857142857142855 0.465015479876161 0.3630952380952381 0.4631578947368421 0.3619047619047619 0.45077399380804956 0.3619047619047619 
8 0.47678018575851394 0.3619047619047619 0.47554179566563465 0.3630952380952381 0.47058823529411764 0.37142857142857144 0.46563467492260063 0.42857142857142855 0.46563467492260063 0.569047619047619 0.4662538699690402 0.5702380952380952 0.4904024767801858 0.5797619047619048 0.5040247678018576 0.5797619047619048 0.5046439628482973 0.5785714285714286 0.5046439628482973 0.5273809523809524 0.4996904024767802 0.42142857142857143 0.49473684210526314 0.39166666666666666 0.48978328173374613 0.37142857142857144 0.4842105263157895 0.3619047619047619 0.47678018575851394 0.3619047619047619 
9 0.5157894736842106 0.3619047619047619 0.5102167182662539 0.37142857142857144 0.5003095975232198 0.4857142857142857 0.5003095975232198 0.5761904761904761 0.5009287925696595 0.5785714285714286 0.5015479876160991 0.5797619047619048 0.5331269349845201 0.5797619047619048 0.5343653250773994 0.5785714285714286 0.5343653250773994 0.3976190476190476 0.5337461300309597 0.3904761904761905 0.5294117647058824 0.3726190476190476 0.5287925696594428 0.37142857142857144 0.5232198142414861 0.3619047619047619 0.5157894736842106 0.3619047619047619 
10 0.5399380804953561 0.38095238095238093 0.534984520123839 0.3904761904761905 0.530030959752322 0.5154761904761904 0.530030959752322 0.5607142857142857 0.5585139318885449 0.5607142857142857 0.5591331269349845 0.5595238095238095 0.5591331269349845 0.42857142857142855 0.5541795665634675 0.3904761904761905 0.5492260061919505 0.38095238095238093 0.5399380804953561 0.38095238095238093 
11 0.5696594427244582 0.3142857142857143 0.5647058823529412 0.3547619047619048 0.5597523219814241 0.4011904761904762 0.5547987616099072 0.49523809523809526 0.5547987616099072 0.5464285714285714 0.5554179566563467 0.5511904761904762 0.5597523219814241 0.5607142857142857 0.5839009287925696 0.5607142857142857 0.5888544891640867 0.45476190476190476 0.5888544891640867 0.38333333333333336 0.5839009287925696 0.3142857142857143 0.5696594427244582 0.3142857142857143 
12 0.5944272445820433 0.3333333333333333 0.5894736842105263 0.33690476190476193 0.5845201238390093 0.3523809523809524 0.5795665634674922 0.45 0.5795665634674922 0.5607142857142857 0.6123839009287926 0.5607142857142857 0.6136222910216719 0.5595238095238095 0.6136222910216719 0.3952380952380952 0.6086687306501548 0.34523809523809523 0.6037151702786377 0.3345238095238095 0.6024767801857586 0.3333333333333333 0.5944272445820433 0.3333333333333333 
13 0.6247678018575852 0.3619047619047619 0.6191950464396285 0.3726190476190476 0.6092879256965944 0.430952380952381 0.6092879256965944 0.5547619047619048 0.6099071207430341 0.5595238095238095 0.6136222910216719 0.5607142857142857 0.6365325077399381 0.5607142857142857 0.638390092879257 0.5583333333333333 0.6427244582043343 0.5511904761904762 0.643343653250774 0.5476190476190477 0.643343653250774 0.4857142857142857 0.638390092879257 0.3619047619047619 0.6247678018575852 0.3619047619047619 
15 0.6891640866873066 0.3333333333333333 0.6835913312693499 0.34285714285714286 0.6786377708978328 0.3738095238095238 0.6736842105263158 0.4583333333333333 0.6736842105263158 0.5035714285714286 0.6786377708978328 0.5404761904761904 0.6792569659442724 0.5416666666666666 0.6891640866873066 0.5511904761904762 0.701547987616099 0.5511904761904762 0.7226006191950465 0.5321428571428571 0.7226006191950465 0.4857142857142857 0.7077399380804954 0.34285714285714286 0.7021671826625387 0.3333333333333333 0.6891640866873066 0.3333333333333333 
18 0.7232198142414861 0.5142857142857142 0.7095975232198143 0.5238095238095238 0.708359133126935 0.525 0.6941176470588235 0.5428571428571428 0.6934984520123839 0.544047619047619 0.6934984520123839 0.5797619047619048 0.698452012383901 0.5988095238095238 0.7040247678018576 0.6083333333333333 0.7436532507739938 0.6642857142857143 0.7529411764705882 0.6738095238095239 0.7541795665634675 0.675 0.7708978328173375 0.675 0.7715170278637771 0.6738095238095239 0.7721362229102167 0.6702380952380952 0.7721362229102167 0.638095238095238 0.7572755417956656 0.5714285714285714 0.7523219814241486 0.5535714285714286 0.7424148606811145 0.5238095238095238 0.7374613003095976 0.5142857142857142 0.7232198142414861 0.5142857142857142 
19 0.6761609907120743 0.5428571428571428 0.6538699690402476 0.5523809523809524 0.6489164086687307 0.5630952380952381 0.6489164086687307 0.5976190476190476 0.6538699690402476 0.6166666666666667 0.6835913312693499 0.7130952380952381 0.698452012383901 0.7416666666666667 0.7176470588235294 0.7416666666666667 0.7176470588235294 0.7047619047619048 0.7126934984520124 0.6571428571428571 0.7027863777089783 0.5726190476190476 0.6978328173374613 0.5523809523809524 0.6928792569659443 0.5428571428571428 0.6761609907120743 0.5428571428571428 
20 0.6191950464396285 0.5619047619047619 0.6142414860681115 0.5714285714285714 0.6142414860681115 0.5976190476190476 0.6241486068111455 0.7214285714285714 0.6340557275541796 0.7607142857142857 0.6390092879256966 0.7702380952380953 0.6507739938080496 0.7702380952380953 0.653250773993808 0.7690476190476191 0.653250773993808 0.5714285714285714 0.643343653250774 0.5619047619047619 0.6191950464396285 0.5619047619047619 
21 0.6006191950464397 0.5523809523809524 0.5894736842105263 0.5619047619047619 0.5845201238390093 0.5714285714285714 0.5845201238390093 0.5976190476190476 0.5894736842105263 0.7071428571428572 0.590092879256966 0.7130952380952381 0.5944272445820433 0.7404761904761905 0.6 0.7607142857142857 0.604953560371517 0.7702380952380953 0.6179566563467492 0.7702380952380953 0.6185758513931888 0.7678571428571429 0.6235294117647059 0.6083333333333333 0.6235294117647059 0.5904761904761905 0.6185758513931888 0.5630952380952381 0.6179566563467492 0.5619047619047619 0.6086687306501548 0.5535714285714286 0.6061919504643963 0.5523809523809524 0.6006191950464397 0.5523809523809524 
22 0.5609907120743034 0.5523809523809524 0.5597523219814241 0.5535714285714286 0.5597523219814241 0.655952380952381 0.5647058823529412 0.7380952380952381 0.5696594427244582 0.7785714285714286 0.5702786377708978 0.7797619047619048 0.58328173374613 0.7797619047619048 0.5839009287925696 0.7785714285714286 0.5888544891640867 0.7607142857142857 0.5888544891640867 0.5654761904761905 0.5882352941176471 0.5619047619047619 0.58328173374613 0.5523809523809524 0.5609907120743034 0.5523809523809524 
23 0.530030959752322 0.5619047619047619 0.530030959752322 0.6083333333333333 0.534984520123839 0.7309523809523809 0.5399380804953561 0.7583333333333333 0.5405572755417957 0.7607142857142857 0.5541795665634675 0.7607142857142857 0.5591331269349845 0.7 0.5591331269349845 0.5642857142857143 0.5578947368421052 0.5619047619047619 0.530030959752322 0.5619047619047619 
24 0.5102167182662539 0.5714285714285714 0.5102167182662539 0.6821428571428572 0.5151702786377709 0.7297619047619047 0.5157894736842106 0.7321428571428571 0.5213622291021672 0.7416666666666667 0.5294117647058824 0.7416666666666667 0.5343653250773994 0.7202380952380952 0.5343653250773994 0.5726190476190476 0.5331269349845201 0.5714285714285714 0.5102167182662539 0.5714285714285714 
25 0.4854489164086687 0.5619047619047619 0.4854489164086687 0.655952380952381 0.4904024767801858 0.7035714285714286 0.49597523219814244 0.7214285714285714 0.496594427244582 0.7226190476190476 0.5046439628482973 0.7226190476190476 0.5095975232198142 0.7035714285714286 0.5145510835913313 0.6071428571428571 0.5145510835913313 0.5714285714285714 0.503405572755418 0.5619047619047619 0.4854489164086687 0.5619047619047619 
26 0.46068111455108357 0.5619047619047619 0.46068111455108357 0.6845238095238095 0.46563467492260063 0.7226190476190476 0.47058823529411764 0.7321428571428571 0.4842105263157895 0.7321428571428571 0.4848297213622291 0.7309523809523809 0.4848297213622291 0.5630952380952381 0.4823529411764706 0.5619047619047619 0.46068111455108357 0.5619047619047619 
27 0.4359133126934985 0.5619047619047619 0.4309597523219814 0.5714285714285714 0.4309597523219814 0.7773809523809524 0.43157894736842106 0.7797619047619048 0.4452012383900929 0.7797619047619048 0.4501547987616099 0.7702380952380953 0.4551083591331269 0.7416666666666667 0.460061919504644 0.6928571428571428 0.465015479876161 0.6261904761904762 0.465015479876161 0.5726190476190476 0.460061919504644 0.5630952380952381 0.4582043343653251 0.5619047619047619 0.4359133126934985 0.5619047619047619 
28 0.39628482972136225 0.5619047619047619 0.3913312693498452 0.5726190476190476 0.3913312693498452 0.6357142857142857 0.39628482972136225 0.7702380952380953 0.41424148606811145 0.7702380952380953 0.4154798761609907 0.7654761904761904 0.4297213622291022 0.6464285714285715 0.43034055727554177 0.6392857142857142 0.43034055727554177 0.5821428571428572 0.42538699690402476 0.5714285714285714 0.4148606811145511 0.5619047619047619 0.39628482972136225 0.5619047619047619 
29 0.3715170278637771 0.5619047619047619 0.36160990712074303 0.5714285714285714 0.3572755417956656 0.580952380952381 0.356656346749226 0.5833333333333334 0.356656346749226 0.7785714285714286 0.3572755417956656 0.7797619047619048 0.3702786377708978 0.7797619047619048 0.37585139318885447 0.7690476190476191 0.38080495356037153 0.7297619047619047 0.39504643962848296 0.6083333333333333 0.3956656346749226 0.594047619047619 0.3956656346749226 0.5833333333333334 0.39504643962848296 0.580952380952381 0.3907120743034056 0.5714285714285714 0.3851393188854489 0.5619047619047619 0.3715170278637771 0.5619047619047619 
31 0.30712074303405573 0.5428571428571428 0.3021671826625387 0.544047619047619 0.2934984520123839 0.555952380952381 0.2873065015479876 0.5726190476190476 0.2724458204334365 0.6190476190476191 0.2625386996904025 0.6583333333333333 0.25758513931888544 0.6785714285714286 0.25758513931888544 0.7416666666666667 0.2712074303405573 0.7416666666666667 0.28173374613003094 0.7309523809523809 0.32136222910216716 0.6654761904761904 0.33622291021671824 0.6369047619047619 0.3461300309597523 0.6166666666666667 0.3461300309597523 0.5821428571428572 0.33622291021671824 0.5619047619047619 0.31640866873065016 0.5428571428571428 0.30712074303405573 0.5428571428571428 
32 0.25386996904024767 0.5047619047619047 0.25263157894736843 0.5059523809523809 0.24272445820433436 0.525 0.21795665634674924 0.5904761904761905 0.2086687306501548 0.6190476190476191 0.20804953560371517 0.6214285714285714 0.20804953560371517 0.6654761904761904 0.21795665634674924 0.675 0.23157894736842105 0.675 0.24148606811145512 0.6654761904761904 0.2520123839009288 0.6547619047619048 0.26625386996904027 0.6369047619047619 0.286687306501548 0.6071428571428571 0.29102167182662536 0.5988095238095238 0.3015479876160991 0.5607142857142857 0.3015479876160991 0.555952380952381 0.30092879256965943 0.5523809523809524 0.29659442724458207 0.5345238095238095 0.2959752321981424 0.5333333333333333 0.2854489164086687 0.5238095238095238 0.26191950464396285 0.5047619047619047 0.25386996904024767 0.5047619047619047 