1 0.29226006191950465 0.3523809523809524 0.28297213622291023 0.3619047619047619 0.2773993808049536 0.37142857142857144 0.2724458204334365 0.38095238095238093 0.24272445820433436 0.4583333333333333 0.24272445820433436 0.49166666666666664 0.24396284829721362 0.49404761904761907 0.2674922600619195 0.5226190476190476 0.2761609907120743 0.5226190476190476 0.28173374613003094 0.5119047619047619 0.286687306501548 0.475 0.29659442724458207 0.3892857142857143 0.29659442724458207 0.3547619047619048 0.29287925696594425 0.3523809523809524 0.29226006191950465 0.3523809523809524 
2 0.29845201238390096 0.37142857142857144 0.29721362229102166 0.3726190476190476 0.29226006191950465 0.3821428571428571 0.2724458204334365 0.5059523809523809 0.2724458204334365 0.5226190476190476 0.2978328173374613 0.5511904761904762 0.32136222910216716 0.5511904761904762 0.32136222910216716 0.4857142857142857 0.31640866873065016 0.39285714285714285 0.31145510835913315 0.3726190476190476 0.31021671826625385 0.37142857142857144 0.29845201238390096 0.37142857142857144 
3 0.3170278637770898 0.3904761904761905 0.3170278637770898 0.5583333333333333 0.3176470588235294 0.5607142857142857 0.3219814241486068 0.569047619047619 0.3238390092879257 0.5702380952380952 0.3609907120743034 0.5702380952380952 0.3609907120743034 0.5142857142857142 0.3510835913312694 0.42857142857142855 0.3461300309597523 0.4 0.3411764705882353 0.3904761904761905 0.3170278637770898 0.3904761904761905 
4 0.35975232198142415 0.3904761904761905 0.3572755417956656 0.39285714285714285 0.356656346749226 0.3976190476190476 0.35170278637770896 0.5714285714285714 0.35170278637770896 0.5726190476190476 0.35294117647058826 0.5761904761904761 0.3560371517027864 0.5797619047619048 0.38080495356037153 0.5797619047619048 0.38575851393188854 0.569047619047619 0.38575851393188854 0.49523809523809526 0.37585139318885447 0.4095238095238095 0.37089783281733746 0.3904761904761905 0.35975232198142415 0.3904761904761905 
5 0.3863777089783282 0.3904761904761905 0.3814241486068111 0.4011904761904762 0.3814241486068111 0.5892857142857143 0.40495356037151703 0.5892857142857143 0.4055727554179567 0.5880952380952381 0.4105263157894737 0.5773809523809523 0.4105263157894737 0.5142857142857142 0.4055727554179567 0.44047619047619047 0.4006191950464396 0.4095238095238095 0.3956656346749226 0.3904761904761905 0.3863777089783282 0.3904761904761905 
6 0.4018575851393189 0.38095238095238093 0.40123839009287926 0.38333333333333336 0.40123839009287926 0.5178571428571429 0.40619195046439627 0.5964285714285714 0.41114551083591333 0.6071428571428571 0.4117647058823529 0.6083333333333333 0.42538699690402476 0.6083333333333333 0.43529411764705883 0.5892857142857143 0.43962848297213625 0.5797619047619048 0.44024767801857584 0.5773809523809523 0.44024767801857584 0.5428571428571428 0.43034055727554177 0.4380952380952381 0.42538699690402476 0.4 0.4154798761609907 0.38095238095238093 0.4018575851393189 0.38095238095238093 
7 0.44148606811145513 0.41904761904761906 0.43653250773993807 0.42857142857142855 0.4359133126934985 0.430952380952381 0.4309597523219814 0.5154761904761904 0.4309597523219814 0.5511904761904762 0.4359133126934985 0.5976190476190476 0.4421052631578947 0.6083333333333333 0.460061919504644 0.6083333333333333 0.460061919504644 0.5619047619047619 0.4551083591331269 0.4666666666666667 0.4501547987616099 0.42857142857142855 0.4439628482972136 0.41904761904761906 0.44148606811145513 0.41904761904761906 
8 0.4613003095975232 0.41904761904761906 0.46068111455108357 0.42023809523809524 0.45572755417956656 0.5333333333333333 0.45572755417956656 0.6059523809523809 0.4563467492260062 0.6083333333333333 0.4885448916408669 0.6083333333333333 0.48978328173374613 0.6071428571428571 0.48978328173374613 0.5619047619047619 0.47492260061919506 0.41904761904761906 0.4613003095975232 0.41904761904761906 
9 0.5058823529411764 0.4095238095238095 0.5003095975232198 0.41904761904761906 0.4953560371517028 0.4392857142857143 0.4904024767801858 0.47619047619047616 0.4854489164086687 0.5345238095238095 0.4804953560371517 0.6 0.4804953560371517 0.6059523809523809 0.48111455108359136 0.6083333333333333 0.5195046439628483 0.6083333333333333 0.5195046439628483 0.5428571428571428 0.5145510835913313 0.4107142857142857 0.5139318885448917 0.4095238095238095 0.5058823529411764 0.4095238095238095 
10 0.5263157894736842 0.41904761904761906 0.525077399380805 0.42023809523809524 0.5201238390092879 0.4380952380952381 0.5151702786377709 0.5428571428571428 0.5151702786377709 0.6071428571428571 0.5157894736842106 0.6083333333333333 0.5430340557275541 0.6083333333333333 0.5442724458204334 0.6059523809523809 0.5442724458204334 0.5428571428571428 0.5393188854489164 0.4380952380952381 0.5343653250773994 0.41904761904761906 0.5263157894736842 0.41904761904761906 
11 0.5715170278637771 0.37142857142857144 0.5696594427244582 0.3726190476190476 0.5547987616099072 0.4297619047619048 0.5498452012383901 0.45714285714285713 0.5399380804953561 0.5357142857142857 0.5399380804953561 0.6083333333333333 0.5640866873065016 0.6083333333333333 0.5684210526315789 0.5988095238095238 0.5690402476780185 0.5964285714285714 0.573374613003096 0.5702380952380952 0.5739938080495356 0.5630952380952381 0.5789473684210527 0.46190476190476193 0.5789473684210527 0.38095238095238093 0.5739938080495356 0.37142857142857144 0.5715170278637771 0.37142857142857144 
12 0.5845201238390093 0.42857142857142855 0.5795665634674922 0.44761904761904764 0.5696594427244582 0.525 0.5647058823529412 0.5642857142857143 0.5647058823529412 0.5797619047619048 0.5808049535603715 0.6083333333333333 0.5888544891640867 0.6083333333333333 0.5987616099071208 0.5976190476190476 0.5987616099071208 0.45714285714285713 0.5938080495356037 0.42857142857142855 0.5845201238390093 0.42857142857142855 
13 0.614860681114551 0.4095238095238095 0.6092879256965944 0.41904761904761906 0.6043343653250774 0.4488095238095238 0.5944272445820433 0.5142857142857142 0.5944272445820433 0.5869047619047619 0.595046439628483 0.5892857142857143 0.6043343653250774 0.6083333333333333 0.6173374613003096 0.6083333333333333 0.6185758513931888 0.6071428571428571 0.6235294117647059 0.5988095238095238 0.6235294117647059 0.42023809523809524 0.6185758513931888 0.4107142857142857 0.6173374613003096 0.4095238095238095 0.614860681114551 0.4095238095238095 
14 0.6414860681114551 0.4095238095238095 0.6396284829721363 0.4107142857142857 0.6390092879256966 0.4119047619047619 0.6191950464396285 0.5369047619047619 0.6191950464396285 0.5797619047619048 0.6501547987616099 0.5892857142857143 0.6625386996904025 0.5892857142857143 0.6681114551083591 0.5797619047619048 0.6681114551083591 0.5333333333333333 0.6631578947368421 0.4666666666666667 0.653250773993808 0.4095238095238095 0.6414860681114551 0.4095238095238095 
15 0.6736842105263158 0.4 0.6687306501547987 0.42857142857142855 0.6637770897832818 0.49523809523809526 0.6637770897832818 0.5702380952380952 0.7058823529411765 0.5702380952380952 0.7077399380804954 0.569047619047619 0.7077399380804954 0.5142857142857142 0.6928792569659443 0.42857142857142855 0.686687306501548 0.4095238095238095 0.6829721362229102 0.4011904761904762 0.6823529411764706 0.4 0.6736842105263158 0.4 
16 0.7046439628482972 0.37142857142857144 0.7034055727554179 0.3726190476190476 0.6934984520123839 0.39166666666666666 0.6891640866873066 0.41904761904761906 0.6885448916408669 0.47023809523809523 0.6885448916408669 0.475 0.698452012383901 0.5226190476190476 0.7034055727554179 0.530952380952381 0.7046439628482972 0.5321428571428571 0.7219814241486068 0.5321428571428571 0.7424148606811145 0.5226190476190476 0.7424148606811145 0.4773809523809524 0.7114551083591332 0.38095238095238093 0.7077399380804954 0.3726190476190476 0.7071207430340557 0.37142857142857144 0.7046439628482972 0.37142857142857144 
17 0.7442724458204334 0.5523809523809524 0.7139318885448916 0.5619047619047619 0.708359133126935 0.5714285714285714 0.708359133126935 0.5952380952380952 0.7089783281733746 0.5988095238095238 0.7232198142414861 0.6547619047619048 0.7380804953560371 0.694047619047619 0.7442724458204334 0.7035714285714286 0.7616099071207431 0.7035714285714286 0.7622291021671826 0.7023809523809523 0.7622291021671826 0.5619047619047619 0.7572755417956656 0.5523809523809524 0.7442724458204334 0.5523809523809524 
18 0.6990712074303406 0.5619047619047619 0.6792569659442724 0.580952380952381 0.6637770897832818 0.6011904761904762 0.6637770897832818 0.6261904761904762 0.6736842105263158 0.6547619047619048 0.6835913312693499 0.675 0.6891640866873066 0.6845238095238095 0.718266253869969 0.7309523809523809 0.7263157894736842 0.7416666666666667 0.7374613003095976 0.7416666666666667 0.746749226006192 0.7321428571428571 0.7473684210526316 0.7297619047619047 0.7473684210526316 0.6976190476190476 0.746749226006192 0.6952380952380952 0.7077399380804954 0.5619047619047619 0.6990712074303406 0.5619047619047619 
19 0.6495356037151703 0.6 0.6191950464396285 0.6095238095238096 0.6191950464396285 0.6357142857142857 0.6390092879256966 0.7119047619047619 0.6445820433436532 0.7321428571428571 0.6489164086687307 0.7476190476190476 0.6501547987616099 0.75 0.6786377708978328 0.7988095238095239 0.6829721362229102 0.7988095238095239 0.6879256965944273 0.7607142857142857 0.6879256965944273 0.7238095238095238 0.6730650154798762 0.6011904761904762 0.6724458204334365 0.6 0.6495356037151703 0.6 
20 0.6092879256965944 0.6190476190476191 0.5944272445820433 0.6285714285714286 0.5944272445820433 0.6654761904761904 0.6291021671826625 0.7797619047619048 0.6396284829721363 0.8083333333333333 0.6439628482972136 0.8178571428571428 0.6476780185758514 0.8178571428571428 0.648297213622291 0.8154761904761905 0.648297213622291 0.7523809523809524 0.643343653250774 0.7142857142857143 0.638390092879257 0.6857142857142857 0.628482972136223 0.6297619047619047 0.6229102167182663 0.6190476190476191 0.6092879256965944 0.6190476190476191 
21 0.5708978328173374 0.6285714285714286 0.5647058823529412 0.638095238095238 0.5597523219814241 0.6583333333333333 0.5597523219814241 0.669047619047619 0.5603715170278638 0.675 0.5647058823529412 0.7130952380952381 0.5795665634674922 0.7988095238095239 0.5894736842105263 0.8261904761904761 0.595046439628483 0.8369047619047619 0.6037151702786377 0.8369047619047619 0.6037151702786377 0.6297619047619047 0.6030959752321982 0.6285714285714286 0.5708978328173374 0.6285714285714286 
22 0.5399380804953561 0.6190476190476191 0.5399380804953561 0.6726190476190477 0.5498452012383901 0.8654761904761905 0.556656346749226 0.8654761904761905 0.5591331269349845 0.8642857142857143 0.5640866873065016 0.8559523809523809 0.5690402476780185 0.7988095238095239 0.5739938080495356 0.6928571428571428 0.5739938080495356 0.6285714285714286 0.5690402476780185 0.6190476190476191 0.5399380804953561 0.6190476190476191 
23 0.5157894736842106 0.6285714285714286 0.5151702786377709 0.6309523809523809 0.5151702786377709 0.6642857142857143 0.5201238390092879 0.7416666666666667 0.525077399380805 0.7690476190476191 0.530030959752322 0.7880952380952381 0.5312693498452012 0.7892857142857143 0.5430340557275541 0.7892857142857143 0.5442724458204334 0.7880952380952381 0.5442724458204334 0.6297619047619047 0.5424148606811146 0.6285714285714286 0.5157894736842106 0.6285714285714286 
24 0.4904024767801858 0.6190476190476191 0.4904024767801858 0.6738095238095239 0.4953560371517028 0.7392857142857143 0.5009287925696595 0.7690476190476191 0.5052631578947369 0.7892857142857143 0.513312693498452 0.7892857142857143 0.5195046439628483 0.7797619047619048 0.5195046439628483 0.6202380952380953 0.5188854489164086 0.6190476190476191 0.4904024767801858 0.6190476190476191 
25 0.4773993808049536 0.6190476190476191 0.47554179566563465 0.6202380952380953 0.47058823529411764 0.6285714285714286 0.47058823529411764 0.6619047619047619 0.47554179566563465 0.7226190476190476 0.4804953560371517 0.75 0.4854489164086687 0.7690476190476191 0.486687306501548 0.7702380952380953 0.49411764705882355 0.7702380952380953 0.49473684210526314 0.7690476190476191 0.4996904024767802 0.7511904761904762 0.4996904024767802 0.6702380952380952 0.49473684210526314 0.6226190476190476 0.49411764705882355 0.6190476190476191 0.4773993808049536 0.6190476190476191 
26 0.4563467492260062 0.6190476190476191 0.45139318885448915 0.6285714285714286 0.45077399380804956 0.6309523809523809 0.45077399380804956 0.675 0.46068111455108357 0.7690476190476191 0.4613003095975232 0.7702380952380953 0.47492260061919506 0.7702380952380953 0.47987616099071206 0.7607142857142857 0.4848297213622291 0.7309523809523809 0.4848297213622291 0.7142857142857143 0.47987616099071206 0.6190476190476191 0.4563467492260062 0.6190476190476191 
27 0.4408668730650155 0.6190476190476191 0.4309597523219814 0.6285714285714286 0.4260061919504644 0.6476190476190476 0.4260061919504644 0.7892857142857143 0.43157894736842106 0.8178571428571428 0.4359133126934985 0.8357142857142857 0.43653250773993807 0.8369047619047619 0.44953560371517026 0.8369047619047619 0.4501547987616099 0.8357142857142857 0.4551083591331269 0.8083333333333333 0.460061919504644 0.7607142857142857 0.460061919504644 0.6190476190476191 0.4408668730650155 0.6190476190476191 
28 0.4018575851393189 0.6190476190476191 0.40123839009287926 0.6202380952380953 0.39628482972136225 0.7428571428571429 0.39628482972136225 0.7988095238095239 0.4105263157894737 0.7988095238095239 0.4154798761609907 0.7892857142857143 0.42043343653250775 0.7690476190476191 0.4247678018575851 0.7511904761904762 0.42538699690402476 0.7476190476190476 0.44024767801857584 0.6369047619047619 0.44024767801857584 0.6309523809523809 0.43962848297213625 0.6285714285714286 0.4346749226006192 0.6190476190476191 0.4018575851393189 0.6190476190476191 
29 0.3814241486068111 0.6 0.3764705882352941 0.6107142857142858 0.3715170278637771 0.6392857142857142 0.356656346749226 0.7333333333333333 0.356656346749226 0.7892857142857143 0.36470588235294116 0.7892857142857143 0.3702786377708978 0.7797619047619048 0.4055727554179567 0.6738095238095239 0.4055727554179567 0.611904761904762 0.4043343653250774 0.6095238095238096 0.3956656346749226 0.6 0.3814241486068111 0.6 
30 0.3318885448916409 0.580952380952381 0.3269349845201238 0.5916666666666667 0.3170278637770898 0.6857142857142857 0.3170278637770898 0.7511904761904762 0.32755417956656346 0.7702380952380953 0.3411764705882353 0.7702380952380953 0.3609907120743034 0.7130952380952381 0.38080495356037153 0.6369047619047619 0.38080495356037153 0.6011904761904762 0.3801857585139319 0.6 0.35541795665634673 0.580952380952381 0.3318885448916409 0.580952380952381 
31 0.29721362229102166 0.5619047619047619 0.29226006191950465 0.5714285714285714 0.2873065015479876 0.5821428571428572 0.2823529411764706 0.6023809523809524 0.2625386996904025 0.6952380952380952 0.2625386996904025 0.7309523809523809 0.2643962848297214 0.7321428571428571 0.27678018575851393 0.7321428571428571 0.29040247678018577 0.7214285714285714 0.291640866873065 0.7202380952380952 0.2959752321981424 0.7130952380952381 0.3065015479876161 0.694047619047619 0.33126934984520123 0.6273809523809524 0.33126934984520123 0.580952380952381 0.3108359133126935 0.5619047619047619 0.29721362229102166 0.5619047619047619 
32 0.248297213622291 0.5523809523809524 0.24272445820433436 0.5619047619047619 0.24272445820433436 0.6928571428571428 0.243343653250774 0.694047619047619 0.25758513931888544 0.7035714285714286 0.2718266253869969 0.7035714285714286 0.28173374613003094 0.675 0.286687306501548 0.6464285714285715 0.29659442724458207 0.5880952380952381 0.29659442724458207 0.5547619047619048 0.2959752321981424 0.5535714285714286 0.29473684210526313 0.5523809523809524 0.248297213622291 0.5523809523809524 