1 0.29721362229102166 0.3523809523809524 0.29226006191950465 0.3630952380952381 0.2873065015479876 0.3904761904761905 0.2823529411764706 0.44761904761904764 0.2823529411764706 0.513095238095238 0.29721362229102166 0.5416666666666666 0.3256965944272446 0.5416666666666666 0.3263157894736842 0.5404761904761904 0.33126934984520123 0.5035714285714286 0.33126934984520123 0.4392857142857143 0.3263157894736842 0.4107142857142857 0.31640866873065016 0.3619047619047619 0.31145510835913315 0.3523809523809524 0.29721362229102166 0.3523809523809524 
2 0.34241486068111454 0.3904761904761905 0.32260061919504646 0.4095238095238095 0.3219814241486068 0.41785714285714287 0.3170278637770898 0.5333333333333333 0.3170278637770898 0.5773809523809523 0.31826625386996904 0.5797619047619048 0.3269349845201238 0.5892857142857143 0.3510835913312694 0.5892857142857143 0.3609907120743034 0.5797619047619048 0.36594427244582045 0.569047619047619 0.36594427244582045 0.5238095238095238 0.3609907120743034 0.4488095238095238 0.3560371517027864 0.39285714285714285 0.35541795665634673 0.3904761904761905 0.34241486068111454 0.3904761904761905 
3 0.36160990712074303 0.37142857142857144 0.3572755417956656 0.38095238095238093 0.356656346749226 0.38333333333333336 0.356656346749226 0.4797619047619048 0.36160990712074303 0.5511904761904762 0.36656346749226004 0.5702380952380952 0.3715170278637771 0.5785714285714286 0.37275541795665634 0.5797619047619048 0.40495356037151703 0.5797619047619048 0.4105263157894737 0.5702380952380952 0.4105263157894737 0.5047619047619047 0.4055727554179567 0.4357142857142857 0.40495356037151703 0.42857142857142855 0.4006191950464396 0.3821428571428571 0.4 0.38095238095238093 0.37089783281733746 0.37142857142857144 0.36160990712074303 0.37142857142857144 
4 0.40619195046439627 0.37142857142857144 0.40619195046439627 0.5678571428571428 0.4068111455108359 0.5702380952380952 0.4346749226006192 0.5702380952380952 0.43529411764705883 0.5678571428571428 0.43529411764705883 0.46785714285714286 0.42538699690402476 0.3904761904761905 0.42043343653250775 0.37142857142857144 0.40619195046439627 0.37142857142857144 
6 0.4309597523219814 0.3619047619047619 0.4260061919504644 0.39166666666666666 0.4260061919504644 0.4714285714285714 0.4309597523219814 0.5785714285714286 0.43157894736842106 0.5797619047619048 0.4501547987616099 0.5797619047619048 0.4551083591331269 0.5702380952380952 0.4551083591331269 0.4488095238095238 0.4501547987616099 0.36428571428571427 0.44953560371517026 0.3619047619047619 0.4309597523219814 0.3619047619047619 
7 0.45572755417956656 0.3904761904761905 0.45077399380804956 0.4380952380952381 0.45077399380804956 0.569047619047619 0.45139318885448915 0.5702380952380952 0.4743034055727554 0.5702380952380952 0.47492260061919506 0.569047619047619 0.47492260061919506 0.4488095238095238 0.469969040247678 0.4011904761904762 0.465015479876161 0.39166666666666666 0.460061919504644 0.3904761904761905 0.45572755417956656 0.3904761904761905 
8 0.4712074303405573 0.3904761904761905 0.47058823529411764 0.39285714285714285 0.47058823529411764 0.5119047619047619 0.4712074303405573 0.5702380952380952 0.4761609907120743 0.5797619047619048 0.49411764705882355 0.5797619047619048 0.5046439628482973 0.5702380952380952 0.5046439628482973 0.5333333333333333 0.4996904024767802 0.47619047619047616 0.49473684210526314 0.42857142857142855 0.48978328173374613 0.4 0.4842105263157895 0.3904761904761905 0.4712074303405573 0.3904761904761905 
9 0.5052631578947369 0.3904761904761905 0.5003095975232198 0.4095238095238095 0.4953560371517028 0.4380952380952381 0.4953560371517028 0.513095238095238 0.5003095975232198 0.575 0.5009287925696595 0.5797619047619048 0.5188854489164086 0.5797619047619048 0.5287925696594428 0.5702380952380952 0.5294117647058824 0.569047619047619 0.5294117647058824 0.4785714285714286 0.5244582043343653 0.4142857142857143 0.5238390092879257 0.4095238095238095 0.5195046439628483 0.3904761904761905 0.5052631578947369 0.3904761904761905 
10 0.5201238390092879 0.3904761904761905 0.5201238390092879 0.48333333333333334 0.525077399380805 0.5595238095238095 0.5256965944272446 0.5607142857142857 0.5486068111455108 0.5607142857142857 0.5541795665634675 0.5392857142857143 0.5541795665634675 0.5202380952380953 0.5535603715170279 0.5142857142857142 0.5442724458204334 0.42857142857142855 0.5393188854489164 0.3904761904761905 0.5201238390092879 0.3904761904761905 
11 0.5498452012383901 0.37142857142857144 0.544891640866873 0.39285714285714285 0.544891640866873 0.5511904761904762 0.5498452012383901 0.5607142857142857 0.5678018575851393 0.5607142857142857 0.5690402476780185 0.5595238095238095 0.5739938080495356 0.55 0.5739938080495356 0.41904761904761906 0.5690402476780185 0.3904761904761905 0.5640866873065016 0.37142857142857144 0.5498452012383901 0.37142857142857144 
12 0.5746130030959752 0.38095238095238093 0.5696594427244582 0.39166666666666666 0.5647058823529412 0.41904761904761906 0.5647058823529412 0.44642857142857145 0.5696594427244582 0.5702380952380952 0.5839009287925696 0.5702380952380952 0.5931888544891641 0.5595238095238095 0.5938080495356037 0.5583333333333333 0.5938080495356037 0.41904761904761906 0.5888544891640867 0.39166666666666666 0.58328173374613 0.38095238095238093 0.5746130030959752 0.38095238095238093 
14 0.6 0.3904761904761905 0.595046439628483 0.4 0.5944272445820433 0.4035714285714286 0.5894736842105263 0.4857142857142857 0.5894736842105263 0.5488095238095239 0.590092879256966 0.5511904761904762 0.5944272445820433 0.5607142857142857 0.5993808049535604 0.5702380952380952 0.6179566563467492 0.5702380952380952 0.6377708978328174 0.5607142857142857 0.638390092879257 0.5595238095238095 0.638390092879257 0.42023809523809524 0.6377708978328174 0.41904761904761906 0.6130030959752322 0.3904761904761905 0.6 0.3904761904761905 
15 0.6346749226006192 0.38095238095238093 0.6291021671826625 0.3904761904761905 0.6291021671826625 0.41785714285714287 0.6340557275541796 0.5607142857142857 0.6439628482972136 0.5785714285714286 0.6452012383900929 0.5797619047619048 0.6681114551083591 0.5797619047619048 0.6780185758513931 0.5702380952380952 0.6873065015479877 0.5607142857142857 0.6879256965944273 0.5583333333333333 0.6879256965944273 0.5142857142857142 0.6780185758513931 0.38095238095238093 0.6346749226006192 0.38095238095238093 
16 0.6792569659442724 0.38095238095238093 0.6786377708978328 0.3821428571428571 0.6736842105263158 0.4023809523809524 0.6736842105263158 0.5023809523809524 0.6835913312693499 0.5702380952380952 0.6972136222910217 0.5702380952380952 0.7077399380804954 0.5607142857142857 0.7170278637770898 0.55 0.7219814241486068 0.5416666666666666 0.7226006191950465 0.5392857142857143 0.7226006191950465 0.4773809523809524 0.7176470588235294 0.4 0.7126934984520124 0.38095238095238093 0.6792569659442724 0.38095238095238093 
17 0.7281733746130031 0.5714285714285714 0.7139318885448916 0.5904761904761905 0.7089783281733746 0.6 0.708359133126935 0.6035714285714285 0.708359133126935 0.6273809523809524 0.7232198142414861 0.6845238095238095 0.7331269349845201 0.7035714285714286 0.7436532507739938 0.7226190476190476 0.7547987616099071 0.7226190476190476 0.7572755417956656 0.7214285714285714 0.7671826625386997 0.7130952380952381 0.7715170278637771 0.7035714285714286 0.7721362229102167 0.7011904761904761 0.7721362229102167 0.6488095238095238 0.7622291021671826 0.5738095238095238 0.7616099071207431 0.5714285714285714 0.7281733746130031 0.5714285714285714 
18 0.6885448916408669 0.580952380952381 0.6687306501547987 0.5904761904761905 0.6637770897832818 0.6011904761904762 0.6637770897832818 0.6642857142857143 0.6687306501547987 0.7011904761904761 0.6693498452012384 0.7035714285714286 0.6891640866873066 0.7511904761904762 0.6941176470588235 0.7607142857142857 0.7201238390092879 0.7607142857142857 0.7226006191950465 0.7583333333333333 0.7269349845201238 0.7511904761904762 0.7275541795665634 0.75 0.7275541795665634 0.7047619047619048 0.7226006191950465 0.6392857142857142 0.7176470588235294 0.5916666666666667 0.7126934984520124 0.580952380952381 0.6885448916408669 0.580952380952381 
19 0.6439628482972136 0.5904761904761905 0.6390092879256966 0.5916666666666667 0.6092879256965944 0.6 0.6092879256965944 0.6369047619047619 0.6241486068111455 0.7607142857142857 0.6346749226006192 0.7797619047619048 0.6526315789473685 0.7797619047619048 0.6829721362229102 0.7702380952380953 0.6829721362229102 0.7333333333333333 0.6681114551083591 0.6 0.6631578947368421 0.5904761904761905 0.6439628482972136 0.5904761904761905 
20 0.5845201238390093 0.5904761904761905 0.5845201238390093 0.6440476190476191 0.5993808049535604 0.7321428571428571 0.6092879256965944 0.7702380952380953 0.614860681114551 0.7797619047619048 0.6235294117647059 0.7797619047619048 0.6235294117647059 0.638095238095238 0.6185758513931888 0.5904761904761905 0.5845201238390093 0.5904761904761905 
21 0.5647058823529412 0.580952380952381 0.5597523219814241 0.5904761904761905 0.5597523219814241 0.675 0.5653250773993808 0.7226190476190476 0.5696594427244582 0.75 0.5795665634674922 0.7702380952380953 0.5931888544891641 0.7702380952380953 0.5938080495356037 0.7678571428571429 0.5938080495356037 0.7142857142857143 0.5888544891640867 0.580952380952381 0.5647058823529412 0.580952380952381 
22 0.5399380804953561 0.5904761904761905 0.5399380804953561 0.7226190476190476 0.544891640866873 0.7797619047619048 0.5498452012383901 0.7976190476190477 0.5510835913312694 0.7988095238095239 0.5640866873065016 0.7988095238095239 0.5690402476780185 0.7880952380952381 0.5690402476780185 0.6476190476190476 0.5640866873065016 0.5916666666666667 0.5634674922600619 0.5904761904761905 0.5399380804953561 0.5904761904761905 
23 0.5201238390092879 0.5916666666666667 0.5151702786377709 0.6 0.5151702786377709 0.7416666666666667 0.5201238390092879 0.7678571428571429 0.5213622291021672 0.7702380952380953 0.5287925696594428 0.7702380952380953 0.5294117647058824 0.7690476190476191 0.5343653250773994 0.7511904761904762 0.5393188854489164 0.6797619047619048 0.5393188854489164 0.594047619047619 0.5343653250773994 0.5916666666666667 0.5201238390092879 0.5916666666666667 
24 0.5015479876160991 0.6 0.5003095975232198 0.6011904761904762 0.5003095975232198 0.7404761904761905 0.5021671826625387 0.7416666666666667 0.5145510835913313 0.7416666666666667 0.5195046439628483 0.7321428571428571 0.5195046439628483 0.6011904761904762 0.518266253869969 0.6 0.5015479876160991 0.6 
25 0.4804953560371517 0.6 0.4804953560371517 0.6654761904761904 0.4904024767801858 0.7392857142857143 0.49102167182662537 0.7416666666666667 0.4996904024767802 0.7416666666666667 0.5046439628482973 0.7107142857142857 0.5046439628482973 0.6107142857142858 0.4996904024767802 0.6 0.4804953560371517 0.6 
26 0.4613003095975232 0.5904761904761905 0.46068111455108357 0.5916666666666667 0.46068111455108357 0.6464285714285715 0.47554179566563465 0.7690476190476191 0.4761609907120743 0.7702380952380953 0.4848297213622291 0.7702380952380953 0.48978328173374613 0.7607142857142857 0.48978328173374613 0.6761904761904762 0.4848297213622291 0.5916666666666667 0.48297213622291024 0.5904761904761905 0.4613003095975232 0.5904761904761905 
27 0.4421052631578947 0.580952380952381 0.4359133126934985 0.5904761904761905 0.4359133126934985 0.6833333333333333 0.4408668730650155 0.7404761904761905 0.4458204334365325 0.7702380952380953 0.45077399380804956 0.7988095238095239 0.45944272445820433 0.7988095238095239 0.465015479876161 0.7678571428571429 0.465015479876161 0.6107142857142858 0.45944272445820433 0.580952380952381 0.4421052631578947 0.580952380952381 
28 0.4136222910216718 0.5904761904761905 0.41114551083591333 0.5916666666666667 0.41114551083591333 0.7702380952380953 0.4297213622291022 0.7702380952380953 0.43529411764705883 0.7416666666666667 0.44024767801857584 0.655952380952381 0.44024767801857584 0.6023809523809524 0.43529411764705883 0.5916666666666667 0.4346749226006192 0.5904761904761905 0.4136222910216718 0.5904761904761905 
29 0.3863777089783282 0.5904761904761905 0.3814241486068111 0.594047619047619 0.3814241486068111 0.7892857142857143 0.3907120743034056 0.7892857142857143 0.4006191950464396 0.7702380952380953 0.4055727554179567 0.7511904761904762 0.4154798761609907 0.6845238095238095 0.4154798761609907 0.5916666666666667 0.4148606811145511 0.5904761904761905 0.3863777089783282 0.5904761904761905 
30 0.3430340557275542 0.5904761904761905 0.3368421052631579 0.6 0.3219814241486068 0.7357142857142858 0.3219814241486068 0.7773809523809524 0.32260061919504646 0.7797619047619048 0.37089783281733746 0.7797619047619048 0.37585139318885447 0.7511904761904762 0.38080495356037153 0.7202380952380952 0.38575851393188854 0.6630952380952381 0.38575851393188854 0.6 0.36594427244582045 0.5904761904761905 0.3430340557275542 0.5904761904761905 
31 0.3058823529411765 0.5714285714285714 0.3021671826625387 0.5726190476190476 0.29287925696594425 0.580952380952381 0.2873065015479876 0.5904761904761905 0.2823529411764706 0.6011904761904762 0.2724458204334365 0.6952380952380952 0.2724458204334365 0.7476190476190476 0.27306501547987616 0.7511904761904762 0.2773993808049536 0.7595238095238095 0.2786377708978328 0.7607142857142857 0.2978328173374613 0.7702380952380953 0.3058823529411765 0.7702380952380953 0.32136222910216716 0.7511904761904762 0.3263157894736842 0.7416666666666667 0.3411764705882353 0.6654761904761904 0.3411764705882353 0.6011904761904762 0.33622291021671824 0.5916666666666667 0.31021671826625385 0.5714285714285714 0.3058823529411765 0.5714285714285714 
32 0.25882352941176473 0.580952380952381 0.22476780185758513 0.6 0.2235294117647059 0.6011904761904762 0.21857585139318886 0.6095238095238096 0.2130030959752322 0.6190476190476191 0.2130030959752322 0.6464285714285715 0.2235294117647059 0.6845238095238095 0.22786377708978328 0.694047619047619 0.2848297213622291 0.694047619047619 0.28606811145510835 0.6928571428571428 0.291640866873065 0.6845238095238095 0.291640866873065 0.6476190476190476 0.286687306501548 0.6023809523809524 0.28111455108359135 0.580952380952381 0.25882352941176473 0.580952380952381 