3 0.28792569659442724 0.4095238095238095 0.2873065015479876 0.4119047619047619 0.2823529411764706 0.5047619047619047 0.2823529411764706 0.5666666666666667 0.28297213622291023 0.5702380952380952 0.2934984520123839 0.5797619047619048 0.31331269349845203 0.5892857142857143 0.334984520123839 0.5892857142857143 0.33622291021671824 0.5880952380952381 0.33622291021671824 0.5619047619047619 0.33126934984520123 0.4488095238095238 0.3263157894736842 0.4297619047619048 0.31640866873065016 0.4095238095238095 0.28792569659442724 0.4095238095238095 
4 0.3523219814241486 0.4 0.34179566563467495 0.4095238095238095 0.3318885448916409 0.44761904761904764 0.3269349845201238 0.49642857142857144 0.3269349845201238 0.569047619047619 0.33250773993808047 0.5797619047619048 0.35541795665634673 0.5797619047619048 0.3653250773993808 0.5702380952380952 0.36594427244582045 0.5678571428571428 0.36594427244582045 0.5357142857142857 0.3609907120743034 0.4107142857142857 0.35541795665634673 0.4 0.3523219814241486 0.4 
5 0.3721362229102167 0.41904761904761906 0.3715170278637771 0.42023809523809524 0.36656346749226004 0.4380952380952381 0.356656346749226 0.5071428571428571 0.356656346749226 0.5404761904761904 0.3622291021671827 0.5607142857142857 0.36656346749226004 0.5702380952380952 0.37956656346749224 0.5702380952380952 0.3907120743034056 0.5607142857142857 0.3907120743034056 0.49047619047619045 0.38575851393188854 0.4380952380952381 0.38080495356037153 0.42023809523809524 0.3801857585139319 0.41904761904761906 0.3721362229102167 0.41904761904761906 
6 0.39195046439628484 0.4857142857142857 0.3913312693498452 0.4869047619047619 0.3863777089783282 0.5047619047619047 0.3863777089783282 0.55 0.3913312693498452 0.5702380952380952 0.4018575851393189 0.5797619047619048 0.4247678018575851 0.5797619047619048 0.42538699690402476 0.5785714285714286 0.43034055727554177 0.5583333333333333 0.43034055727554177 0.5428571428571428 0.42538699690402476 0.5047619047619047 0.4148606811145511 0.4857142857142857 0.39195046439628484 0.4857142857142857 
8 0.426625386996904 0.47619047619047616 0.4260061919504644 0.4773809523809524 0.42105263157894735 0.49642857142857144 0.42105263157894735 0.5678571428571428 0.421671826625387 0.5702380952380952 0.4588235294117647 0.5702380952380952 0.460061919504644 0.569047619047619 0.460061919504644 0.5047619047619047 0.4452012383900929 0.47619047619047616 0.426625386996904 0.47619047619047616 
9 0.4674922600619195 0.37142857142857144 0.46563467492260063 0.3726190476190476 0.46068111455108357 0.3821428571428571 0.45572755417956656 0.42857142857142855 0.45572755417956656 0.5797619047619048 0.4873065015479876 0.5797619047619048 0.48978328173374613 0.5785714285714286 0.49473684210526314 0.5702380952380952 0.49473684210526314 0.46785714285714286 0.48978328173374613 0.41309523809523807 0.4891640866873065 0.4095238095238095 0.4848297213622291 0.3904761904761905 0.47987616099071206 0.37142857142857144 0.4674922600619195 0.37142857142857144 
10 0.5021671826625387 0.3619047619047619 0.5003095975232198 0.3630952380952381 0.4953560371517028 0.38095238095238093 0.4904024767801858 0.5142857142857142 0.4904024767801858 0.5785714285714286 0.49102167182662537 0.5797619047619048 0.5226006191950464 0.5797619047619048 0.5244582043343653 0.5785714285714286 0.5343653250773994 0.5702380952380952 0.5343653250773994 0.4392857142857143 0.5294117647058824 0.375 0.5244582043343653 0.3619047619047619 0.5021671826625387 0.3619047619047619 
13 0.6495356037151703 0.4 0.6439628482972136 0.4107142857142857 0.6390092879256966 0.430952380952381 0.6191950464396285 0.5238095238095238 0.6191950464396285 0.5607142857142857 0.6340557275541796 0.5892857142857143 0.6402476780185758 0.5892857142857143 0.643343653250774 0.5880952380952381 0.6575851393188854 0.5797619047619048 0.6582043343653251 0.5773809523809523 0.6582043343653251 0.4095238095238095 0.6526315789473685 0.4 0.6495356037151703 0.4 
14 0.6835913312693499 0.4095238095238095 0.6693498452012384 0.4380952380952381 0.6637770897832818 0.45714285714285713 0.6538699690402476 0.5142857142857142 0.6538699690402476 0.5880952380952381 0.6637770897832818 0.5976190476190476 0.6662538699690402 0.5988095238095238 0.6780185758513931 0.5988095238095238 0.6978328173374613 0.5892857142857143 0.7071207430340557 0.5785714285714286 0.7077399380804954 0.5773809523809523 0.7077399380804954 0.4107142857142857 0.7065015479876161 0.4095238095238095 0.6835913312693499 0.4095238095238095 
15 0.718266253869969 0.41904761904761906 0.713312693498452 0.42857142857142855 0.708359133126935 0.4488095238095238 0.7034055727554179 0.4785714285714286 0.7034055727554179 0.5583333333333333 0.708359133126935 0.5785714285714286 0.7089783281733746 0.5797619047619048 0.7269349845201238 0.5797619047619048 0.7424148606811145 0.5595238095238095 0.7473684210526316 0.55 0.7473684210526316 0.45714285714285713 0.7374613003095976 0.41904761904761906 0.718266253869969 0.41904761904761906 
21 0.5894736842105263 0.5904761904761905 0.5845201238390093 0.6 0.5845201238390093 0.655952380952381 0.5993808049535604 0.7583333333333333 0.6043343653250774 0.7797619047619048 0.6136222910216719 0.7797619047619048 0.6179566563467492 0.7702380952380953 0.6185758513931888 0.7678571428571429 0.628482972136223 0.7035714285714286 0.628482972136223 0.611904761904762 0.6278637770897832 0.6095238095238096 0.6235294117647059 0.6 0.6130030959752322 0.5904761904761905 0.5894736842105263 0.5904761904761905 
22 0.5547987616099072 0.5714285714285714 0.5498452012383901 0.580952380952381 0.5498452012383901 0.6833333333333333 0.5547987616099072 0.7988095238095239 0.5603715170278638 0.8083333333333333 0.5739938080495356 0.8083333333333333 0.5789473684210527 0.7988095238095239 0.5839009287925696 0.7797619047619048 0.5888544891640867 0.7511904761904762 0.5938080495356037 0.6059523809523809 0.5938080495356037 0.5916666666666667 0.5882352941176471 0.580952380952381 0.5789473684210527 0.5714285714285714 0.5547987616099072 0.5714285714285714 
23 0.5263157894736842 0.580952380952381 0.525077399380805 0.5821428571428572 0.5207430340557275 0.5928571428571429 0.5201238390092879 0.5964285714285714 0.5201238390092879 0.655952380952381 0.525077399380805 0.7321428571428571 0.530030959752322 0.75 0.5306501547987617 0.7511904761904762 0.5442724458204334 0.7511904761904762 0.5492260061919505 0.7321428571428571 0.5541795665634675 0.6369047619047619 0.5541795665634675 0.580952380952381 0.5263157894736842 0.580952380952381 
24 0.503405572755418 0.5904761904761905 0.5009287925696595 0.5916666666666667 0.5003095975232198 0.5928571428571429 0.5003095975232198 0.65 0.5052631578947369 0.7178571428571429 0.5058823529411764 0.7214285714285714 0.5102167182662539 0.7392857142857143 0.5114551083591331 0.7416666666666667 0.5244582043343653 0.7416666666666667 0.5244582043343653 0.5916666666666667 0.5232198142414861 0.5904761904761905 0.503405572755418 0.5904761904761905 
25 0.4712074303405573 0.6 0.47058823529411764 0.6011904761904762 0.47058823529411764 0.6083333333333333 0.47554179566563465 0.7095238095238096 0.4761609907120743 0.7130952380952381 0.48606811145510836 0.7511904761904762 0.4996904024767802 0.7511904761904762 0.5046439628482973 0.7416666666666667 0.5046439628482973 0.6309523809523809 0.4996904024767802 0.6 0.4712074303405573 0.6 
26 0.44148606811145513 0.5904761904761905 0.4408668730650155 0.594047619047619 0.4408668730650155 0.6059523809523809 0.4458204334365325 0.6726190476190477 0.45077399380804956 0.694047619047619 0.46563467492260063 0.7511904761904762 0.47058823529411764 0.7607142857142857 0.4848297213622291 0.7607142857142857 0.4848297213622291 0.7047619047619048 0.47987616099071206 0.594047619047619 0.4792569659442725 0.5904761904761905 0.44148606811145513 0.5904761904761905 
27 0.4117647058823529 0.6 0.41114551083591333 0.6011904761904762 0.41114551083591333 0.6916666666666667 0.42105263157894735 0.7607142857142857 0.4260061919504644 0.7797619047619048 0.4309597523219814 0.7880952380952381 0.4328173374613003 0.7892857142857143 0.44953560371517026 0.7892857142857143 0.4501547987616099 0.7880952380952381 0.4501547987616099 0.6095238095238096 0.4452012383900929 0.6 0.4117647058823529 0.6 
31 0.26873065015479874 0.5714285714285714 0.25263157894736843 0.5904761904761905 0.24272445820433436 0.6476190476190476 0.24272445820433436 0.7130952380952381 0.25263157894736843 0.7416666666666667 0.27678018575851393 0.7416666666666667 0.291640866873065 0.7130952380952381 0.29659442724458207 0.7023809523809523 0.31640866873065016 0.6273809523809524 0.31640866873065016 0.5916666666666667 0.31145510835913315 0.5821428571428572 0.3015479876160991 0.5726190476190476 0.29907120743034055 0.5714285714285714 0.26873065015479874 0.5714285714285714 