2 0.3219814241486068 0.3619047619047619 0.3170278637770898 0.3726190476190476 0.3021671826625387 0.5166666666666667 0.3021671826625387 0.5285714285714286 0.30712074303405573 0.5595238095238095 0.3077399380804954 0.5607142857142857 0.32260061919504646 0.5702380952380952 0.3461300309597523 0.5702380952380952 0.3560371517027864 0.5511904761904762 0.3560371517027864 0.5047619047619047 0.3510835913312694 0.4095238095238095 0.3461300309597523 0.3821428571428571 0.33622291021671824 0.3619047619047619 0.3219814241486068 0.3619047619047619 
3 0.3430340557275542 0.38095238095238093 0.34179566563467495 0.38333333333333336 0.34179566563467495 0.4142857142857143 0.34674922600619196 0.4642857142857143 0.356656346749226 0.5202380952380953 0.3572755417956656 0.5214285714285715 0.3591331269349845 0.5226190476190476 0.38080495356037153 0.5226190476190476 0.39442724458204337 0.513095238095238 0.3956656346749226 0.5119047619047619 0.4006191950464396 0.4845238095238095 0.4006191950464396 0.4380952380952381 0.3956656346749226 0.4107142857142857 0.39009287925696595 0.4 0.37585139318885447 0.3821428571428571 0.3746130030959752 0.38095238095238093 0.3430340557275542 0.38095238095238093 
4 0.3888544891640867 0.37142857142857144 0.3814241486068111 0.3738095238095238 0.3764705882352941 0.38095238095238093 0.3764705882352941 0.40714285714285714 0.3863777089783282 0.5607142857142857 0.39690402476780184 0.5797619047619048 0.40928792569659445 0.5797619047619048 0.4105263157894737 0.5785714285714286 0.4247678018575851 0.5607142857142857 0.42538699690402476 0.5583333333333333 0.42538699690402476 0.4095238095238095 0.42043343653250775 0.38095238095238093 0.3907120743034056 0.37142857142857144 0.3888544891640867 0.37142857142857144 
6 0.44148606811145513 0.3333333333333333 0.43653250773993807 0.34285714285714286 0.4309597523219814 0.3619047619047619 0.426625386996904 0.3904761904761905 0.4260061919504644 0.3952380952380952 0.42105263157894735 0.44047619047619047 0.42105263157894735 0.5607142857142857 0.4260061919504644 0.5797619047619048 0.4452012383900929 0.5797619047619048 0.4544891640866873 0.5702380952380952 0.4551083591331269 0.569047619047619 0.460061919504644 0.4452380952380952 0.460061919504644 0.34523809523809523 0.4544891640866873 0.3333333333333333 0.44148606811145513 0.3333333333333333 
7 0.46563467492260063 0.3904761904761905 0.4613003095975232 0.4 0.45572755417956656 0.42023809523809524 0.45077399380804956 0.4583333333333333 0.45077399380804956 0.5797619047619048 0.45572755417956656 0.5880952380952381 0.4569659442724458 0.5892857142857143 0.47987616099071206 0.5892857142857143 0.4848297213622291 0.569047619047619 0.4848297213622291 0.4 0.47987616099071206 0.3904761904761905 0.46563467492260063 0.3904761904761905 
8 0.4904024767801858 0.38095238095238093 0.4854489164086687 0.4011904761904762 0.4804953560371517 0.42857142857142855 0.47554179566563465 0.5654761904761905 0.47554179566563465 0.5892857142857143 0.48606811145510836 0.5988095238095238 0.5139318885448917 0.5988095238095238 0.5145510835913313 0.594047619047619 0.5145510835913313 0.580952380952381 0.5095975232198142 0.4011904761904762 0.5046439628482973 0.3821428571428571 0.5040247678018576 0.38095238095238093 0.4904024767801858 0.38095238095238093 
13 0.6154798761609908 0.41904761904761906 0.6142414860681115 0.42023809523809524 0.6092879256965944 0.42857142857142855 0.6043343653250774 0.4380952380952381 0.6 0.44761904761904764 0.5894736842105263 0.47619047619047616 0.5894736842105263 0.5214285714285715 0.595046439628483 0.5321428571428571 0.6142414860681115 0.5511904761904762 0.6222910216718266 0.5511904761904762 0.6235294117647059 0.5488095238095239 0.6235294117647059 0.41904761904761906 0.6154798761609908 0.41904761904761906 
14 0.6340557275541796 0.37142857142857144 0.6241486068111455 0.38095238095238093 0.6191950464396285 0.39404761904761904 0.6142414860681115 0.4095238095238095 0.6142414860681115 0.42738095238095236 0.6191950464396285 0.5404761904761904 0.6241486068111455 0.5511904761904762 0.6563467492260062 0.5511904761904762 0.6582043343653251 0.55 0.6631578947368421 0.5404761904761904 0.6730650154798762 0.475 0.6730650154798762 0.4095238095238095 0.6681114551083591 0.4 0.638390092879257 0.3726190476190476 0.6359133126934985 0.37142857142857144 0.6340557275541796 0.37142857142857144 
18 0.6594427244582043 0.5619047619047619 0.6439628482972136 0.5714285714285714 0.6439628482972136 0.6071428571428571 0.6588235294117647 0.6726190476190477 0.6594427244582043 0.675 0.6736842105263158 0.7226190476190476 0.6885448916408669 0.7511904761904762 0.7071207430340557 0.7511904761904762 0.7170278637770898 0.7321428571428571 0.7176470588235294 0.7285714285714285 0.7176470588235294 0.7119047619047619 0.7027863777089783 0.580952380952381 0.6928792569659443 0.5619047619047619 0.6594427244582043 0.5619047619047619 
19 0.6198142414860681 0.5904761904761905 0.6 0.6 0.5993808049535604 0.6011904761904762 0.5993808049535604 0.6369047619047619 0.6142414860681115 0.7214285714285714 0.6191950464396285 0.7416666666666667 0.6291021671826625 0.7797619047619048 0.6396284829721363 0.7988095238095239 0.653250773993808 0.7988095238095239 0.6773993808049535 0.7702380952380953 0.6780185758513931 0.7654761904761904 0.6780185758513931 0.7595238095238095 0.6582043343653251 0.6095238095238096 0.648297213622291 0.5916666666666667 0.6470588235294118 0.5904761904761905 0.6198142414860681 0.5904761904761905 
20 0.5894736842105263 0.6 0.5746130030959752 0.6190476190476191 0.5746130030959752 0.6535714285714286 0.5845201238390093 0.7130952380952381 0.6 0.7988095238095239 0.6043343653250774 0.8071428571428572 0.6055727554179566 0.8083333333333333 0.6185758513931888 0.8083333333333333 0.6185758513931888 0.669047619047619 0.6086687306501548 0.6011904761904762 0.6074303405572755 0.6 0.5894736842105263 0.6 
22 0.5547987616099072 0.6095238095238096 0.5547987616099072 0.6654761904761904 0.5647058823529412 0.7702380952380953 0.5746130030959752 0.7976190476190477 0.5795665634674922 0.8083333333333333 0.5987616099071208 0.8083333333333333 0.5987616099071208 0.7821428571428571 0.5888544891640867 0.6666666666666666 0.5839009287925696 0.6107142857142858 0.58328173374613 0.6095238095238096 0.5547987616099072 0.6095238095238096 
23 0.5368421052631579 0.6095238095238096 0.534984520123839 0.6107142857142858 0.534984520123839 0.7226190476190476 0.5399380804953561 0.8261904761904761 0.5405572755417957 0.8273809523809523 0.5486068111455108 0.8273809523809523 0.5541795665634675 0.8154761904761905 0.5591331269349845 0.7797619047619048 0.5640866873065016 0.6738095238095239 0.5640866873065016 0.6571428571428571 0.5591331269349845 0.6095238095238096 0.5368421052631579 0.6095238095238096 
24 0.5157894736842106 0.6095238095238096 0.5151702786377709 0.611904761904762 0.5151702786377709 0.7607142857142857 0.5201238390092879 0.7952380952380952 0.5207430340557275 0.7988095238095239 0.5294117647058824 0.7988095238095239 0.5343653250773994 0.7785714285714286 0.5393188854489164 0.7214285714285714 0.5393188854489164 0.6095238095238096 0.5157894736842106 0.6095238095238096 
25 0.4953560371517028 0.6 0.4953560371517028 0.7226190476190476 0.5003095975232198 0.7880952380952381 0.5021671826625387 0.7892857142857143 0.5089783281733746 0.7892857142857143 0.5145510835913313 0.7797619047619048 0.5195046439628483 0.7023809523809523 0.5195046439628483 0.6 0.4953560371517028 0.6 
26 0.47678018575851394 0.580952380952381 0.47554179566563465 0.5821428571428572 0.47058823529411764 0.669047619047619 0.47058823529411764 0.7226190476190476 0.4804953560371517 0.805952380952381 0.48111455108359136 0.8083333333333333 0.4854489164086687 0.8178571428571428 0.49473684210526314 0.8178571428571428 0.4996904024767802 0.7416666666666667 0.4996904024767802 0.6 0.49473684210526314 0.5904761904761905 0.4891640866873065 0.580952380952381 0.47678018575851394 0.580952380952381 
27 0.46068111455108357 0.5904761904761905 0.45572755417956656 0.6 0.45139318885448915 0.6095238095238096 0.42105263157894735 0.7821428571428571 0.42105263157894735 0.7892857142857143 0.44458204334365325 0.7892857142857143 0.4544891640866873 0.7785714285714286 0.465015479876161 0.7595238095238095 0.469969040247678 0.75 0.47492260061919506 0.7321428571428571 0.47987616099071206 0.675 0.47987616099071206 0.5916666666666667 0.4786377708978328 0.5904761904761905 0.46068111455108357 0.5904761904761905 
28 0.4260061919504644 0.6 0.41609907120743034 0.6190476190476191 0.41114551083591333 0.7333333333333333 0.41114551083591333 0.7988095238095239 0.41609907120743034 0.8083333333333333 0.41919504643962846 0.8083333333333333 0.42291021671826623 0.8071428571428572 0.42538699690402476 0.805952380952381 0.43034055727554177 0.7988095238095239 0.4452012383900929 0.7309523809523809 0.4551083591331269 0.6642857142857143 0.460061919504644 0.6142857142857143 0.460061919504644 0.6 0.4260061919504644 0.6 
30 0.3176470588235294 0.6 0.31207430340557274 0.6214285714285714 0.30712074303405573 0.6583333333333333 0.30712074303405573 0.6928571428571428 0.31207430340557274 0.7107142857142857 0.31331269349845203 0.7130952380952381 0.334984520123839 0.7130952380952381 0.37089783281733746 0.694047619047619 0.3752321981424149 0.6845238095238095 0.37585139318885447 0.6821428571428572 0.37585139318885447 0.6583333333333333 0.36594427244582045 0.6285714285714286 0.3603715170278638 0.6190476190476191 0.3411764705882353 0.6 0.3176470588235294 0.6 