2 0.3269349845201238 0.37142857142857144 0.30712074303405573 0.5047619047619047 0.30712074303405573 0.5202380952380953 0.31207430340557274 0.5511904761904762 0.3219814241486068 0.5702380952380952 0.3498452012383901 0.5702380952380952 0.3510835913312694 0.569047619047619 0.3510835913312694 0.45714285714285713 0.3461300309597523 0.38452380952380955 0.3455108359133127 0.3821428571428571 0.3411764705882353 0.37142857142857144 0.3269349845201238 0.37142857142857144 
4 0.3894736842105263 0.3904761904761905 0.38699690402476783 0.39166666666666666 0.3814241486068111 0.4 0.3764705882352941 0.5142857142857142 0.3764705882352941 0.5702380952380952 0.3814241486068111 0.5797619047619048 0.40495356037151703 0.5797619047619048 0.4105263157894737 0.5702380952380952 0.4154798761609907 0.5607142857142857 0.4154798761609907 0.5142857142857142 0.4006191950464396 0.4095238095238095 0.3956656346749226 0.3904761904761905 0.3894736842105263 0.3904761904761905 
5 0.4068111455108359 0.3904761904761905 0.40619195046439627 0.39166666666666666 0.40619195046439627 0.5797619047619048 0.41114551083591333 0.5880952380952381 0.41238390092879257 0.5892857142857143 0.4241486068111455 0.5892857142857143 0.44024767801857584 0.5785714285714286 0.4452012383900929 0.5702380952380952 0.4452012383900929 0.5154761904761904 0.43034055727554177 0.42023809523809524 0.4247678018575851 0.4 0.42043343653250775 0.39166666666666666 0.41857585139318887 0.3904761904761905 0.4068111455108359 0.3904761904761905 
6 0.4309597523219814 0.38095238095238093 0.4309597523219814 0.5773809523809523 0.43653250773993807 0.5892857142857143 0.460061919504644 0.5892857142857143 0.460061919504644 0.5059523809523809 0.4501547987616099 0.41904761904761906 0.4452012383900929 0.3904761904761905 0.44024767801857584 0.38095238095238093 0.4309597523219814 0.38095238095238093 
7 0.46191950464396286 0.4380952380952381 0.46068111455108357 0.4392857142857143 0.45572755417956656 0.4488095238095238 0.45572755417956656 0.6083333333333333 0.47492260061919506 0.6083333333333333 0.47492260061919506 0.44047619047619047 0.4743034055727554 0.4380952380952381 0.46191950464396286 0.4380952380952381 
8 0.48111455108359136 0.41904761904761906 0.4804953560371517 0.42142857142857143 0.47554179566563465 0.4488095238095238 0.47058823529411764 0.5428571428571428 0.47058823529411764 0.569047619047619 0.47554179566563465 0.6059523809523809 0.4761609907120743 0.6083333333333333 0.5046439628482973 0.6083333333333333 0.5046439628482973 0.5833333333333334 0.4996904024767802 0.4392857142857143 0.49473684210526314 0.42023809523809524 0.49411764705882355 0.41904761904761906 0.48111455108359136 0.41904761904761906 
9 0.5151702786377709 0.41904761904761906 0.5102167182662539 0.42857142857142855 0.5052631578947369 0.4714285714285714 0.5009287925696595 0.5333333333333333 0.5003095975232198 0.544047619047619 0.5003095975232198 0.6178571428571429 0.5275541795665635 0.6178571428571429 0.5287925696594428 0.6166666666666667 0.5294117647058824 0.6154761904761905 0.5294117647058824 0.4380952380952381 0.5238390092879257 0.41904761904761906 0.5151702786377709 0.41904761904761906 
10 0.5306501547987617 0.4380952380952381 0.525077399380805 0.44761904761904764 0.525077399380805 0.5988095238095238 0.5436532507739938 0.5988095238095238 0.5486068111455108 0.5892857142857143 0.5492260061919505 0.5869047619047619 0.5492260061919505 0.5333333333333333 0.5442724458204334 0.44761904761904764 0.5343653250773994 0.4380952380952381 0.5306501547987617 0.4380952380952381 
11 0.5547987616099072 0.41904761904761906 0.5498452012383901 0.4297619047619048 0.544891640866873 0.4666666666666667 0.5399380804953561 0.580952380952381 0.5399380804953561 0.5892857142857143 0.5455108359133127 0.5988095238095238 0.561609907120743 0.5988095238095238 0.5634674922600619 0.5976190476190476 0.5640866873065016 0.5964285714285714 0.5640866873065016 0.42023809523809524 0.5634674922600619 0.41904761904761906 0.5547987616099072 0.41904761904761906 
12 0.5758513931888545 0.42857142857142855 0.5752321981424149 0.4297619047619048 0.5696594427244582 0.4511904761904762 0.5647058823529412 0.47619047619047616 0.5597523219814241 0.5047619047619047 0.5597523219814241 0.5880952380952381 0.5653250773993808 0.5988095238095238 0.5931888544891641 0.5988095238095238 0.5938080495356037 0.5976190476190476 0.5938080495356037 0.5535714285714286 0.5888544891640867 0.4392857142857143 0.5839009287925696 0.42857142857142855 0.5758513931888545 0.42857142857142855 
13 0.5962848297213622 0.4380952380952381 0.595046439628483 0.4392857142857143 0.590092879256966 0.45714285714285713 0.5894736842105263 0.4595238095238095 0.5845201238390093 0.4797619047619048 0.5845201238390093 0.5607142857142857 0.5894736842105263 0.5988095238095238 0.6173374613003096 0.5988095238095238 0.6185758513931888 0.5976190476190476 0.6185758513931888 0.5619047619047619 0.6136222910216719 0.47619047619047616 0.6086687306501548 0.44047619047619047 0.6080495356037152 0.4380952380952381 0.5962848297213622 0.4380952380952381 
14 0.6247678018575852 0.42857142857142855 0.6191950464396285 0.4392857142857143 0.6142414860681115 0.4642857142857143 0.6092879256965944 0.5083333333333333 0.6092879256965944 0.5976190476190476 0.6142414860681115 0.6083333333333333 0.653250773993808 0.6083333333333333 0.653250773993808 0.5428571428571428 0.648297213622291 0.4869047619047619 0.643343653250774 0.44047619047619047 0.6427244582043343 0.4380952380952381 0.6371517027863777 0.42857142857142855 0.6247678018575852 0.42857142857142855 
15 0.6544891640866873 0.41904761904761906 0.6538699690402476 0.42023809523809524 0.6489164086687307 0.44166666666666665 0.6489164086687307 0.6083333333333333 0.6538699690402476 0.6178571428571429 0.6575851393188854 0.6178571428571429 0.6613003095975232 0.6166666666666667 0.6730650154798762 0.6083333333333333 0.6823529411764706 0.5988095238095238 0.6879256965944273 0.5892857142857143 0.6879256965944273 0.5583333333333333 0.6873065015479877 0.5523809523809524 0.6674922600619195 0.41904761904761906 0.6544891640866873 0.41904761904761906 
16 0.6953560371517028 0.41904761904761906 0.6786377708978328 0.42857142857142855 0.6736842105263158 0.4488095238095238 0.6736842105263158 0.530952380952381 0.6786377708978328 0.5607142857142857 0.6891640866873066 0.5797619047619048 0.6972136222910217 0.5797619047619048 0.7213622291021672 0.5607142857142857 0.7219814241486068 0.5595238095238095 0.7226006191950465 0.5571428571428572 0.7226006191950465 0.5059523809523809 0.7077399380804954 0.4297619047619048 0.7021671826625387 0.41904761904761906 0.6953560371517028 0.41904761904761906 
17 0.7089783281733746 0.5714285714285714 0.6934984520123839 0.5904761904761905 0.6885448916408669 0.6011904761904762 0.6835913312693499 0.6190476190476191 0.6835913312693499 0.6642857142857143 0.6842105263157895 0.6654761904761904 0.698452012383901 0.6845238095238095 0.708359133126935 0.694047619047619 0.7238390092879257 0.7035714285714286 0.7473684210526316 0.7035714285714286 0.7523219814241486 0.694047619047619 0.7523219814241486 0.6571428571428571 0.7374613003095976 0.6 0.7325077399380805 0.5821428571428572 0.7269349845201238 0.5714285714285714 0.7089783281733746 0.5714285714285714 
20 0.590092879256966 0.6095238095238096 0.5894736842105263 0.6107142857142858 0.5894736842105263 0.6369047619047619 0.6092879256965944 0.75 0.6142414860681115 0.7690476190476191 0.6204334365325077 0.7797619047619048 0.628482972136223 0.7797619047619048 0.628482972136223 0.6309523809523809 0.6229102167182663 0.6095238095238096 0.590092879256966 0.6095238095238096 
21 0.5746130030959752 0.6095238095238096 0.5696594427244582 0.6202380952380953 0.5696594427244582 0.6619047619047619 0.5795665634674922 0.7321428571428571 0.5894736842105263 0.7702380952380953 0.5987616099071208 0.7702380952380953 0.5987616099071208 0.6309523809523809 0.5938080495356037 0.6107142857142858 0.5931888544891641 0.6095238095238096 0.5746130030959752 0.6095238095238096 
22 0.5498452012383901 0.6095238095238096 0.544891640866873 0.6190476190476191 0.544891640866873 0.675 0.5547987616099072 0.7511904761904762 0.5597523219814241 0.7785714285714286 0.5647058823529412 0.7976190476190477 0.5659442724458205 0.7988095238095239 0.5739938080495356 0.7988095238095239 0.5739938080495356 0.6190476190476191 0.5690402476780185 0.6107142857142858 0.5678018575851393 0.6095238095238096 0.5498452012383901 0.6095238095238096 
23 0.5287925696594428 0.6095238095238096 0.5256965944272446 0.6107142857142858 0.525077399380805 0.6142857142857143 0.525077399380805 0.7583333333333333 0.5256965944272446 0.7607142857142857 0.5386996904024768 0.7607142857142857 0.5393188854489164 0.7595238095238095 0.5442724458204334 0.7309523809523809 0.5492260061919505 0.6845238095238095 0.5492260061919505 0.6095238095238096 0.5287925696594428 0.6095238095238096 
24 0.525077399380805 0.6 0.5102167182662539 0.6095238095238096 0.5052631578947369 0.6190476190476191 0.5052631578947369 0.6845238095238095 0.5102167182662539 0.7511904761904762 0.5157894736842106 0.7607142857142857 0.5238390092879257 0.7607142857142857 0.5244582043343653 0.7595238095238095 0.5294117647058824 0.7416666666666667 0.5294117647058824 0.6035714285714285 0.5287925696594428 0.6 0.525077399380805 0.6 
25 0.48606811145510836 0.6095238095238096 0.4854489164086687 0.6130952380952381 0.4854489164086687 0.6964285714285714 0.48606811145510836 0.7035714285714286 0.4904024767801858 0.7416666666666667 0.5009287925696595 0.7607142857142857 0.5089783281733746 0.7607142857142857 0.5095975232198142 0.75 0.5145510835913313 0.6166666666666667 0.5145510835913313 0.6107142857142858 0.5139318885448917 0.6095238095238096 0.48606811145510836 0.6095238095238096 
26 0.46687306501547987 0.6095238095238096 0.46563467492260063 0.6107142857142858 0.46563467492260063 0.6738095238095239 0.47058823529411764 0.7309523809523809 0.47554179566563465 0.7535714285714286 0.47678018575851394 0.7571428571428571 0.47987616099071206 0.7607142857142857 0.4885448916408669 0.7607142857142857 0.48978328173374613 0.7595238095238095 0.48978328173374613 0.6095238095238096 0.46687306501547987 0.6095238095238096 
27 0.4458204334365325 0.6 0.44148606811145513 0.6095238095238096 0.4408668730650155 0.6130952380952381 0.4408668730650155 0.7797619047619048 0.45325077399380803 0.7797619047619048 0.4551083591331269 0.7785714285714286 0.460061919504644 0.7583333333333333 0.465015479876161 0.7226190476190476 0.469969040247678 0.675 0.469969040247678 0.6011904761904762 0.4693498452012384 0.6 0.4458204334365325 0.6 
28 0.41609907120743034 0.5904761904761905 0.41114551083591333 0.6 0.41114551083591333 0.7678571428571429 0.41238390092879257 0.7702380952380953 0.4247678018575851 0.7702380952380953 0.43034055727554177 0.7607142857142857 0.43529411764705883 0.75 0.44024767801857584 0.7130952380952381 0.4501547987616099 0.6166666666666667 0.4501547987616099 0.611904761904762 0.44953560371517026 0.6095238095238096 0.4346749226006192 0.5904761904761905 0.41609907120743034 0.5904761904761905 
29 0.3876160990712074 0.5904761904761905 0.3863777089783282 0.5916666666666667 0.3814241486068111 0.6488095238095238 0.37708978328173376 0.7047619047619048 0.3764705882352941 0.7154761904761905 0.3764705882352941 0.7404761904761905 0.38204334365325077 0.7511904761904762 0.3956656346749226 0.7511904761904762 0.4105263157894737 0.675 0.4154798761609907 0.6440476190476191 0.4154798761609907 0.6 0.4105263157894737 0.5904761904761905 0.3876160990712074 0.5904761904761905 
30 0.3541795665634675 0.580952380952381 0.35170278637770896 0.5821428571428572 0.3368421052631579 0.5904761904761905 0.3318885448916409 0.7083333333333334 0.3318885448916409 0.7380952380952381 0.33250773993808047 0.7416666666666667 0.3368421052631579 0.7607142857142857 0.37089783281733746 0.7607142857142857 0.37585139318885447 0.7511904761904762 0.3801857585139319 0.7321428571428571 0.38080495356037153 0.7285714285714285 0.3907120743034056 0.6273809523809524 0.3907120743034056 0.5845238095238096 0.39009287925696595 0.580952380952381 0.3541795665634675 0.580952380952381 
32 0.2873065015479876 0.5428571428571428 0.2773993808049536 0.5535714285714286 0.24272445820433436 0.6095238095238096 0.23281733746130032 0.6285714285714286 0.23281733746130032 0.6547619047619048 0.2476780185758514 0.7035714285714286 0.2712074303405573 0.7035714285714286 0.28173374613003094 0.694047619047619 0.29102167182662536 0.6845238095238095 0.32136222910216716 0.6464285714285715 0.3256965944272446 0.6369047619047619 0.3263157894736842 0.6345238095238095 0.3263157894736842 0.6 0.32136222910216716 0.580952380952381 0.3065015479876161 0.5523809523809524 0.29659442724458207 0.5428571428571428 0.2873065015479876 0.5428571428571428 