2 0.2693498452012384 0.41904761904761906 0.2674922600619195 0.42142857142857143 0.2625386996904025 0.4380952380952381 0.2625386996904025 0.5797619047619048 0.2674922600619195 0.5880952380952381 0.26873065015479874 0.5892857142857143 0.31145510835913315 0.5892857142857143 0.31640866873065016 0.5797619047619048 0.31640866873065016 0.544047619047619 0.3015479876160991 0.4392857142857143 0.2959752321981424 0.42857142857142855 0.27987616099071205 0.41904761904761906 0.2693498452012384 0.41904761904761906 
4 0.356656346749226 0.4 0.35170278637770896 0.42857142857142855 0.34674922600619196 0.49166666666666664 0.34674922600619196 0.5773809523809523 0.3473684210526316 0.5797619047619048 0.3702786377708978 0.5797619047619048 0.3801857585139319 0.5702380952380952 0.38080495356037153 0.569047619047619 0.38080495356037153 0.5047619047619047 0.37585139318885447 0.45 0.37089783281733746 0.41904761904761906 0.36594427244582045 0.4 0.356656346749226 0.4 
5 0.37770897832817335 0.4 0.3764705882352941 0.4011904761904762 0.3764705882352941 0.5880952380952381 0.37708978328173376 0.5892857142857143 0.4055727554179567 0.5892857142857143 0.4105263157894737 0.5797619047619048 0.4105263157894737 0.5059523809523809 0.4055727554179567 0.45714285714285713 0.39504643962848296 0.4095238095238095 0.39009287925696595 0.4 0.37770897832817335 0.4 
6 0.4068111455108359 0.38095238095238093 0.40619195046439627 0.3821428571428571 0.40619195046439627 0.5880952380952381 0.41114551083591333 0.5976190476190476 0.4130030959752322 0.5988095238095238 0.4346749226006192 0.5988095238095238 0.44024767801857584 0.5880952380952381 0.44024767801857584 0.4976190476190476 0.43529411764705883 0.4583333333333333 0.43034055727554177 0.42023809523809524 0.42538699690402476 0.39166666666666666 0.4198142414860681 0.38095238095238093 0.4068111455108359 0.38095238095238093 
7 0.4458204334365325 0.4095238095238095 0.4408668730650155 0.42857142857142855 0.4359133126934985 0.5142857142857142 0.4359133126934985 0.5797619047619048 0.4458204334365325 0.5988095238095238 0.4582043343653251 0.5988095238095238 0.460061919504644 0.5976190476190476 0.4693498452012384 0.5892857142857143 0.469969040247678 0.5880952380952381 0.469969040247678 0.530952380952381 0.465015479876161 0.4583333333333333 0.460061919504644 0.41904761904761906 0.4551083591331269 0.4095238095238095 0.4458204334365325 0.4095238095238095 
8 0.47058823529411764 0.4 0.46563467492260063 0.5345238095238095 0.46563467492260063 0.5988095238095238 0.503405572755418 0.5988095238095238 0.5046439628482973 0.5976190476190476 0.5046439628482973 0.580952380952381 0.49473684210526314 0.42857142857142855 0.4891640866873065 0.4095238095238095 0.4848297213622291 0.4 0.47058823529411764 0.4 
9 0.5213622291021672 0.4095238095238095 0.5201238390092879 0.4107142857142857 0.5102167182662539 0.42857142857142855 0.5052631578947369 0.45714285714285713 0.5003095975232198 0.4976190476190476 0.4953560371517028 0.5428571428571428 0.4953560371517028 0.5797619047619048 0.5009287925696595 0.6083333333333333 0.5343653250773994 0.6083333333333333 0.5343653250773994 0.4107142857142857 0.5331269349845201 0.4095238095238095 0.5213622291021672 0.4095238095238095 
10 0.5523219814241486 0.41904761904761906 0.5498452012383901 0.42023809523809524 0.544891640866873 0.42857142857142855 0.5399380804953561 0.4488095238095238 0.534984520123839 0.47619047619047616 0.530030959752322 0.5333333333333333 0.530030959752322 0.6071428571428571 0.5318885448916408 0.6083333333333333 0.5591331269349845 0.6083333333333333 0.5634674922600619 0.5988095238095238 0.5640866873065016 0.594047619047619 0.5640866873065016 0.41904761904761906 0.5523219814241486 0.41904761904761906 
11 0.5795665634674922 0.3904761904761905 0.5696594427244582 0.4095238095238095 0.5647058823529412 0.4297619047619048 0.5597523219814241 0.4666666666666667 0.5597523219814241 0.5869047619047619 0.5603715170278638 0.5892857142857143 0.5696594427244582 0.6083333333333333 0.5882352941176471 0.6083333333333333 0.5931888544891641 0.5988095238095238 0.5938080495356037 0.5964285714285714 0.5938080495356037 0.39166666666666666 0.5925696594427244 0.3904761904761905 0.5795665634674922 0.3904761904761905 
12 0.604953560371517 0.41904761904761906 0.5993808049535604 0.42857142857142855 0.5944272445820433 0.4488095238095238 0.5894736842105263 0.4976190476190476 0.5894736842105263 0.5797619047619048 0.5944272445820433 0.5964285714285714 0.5956656346749226 0.5988095238095238 0.6229102167182663 0.5988095238095238 0.6235294117647059 0.5976190476190476 0.6235294117647059 0.5452380952380952 0.6185758513931888 0.4238095238095238 0.6179566563467492 0.41904761904761906 0.604953560371517 0.41904761904761906 
13 0.6346749226006192 0.41904761904761906 0.6297213622291021 0.42857142857142855 0.6291021671826625 0.430952380952381 0.6142414860681115 0.525 0.6142414860681115 0.5488095238095239 0.6191950464396285 0.5892857142857143 0.6297213622291021 0.6083333333333333 0.648297213622291 0.6083333333333333 0.653250773993808 0.5892857142857143 0.653250773993808 0.4297619047619048 0.6476780185758514 0.41904761904761906 0.6346749226006192 0.41904761904761906 
14 0.6693498452012384 0.4095238095238095 0.6637770897832818 0.41904761904761906 0.6538699690402476 0.45714285714285713 0.6489164086687307 0.5047619047619047 0.6489164086687307 0.5952380952380952 0.6495356037151703 0.5988095238095238 0.6544891640866873 0.6059523809523809 0.6563467492260062 0.6083333333333333 0.6873065015479877 0.6083333333333333 0.6928792569659443 0.5976190476190476 0.6928792569659443 0.4380952380952381 0.6922600619195046 0.42857142857142855 0.6829721362229102 0.4107142857142857 0.6804953560371517 0.4095238095238095 0.6693498452012384 0.4095238095238095 
15 0.713312693498452 0.41904761904761906 0.7034055727554179 0.4380952380952381 0.698452012383901 0.45714285714285713 0.6934984520123839 0.4857142857142857 0.6885448916408669 0.5345238095238095 0.6885448916408669 0.5892857142857143 0.6934984520123839 0.5976190476190476 0.6947368421052632 0.5988095238095238 0.730030959752322 0.5988095238095238 0.7325077399380805 0.5976190476190476 0.7374613003095976 0.5880952380952381 0.7417956656346749 0.5702380952380952 0.7424148606811145 0.5630952380952381 0.7424148606811145 0.5476190476190477 0.7374613003095976 0.45714285714285713 0.7325077399380805 0.430952380952381 0.7318885448916409 0.42857142857142855 0.7269349845201238 0.41904761904761906 0.713312693498452 0.41904761904761906 
20 0.5795665634674922 0.6095238095238096 0.5795665634674922 0.655952380952381 0.590092879256966 0.7035714285714286 0.5944272445820433 0.7226190476190476 0.5993808049535604 0.7416666666666667 0.6092879256965944 0.7678571428571429 0.6099071207430341 0.7690476190476191 0.6111455108359133 0.7702380952380953 0.6235294117647059 0.7702380952380953 0.6235294117647059 0.7273809523809524 0.6185758513931888 0.669047619047619 0.6136222910216719 0.6190476190476191 0.6080495356037152 0.6095238095238096 0.5795665634674922 0.6095238095238096 
21 0.5523219814241486 0.6095238095238096 0.5498452012383901 0.6190476190476191 0.5498452012383901 0.6642857142857143 0.5547987616099072 0.694047619047619 0.5696594427244582 0.7511904761904762 0.5746130030959752 0.7690476190476191 0.5795665634674922 0.7797619047619048 0.5876160990712074 0.7797619047619048 0.5888544891640867 0.7773809523809524 0.5888544891640867 0.6476190476190476 0.5839009287925696 0.6095238095238096 0.5523219814241486 0.6095238095238096 
22 0.5312693498452012 0.6095238095238096 0.530030959752322 0.6107142857142858 0.525077399380805 0.6202380952380953 0.525077399380805 0.6738095238095239 0.530030959752322 0.7404761904761905 0.534984520123839 0.7690476190476191 0.5405572755417957 0.7892857142857143 0.544891640866873 0.7988095238095239 0.5535603715170279 0.7988095238095239 0.5541795665634675 0.794047619047619 0.5591331269349845 0.7345238095238096 0.5591331269349845 0.6630952380952381 0.5541795665634675 0.6095238095238096 0.5312693498452012 0.6095238095238096 
23 0.5052631578947369 0.6095238095238096 0.5052631578947369 0.6738095238095239 0.5102167182662539 0.7595238095238095 0.5108359133126935 0.7607142857142857 0.5244582043343653 0.7607142857142857 0.5294117647058824 0.7035714285714286 0.5294117647058824 0.6095238095238096 0.5052631578947369 0.6095238095238096 
24 0.4854489164086687 0.6095238095238096 0.4854489164086687 0.655952380952381 0.4904024767801858 0.7119047619047619 0.4953560371517028 0.7607142857142857 0.5095975232198142 0.7607142857142857 0.5095975232198142 0.611904761904762 0.5089783281733746 0.6095238095238096 0.4854489164086687 0.6095238095238096 
25 0.47058823529411764 0.6095238095238096 0.47058823529411764 0.6928571428571428 0.4804953560371517 0.7607142857142857 0.48978328173374613 0.7607142857142857 0.49473684210526314 0.7321428571428571 0.49473684210526314 0.65 0.48978328173374613 0.611904761904762 0.4891640866873065 0.6095238095238096 0.47058823529411764 0.6095238095238096 
26 0.45077399380804956 0.6095238095238096 0.45077399380804956 0.6261904761904762 0.45572755417956656 0.7404761904761905 0.46068111455108357 0.7511904761904762 0.4743034055727554 0.7511904761904762 0.47987616099071206 0.7321428571428571 0.47987616099071206 0.6869047619047619 0.47492260061919506 0.6095238095238096 0.45077399380804956 0.6095238095238096 
27 0.4309597523219814 0.6 0.4260061919504644 0.6107142857142858 0.42105263157894735 0.7619047619047619 0.42105263157894735 0.7785714285714286 0.4260061919504644 0.7892857142857143 0.44024767801857584 0.7892857142857143 0.4452012383900929 0.7702380952380953 0.4501547987616099 0.75 0.4551083591331269 0.719047619047619 0.460061919504644 0.6630952380952381 0.460061919504644 0.6142857142857143 0.45944272445820433 0.6095238095238096 0.4544891640866873 0.6 0.4309597523219814 0.6 
28 0.4117647058823529 0.6 0.4018575851393189 0.6095238095238096 0.40123839009287926 0.6107142857142858 0.39628482972136225 0.7238095238095238 0.39628482972136225 0.7595238095238095 0.4018575851393189 0.7702380952380953 0.40804953560371515 0.7702380952380953 0.40990712074303404 0.7690476190476191 0.42043343653250775 0.7511904761904762 0.42538699690402476 0.7309523809523809 0.43529411764705883 0.6166666666666667 0.43529411764705883 0.6095238095238096 0.43034055727554177 0.6 0.4117647058823529 0.6 
29 0.3764705882352941 0.6 0.3715170278637771 0.6095238095238096 0.36656346749226004 0.6666666666666666 0.36160990712074303 0.736904761904762 0.36160990712074303 0.7595238095238095 0.36656346749226004 0.7702380952380953 0.37275541795665634 0.7702380952380953 0.3746130030959752 0.7690476190476191 0.37585139318885447 0.7678571428571429 0.38080495356037153 0.7607142857142857 0.38575851393188854 0.7488095238095238 0.4055727554179567 0.6535714285714286 0.4105263157894737 0.6178571428571429 0.4105263157894737 0.6095238095238096 0.4055727554179567 0.6 0.3764705882352941 0.6 
30 0.3572755417956656 0.580952380952381 0.33250773993808047 0.5904761904761905 0.3269349845201238 0.6 0.31207430340557274 0.6761904761904762 0.31207430340557274 0.7321428571428571 0.33746130030959753 0.7511904761904762 0.3498452012383901 0.7511904761904762 0.3510835913312694 0.75 0.3603715170278638 0.7321428571428571 0.36594427244582045 0.7130952380952381 0.37089783281733746 0.694047619047619 0.38080495356037153 0.6178571428571429 0.38080495356037153 0.5916666666666667 0.37089783281733746 0.580952380952381 0.3572755417956656 0.580952380952381 