2 0.3195046439628483 0.4380952380952381 0.3126934984520124 0.44761904761904764 0.30712074303405573 0.45714285714285713 0.3027863777089783 0.4666666666666667 0.29721362229102166 0.49523809523809526 0.29721362229102166 0.530952380952381 0.30712074303405573 0.5511904761904762 0.31207430340557274 0.5607142857142857 0.3411764705882353 0.5607142857142857 0.3461300309597523 0.5511904761904762 0.3504643962848297 0.5416666666666666 0.3560371517027864 0.5119047619047619 0.3560371517027864 0.4666666666666667 0.33560371517027865 0.4392857142857143 0.33436532507739936 0.4380952380952381 0.3195046439628483 0.4380952380952381 
3 0.35294117647058826 0.49523809523809526 0.35170278637770896 0.49642857142857144 0.34674922600619196 0.5154761904761904 0.34179566563467495 0.5904761904761905 0.34179566563467495 0.6452380952380953 0.34674922600619196 0.655952380952381 0.36656346749226004 0.6642857142857143 0.3814241486068111 0.6654761904761904 0.39504643962848296 0.6654761904761904 0.40495356037151703 0.6464285714285715 0.4055727554179567 0.6440476190476191 0.4055727554179567 0.6 0.3956656346749226 0.5619047619047619 0.3609907120743034 0.49523809523809526 0.35294117647058826 0.49523809523809526 
4 0.3863777089783282 0.45714285714285713 0.3764705882352941 0.4785714285714286 0.3764705882352941 0.55 0.3814241486068111 0.5607142857142857 0.38699690402476783 0.5702380952380952 0.4043343653250774 0.5702380952380952 0.4055727554179567 0.569047619047619 0.4154798761609907 0.5511904761904762 0.4154798761609907 0.5047619047619047 0.40990712074303404 0.47619047619047616 0.4055727554179567 0.4666666666666667 0.4 0.45714285714285713 0.3863777089783282 0.45714285714285713 
5 0.40619195046439627 0.4666666666666667 0.40619195046439627 0.5119047619047619 0.41114551083591333 0.5702380952380952 0.42105263157894735 0.5785714285714286 0.4235294117647059 0.5797619047619048 0.43034055727554177 0.5797619047619048 0.44458204334365325 0.5702380952380952 0.4452012383900929 0.569047619047619 0.4452012383900929 0.5154761904761904 0.44024767801857584 0.48928571428571427 0.43529411764705883 0.4773809523809524 0.4297213622291022 0.4666666666666667 0.40619195046439627 0.4666666666666667 
6 0.4260061919504644 0.3619047619047619 0.42105263157894735 0.3738095238095238 0.41609907120743034 0.39166666666666666 0.41609907120743034 0.41785714285714287 0.42105263157894735 0.4726190476190476 0.421671826625387 0.475 0.4359133126934985 0.513095238095238 0.4538699690402477 0.513095238095238 0.4551083591331269 0.5119047619047619 0.460061919504644 0.5035714285714286 0.460061919504644 0.42857142857142855 0.4551083591331269 0.4011904761904762 0.4501547987616099 0.3821428571428571 0.43962848297213625 0.3619047619047619 0.4260061919504644 0.3619047619047619 
7 0.4613003095975232 0.4095238095238095 0.46068111455108357 0.4107142857142857 0.45572755417956656 0.44166666666666665 0.45077399380804956 0.4988095238095238 0.45077399380804956 0.5416666666666666 0.46068111455108357 0.5785714285714286 0.47058823529411764 0.5892857142857143 0.4848297213622291 0.5892857142857143 0.48978328173374613 0.5416666666666666 0.48978328173374613 0.43214285714285716 0.4891640866873065 0.42857142857142855 0.4848297213622291 0.4107142857142857 0.4842105263157895 0.4095238095238095 0.4613003095975232 0.4095238095238095 
8 0.49597523219814244 0.4380952380952381 0.4904024767801858 0.45714285714285713 0.4854489164086687 0.49642857142857144 0.4804953560371517 0.5523809523809524 0.4804953560371517 0.6440476190476191 0.48111455108359136 0.6464285714285715 0.48606811145510836 0.655952380952381 0.5095975232198142 0.655952380952381 0.5145510835913313 0.6452380952380953 0.5195046439628483 0.5988095238095238 0.5195046439628483 0.47619047619047616 0.5145510835913313 0.4511904761904762 0.5095975232198142 0.44047619047619047 0.5077399380804953 0.4380952380952381 0.49597523219814244 0.4380952380952381 
9 0.5306501547987617 0.41904761904761906 0.530030959752322 0.42023809523809524 0.525077399380805 0.4583333333333333 0.5201238390092879 0.5178571428571429 0.5201238390092879 0.6166666666666667 0.525077399380805 0.6440476190476191 0.5256965944272446 0.6464285714285715 0.5442724458204334 0.6464285714285715 0.5541795665634675 0.6273809523809524 0.5591331269349845 0.6154761904761905 0.5591331269349845 0.4857142857142857 0.5541795665634675 0.4488095238095238 0.5486068111455108 0.42857142857142855 0.5436532507739938 0.41904761904761906 0.5306501547987617 0.41904761904761906 
10 0.5696594427244582 0.4380952380952381 0.5647058823529412 0.4488095238095238 0.5547987616099072 0.4857142857142857 0.5547987616099072 0.5678571428571428 0.5554179566563467 0.5702380952380952 0.58328173374613 0.5702380952380952 0.5882352941176471 0.5607142857142857 0.5888544891640867 0.5583333333333333 0.5888544891640867 0.4666666666666667 0.5839009287925696 0.44761904761904764 0.578328173374613 0.4380952380952381 0.5696594427244582 0.4380952380952381 
11 0.590092879256966 0.37142857142857144 0.5845201238390093 0.38095238095238093 0.5746130030959752 0.41904761904761906 0.5746130030959752 0.45595238095238094 0.5845201238390093 0.5202380952380953 0.5851393188854489 0.5226190476190476 0.5987616099071208 0.5226190476190476 0.6037151702786377 0.513095238095238 0.6086687306501548 0.4928571428571429 0.6136222910216719 0.4654761904761905 0.6136222910216719 0.4095238095238095 0.6037151702786377 0.3821428571428571 0.5987616099071208 0.37142857142857144 0.590092879256966 0.37142857142857144 
12 0.6142414860681115 0.44761904761904764 0.6043343653250774 0.4666666666666667 0.5944272445820433 0.5047619047619047 0.5944272445820433 0.5404761904761904 0.5993808049535604 0.5511904761904762 0.6179566563467492 0.5511904761904762 0.628482972136223 0.5321428571428571 0.628482972136223 0.4595238095238095 0.6278637770897832 0.45714285714285713 0.6185758513931888 0.44761904761904764 0.6142414860681115 0.44761904761904764 
13 0.6340557275541796 0.44761904761904764 0.6291021671826625 0.4583333333333333 0.6241486068111455 0.47619047619047616 0.6241486068111455 0.5392857142857143 0.6247678018575852 0.5416666666666666 0.653250773993808 0.5416666666666666 0.653250773993808 0.4666666666666667 0.648297213622291 0.4511904761904762 0.6427244582043343 0.44761904761904764 0.6340557275541796 0.44761904761904764 
14 0.6495356037151703 0.4857142857142857 0.6489164086687307 0.4880952380952381 0.6439628482972136 0.5333333333333333 0.6439628482972136 0.6464285714285715 0.6489164086687307 0.655952380952381 0.6538699690402476 0.6642857142857143 0.6582043343653251 0.6654761904761904 0.660061919504644 0.6654761904761904 0.6631578947368421 0.6642857142857143 0.6829721362229102 0.655952380952381 0.6879256965944273 0.6464285714285715 0.6922600619195046 0.6369047619047619 0.6928792569659443 0.6345238095238095 0.6928792569659443 0.6 0.6823529411764706 0.5047619047619047 0.6780185758513931 0.49523809523809526 0.6625386996904025 0.4857142857142857 0.6495356037151703 0.4857142857142857 
15 0.7040247678018576 0.4380952380952381 0.6736842105263158 0.47619047619047616 0.6736842105263158 0.49404761904761907 0.6786377708978328 0.5297619047619048 0.6835913312693499 0.5416666666666666 0.6891640866873066 0.5511904761904762 0.7077399380804954 0.5511904761904762 0.7219814241486068 0.5321428571428571 0.7275541795665634 0.513095238095238 0.7275541795665634 0.4880952380952381 0.7226006191950465 0.4666666666666667 0.7170278637770898 0.44761904761904764 0.7114551083591332 0.4380952380952381 0.7040247678018576 0.4380952380952381 
18 0.7139318885448916 0.6857142857142857 0.6990712074303406 0.6952380952380952 0.6934984520123839 0.7047619047619048 0.6934984520123839 0.7595238095238095 0.6990712074303406 0.7797619047619048 0.7034055727554179 0.7892857142857143 0.7318885448916409 0.7892857142857143 0.7374613003095976 0.7797619047619048 0.7473684210526316 0.7595238095238095 0.7473684210526316 0.7166666666666667 0.7417956656346749 0.6952380952380952 0.7374613003095976 0.6857142857142857 0.7139318885448916 0.6857142857142857 
19 0.6588235294117647 0.6476190476190476 0.6414860681114551 0.6571428571428571 0.6396284829721363 0.6583333333333333 0.6346749226006192 0.6666666666666666 0.6340557275541796 0.669047619047619 0.6340557275541796 0.7297619047619047 0.6489164086687307 0.805952380952381 0.6495356037151703 0.8083333333333333 0.6588235294117647 0.8357142857142857 0.660061919504644 0.8369047619047619 0.6730650154798762 0.8369047619047619 0.6972136222910217 0.8178571428571428 0.6978328173374613 0.8154761904761905 0.6978328173374613 0.7523809523809524 0.6879256965944273 0.6666666666666666 0.6780185758513931 0.6476190476190476 0.6588235294117647 0.6476190476190476 
20 0.6241486068111455 0.7904761904761904 0.6191950464396285 0.8095238095238095 0.6191950464396285 0.8428571428571429 0.6198142414860681 0.8464285714285714 0.6247678018575852 0.8654761904761905 0.6297213622291021 0.875 0.6464396284829721 0.875 0.648297213622291 0.8738095238095238 0.653250773993808 0.8642857142857143 0.653250773993808 0.8297619047619048 0.648297213622291 0.8011904761904762 0.6427244582043343 0.7904761904761904 0.6241486068111455 0.7904761904761904 
21 0.6006191950464397 0.7714285714285715 0.5993808049535604 0.7726190476190476 0.5894736842105263 0.7916666666666666 0.5894736842105263 0.8369047619047619 0.5944272445820433 0.8654761904761905 0.6006191950464397 0.875 0.6136222910216719 0.875 0.6185758513931888 0.8630952380952381 0.6185758513931888 0.7821428571428571 0.6130030959752322 0.7714285714285715 0.6006191950464397 0.7714285714285715 
22 0.5708978328173374 0.8095238095238095 0.5647058823529412 0.819047619047619 0.5647058823529412 0.8845238095238095 0.5696594427244582 0.9130952380952381 0.5746130030959752 0.930952380952381 0.5752321981424149 0.9321428571428572 0.5938080495356037 0.9321428571428572 0.5987616099071208 0.9226190476190477 0.5987616099071208 0.8380952380952381 0.5839009287925696 0.8095238095238095 0.5708978328173374 0.8095238095238095 
23 0.544891640866873 0.7142857142857143 0.5399380804953561 0.7238095238095238 0.5399380804953561 0.8154761904761905 0.544891640866873 0.8630952380952381 0.5498452012383901 0.875 0.5690402476780185 0.875 0.5690402476780185 0.7142857142857143 0.544891640866873 0.7142857142857143 
24 0.5226006191950464 0.6571428571428571 0.5201238390092879 0.6583333333333333 0.5201238390092879 0.6928571428571428 0.525077399380805 0.7797619047619048 0.534984520123839 0.8166666666666667 0.5356037151702786 0.8178571428571428 0.5436532507739938 0.8178571428571428 0.5442724458204334 0.8142857142857143 0.5442724458204334 0.6666666666666666 0.5386996904024768 0.6571428571428571 0.5226006191950464 0.6571428571428571 
25 0.5003095975232198 0.6571428571428571 0.5003095975232198 0.7130952380952381 0.5157894736842106 0.7988095238095239 0.5201238390092879 0.8083333333333333 0.5337461300309597 0.8083333333333333 0.5343653250773994 0.8011904761904762 0.5343653250773994 0.775 0.5294117647058824 0.6880952380952381 0.5244582043343653 0.6571428571428571 0.5003095975232198 0.6571428571428571 
26 0.49226006191950467 0.7142857142857143 0.48606811145510836 0.7238095238095238 0.4854489164086687 0.7285714285714285 0.4854489164086687 0.7642857142857142 0.4904024767801858 0.8273809523809523 0.5003095975232198 0.8654761904761905 0.5058823529411764 0.875 0.5139318885448917 0.875 0.5145510835913313 0.8726190476190476 0.5145510835913313 0.736904761904762 0.5139318885448917 0.7333333333333333 0.5095975232198142 0.7154761904761905 0.508359133126935 0.7142857142857143 0.49226006191950467 0.7142857142857143 
27 0.47678018575851394 0.819047619047619 0.47058823529411764 0.8297619047619048 0.47058823529411764 0.9380952380952381 0.4712074303405573 0.9404761904761905 0.47554179566563465 0.95 0.47678018575851394 0.9511904761904761 0.49907120743034056 0.9511904761904761 0.5046439628482973 0.9416666666666667 0.5095975232198142 0.930952380952381 0.5095975232198142 0.8785714285714286 0.5046439628482973 0.8571428571428571 0.4996904024767802 0.8392857142857143 0.4891640866873065 0.819047619047619 0.47678018575851394 0.819047619047619 
28 0.4520123839009288 0.780952380952381 0.4458204334365325 0.7904761904761904 0.4408668730650155 0.8 0.4408668730650155 0.8726190476190476 0.44148606811145513 0.875 0.44643962848297214 0.8845238095238095 0.469969040247678 0.8845238095238095 0.47492260061919506 0.8726190476190476 0.4848297213622291 0.8261904761904761 0.4848297213622291 0.8095238095238095 0.47987616099071206 0.8 0.46253869969040246 0.780952380952381 0.4520123839009288 0.780952380952381 
29 0.4086687306501548 0.8 0.40619195046439627 0.8011904761904762 0.39628482972136225 0.8095238095238095 0.39628482972136225 0.8535714285714285 0.39690402476780184 0.8559523809523809 0.4068111455108359 0.8821428571428571 0.4117647058823529 0.8940476190476191 0.44024767801857584 0.8940476190476191 0.4452012383900929 0.8833333333333333 0.4452012383900929 0.819047619047619 0.43962848297213625 0.8095238095238095 0.43034055727554177 0.8 0.4086687306501548 0.8 
30 0.3671826625386997 0.6666666666666666 0.36160990712074303 0.6761904761904762 0.356656346749226 0.6869047619047619 0.3523219814241486 0.7047619047619048 0.3368421052631579 0.7904761904761904 0.3368421052631579 0.8369047619047619 0.3671826625386997 0.8559523809523809 0.38823529411764707 0.8559523809523809 0.3894736842105263 0.8547619047619047 0.3907120743034056 0.8523809523809524 0.3956656346749226 0.8357142857142857 0.4055727554179567 0.7964285714285714 0.4154798761609907 0.7488095238095238 0.4154798761609907 0.6761904761904762 0.39628482972136225 0.6666666666666666 0.3671826625386997 0.6666666666666666 
31 0.3027863777089783 0.7238095238095238 0.29226006191950465 0.7333333333333333 0.2873065015479876 0.7440476190476191 0.2873065015479876 0.7988095238095239 0.30712074303405573 0.8369047619047619 0.3306501547987616 0.8369047619047619 0.33869969040247677 0.8273809523809523 0.34055727554179566 0.825 0.3411764705882353 0.8226190476190476 0.3461300309597523 0.7988095238095239 0.3461300309597523 0.7535714285714286 0.3411764705882353 0.7428571428571429 0.32074303405572757 0.7238095238095238 0.3027863777089783 0.7238095238095238 
A 0.40743034055727556 0.5523809523809524 0.3913312693498452 0.5619047619047619 0.3913312693498452 0.6642857142857143 0.39195046439628484 0.6654761904761904 0.39628482972136225 0.6714285714285714 0.4024767801857585 0.675 0.4148606811145511 0.675 0.4297213622291022 0.6654761904761904 0.43529411764705883 0.655952380952381 0.43529411764705883 0.6 0.42538699690402476 0.5726190476190476 0.4154798761609907 0.5523809523809524 0.40743034055727556 0.5523809523809524 
B 0.41609907120743034 0.5619047619047619 0.41609907120743034 0.5785714285714286 0.4260061919504644 0.6726190476190477 0.426625386996904 0.675 0.44024767801857584 0.675 0.4501547987616099 0.6654761904761904 0.4544891640866873 0.655952380952381 0.4551083591331269 0.6535714285714286 0.4551083591331269 0.6190476190476191 0.4452012383900929 0.580952380952381 0.43962848297213625 0.5619047619047619 0.41609907120743034 0.5619047619047619 
C 0.4371517027863777 0.5047619047619047 0.4359133126934985 0.5071428571428571 0.4359133126934985 0.5869047619047619 0.45077399380804956 0.6630952380952381 0.45139318885448915 0.6654761904761904 0.4693498452012384 0.6654761904761904 0.469969040247678 0.6630952380952381 0.469969040247678 0.5773809523809523 0.465015479876161 0.5535714285714286 0.460061919504644 0.5333333333333333 0.4551083591331269 0.5142857142857142 0.4501547987616099 0.5047619047619047 0.4371517027863777 0.5047619047619047 
D 0.4662538699690402 0.5714285714285714 0.46563467492260063 0.5726190476190476 0.46563467492260063 0.6654761904761904 0.4885448916408669 0.6654761904761904 0.48978328173374613 0.6642857142857143 0.48978328173374613 0.6404761904761904 0.4848297213622291 0.580952380952381 0.47492260061919506 0.5726190476190476 0.4724458204334365 0.5714285714285714 0.4662538699690402 0.5714285714285714 
G 0.5547987616099072 0.5619047619047619 0.5498452012383901 0.611904761904762 0.5498452012383901 0.6369047619047619 0.5789473684210527 0.6369047619047619 0.5789473684210527 0.5619047619047619 0.5547987616099072 0.5619047619047619 
H 0.5975232198142415 0.5047619047619047 0.5845201238390093 0.5154761904761904 0.5746130030959752 0.5619047619047619 0.5746130030959752 0.6464285714285715 0.5801857585139318 0.655952380952381 0.5969040247678019 0.655952380952381 0.5981424148606811 0.6547619047619048 0.5987616099071208 0.6523809523809524 0.5987616099071208 0.5047619047619047 0.5975232198142415 0.5047619047619047 
I 0.5944272445820433 0.5523809523809524 0.5944272445820433 0.6523809523809524 0.595046439628483 0.655952380952381 0.6179566563467492 0.655952380952381 0.6185758513931888 0.6535714285714286 0.6235294117647059 0.6166666666666667 0.6235294117647059 0.5619047619047619 0.6185758513931888 0.5535714285714286 0.614860681114551 0.5523809523809524 0.5944272445820433 0.5523809523809524 
J 0.6445820433436532 0.5333333333333333 0.6241486068111455 0.5428571428571428 0.6191950464396285 0.5535714285714286 0.6142414860681115 0.6095238095238096 0.6142414860681115 0.655952380952381 0.6427244582043343 0.655952380952381 0.648297213622291 0.6452380952380953 0.653250773993808 0.5869047619047619 0.653250773993808 0.5630952380952381 0.648297213622291 0.5345238095238095 0.6476780185758514 0.5333333333333333 0.6445820433436532 0.5333333333333333 
K 0.6043343653250774 0.6571428571428571 0.6043343653250774 0.7023809523809523 0.6092879256965944 0.7869047619047619 0.6099071207430341 0.7892857142857143 0.614860681114551 0.7988095238095239 0.653250773993808 0.7988095238095239 0.653250773993808 0.763095238095238 0.638390092879257 0.6595238095238095 0.6377708978328174 0.6583333333333333 0.6365325077399381 0.6571428571428571 0.6043343653250774 0.6571428571428571 
L 0.5795665634674922 0.6571428571428571 0.5795665634674922 0.7785714285714286 0.5801857585139318 0.7797619047619048 0.5981424148606811 0.7797619047619048 0.6130030959752322 0.7702380952380953 0.6136222910216719 0.7690476190476191 0.6136222910216719 0.6988095238095238 0.6086687306501548 0.6666666666666666 0.6037151702786377 0.6571428571428571 0.5795665634674922 0.6571428571428571 
M 0.561609907120743 0.6571428571428571 0.5597523219814241 0.6595238095238095 0.5597523219814241 0.6928571428571428 0.5647058823529412 0.7892857142857143 0.5696594427244582 0.8178571428571428 0.578328173374613 0.8178571428571428 0.5839009287925696 0.8071428571428572 0.5839009287925696 0.6595238095238095 0.58328173374613 0.6571428571428571 0.561609907120743 0.6571428571428571 
N 0.5399380804953561 0.6571428571428571 0.5399380804953561 0.7130952380952381 0.544891640866873 0.7214285714285714 0.5461300309597523 0.7226190476190476 0.5690402476780185 0.7226190476190476 0.5690402476780185 0.7047619047619048 0.5640866873065016 0.6761904761904762 0.5535603715170279 0.6571428571428571 0.5399380804953561 0.6571428571428571 
R 0.46563467492260063 0.6666666666666666 0.46068111455108357 0.6880952380952381 0.46068111455108357 0.7297619047619047 0.46563467492260063 0.7702380952380953 0.47554179566563465 0.8178571428571428 0.4848297213622291 0.8178571428571428 0.48978328173374613 0.8083333333333333 0.48978328173374613 0.6964285714285714 0.4848297213622291 0.6857142857142857 0.47987616099071206 0.6761904761904762 0.4743034055727554 0.6666666666666666 0.46563467492260063 0.6666666666666666 
S 0.4408668730650155 0.6761904761904762 0.4408668730650155 0.7797619047619048 0.4458204334365325 0.7892857142857143 0.4681114551083591 0.7892857142857143 0.4693498452012384 0.7880952380952381 0.469969040247678 0.7869047619047619 0.469969040247678 0.6761904761904762 0.4408668730650155 0.6761904761904762 
T 0.40123839009287926 0.6761904761904762 0.39628482972136225 0.7916666666666666 0.39628482972136225 0.7976190476190477 0.4018575851393189 0.8083333333333333 0.44272445820433437 0.8083333333333333 0.44458204334365325 0.8071428571428572 0.4501547987616099 0.7988095238095239 0.4501547987616099 0.6773809523809524 0.44953560371517026 0.6761904761904762 0.40123839009287926 0.6761904761904762 