3 0.3170278637770898 0.3238095238095238 0.3021671826625387 0.3333333333333333 0.3021671826625387 0.36666666666666664 0.31207430340557274 0.5035714285714286 0.33622291021671824 0.5226190476190476 0.3603715170278638 0.5226190476190476 0.3609907120743034 0.5190476190476191 0.3609907120743034 0.4607142857142857 0.3510835913312694 0.3738095238095238 0.3461300309597523 0.3535714285714286 0.3411764705882353 0.3345238095238095 0.33622291021671824 0.3238095238095238 0.3170278637770898 0.3238095238095238 
4 0.3622291021671827 0.42857142857142855 0.356656346749226 0.4392857142857143 0.356656346749226 0.5226190476190476 0.3801857585139319 0.5226190476190476 0.38575851393188854 0.513095238095238 0.38575851393188854 0.4392857142857143 0.3801857585139319 0.42857142857142855 0.3622291021671827 0.42857142857142855 
5 0.3863777089783282 0.4380952380952381 0.38204334365325077 0.44761904761904764 0.3814241486068111 0.45476190476190476 0.3814241486068111 0.5226190476190476 0.3863777089783282 0.5321428571428571 0.40495356037151703 0.5321428571428571 0.4105263157894737 0.5226190476190476 0.4105263157894737 0.4583333333333333 0.4055727554179567 0.4380952380952381 0.3863777089783282 0.4380952380952381 
6 0.41114551083591333 0.2857142857142857 0.40619195046439627 0.3273809523809524 0.40619195046439627 0.5392857142857143 0.4068111455108359 0.5416666666666666 0.41114551083591333 0.5511904761904762 0.41609907120743034 0.5607142857142857 0.43034055727554177 0.5607142857142857 0.44024767801857584 0.55 0.44024767801857584 0.4583333333333333 0.43529411764705883 0.3619047619047619 0.43034055727554177 0.31547619047619047 0.42538699690402476 0.28809523809523807 0.4247678018575851 0.2857142857142857 0.41114551083591333 0.2857142857142857 
7 0.45139318885448915 0.3619047619047619 0.4458204334365325 0.37142857142857144 0.4408668730650155 0.4011904761904762 0.4359133126934985 0.46190476190476193 0.4359133126934985 0.5511904761904762 0.46439628482972134 0.5511904761904762 0.465015479876161 0.5464285714285714 0.465015479876161 0.37142857142857144 0.460061919504644 0.3619047619047619 0.45139318885448915 0.3619047619047619 
8 0.47058823529411764 0.3619047619047619 0.46563467492260063 0.38333333333333336 0.46068111455108357 0.4666666666666667 0.46068111455108357 0.5607142857142857 0.47987616099071206 0.5607142857142857 0.4848297213622291 0.5571428571428572 0.48978328173374613 0.5511904761904762 0.48978328173374613 0.4297619047619048 0.4848297213622291 0.36428571428571427 0.4842105263157895 0.3630952380952381 0.48297213622291024 0.3619047619047619 0.47058823529411764 0.3619047619047619 
9 0.4953560371517028 0.3619047619047619 0.4904024767801858 0.4095238095238095 0.4854489164086687 0.4976190476190476 0.4854489164086687 0.55 0.48606811145510836 0.5511904761904762 0.5188854489164086 0.5511904761904762 0.5195046439628483 0.55 0.5195046439628483 0.4869047619047619 0.5145510835913313 0.37142857142857144 0.5095975232198142 0.3630952380952381 0.5065015479876162 0.3619047619047619 0.4953560371517028 0.3619047619047619 
10 0.5207430340557275 0.3619047619047619 0.5201238390092879 0.3630952380952381 0.5151702786377709 0.38095238095238093 0.5151702786377709 0.5416666666666666 0.5201238390092879 0.5511904761904762 0.5436532507739938 0.5511904761904762 0.5492260061919505 0.5416666666666666 0.5492260061919505 0.5238095238095238 0.5442724458204334 0.44761904761904764 0.5393188854489164 0.38452380952380955 0.5343653250773994 0.3630952380952381 0.5337461300309597 0.3619047619047619 0.5207430340557275 0.3619047619047619 
11 0.5603715170278638 0.29523809523809524 0.5547987616099072 0.3047619047619048 0.544891640866873 0.36547619047619045 0.5399380804953561 0.42857142857142855 0.5399380804953561 0.5321428571428571 0.544891640866873 0.5511904761904762 0.5498452012383901 0.5607142857142857 0.5690402476780185 0.5607142857142857 0.5739938080495356 0.5511904761904762 0.5739938080495356 0.47619047619047616 0.5690402476780185 0.29523809523809524 0.5603715170278638 0.29523809523809524 
12 0.5653250773993808 0.44761904761904764 0.5647058823529412 0.4523809523809524 0.5647058823529412 0.48214285714285715 0.5696594427244582 0.5285714285714286 0.5702786377708978 0.5321428571428571 0.5752321981424149 0.5416666666666666 0.5876160990712074 0.5416666666666666 0.5888544891640867 0.5404761904761904 0.5931888544891641 0.5321428571428571 0.5987616099071208 0.513095238095238 0.5987616099071208 0.49642857142857144 0.5938080495356037 0.44761904761904764 0.5653250773993808 0.44761904761904764 
13 0.590092879256966 0.44761904761904764 0.5894736842105263 0.4488095238095238 0.5894736842105263 0.5238095238095238 0.590092879256966 0.5321428571428571 0.5944272445820433 0.5416666666666666 0.6080495356037152 0.5416666666666666 0.6136222910216719 0.530952380952381 0.6136222910216719 0.45714285714285713 0.6086687306501548 0.44761904761904764 0.590092879256966 0.44761904761904764 
14 0.6191950464396285 0.3333333333333333 0.6043343653250774 0.41904761904761906 0.6043343653250774 0.4654761904761905 0.6092879256965944 0.5297619047619048 0.6099071207430341 0.5321428571428571 0.614860681114551 0.5416666666666666 0.6507739938080496 0.5416666666666666 0.653250773993808 0.5404761904761904 0.6582043343653251 0.5226190476190476 0.6681114551083591 0.4083333333333333 0.6681114551083591 0.3726190476190476 0.6674922600619195 0.37142857142857144 0.6334365325077399 0.3333333333333333 0.6191950464396285 0.3333333333333333 
16 0.6786377708978328 0.24761904761904763 0.6687306501547987 0.26666666666666666 0.6637770897832818 0.2869047619047619 0.6544891640866873 0.3333333333333333 0.6538699690402476 0.3392857142857143 0.6538699690402476 0.375 0.6544891640866873 0.37857142857142856 0.6637770897832818 0.39880952380952384 0.6749226006191951 0.4166666666666667 0.6761609907120743 0.41785714285714287 0.6879256965944273 0.41785714285714287 0.7027863777089783 0.4083333333333333 0.7077399380804954 0.39880952380952384 0.7126934984520124 0.37976190476190474 0.7269349845201238 0.29404761904761906 0.7275541795665634 0.2869047619047619 0.7275541795665634 0.2714285714285714 0.7226006191950465 0.25833333333333336 0.7213622291021672 0.2571428571428571 0.6972136222910217 0.24761904761904763 0.6786377708978328 0.24761904761904763 
18 0.6538699690402476 0.5619047619047619 0.6340557275541796 0.5904761904761905 0.6291021671826625 0.6 0.6291021671826625 0.6214285714285714 0.6297213622291021 0.625 0.6340557275541796 0.6440476190476191 0.6346749226006192 0.6464285714285715 0.6588235294117647 0.694047619047619 0.6687306501547987 0.7130952380952381 0.6792569659442724 0.7226190476190476 0.691640866873065 0.7226190476190476 0.6928792569659443 0.7214285714285714 0.7027863777089783 0.7107142857142857 0.7176470588235294 0.694047619047619 0.7226006191950465 0.6833333333333333 0.7226006191950465 0.6583333333333333 0.7126934984520124 0.6297619047619047 0.6922600619195046 0.580952380952381 0.6879256965944273 0.5714285714285714 0.6829721362229102 0.5619047619047619 0.6538699690402476 0.5619047619047619 
20 0.5758513931888545 0.580952380952381 0.5746130030959752 0.5821428571428572 0.5746130030959752 0.6178571428571429 0.5894736842105263 0.7678571428571429 0.5907120743034056 0.7702380952380953 0.6074303405572755 0.7702380952380953 0.6086687306501548 0.7690476190476191 0.6136222910216719 0.7416666666666667 0.6185758513931888 0.6714285714285714 0.6185758513931888 0.6023809523809524 0.6179566563467492 0.6 0.6080495356037152 0.580952380952381 0.5758513931888545 0.580952380952381 
21 0.5653250773993808 0.580952380952381 0.5504643962848297 0.5904761904761905 0.5498452012383901 0.5928571428571429 0.5498452012383901 0.6178571428571429 0.5597523219814241 0.7226190476190476 0.5653250773993808 0.7607142857142857 0.5696594427244582 0.7690476190476191 0.5708978328173374 0.7702380952380953 0.58328173374613 0.7702380952380953 0.5839009287925696 0.7690476190476191 0.5888544891640867 0.6464285714285715 0.5888544891640867 0.6285714285714286 0.5789473684210527 0.580952380952381 0.5653250773993808 0.580952380952381 
22 0.530030959752322 0.580952380952381 0.530030959752322 0.6738095238095239 0.534984520123839 0.7892857142857143 0.5405572755417957 0.7976190476190477 0.541795665634675 0.7988095238095239 0.5492260061919505 0.7988095238095239 0.5541795665634675 0.7880952380952381 0.5591331269349845 0.7416666666666667 0.5591331269349845 0.580952380952381 0.530030959752322 0.580952380952381 
23 0.5151702786377709 0.5714285714285714 0.5151702786377709 0.7416666666666667 0.5207430340557275 0.7607142857142857 0.5219814241486068 0.7607142857142857 0.5244582043343653 0.7583333333333333 0.5294117647058824 0.7511904761904762 0.5343653250773994 0.7321428571428571 0.5393188854489164 0.5869047619047619 0.5393188854489164 0.5821428571428572 0.5294117647058824 0.5714285714285714 0.5151702786377709 0.5714285714285714 
24 0.49597523219814244 0.5714285714285714 0.4953560371517028 0.5726190476190476 0.4953560371517028 0.6440476190476191 0.5003095975232198 0.7416666666666667 0.5139318885448917 0.7416666666666667 0.5145510835913313 0.7392857142857143 0.5195046439628483 0.6452380952380953 0.5195046439628483 0.5726190476190476 0.5188854489164086 0.5714285714285714 0.49597523219814244 0.5714285714285714 
25 0.47554179566563465 0.5714285714285714 0.47554179566563465 0.6083333333333333 0.4804953560371517 0.7416666666666667 0.49411764705882355 0.7416666666666667 0.49473684210526314 0.7404761904761905 0.4996904024767802 0.6738095238095239 0.4996904024767802 0.5714285714285714 0.47554179566563465 0.5714285714285714 
26 0.46068111455108357 0.5904761904761905 0.46068111455108357 0.7392857142857143 0.4662538699690402 0.7702380952380953 0.4792569659442725 0.7702380952380953 0.47987616099071206 0.7678571428571429 0.4848297213622291 0.694047619047619 0.4848297213622291 0.6 0.47987616099071206 0.5904761904761905 0.46068111455108357 0.5904761904761905 
27 0.4359133126934985 0.580952380952381 0.4359133126934985 0.6845238095238095 0.4408668730650155 0.7892857142857143 0.44643962848297214 0.7988095238095239 0.4551083591331269 0.7988095238095239 0.460061919504644 0.7892857142857143 0.465015479876161 0.7035714285714286 0.465015479876161 0.580952380952381 0.4359133126934985 0.580952380952381 
28 0.4117647058823529 0.580952380952381 0.41114551083591333 0.5821428571428572 0.41114551083591333 0.7416666666666667 0.41609907120743034 0.7607142857142857 0.43034055727554177 0.7607142857142857 0.43529411764705883 0.7309523809523809 0.44024767801857584 0.694047619047619 0.44024767801857584 0.5833333333333334 0.4390092879256966 0.580952380952381 0.4117647058823529 0.580952380952381 
29 0.3863777089783282 0.5619047619047619 0.38204334365325077 0.6095238095238096 0.3814241486068111 0.638095238095238 0.3814241486068111 0.7392857142857143 0.38204334365325077 0.7416666666666667 0.3863777089783282 0.7511904761904762 0.3993808049535604 0.7511904761904762 0.4006191950464396 0.75 0.4055727554179567 0.7309523809523809 0.40990712074303404 0.7130952380952381 0.4105263157894737 0.7095238095238096 0.4154798761609907 0.675 0.42043343653250775 0.5892857142857143 0.42043343653250775 0.5714285714285714 0.4148606811145511 0.5619047619047619 0.3863777089783282 0.5619047619047619 
30 0.3479876160990712 0.5523809523809524 0.34674922600619196 0.5535714285714286 0.34179566563467495 0.5619047619047619 0.3368421052631579 0.5726190476190476 0.3318885448916409 0.5904761904761905 0.3170278637770898 0.6869047619047619 0.3170278637770898 0.7297619047619047 0.3176470588235294 0.7321428571428571 0.3269349845201238 0.7607142857142857 0.3411764705882353 0.7607142857142857 0.3560371517027864 0.7416666666666667 0.37089783281733746 0.7130952380952381 0.38080495356037153 0.6833333333333333 0.3907120743034056 0.6178571428571429 0.3907120743034056 0.5619047619047619 0.36594427244582045 0.5523809523809524 0.3479876160990712 0.5523809523809524 
31 0.28792569659442724 0.5333333333333333 0.2823529411764706 0.5428571428571428 0.2625386996904025 0.6392857142857142 0.2625386996904025 0.6714285714285714 0.2631578947368421 0.675 0.27801857585139317 0.694047619047619 0.3040247678018576 0.694047619047619 0.3058823529411765 0.6916666666666667 0.3108359133126935 0.6845238095238095 0.3263157894736842 0.6547619047619048 0.3306501547987616 0.6452380952380953 0.33622291021671824 0.6273809523809524 0.3461300309597523 0.5797619047619048 0.3461300309597523 0.5535714285714286 0.3455108359133127 0.5523809523809524 0.31145510835913315 0.5333333333333333 0.28792569659442724 0.5333333333333333 