3 0.26811145510835915 0.3619047619047619 0.243343653250774 0.37142857142857144 0.24272445820433436 0.3726190476190476 0.23777089783281732 0.3904761904761905 0.23777089783281732 0.41785714285714287 0.25263157894736843 0.5607142857142857 0.25758513931888544 0.5797619047619048 0.2631578947368421 0.5892857142857143 0.286687306501548 0.5892857142857143 0.31021671826625385 0.5797619047619048 0.31145510835913315 0.5785714285714286 0.3157894736842105 0.5702380952380952 0.31640866873065016 0.5678571428571428 0.31640866873065016 0.5345238095238095 0.3015479876160991 0.4095238095238095 0.29659442724458207 0.3904761904761905 0.291640866873065 0.3726190476190476 0.28606811145510835 0.3619047619047619 0.26811145510835915 0.3619047619047619 
4 0.29721362229102166 0.3523809523809524 0.29226006191950465 0.3619047619047619 0.29226006191950465 0.39880952380952384 0.30712074303405573 0.5416666666666666 0.31207430340557274 0.569047619047619 0.3126934984520124 0.5702380952380952 0.32321981424148605 0.5797619047619048 0.3411764705882353 0.5797619047619048 0.3461300309597523 0.5702380952380952 0.3510835913312694 0.55 0.3510835913312694 0.5190476190476191 0.3504643962848297 0.5142857142857142 0.32136222910216716 0.38095238095238093 0.31640866873065016 0.3619047619047619 0.31145510835913315 0.3535714285714286 0.31021671826625385 0.3523809523809524 0.29721362229102166 0.3523809523809524 
5 0.32755417956656346 0.3523809523809524 0.3269349845201238 0.3535714285714286 0.3269349845201238 0.39880952380952384 0.3318885448916409 0.45595238095238094 0.3368421052631579 0.5035714285714286 0.34674922600619196 0.5595238095238095 0.3479876160990712 0.5607142857142857 0.37585139318885447 0.5607142857142857 0.38080495356037153 0.5511904761904762 0.3851393188854489 0.5416666666666666 0.38575851393188854 0.5380952380952381 0.38575851393188854 0.46785714285714286 0.3609907120743034 0.38095238095238093 0.3510835913312694 0.3523809523809524 0.32755417956656346 0.3523809523809524 
6 0.3671826625386997 0.3333333333333333 0.36160990712074303 0.34285714285714286 0.36160990712074303 0.3595238095238095 0.36656346749226004 0.44285714285714284 0.3814241486068111 0.55 0.3863777089783282 0.5607142857142857 0.4043343653250774 0.5607142857142857 0.4148606811145511 0.5511904761904762 0.4154798761609907 0.55 0.42043343653250775 0.5321428571428571 0.42043343653250775 0.4976190476190476 0.4055727554179567 0.4095238095238095 0.3907120743034056 0.3523809523809524 0.38575851393188854 0.34285714285714286 0.38080495356037153 0.3345238095238095 0.37708978328173376 0.3333333333333333 0.3671826625386997 0.3333333333333333 
7 0.39690402476780184 0.3333333333333333 0.39628482972136225 0.3380952380952381 0.39628482972136225 0.3607142857142857 0.40619195046439627 0.4845238095238095 0.41609907120743034 0.5392857142857143 0.41671826625387 0.5416666666666666 0.4582043343653251 0.5416666666666666 0.460061919504644 0.5404761904761904 0.460061919504644 0.4857142857142857 0.4247678018575851 0.34285714285714286 0.42043343653250775 0.3333333333333333 0.39690402476780184 0.3333333333333333 
8 0.45758513931888545 0.34285714285714286 0.4563467492260062 0.34404761904761905 0.45077399380804956 0.3523809523809524 0.4458204334365325 0.3630952380952381 0.4458204334365325 0.4738095238095238 0.4563467492260062 0.5321428571428571 0.46068111455108357 0.5416666666666666 0.5040247678018576 0.5416666666666666 0.5046439628482973 0.5404761904761904 0.5095975232198142 0.5226190476190476 0.5095975232198142 0.4666666666666667 0.5046439628482973 0.4392857142857143 0.4848297213622291 0.3619047619047619 0.4743034055727554 0.34285714285714286 0.45758513931888545 0.34285714285714286 
9 0.5201238390092879 0.3333333333333333 0.5102167182662539 0.34285714285714286 0.5052631578947369 0.3630952380952381 0.5003095975232198 0.4011904761904762 0.5003095975232198 0.5321428571428571 0.5207430340557275 0.5416666666666666 0.5492260061919505 0.5416666666666666 0.5585139318885449 0.5321428571428571 0.5640866873065016 0.5226190476190476 0.5640866873065016 0.4773809523809524 0.5442724458204334 0.34404761904761905 0.5393188854489164 0.3345238095238095 0.5380804953560372 0.3333333333333333 0.5201238390092879 0.3333333333333333 
10 0.5752321981424149 0.34285714285714286 0.5647058823529412 0.3619047619047619 0.5597523219814241 0.38333333333333336 0.5547987616099072 0.45 0.5547987616099072 0.5321428571428571 0.5708978328173374 0.5416666666666666 0.5938080495356037 0.5416666666666666 0.5987616099071208 0.5226190476190476 0.5987616099071208 0.44761904761904764 0.5938080495356037 0.35595238095238096 0.5931888544891641 0.3523809523809524 0.5882352941176471 0.34285714285714286 0.5752321981424149 0.34285714285714286 
11 0.6291021671826625 0.2761904761904762 0.6241486068111455 0.2976190476190476 0.6092879256965944 0.36428571428571427 0.595046439628483 0.4666666666666667 0.5894736842105263 0.5154761904761904 0.5894736842105263 0.5392857142857143 0.590092879256966 0.5416666666666666 0.5944272445820433 0.5511904761904762 0.6229102167182663 0.5511904761904762 0.628482972136223 0.5416666666666666 0.638390092879257 0.5226190476190476 0.648297213622291 0.3416666666666667 0.648297213622291 0.2761904761904762 0.6291021671826625 0.2761904761904762 
12 0.6544891640866873 0.3238095238095238 0.6495356037151703 0.3333333333333333 0.6439628482972136 0.3523809523809524 0.6340557275541796 0.39285714285714285 0.6291021671826625 0.44761904761904764 0.6241486068111455 0.5238095238095238 0.6241486068111455 0.5416666666666666 0.6297213622291021 0.5511904761904762 0.6439628482972136 0.5607142857142857 0.6625386996904025 0.5607142857142857 0.6674922600619195 0.5511904761904762 0.6681114551083591 0.5488095238095239 0.6780185758513931 0.3892857142857143 0.6780185758513931 0.3333333333333333 0.6730650154798762 0.3238095238095238 0.6544891640866873 0.3238095238095238 
13 0.6786377708978328 0.45714285714285713 0.6693498452012384 0.4666666666666667 0.6637770897832818 0.4869047619047619 0.6637770897832818 0.5595238095238095 0.6643962848297214 0.5607142857142857 0.6736842105263158 0.5702380952380952 0.6928792569659443 0.5702380952380952 0.7027863777089783 0.5511904761904762 0.7027863777089783 0.47023809523809523 0.7021671826625387 0.4666666666666667 0.6972136222910217 0.45714285714285713 0.6786377708978328 0.45714285714285713 
14 0.7244582043343654 0.34285714285714286 0.7034055727554179 0.37142857142857144 0.6934984520123839 0.5452380952380952 0.6934984520123839 0.5607142857142857 0.698452012383901 0.5702380952380952 0.7572755417956656 0.5702380952380952 0.7671826625386997 0.42738095238095236 0.7671826625386997 0.39166666666666666 0.7609907120743034 0.375 0.7424148606811145 0.34404761904761905 0.7411764705882353 0.34285714285714286 0.7244582043343654 0.34285714285714286 
15 0.7752321981424148 0.3523809523809524 0.7727554179566564 0.3547619047619048 0.7678018575851393 0.3619047619047619 0.7578947368421053 0.41904761904761906 0.7529411764705882 0.4666666666666667 0.7529411764705882 0.5797619047619048 0.778328173374613 0.5892857142857143 0.7900928792569659 0.5892857142857143 0.7919504643962848 0.5880952380952381 0.7969040247678019 0.5797619047619048 0.8018575851393189 0.569047619047619 0.8030959752321981 0.5511904761904762 0.8030959752321981 0.4857142857142857 0.8018575851393189 0.38095238095238093 0.7969040247678019 0.3630952380952381 0.7919504643962848 0.3523809523809524 0.7752321981424148 0.3523809523809524 
16 0.8123839009287925 0.3238095238095238 0.8030959752321981 0.3523809523809524 0.7975232198142415 0.3726190476190476 0.7975232198142415 0.4738095238095238 0.8024767801857585 0.4928571428571429 0.8030959752321981 0.49404761904761907 0.8173374613003096 0.5035714285714286 0.8315789473684211 0.5035714285714286 0.8464396284829722 0.4845238095238095 0.8507739938080495 0.475 0.8513931888544891 0.4726190476190476 0.8513931888544891 0.41904761904761906 0.836532507739938 0.3333333333333333 0.8315789473684211 0.325 0.8303405572755418 0.3238095238095238 0.8123839009287925 0.3238095238095238 
18 0.7287925696594427 0.5904761904761905 0.7232198142414861 0.6011904761904762 0.7232198142414861 0.6464285714285715 0.7281733746130031 0.675 0.7331269349845201 0.7023809523809523 0.7436532507739938 0.7309523809523809 0.7479876160990712 0.7404761904761905 0.7628482972136222 0.7702380952380953 0.7863777089783281 0.7702380952380953 0.8111455108359134 0.7511904761904762 0.8117647058823529 0.7476190476190476 0.8117647058823529 0.7261904761904762 0.7770897832817337 0.5904761904761905 0.7287925696594427 0.5904761904761905 
19 0.669969040247678 0.580952380952381 0.6687306501547987 0.5821428571428572 0.6637770897832818 0.5916666666666667 0.6637770897832818 0.6369047619047619 0.6786377708978328 0.7511904761904762 0.6835913312693499 0.7773809523809524 0.6885448916408669 0.7988095238095239 0.6934984520123839 0.8083333333333333 0.7027863777089783 0.8083333333333333 0.7417956656346749 0.7702380952380953 0.7424148606811145 0.7690476190476191 0.7424148606811145 0.7333333333333333 0.7275541795665634 0.6023809523809524 0.7269349845201238 0.6 0.7226006191950465 0.5904761904761905 0.6972136222910217 0.580952380952381 0.669969040247678 0.580952380952381 
20 0.6390092879256966 0.5714285714285714 0.6247678018575852 0.580952380952381 0.6241486068111455 0.5833333333333334 0.6241486068111455 0.6071428571428571 0.6340557275541796 0.7226190476190476 0.6489164086687307 0.8083333333333333 0.6538699690402476 0.8261904761904761 0.6544891640866873 0.8273809523809523 0.6681114551083591 0.8273809523809523 0.6730650154798762 0.8178571428571428 0.6730650154798762 0.6297619047619047 0.6681114551083591 0.580952380952381 0.653250773993808 0.5714285714285714 0.6390092879256966 0.5714285714285714 
21 0.595046439628483 0.5619047619047619 0.5894736842105263 0.5726190476190476 0.5894736842105263 0.719047619047619 0.5993808049535604 0.7892857142857143 0.6043343653250774 0.7928571428571428 0.6086687306501548 0.7928571428571428 0.6136222910216719 0.7916666666666666 0.6173374613003096 0.7892857142857143 0.6185758513931888 0.7880952380952381 0.6334365325077399 0.6357142857142857 0.6334365325077399 0.5714285714285714 0.628482972136223 0.5619047619047619 0.595046439628483 0.5619047619047619 
22 0.5647058823529412 0.5428571428571428 0.5603715170278638 0.5630952380952381 0.5547987616099072 0.6297619047619047 0.5498452012383901 0.6892857142857143 0.5498452012383901 0.7857142857142857 0.5603715170278638 0.7988095238095239 0.573374613003096 0.7988095238095239 0.5789473684210527 0.7892857142857143 0.5987616099071208 0.6273809523809524 0.5987616099071208 0.5535714285714286 0.5931888544891641 0.5428571428571428 0.5647058823529412 0.5428571428571428 
23 0.5306501547987617 0.5333333333333333 0.530030959752322 0.5428571428571428 0.5201238390092879 0.6988095238095238 0.5201238390092879 0.7130952380952381 0.530030959752322 0.7226190476190476 0.5343653250773994 0.7226190476190476 0.5436532507739938 0.7130952380952381 0.5442724458204334 0.7119047619047619 0.5541795665634675 0.675 0.5640866873065016 0.6154761904761905 0.5690402476780185 0.5702380952380952 0.5690402476780185 0.544047619047619 0.5684210526315789 0.5428571428571428 0.5529411764705883 0.5333333333333333 0.5306501547987617 0.5333333333333333 
24 0.5015479876160991 0.5333333333333333 0.5003095975232198 0.5357142857142857 0.5003095975232198 0.5797619047619048 0.5052631578947369 0.694047619047619 0.5157894736842106 0.7130952380952381 0.5244582043343653 0.7130952380952381 0.5294117647058824 0.6845238095238095 0.5393188854489164 0.5535714285714286 0.5393188854489164 0.5357142857142857 0.5386996904024768 0.5333333333333333 0.5015479876160991 0.5333333333333333 
25 0.4761609907120743 0.5333333333333333 0.4662538699690402 0.5428571428571428 0.46563467492260063 0.5452380952380952 0.46563467492260063 0.5892857142857143 0.47554179566563465 0.7023809523809523 0.48606811145510836 0.7226190476190476 0.49411764705882355 0.7226190476190476 0.4996904024767802 0.7119047619047619 0.4996904024767802 0.5333333333333333 0.4761609907120743 0.5333333333333333 
26 0.44148606811145513 0.5428571428571428 0.43157894736842106 0.5523809523809524 0.4309597523219814 0.5535714285714286 0.4309597523219814 0.5785714285714286 0.45572755417956656 0.7119047619047619 0.46068111455108357 0.7226190476190476 0.46563467492260063 0.7321428571428571 0.47987616099071206 0.7321428571428571 0.47987616099071206 0.6952380952380952 0.469969040247678 0.5488095238095239 0.4693498452012384 0.5428571428571428 0.44148606811145513 0.5428571428571428 
27 0.42105263157894735 0.5523809523809524 0.4068111455108359 0.5630952380952381 0.40123839009287926 0.5726190476190476 0.40123839009287926 0.6345238095238095 0.41114551083591333 0.7214285714285714 0.41609907120743034 0.75 0.42105263157894735 0.7690476190476191 0.4309597523219814 0.7892857142857143 0.448297213622291 0.7892857142857143 0.44953560371517026 0.7880952380952381 0.4501547987616099 0.7869047619047619 0.4551083591331269 0.75 0.4551083591331269 0.7238095238095238 0.44024767801857584 0.580952380952381 0.43529411764705883 0.5619047619047619 0.4297213622291022 0.5523809523809524 0.42105263157894735 0.5523809523809524 
28 0.373374613003096 0.580952380952381 0.3715170278637771 0.5821428571428572 0.36160990712074303 0.6 0.36160990712074303 0.6273809523809524 0.3715170278637771 0.7869047619047619 0.3721362229102167 0.7892857142857143 0.3814241486068111 0.8178571428571428 0.39009287925696595 0.8178571428571428 0.3956656346749226 0.8083333333333333 0.4 0.7892857142857143 0.4055727554179567 0.7607142857142857 0.4055727554179567 0.5833333333333334 0.40495356037151703 0.580952380952381 0.373374613003096 0.580952380952381 
29 0.356656346749226 0.5904761904761905 0.34179566563467495 0.6 0.3318885448916409 0.6107142857142858 0.3219814241486068 0.7904761904761904 0.3219814241486068 0.8071428571428572 0.32260061919504646 0.8083333333333333 0.3448916408668731 0.8083333333333333 0.3510835913312694 0.7976190476190477 0.35541795665634673 0.7702380952380953 0.3560371517027864 0.7654761904761904 0.37089783281733746 0.6452380952380953 0.37089783281733746 0.6 0.3653250773993808 0.5904761904761905 0.356656346749226 0.5904761904761905 
30 0.28792569659442724 0.6 0.27801857585139317 0.6095238095238096 0.2773993808049536 0.6107142857142858 0.2476780185758514 0.763095238095238 0.2476780185758514 0.7976190476190477 0.2501547987616099 0.7988095238095239 0.2934984520123839 0.8178571428571428 0.31145510835913315 0.8178571428571428 0.31640866873065016 0.8071428571428572 0.32136222910216716 0.7880952380952381 0.3256965944272446 0.7511904761904762 0.33622291021671824 0.655952380952381 0.33622291021671824 0.6011904761904762 0.334984520123839 0.6 0.28792569659442724 0.6 
31 0.23281733746130032 0.6 0.22786377708978328 0.6107142857142858 0.20804953560371517 0.7464285714285714 0.20804953560371517 0.7797619047619048 0.21857585139318886 0.7988095238095239 0.23653250773993809 0.7988095238095239 0.24705882352941178 0.7892857142857143 0.26191950464396285 0.7607142857142857 0.26687306501547986 0.7416666666666667 0.2718266253869969 0.7214285714285714 0.28173374613003094 0.6630952380952381 0.286687306501548 0.6178571428571429 0.286687306501548 0.6107142857142858 0.28606811145510835 0.6095238095238096 0.27678018575851393 0.6011904761904762 0.27492260061919505 0.6 0.23281733746130032 0.6 