2 0.31826625386996904 0.38095238095238093 0.3021671826625387 0.3904761904761905 0.29226006191950465 0.49523809523809526 0.29226006191950465 0.5321428571428571 0.29721362229102166 0.5416666666666666 0.3021671826625387 0.55 0.3046439628482972 0.5511904761904762 0.33126934984520123 0.5511904761904762 0.33622291021671824 0.5404761904761904 0.33622291021671824 0.4785714285714286 0.33126934984520123 0.3821428571428571 0.330030959752322 0.38095238095238093 0.31826625386996904 0.38095238095238093 
3 0.35170278637770896 0.4 0.3318885448916409 0.4095238095238095 0.3269349845201238 0.5345238095238095 0.3269349845201238 0.5583333333333333 0.32755417956656346 0.5607142857142857 0.33250773993808047 0.5702380952380952 0.3473684210526316 0.5797619047619048 0.36594427244582045 0.5797619047619048 0.37585139318885447 0.5595238095238095 0.37585139318885447 0.4857142857142857 0.37089783281733746 0.4023809523809524 0.3696594427244582 0.4 0.35170278637770896 0.4 
4 0.38699690402476783 0.4 0.3814241486068111 0.4095238095238095 0.3764705882352941 0.41904761904761906 0.3721362229102167 0.4380952380952381 0.3715170278637771 0.4488095238095238 0.36656346749226004 0.5535714285714286 0.36656346749226004 0.569047619047619 0.3715170278637771 0.5880952380952381 0.3721362229102167 0.5892857142857143 0.39442724458204337 0.5892857142857143 0.3956656346749226 0.5880952380952381 0.4055727554179567 0.5702380952380952 0.4055727554179567 0.49523809523809526 0.4006191950464396 0.4107142857142857 0.39504643962848296 0.4 0.38699690402476783 0.4 
5 0.40804953560371515 0.4 0.40619195046439627 0.4011904761904762 0.40123839009287926 0.4107142857142857 0.39628482972136225 0.4297619047619048 0.39628482972136225 0.5023809523809524 0.40123839009287926 0.5857142857142857 0.4018575851393189 0.5880952380952381 0.4068111455108359 0.5988095238095238 0.41424148606811145 0.5988095238095238 0.4247678018575851 0.5892857142857143 0.43034055727554177 0.5797619047619048 0.43529411764705883 0.5702380952380952 0.43529411764705883 0.5142857142857142 0.42538699690402476 0.41309523809523807 0.4247678018575851 0.4095238095238095 0.42043343653250775 0.4 0.40804953560371515 0.4 
6 0.4260061919504644 0.3904761904761905 0.42105263157894735 0.4 0.42105263157894735 0.475 0.4309597523219814 0.5880952380952381 0.4359133126934985 0.5988095238095238 0.4501547987616099 0.5988095238095238 0.4551083591331269 0.5892857142857143 0.4551083591331269 0.5071428571428571 0.4452012383900929 0.42857142857142855 0.43529411764705883 0.3904761904761905 0.4260061919504644 0.3904761904761905 
7 0.4563467492260062 0.4 0.45572755417956656 0.4011904761904762 0.45139318885448915 0.41904761904761906 0.45077399380804956 0.42738095238095236 0.45077399380804956 0.5654761904761905 0.45139318885448915 0.5702380952380952 0.45572755417956656 0.5892857142857143 0.46068111455108357 0.5976190476190476 0.46191950464396286 0.5988095238095238 0.4693498452012384 0.5988095238095238 0.47492260061919506 0.5880952380952381 0.47492260061919506 0.45714285714285713 0.469969040247678 0.41904761904761906 0.465015479876161 0.4 0.4563467492260062 0.4 
8 0.47058823529411764 0.41904761904761906 0.47058823529411764 0.6083333333333333 0.4996904024767802 0.6083333333333333 0.4996904024767802 0.525 0.49473684210526314 0.4607142857142857 0.48978328173374613 0.42857142857142855 0.4842105263157895 0.41904761904761906 0.47058823529411764 0.41904761904761906 
9 0.496594427244582 0.4 0.4953560371517028 0.4011904761904762 0.4953560371517028 0.5988095238095238 0.5003095975232198 0.6083333333333333 0.5188854489164086 0.6083333333333333 0.5244582043343653 0.5988095238095238 0.5244582043343653 0.4785714285714286 0.5195046439628483 0.4380952380952381 0.5145510835913313 0.4107142857142857 0.5095975232198142 0.4 0.496594427244582 0.4 
10 0.5263157894736842 0.4095238095238095 0.525077399380805 0.4119047619047619 0.5201238390092879 0.45714285714285713 0.5201238390092879 0.5845238095238096 0.5207430340557275 0.5892857142857143 0.525077399380805 0.6083333333333333 0.5430340557275541 0.6083333333333333 0.5442724458204334 0.6071428571428571 0.5486068111455108 0.5988095238095238 0.5492260061919505 0.5952380952380952 0.5492260061919505 0.4773809523809524 0.5442724458204334 0.44047619047619047 0.5393188854489164 0.41904761904761906 0.5343653250773994 0.4107142857142857 0.5306501547987617 0.4095238095238095 0.5263157894736842 0.4095238095238095 
11 0.5597523219814241 0.38095238095238093 0.5498452012383901 0.4 0.544891640866873 0.4392857142857143 0.544891640866873 0.5988095238095238 0.5498452012383901 0.6071428571428571 0.551702786377709 0.6083333333333333 0.5640866873065016 0.6083333333333333 0.5739938080495356 0.5892857142857143 0.5739938080495356 0.40476190476190477 0.573374613003096 0.4011904761904762 0.5690402476780185 0.38095238095238093 0.5597523219814241 0.38095238095238093 
12 0.5808049535603715 0.3904761904761905 0.5795665634674922 0.39166666666666666 0.5746130030959752 0.4011904761904762 0.5696594427244582 0.41904761904761906 0.5696594427244582 0.5785714285714286 0.5752321981424149 0.5892857142857143 0.5975232198142415 0.5892857142857143 0.5987616099071208 0.5880952380952381 0.5987616099071208 0.4666666666666667 0.5938080495356037 0.3904761904761905 0.5808049535603715 0.3904761904761905 
13 0.6055727554179566 0.38095238095238093 0.6043343653250774 0.3821428571428571 0.5993808049535604 0.39166666666666666 0.5944272445820433 0.42023809523809524 0.5894736842105263 0.4595238095238095 0.5894736842105263 0.4738095238095238 0.5944272445820433 0.5702380952380952 0.6 0.5797619047619048 0.6142414860681115 0.5892857142857143 0.628482972136223 0.5892857142857143 0.628482972136223 0.5535714285714286 0.6235294117647059 0.39285714285714285 0.6222910216718266 0.3904761904761905 0.6130030959752322 0.38095238095238093 0.6055727554179566 0.38095238095238093 
14 0.6247678018575852 0.37142857142857144 0.6241486068111455 0.3726190476190476 0.6191950464396285 0.3904761904761905 0.6142414860681115 0.525 0.6142414860681115 0.5369047619047619 0.614860681114551 0.5404761904761904 0.6191950464396285 0.5607142857142857 0.6241486068111455 0.569047619047619 0.6260061919504644 0.5702380952380952 0.653250773993808 0.5702380952380952 0.6582043343653251 0.5607142857142857 0.6631578947368421 0.55 0.6631578947368421 0.41904761904761906 0.6334365325077399 0.37142857142857144 0.6247678018575852 0.37142857142857144 
15 0.6538699690402476 0.3619047619047619 0.6538699690402476 0.5190476190476191 0.6544891640866873 0.5226190476190476 0.6594427244582043 0.5416666666666666 0.6637770897832818 0.55 0.6656346749226006 0.5511904761904762 0.6780185758513931 0.5511904761904762 0.6978328173374613 0.5404761904761904 0.7027863777089783 0.5321428571428571 0.7027863777089783 0.4869047619047619 0.6780185758513931 0.39166666666666666 0.6724458204334365 0.37142857142857144 0.6681114551083591 0.3630952380952381 0.6668730650154798 0.3619047619047619 0.6538699690402476 0.3619047619047619 
16 0.6643962848297214 0.3238095238095238 0.6637770897832818 0.325 0.6637770897832818 0.37023809523809526 0.6736842105263158 0.4083333333333333 0.6842105263157895 0.44642857142857145 0.6934984520123839 0.45595238095238094 0.7077399380804954 0.45595238095238094 0.7164086687306501 0.44642857142857145 0.7275541795665634 0.4261904761904762 0.7275541795665634 0.3821428571428571 0.7176470588235294 0.3619047619047619 0.7126934984520124 0.3523809523809524 0.6972136222910217 0.3333333333333333 0.6879256965944273 0.3238095238095238 0.6643962848297214 0.3238095238095238 
17 0.739938080495356 0.5333333333333333 0.7195046439628483 0.5428571428571428 0.718266253869969 0.544047619047619 0.718266253869969 0.5976190476190476 0.7232198142414861 0.6178571428571429 0.7386996904024767 0.655952380952381 0.7479876160990712 0.675 0.7529411764705882 0.6845238095238095 0.7721362229102167 0.6845238095238095 0.7820433436532508 0.6642857142857143 0.7820433436532508 0.6023809523809524 0.7770897832817337 0.5619047619047619 0.7721362229102167 0.544047619047619 0.7671826625386997 0.5333333333333333 0.739938080495356 0.5333333333333333 
18 0.6842105263157895 0.5333333333333333 0.6693498452012384 0.5428571428571428 0.6637770897832818 0.5523809523809524 0.6637770897832818 0.6083333333333333 0.6687306501547987 0.6261904761904762 0.6885448916408669 0.680952380952381 0.6934984520123839 0.694047619047619 0.698452012383901 0.7023809523809523 0.7139318885448916 0.7226190476190476 0.7213622291021672 0.7226190476190476 0.7226006191950465 0.7214285714285714 0.7417956656346749 0.694047619047619 0.746749226006192 0.6845238095238095 0.7473684210526316 0.6821428571428572 0.7473684210526316 0.6583333333333333 0.7374613003095976 0.6190476190476191 0.7226006191950465 0.5619047619047619 0.7176470588235294 0.5523809523809524 0.7071207430340557 0.5333333333333333 0.6842105263157895 0.5333333333333333 
19 0.6253869969040248 0.5714285714285714 0.6142414860681115 0.580952380952381 0.6142414860681115 0.6261904761904762 0.6390092879256966 0.7119047619047619 0.6439628482972136 0.7226190476190476 0.6538699690402476 0.7416666666666667 0.6594427244582043 0.75 0.6613003095975232 0.7511904761904762 0.6674922600619195 0.7511904761904762 0.6879256965944273 0.7416666666666667 0.6879256965944273 0.6857142857142857 0.6730650154798762 0.6 0.6681114551083591 0.5738095238095238 0.6674922600619195 0.5714285714285714 0.6253869969040248 0.5714285714285714 
20 0.5845201238390093 0.5904761904761905 0.5795665634674922 0.6 0.5795665634674922 0.6142857142857143 0.5801857585139318 0.6178571428571429 0.5845201238390093 0.6357142857142857 0.5894736842105263 0.6547619047619048 0.5944272445820433 0.6726190476190477 0.6142414860681115 0.7416666666666667 0.6198142414860681 0.7607142857142857 0.6241486068111455 0.7702380952380953 0.6334365325077399 0.7702380952380953 0.6334365325077399 0.6976190476190476 0.6235294117647059 0.6202380952380953 0.6185758513931888 0.5916666666666667 0.6173374613003096 0.5904761904761905 0.5845201238390093 0.5904761904761905 
21 0.5647058823529412 0.6 0.5554179566563467 0.6190476190476191 0.5547987616099072 0.6214285714285714 0.5547987616099072 0.6369047619047619 0.5696594427244582 0.7035714285714286 0.5752321981424149 0.7226190476190476 0.5894736842105263 0.7702380952380953 0.6037151702786377 0.7702380952380953 0.6037151702786377 0.7333333333333333 0.5987616099071208 0.6571428571428571 0.5888544891640867 0.6 0.5647058823529412 0.6 
22 0.541795665634675 0.6095238095238096 0.534984520123839 0.6202380952380953 0.534984520123839 0.6845238095238095 0.544891640866873 0.7488095238095238 0.5498452012383901 0.7797619047619048 0.5547987616099072 0.7892857142857143 0.5640866873065016 0.7892857142857143 0.5690402476780185 0.7797619047619048 0.5690402476780185 0.7547619047619047 0.5640866873065016 0.6309523809523809 0.5591331269349845 0.6107142857142858 0.5578947368421052 0.6095238095238096 0.541795665634675 0.6095238095238096 
23 0.5151702786377709 0.6190476190476191 0.5151702786377709 0.6916666666666667 0.5201238390092879 0.7392857142857143 0.525077399380805 0.7678571428571429 0.530030959752322 0.7785714285714286 0.5337461300309597 0.7797619047619048 0.5356037151702786 0.7797619047619048 0.5393188854489164 0.7785714285714286 0.5436532507739938 0.7702380952380953 0.5442724458204334 0.7666666666666667 0.5442724458204334 0.725 0.5393188854489164 0.6190476190476191 0.5151702786377709 0.6190476190476191 
24 0.496594427244582 0.6190476190476191 0.4953560371517028 0.6202380952380953 0.4904024767801858 0.6297619047619047 0.4904024767801858 0.6654761904761904 0.4953560371517028 0.7130952380952381 0.5003095975232198 0.7476190476190476 0.5009287925696595 0.75 0.5052631578947369 0.7595238095238095 0.5058823529411764 0.7607142857142857 0.5188854489164086 0.7607142857142857 0.5195046439628483 0.7595238095238095 0.5195046439628483 0.7047619047619048 0.5145510835913313 0.6285714285714286 0.5095975232198142 0.6190476190476191 0.496594427244582 0.6190476190476191 
25 0.47554179566563465 0.6190476190476191 0.47554179566563465 0.7226190476190476 0.4804953560371517 0.7607142857142857 0.49287925696594426 0.7607142857142857 0.49473684210526314 0.7595238095238095 0.4996904024767802 0.7392857142857143 0.4996904024767802 0.6619047619047619 0.49473684210526314 0.6285714285714286 0.4848297213622291 0.6190476190476191 0.47554179566563465 0.6190476190476191 
26 0.45572755417956656 0.6190476190476191 0.45572755417956656 0.7690476190476191 0.4563467492260062 0.7702380952380953 0.465015479876161 0.7702380952380953 0.469969040247678 0.7595238095238095 0.47492260061919506 0.7416666666666667 0.47987616099071206 0.7226190476190476 0.47987616099071206 0.6190476190476191 0.45572755417956656 0.6190476190476191 
27 0.43653250773993807 0.6095238095238096 0.4309597523219814 0.6190476190476191 0.4309597523219814 0.6845238095238095 0.4359133126934985 0.7702380952380953 0.4408668730650155 0.7964285714285714 0.4421052631578947 0.7988095238095239 0.44953560371517026 0.7988095238095239 0.4551083591331269 0.7892857142857143 0.460061919504644 0.7702380952380953 0.460061919504644 0.6190476190476191 0.4551083591331269 0.6107142857142858 0.4538699690402477 0.6095238095238096 0.43653250773993807 0.6095238095238096 
28 0.41671826625387 0.580952380952381 0.40619195046439627 0.6 0.40123839009287926 0.7238095238095238 0.40123839009287926 0.7607142857142857 0.40619195046439627 0.7690476190476191 0.40804953560371515 0.7702380952380953 0.4154798761609907 0.7702380952380953 0.42043343653250775 0.7607142857142857 0.42538699690402476 0.7404761904761905 0.43529411764705883 0.6916666666666667 0.44024767801857584 0.6261904761904762 0.44024767801857584 0.6023809523809524 0.43962848297213625 0.6 0.43529411764705883 0.5904761904761905 0.4297213622291022 0.580952380952381 0.41671826625387 0.580952380952381 
29 0.3764705882352941 0.5904761904761905 0.3721362229102167 0.6 0.3715170278637771 0.6023809523809524 0.36160990712074303 0.7238095238095238 0.36160990712074303 0.7607142857142857 0.3671826625386997 0.7702380952380953 0.3801857585139319 0.7702380952380953 0.3907120743034056 0.7511904761904762 0.4105263157894737 0.6535714285714286 0.4154798761609907 0.6083333333333333 0.4154798761609907 0.6 0.4105263157894737 0.5916666666666667 0.40743034055727556 0.5904761904761905 0.3764705882352941 0.5904761904761905 
30 0.32755417956656346 0.5714285714285714 0.3269349845201238 0.5726190476190476 0.3219814241486068 0.5833333333333334 0.31207430340557274 0.6952380952380952 0.31207430340557274 0.7321428571428571 0.3176470588235294 0.7416666666666667 0.3368421052631579 0.7511904761904762 0.3461300309597523 0.7511904761904762 0.3609907120743034 0.7226190476190476 0.37089783281733746 0.6833333333333333 0.37585139318885447 0.6630952380952381 0.38575851393188854 0.594047619047619 0.38575851393188854 0.580952380952381 0.3690402476780186 0.5714285714285714 0.32755417956656346 0.5714285714285714 
31 0.2773993808049536 0.5428571428571428 0.25758513931888544 0.6571428571428571 0.25758513931888544 0.7011904761904761 0.2582043343653251 0.7035714285714286 0.2773993808049536 0.7226190476190476 0.2891640866873065 0.7226190476190476 0.29102167182662536 0.7214285714285714 0.3015479876160991 0.7095238095238096 0.31640866873065016 0.6738095238095239 0.3263157894736842 0.6464285714285715 0.33622291021671824 0.5797619047619048 0.33622291021671824 0.5726190476190476 0.33126934984520123 0.5619047619047619 0.3256965944272446 0.5523809523809524 0.3058823529411765 0.5428571428571428 0.2773993808049536 0.5428571428571428 