4 0.3473684210526316 0.4 0.34674922600619196 0.4011904761904762 0.34674922600619196 0.5880952380952381 0.3523219814241486 0.5988095238095238 0.36594427244582045 0.5988095238095238 0.37585139318885447 0.5976190476190476 0.38080495356037153 0.5892857142857143 0.38080495356037153 0.5154761904761904 0.37585139318885447 0.4583333333333333 0.37089783281733746 0.41904761904761906 0.36594427244582045 0.4 0.3473684210526316 0.4 
7 0.4458204334365325 0.4095238095238095 0.4408668730650155 0.45 0.4408668730650155 0.5571428571428572 0.44148606811145513 0.5607142857142857 0.4458204334365325 0.5797619047619048 0.465015479876161 0.5797619047619048 0.469969040247678 0.5583333333333333 0.469969040247678 0.5154761904761904 0.465015479876161 0.4297619047619048 0.460061919504644 0.4095238095238095 0.4458204334365325 0.4095238095238095 
8 0.4773993808049536 0.4095238095238095 0.4761609907120743 0.4107142857142857 0.47058823529411764 0.41904761904761906 0.46563467492260063 0.42857142857142855 0.46068111455108357 0.5619047619047619 0.46068111455108357 0.6083333333333333 0.4662538699690402 0.6178571428571429 0.4934984520123839 0.6178571428571429 0.49473684210526314 0.6166666666666667 0.49473684210526314 0.5702380952380952 0.48978328173374613 0.4666666666666667 0.4848297213622291 0.4095238095238095 0.4773993808049536 0.4095238095238095 
9 0.5102167182662539 0.4095238095238095 0.5058823529411764 0.42023809523809524 0.5052631578947369 0.4226190476190476 0.5003095975232198 0.45714285714285713 0.4904024767801858 0.5904761904761905 0.4904024767801858 0.6071428571428571 0.4953560371517028 0.6178571428571429 0.5287925696594428 0.6178571428571429 0.5337461300309597 0.6083333333333333 0.5343653250773994 0.6059523809523809 0.5343653250773994 0.580952380952381 0.5244582043343653 0.42142857142857143 0.5238390092879257 0.41904761904761906 0.5188854489164086 0.4095238095238095 0.5102167182662539 0.4095238095238095 
10 0.534984520123839 0.42857142857142855 0.530030959752322 0.5261904761904762 0.530030959752322 0.5988095238095238 0.534984520123839 0.6083333333333333 0.5585139318885449 0.6083333333333333 0.5591331269349845 0.6071428571428571 0.5591331269349845 0.5178571428571429 0.5541795665634675 0.4666666666666667 0.5492260061919505 0.4297619047619048 0.5467492260061919 0.42857142857142855 0.534984520123839 0.42857142857142855 
11 0.5795665634674922 0.38095238095238093 0.5746130030959752 0.4 0.5696594427244582 0.42857142857142855 0.5647058823529412 0.4666666666666667 0.5547987616099072 0.5714285714285714 0.5547987616099072 0.5785714285714286 0.5647058823529412 0.6166666666666667 0.5653250773993808 0.6178571428571429 0.5931888544891641 0.6178571428571429 0.5938080495356037 0.6154761904761905 0.5938080495356037 0.4 0.5888544891640867 0.3821428571428571 0.5882352941176471 0.38095238095238093 0.5795665634674922 0.38095238095238093 
12 0.5944272445820433 0.4095238095238095 0.590092879256966 0.41904761904761906 0.5894736842105263 0.4226190476190476 0.5845201238390093 0.5369047619047619 0.5845201238390093 0.55 0.5894736842105263 0.594047619047619 0.590092879256966 0.5988095238095238 0.5993808049535604 0.6178571428571429 0.6185758513931888 0.6178571428571429 0.6229102167182663 0.6083333333333333 0.6235294117647059 0.6059523809523809 0.6235294117647059 0.5654761904761905 0.6136222910216719 0.45714285714285713 0.6086687306501548 0.41904761904761906 0.6037151702786377 0.4107142857142857 0.6024767801857586 0.4095238095238095 0.5944272445820433 0.4095238095238095 
14 0.6489164086687307 0.4380952380952381 0.6439628482972136 0.44761904761904764 0.6390092879256966 0.47619047619047616 0.6291021671826625 0.5714285714285714 0.6291021671826625 0.6083333333333333 0.6396284829721363 0.6273809523809524 0.6730650154798762 0.6273809523809524 0.6780185758513931 0.6178571428571429 0.6780185758513931 0.4666666666666667 0.6631578947368421 0.4380952380952381 0.6489164086687307 0.4380952380952381 
15 0.6817337461300309 0.42857142857142855 0.6786377708978328 0.43214285714285716 0.6736842105263158 0.4380952380952381 0.6736842105263158 0.6166666666666667 0.6835913312693499 0.6273809523809524 0.7021671826625387 0.6273809523809524 0.7170278637770898 0.6178571428571429 0.7219814241486068 0.6083333333333333 0.7226006191950465 0.6047619047619047 0.7226006191950465 0.5630952380952381 0.7170278637770898 0.4857142857142857 0.7126934984520124 0.4583333333333333 0.7120743034055728 0.45714285714285713 0.6879256965944273 0.43214285714285716 0.6829721362229102 0.42857142857142855 0.6817337461300309 0.42857142857142855 
16 0.7287925696594427 0.3904761904761905 0.7232198142414861 0.4 0.7188854489164087 0.4095238095238095 0.718266253869969 0.4119047619047619 0.713312693498452 0.4869047619047619 0.713312693498452 0.569047619047619 0.718266253869969 0.5892857142857143 0.7374613003095976 0.5892857142857143 0.7510835913312693 0.5797619047619048 0.7523219814241486 0.5785714285714286 0.756656346749226 0.5702380952380952 0.7572755417956656 0.5678571428571428 0.7572755417956656 0.5642857142857143 0.7424148606811145 0.4035714285714286 0.7417956656346749 0.4 0.7368421052631579 0.3904761904761905 0.7287925696594427 0.3904761904761905 
20 0.6 0.6095238095238096 0.5944272445820433 0.6202380952380953 0.5944272445820433 0.6654761904761904 0.6043343653250774 0.7226190476190476 0.6092879256965944 0.75 0.6191950464396285 0.7773809523809524 0.6204334365325077 0.7797619047619048 0.6340557275541796 0.7976190476190477 0.6352941176470588 0.7988095238095239 0.6452012383900929 0.8071428571428572 0.648297213622291 0.8071428571428572 0.6526315789473685 0.7988095238095239 0.653250773993808 0.7964285714285714 0.653250773993808 0.7714285714285715 0.628482972136223 0.6285714285714286 0.6185758513931888 0.6107142857142858 0.6167182662538699 0.6095238095238096 0.6 0.6095238095238096 
21 0.5746130030959752 0.6095238095238096 0.5647058823529412 0.6297619047619047 0.5647058823529412 0.6654761904761904 0.5696594427244582 0.7416666666666667 0.5746130030959752 0.7785714285714286 0.5795665634674922 0.7976190476190477 0.5808049535603715 0.7988095238095239 0.5845201238390093 0.7988095238095239 0.5888544891640867 0.7976190476190477 0.5938080495356037 0.7880952380952381 0.5987616099071208 0.7702380952380953 0.5987616099071208 0.6297619047619047 0.5938080495356037 0.6202380952380953 0.58328173374613 0.6107142857142858 0.5814241486068111 0.6095238095238096 0.5746130030959752 0.6095238095238096 
22 0.544891640866873 0.6190476190476191 0.5399380804953561 0.6285714285714286 0.5399380804953561 0.694047619047619 0.544891640866873 0.7797619047619048 0.5504643962848297 0.7988095238095239 0.5547987616099072 0.8083333333333333 0.5640866873065016 0.8083333333333333 0.5690402476780185 0.7988095238095239 0.5739938080495356 0.725 0.5739938080495356 0.7047619047619048 0.5690402476780185 0.638095238095238 0.5640866873065016 0.6214285714285714 0.5634674922600619 0.6202380952380953 0.5622291021671827 0.6190476190476191 0.544891640866873 0.6190476190476191 
23 0.5157894736842106 0.6190476190476191 0.5151702786377709 0.6202380952380953 0.5151702786377709 0.75 0.5201238390092879 0.7607142857142857 0.5294117647058824 0.7607142857142857 0.5343653250773994 0.7511904761904762 0.5393188854489164 0.7321428571428571 0.5442724458204334 0.675 0.5442724458204334 0.6285714285714286 0.5393188854489164 0.6190476190476191 0.5157894736842106 0.6190476190476191 
24 0.4953560371517028 0.6285714285714286 0.4953560371517028 0.6916666666666667 0.5003095975232198 0.7321428571428571 0.5052631578947369 0.7404761904761905 0.5065015479876162 0.7416666666666667 0.5120743034055728 0.7416666666666667 0.5145510835913313 0.7404761904761905 0.5195046439628483 0.7321428571428571 0.5244582043343653 0.6630952380952381 0.5244582043343653 0.6476190476190476 0.5188854489164086 0.6285714285714286 0.4953560371517028 0.6285714285714286 
25 0.4718266253869969 0.6285714285714286 0.47058823529411764 0.6297619047619047 0.47058823529411764 0.6535714285714286 0.4804953560371517 0.7416666666666667 0.49473684210526314 0.7416666666666667 0.49473684210526314 0.6297619047619047 0.49411764705882355 0.6285714285714286 0.4718266253869969 0.6285714285714286 
26 0.4520123839009288 0.6285714285714286 0.45077399380804956 0.6309523809523809 0.45077399380804956 0.6642857142857143 0.45572755417956656 0.7035714285714286 0.46068111455108357 0.7416666666666667 0.4662538699690402 0.7511904761904762 0.4786377708978328 0.7511904761904762 0.47987616099071206 0.75 0.47987616099071206 0.6702380952380952 0.47492260061919506 0.6285714285714286 0.4520123839009288 0.6285714285714286 
27 0.4260061919504644 0.6190476190476191 0.42105263157894735 0.638095238095238 0.42105263157894735 0.7011904761904761 0.4260061919504644 0.7797619047619048 0.4309597523219814 0.7892857142857143 0.44458204334365325 0.7892857142857143 0.4452012383900929 0.7869047619047619 0.4501547987616099 0.7392857142857143 0.4551083591331269 0.675 0.4551083591331269 0.6392857142857142 0.4501547987616099 0.6190476190476191 0.4260061919504644 0.6190476190476191 
28 0.4018575851393189 0.6095238095238096 0.3913312693498452 0.6202380952380953 0.3913312693498452 0.6833333333333333 0.39628482972136225 0.7892857142857143 0.40123839009287926 0.7988095238095239 0.40990712074303404 0.7988095238095239 0.4148606811145511 0.7892857142857143 0.4154798761609907 0.7869047619047619 0.42043343653250775 0.7488095238095238 0.42538699690402476 0.7011904761904761 0.42538699690402476 0.6321428571428571 0.4247678018575851 0.6285714285714286 0.4154798761609907 0.6095238095238096 0.4018575851393189 0.6095238095238096 
29 0.3764705882352941 0.6095238095238096 0.3622291021671827 0.6190476190476191 0.36160990712074303 0.6202380952380953 0.356656346749226 0.7535714285714286 0.356656346749226 0.8071428571428572 0.3572755417956656 0.8083333333333333 0.3690402476780186 0.8083333333333333 0.37089783281733746 0.8071428571428572 0.38080495356037153 0.7880952380952381 0.3907120743034056 0.7511904761904762 0.3956656346749226 0.6976190476190476 0.4006191950464396 0.6261904761904762 0.4006191950464396 0.6107142857142858 0.3993808049535604 0.6095238095238096 0.3764705882352941 0.6095238095238096 
31 0.23777089783281732 0.5523809523809524 0.18328173374613002 0.6202380952380953 0.178328173374613 0.6285714285714286 0.178328173374613 0.6452380952380953 0.18823529411764706 0.6833333333333333 0.19009287925696594 0.6845238095238095 0.23157894736842105 0.6845238095238095 0.2718266253869969 0.655952380952381 0.28173374613003094 0.6357142857142857 0.28173374613003094 0.6 0.2718266253869969 0.5714285714285714 0.26625386996904027 0.5619047619047619 0.26191950464396285 0.555952380952381 0.25696594427244585 0.5523809523809524 0.23777089783281732 0.5523809523809524 