2 0.30712074303405573 0.3904761904761905 0.30712074303405573 0.4738095238095238 0.3077399380804954 0.475 0.3269349845201238 0.49404761904761907 0.3411764705882353 0.49404761904761907 0.3411764705882353 0.4488095238095238 0.33622291021671824 0.42023809523809524 0.3256965944272446 0.4 0.31640866873065016 0.3904761904761905 0.30712074303405573 0.3904761904761905 
3 0.3492260061919505 0.3619047619047619 0.34674922600619196 0.3630952380952381 0.34179566563467495 0.3726190476190476 0.3368421052631579 0.49523809523809526 0.3368421052631579 0.5380952380952381 0.33746130030959753 0.5416666666666666 0.34179566563467495 0.5511904761904762 0.39009287925696595 0.5511904761904762 0.3907120743034056 0.55 0.3907120743034056 0.4976190476190476 0.38080495356037153 0.41904761904761906 0.37585139318885447 0.39285714285714285 0.37089783281733746 0.37142857142857144 0.3609907120743034 0.3630952380952381 0.3591331269349845 0.3619047619047619 0.3492260061919505 0.3619047619047619 
4 0.38204334365325077 0.3523809523809524 0.3814241486068111 0.3535714285714286 0.3814241486068111 0.5023809523809524 0.3863777089783282 0.5369047619047619 0.38699690402476783 0.5404761904761904 0.39195046439628484 0.5511904761904762 0.4154798761609907 0.5511904761904762 0.42043343653250775 0.5416666666666666 0.42043343653250775 0.4857142857142857 0.4006191950464396 0.38095238095238093 0.3956656346749226 0.3619047619047619 0.39009287925696595 0.3523809523809524 0.38204334365325077 0.3523809523809524 
5 0.40123839009287926 0.3523809523809524 0.40123839009287926 0.4452380952380952 0.41114551083591333 0.5511904761904762 0.41857585139318887 0.5607142857142857 0.4346749226006192 0.5607142857142857 0.4452012383900929 0.5416666666666666 0.4501547987616099 0.5321428571428571 0.4501547987616099 0.49523809523809526 0.4452012383900929 0.46785714285714286 0.43529411764705883 0.42857142857142855 0.4148606811145511 0.3619047619047619 0.40990712074303404 0.3523809523809524 0.40123839009287926 0.3523809523809524 
6 0.4359133126934985 0.3333333333333333 0.4309597523219814 0.34285714285714286 0.4309597523219814 0.45595238095238094 0.4359133126934985 0.5511904761904762 0.44148606811145513 0.5607142857142857 0.460061919504644 0.5607142857142857 0.465015479876161 0.5511904761904762 0.465015479876161 0.47619047619047616 0.4551083591331269 0.39166666666666666 0.4501547987616099 0.3523809523809524 0.4452012383900929 0.3345238095238095 0.44458204334365325 0.3333333333333333 0.4359133126934985 0.3333333333333333 
7 0.46687306501547987 0.38095238095238093 0.46563467492260063 0.3821428571428571 0.46068111455108357 0.4869047619047619 0.46068111455108357 0.530952380952381 0.46563467492260063 0.55 0.4712074303405573 0.5607142857142857 0.48297213622291024 0.5607142857142857 0.4848297213622291 0.5595238095238095 0.48978328173374613 0.5511904761904762 0.48978328173374613 0.4857142857142857 0.4848297213622291 0.4011904761904762 0.47987616099071206 0.38095238095238093 0.46687306501547987 0.38095238095238093 
8 0.48606811145510836 0.3523809523809524 0.4854489164086687 0.3535714285714286 0.4804953560371517 0.46785714285714286 0.4804953560371517 0.49404761904761907 0.4854489164086687 0.5571428571428572 0.48606811145510836 0.5595238095238095 0.486687306501548 0.5607142857142857 0.5095975232198142 0.5607142857142857 0.5095975232198142 0.44761904761904764 0.4996904024767802 0.3619047619047619 0.49411764705882355 0.3535714285714286 0.49226006191950467 0.3523809523809524 0.48606811145510836 0.3523809523809524 
9 0.5108359133126935 0.3523809523809524 0.5052631578947369 0.3619047619047619 0.5052631578947369 0.5595238095238095 0.5058823529411764 0.5607142857142857 0.5386996904024768 0.5607142857142857 0.5393188854489164 0.555952380952381 0.5393188854489164 0.525 0.5294117647058824 0.37142857142857144 0.5238390092879257 0.3523809523809524 0.5108359133126935 0.3523809523809524 
11 0.5702786377708978 0.3333333333333333 0.5647058823529412 0.34404761904761905 0.5597523219814241 0.36428571428571427 0.5547987616099072 0.4773809523809524 0.5547987616099072 0.513095238095238 0.5603715170278638 0.5321428571428571 0.5647058823529412 0.5416666666666666 0.5814241486068111 0.5416666666666666 0.5826625386996904 0.5404761904761904 0.5839009287925696 0.5380952380952381 0.5888544891640867 0.5226190476190476 0.5888544891640867 0.4869047619047619 0.5839009287925696 0.3333333333333333 0.5702786377708978 0.3333333333333333 
12 0.595046439628483 0.3523809523809524 0.5795665634674922 0.3821428571428571 0.5746130030959752 0.5345238095238095 0.5746130030959752 0.5404761904761904 0.5758513931888545 0.5416666666666666 0.5907120743034056 0.5511904761904762 0.6080495356037152 0.5511904761904762 0.6086687306501548 0.55 0.6136222910216719 0.49404761904761907 0.6185758513931888 0.43452380952380953 0.6185758513931888 0.36904761904761907 0.6136222910216719 0.3535714285714286 0.611764705882353 0.3523809523809524 0.595046439628483 0.3523809523809524 
13 0.6198142414860681 0.3619047619047619 0.6142414860681115 0.37142857142857144 0.6043343653250774 0.4857142857142857 0.5993808049535604 0.5464285714285714 0.5993808049535604 0.55 0.6043343653250774 0.5607142857142857 0.6272445820433437 0.5607142857142857 0.638390092879257 0.5511904761904762 0.643343653250774 0.3892857142857143 0.643343653250774 0.36547619047619045 0.6427244582043343 0.3619047619047619 0.6198142414860681 0.3619047619047619 
14 0.6439628482972136 0.4380952380952381 0.6340557275541796 0.44761904761904764 0.6291021671826625 0.45714285714285713 0.6291021671826625 0.48333333333333334 0.6340557275541796 0.5035714285714286 0.6390092879256966 0.5119047619047619 0.6427244582043343 0.513095238095238 0.648297213622291 0.513095238095238 0.653250773993808 0.5011904761904762 0.6582043343653251 0.48214285714285715 0.6582043343653251 0.4488095238095238 0.6526315789473685 0.4380952380952381 0.6439628482972136 0.4380952380952381 
15 0.7046439628482972 0.38095238095238093 0.7034055727554179 0.3821428571428571 0.698452012383901 0.3904761904761905 0.6934984520123839 0.4 0.6835913312693499 0.4380952380952381 0.6786377708978328 0.5071428571428571 0.6786377708978328 0.55 0.6792569659442724 0.5511904761904762 0.6885448916408669 0.5607142857142857 0.698452012383901 0.5702380952380952 0.7102167182662539 0.5702380952380952 0.7126934984520124 0.569047619047619 0.7275541795665634 0.5595238095238095 0.7325077399380805 0.55 0.7325077399380805 0.5047619047619047 0.7226006191950465 0.3821428571428571 0.7219814241486068 0.38095238095238093 0.7046439628482972 0.38095238095238093 
21 0.5696594427244582 0.5333333333333333 0.5696594427244582 0.5797619047619048 0.5795665634674922 0.655952380952381 0.5851393188854489 0.6845238095238095 0.5894736842105263 0.694047619047619 0.5987616099071208 0.694047619047619 0.5987616099071208 0.544047619047619 0.5938080495356037 0.5345238095238095 0.5925696594427244 0.5333333333333333 0.5696594427244582 0.5333333333333333 
22 0.5504643962848297 0.5047619047619047 0.544891640866873 0.5142857142857142 0.544891640866873 0.6273809523809524 0.5498452012383901 0.6845238095238095 0.5547987616099072 0.7095238095238096 0.5597523219814241 0.7309523809523809 0.5622291021671827 0.7321428571428571 0.573374613003096 0.7321428571428571 0.5739938080495356 0.7297619047619047 0.5739938080495356 0.5821428571428572 0.5690402476780185 0.5261904761904762 0.5640866873065016 0.5047619047619047 0.5504643962848297 0.5047619047619047 
27 0.4613003095975232 0.5142857142857142 0.46068111455108357 0.5154761904761904 0.4458204334365325 0.5523809523809524 0.4408668730650155 0.5904761904761905 0.4408668730650155 0.7107142857142857 0.4458204334365325 0.7214285714285714 0.44891640866873067 0.7226190476190476 0.46377708978328175 0.7226190476190476 0.465015479876161 0.7214285714285714 0.469969040247678 0.7119047619047619 0.47492260061919506 0.6892857142857143 0.47987616099071206 0.6273809523809524 0.47987616099071206 0.5535714285714286 0.4693498452012384 0.5238095238095238 0.465015479876161 0.5142857142857142 0.4613003095975232 0.5142857142857142 