1 0.26377708978328174 0.3142857142857143 0.2625386996904025 0.31666666666666665 0.25758513931888544 0.3761904761904762 0.25758513931888544 0.4166666666666667 0.2674922600619195 0.42738095238095236 0.2873065015479876 0.44642857142857145 0.2953560371517028 0.44642857142857145 0.30092879256965943 0.4357142857142857 0.31145510835913315 0.39880952380952384 0.31145510835913315 0.3523809523809524 0.3015479876160991 0.3238095238095238 0.29040247678018577 0.3142857142857143 0.26377708978328174 0.3142857142857143 
2 0.3077399380804954 0.37142857142857144 0.30712074303405573 0.3726190476190476 0.27801857585139317 0.47619047619047616 0.2773993808049536 0.4785714285714286 0.2773993808049536 0.5226190476190476 0.28297213622291023 0.5321428571428571 0.3027863777089783 0.5511904761904762 0.3201238390092879 0.5511904761904762 0.32136222910216716 0.5488095238095239 0.3263157894736842 0.5226190476190476 0.3263157894736842 0.375 0.3256965944272446 0.37142857142857144 0.3077399380804954 0.37142857142857144 
3 0.3572755417956656 0.4095238095238095 0.3269349845201238 0.41904761904761906 0.3170278637770898 0.5166666666666667 0.3170278637770898 0.5416666666666666 0.32260061919504646 0.5607142857142857 0.3368421052631579 0.5702380952380952 0.35975232198142415 0.5702380952380952 0.3702786377708978 0.5511904761904762 0.37089783281733746 0.5476190476190477 0.37089783281733746 0.5011904761904762 0.36594427244582045 0.4392857142857143 0.3609907120743034 0.4095238095238095 0.3572755417956656 0.4095238095238095 
4 0.3671826625386997 0.4095238095238095 0.36656346749226004 0.4119047619047619 0.36160990712074303 0.5488095238095239 0.36160990712074303 0.5797619047619048 0.36656346749226004 0.5892857142857143 0.38575851393188854 0.5892857142857143 0.39009287925696595 0.5797619047619048 0.3907120743034056 0.5773809523809523 0.3907120743034056 0.5 0.38080495356037153 0.4095238095238095 0.3671826625386997 0.4095238095238095 
5 0.39628482972136225 0.4095238095238095 0.3913312693498452 0.42023809523809524 0.3863777089783282 0.47619047619047616 0.3863777089783282 0.5857142857142857 0.3876160990712074 0.5892857142857143 0.3913312693498452 0.5988095238095238 0.4105263157894737 0.5988095238095238 0.42043343653250775 0.5797619047619048 0.42043343653250775 0.5083333333333333 0.4154798761609907 0.4666666666666667 0.40990712074303404 0.4380952380952381 0.4055727554179567 0.41904761904761906 0.40309597523219814 0.4095238095238095 0.39628482972136225 0.4095238095238095 
6 0.4136222910216718 0.3619047619047619 0.41238390092879257 0.3630952380952381 0.41114551083591333 0.36547619047619045 0.40619195046439627 0.45714285714285713 0.40619195046439627 0.475 0.41609907120743034 0.5988095238095238 0.4260061919504644 0.6083333333333333 0.43529411764705883 0.6083333333333333 0.4452012383900929 0.5892857142857143 0.4452012383900929 0.525 0.43529411764705883 0.42857142857142855 0.42538699690402476 0.3726190476190476 0.42043343653250775 0.3630952380952381 0.41857585139318887 0.3619047619047619 0.4136222910216718 0.3619047619047619 
7 0.4458204334365325 0.4 0.44148606811145513 0.4642857142857143 0.4408668730650155 0.4773809523809524 0.4408668730650155 0.5892857142857143 0.4458204334365325 0.5988095238095238 0.4588235294117647 0.5988095238095238 0.469969040247678 0.5892857142857143 0.469969040247678 0.5154761904761904 0.465015479876161 0.4392857142857143 0.460061919504644 0.4011904761904762 0.4582043343653251 0.4 0.4458204334365325 0.4 
8 0.4761609907120743 0.4095238095238095 0.47554179566563465 0.4107142857142857 0.4718266253869969 0.42857142857142855 0.47058823529411764 0.4357142857142857 0.46563467492260063 0.4857142857142857 0.46563467492260063 0.5857142857142857 0.4662538699690402 0.5916666666666667 0.4681114551083591 0.5988095238095238 0.4996904024767802 0.5988095238095238 0.5046439628482973 0.5892857142857143 0.5046439628482973 0.4583333333333333 0.49473684210526314 0.41904761904761906 0.48978328173374613 0.4107142857142857 0.48792569659442725 0.4095238095238095 0.4761609907120743 0.4095238095238095 
9 0.5157894736842106 0.4 0.5102167182662539 0.41904761904761906 0.5003095975232198 0.5178571428571429 0.5003095975232198 0.5892857142857143 0.5058823529411764 0.5988095238095238 0.5287925696594428 0.5988095238095238 0.5386996904024768 0.5892857142857143 0.5393188854489164 0.5880952380952381 0.5393188854489164 0.44761904761904764 0.5343653250773994 0.42142857142857143 0.5294117647058824 0.4011904761904762 0.5287925696594428 0.4 0.5157894736842106 0.4 
10 0.544891640866873 0.4095238095238095 0.5399380804953561 0.42023809523809524 0.534984520123839 0.48928571428571427 0.534984520123839 0.5880952380952381 0.5461300309597523 0.5988095238095238 0.5585139318885449 0.5988095238095238 0.5640866873065016 0.5892857142857143 0.5640866873065016 0.5083333333333333 0.5591331269349845 0.42142857142857143 0.5585139318885449 0.41904761904761906 0.5541795665634675 0.4095238095238095 0.544891640866873 0.4095238095238095 
11 0.5894736842105263 0.3523809523809524 0.5845201238390093 0.3630952380952381 0.5696594427244582 0.44761904761904764 0.5597523219814241 0.5523809523809524 0.5597523219814241 0.5785714285714286 0.5696594427244582 0.6083333333333333 0.5882352941176471 0.6083333333333333 0.5938080495356037 0.5988095238095238 0.5987616099071208 0.5880952380952381 0.5987616099071208 0.3619047619047619 0.5931888544891641 0.3523809523809524 0.5894736842105263 0.3523809523809524 
12 0.6142414860681115 0.4 0.6043343653250774 0.41904761904761906 0.5993808049535604 0.4488095238095238 0.5944272445820433 0.48095238095238096 0.5944272445820433 0.5785714285714286 0.6043343653250774 0.5988095238095238 0.6185758513931888 0.5988095238095238 0.6235294117647059 0.5880952380952381 0.6235294117647059 0.4095238095238095 0.6179566563467492 0.4 0.6142414860681115 0.4 
13 0.6352941176470588 0.3904761904761905 0.6340557275541796 0.39166666666666666 0.6291021671826625 0.4 0.6241486068111455 0.4095238095238095 0.6191950464396285 0.47023809523809523 0.6191950464396285 0.5797619047619048 0.6297213622291021 0.5988095238095238 0.6365325077399381 0.5988095238095238 0.653250773993808 0.5892857142857143 0.653250773993808 0.5142857142857142 0.648297213622291 0.44761904761904764 0.643343653250774 0.4095238095238095 0.638390092879257 0.3904761904761905 0.6352941176470588 0.3904761904761905 
14 0.6538699690402476 0.37142857142857144 0.6489164086687307 0.4857142857142857 0.6489164086687307 0.555952380952381 0.6538699690402476 0.569047619047619 0.6551083591331269 0.5702380952380952 0.6922600619195046 0.5702380952380952 0.6978328173374613 0.5607142857142857 0.6978328173374613 0.5166666666666667 0.6829721362229102 0.42857142857142855 0.6773993808049535 0.4 0.6730650154798762 0.38095238095238093 0.6681114551083591 0.3726190476190476 0.6668730650154798 0.37142857142857144 0.6538699690402476 0.37142857142857144 
15 0.6885448916408669 0.3523809523809524 0.6885448916408669 0.4654761904761905 0.6934984520123839 0.5416666666666666 0.6990712074303406 0.5511904761904762 0.7120743034055728 0.5511904761904762 0.7374613003095976 0.5321428571428571 0.7374613003095976 0.4773809523809524 0.7275541795665634 0.4011904761904762 0.7226006191950465 0.3904761904761905 0.7077399380804954 0.3619047619047619 0.7027863777089783 0.3547619047619048 0.7003095975232199 0.3523809523809524 0.6885448916408669 0.3523809523809524 
16 0.7095975232198143 0.3047619047619048 0.7034055727554179 0.3142857142857143 0.7034055727554179 0.36904761904761907 0.708359133126935 0.3892857142857143 0.7232198142414861 0.4261904761904762 0.7244582043343654 0.42738095238095236 0.746749226006192 0.42738095238095236 0.7622291021671826 0.39880952380952384 0.7622291021671826 0.35595238095238096 0.7572755417956656 0.34404761904761905 0.7523219814241486 0.3333333333333333 0.7374613003095976 0.3047619047619048 0.7095975232198143 0.3047619047619048 
17 0.7479876160990712 0.5619047619047619 0.7430340557275542 0.5714285714285714 0.7281733746130031 0.6107142857142858 0.7281733746130031 0.655952380952381 0.7331269349845201 0.6654761904761904 0.7430340557275542 0.675 0.7585139318885449 0.6845238095238095 0.7702786377708978 0.6845238095238095 0.7721362229102167 0.6833333333333333 0.7913312693498452 0.655952380952381 0.7919504643962848 0.6535714285714286 0.7919504643962848 0.6011904761904762 0.7863777089783281 0.580952380952381 0.7820433436532508 0.5714285714285714 0.7770897832817337 0.5619047619047619 0.7479876160990712 0.5619047619047619 
18 0.7040247678018576 0.5523809523809524 0.6786377708978328 0.5714285714285714 0.6687306501547987 0.580952380952381 0.6687306501547987 0.6083333333333333 0.6736842105263158 0.6273809523809524 0.6885448916408669 0.6738095238095239 0.708359133126935 0.7214285714285714 0.713312693498452 0.7309523809523809 0.7151702786377709 0.7321428571428571 0.7325077399380805 0.7321428571428571 0.7473684210526316 0.7214285714285714 0.7523219814241486 0.7119047619047619 0.7523219814241486 0.6773809523809524 0.7275541795665634 0.5642857142857143 0.7269349845201238 0.5619047619047619 0.7219814241486068 0.5523809523809524 0.7040247678018576 0.5523809523809524 
19 0.6464396284829721 0.5904761904761905 0.6191950464396285 0.6011904761904762 0.6191950464396285 0.6357142857142857 0.6241486068111455 0.675 0.6390092879256966 0.7511904761904762 0.6538699690402476 0.7797619047619048 0.6681114551083591 0.7797619047619048 0.6972136222910217 0.7607142857142857 0.7021671826625387 0.7511904761904762 0.7027863777089783 0.7488095238095238 0.7027863777089783 0.7333333333333333 0.6978328173374613 0.7071428571428572 0.6780185758513931 0.6095238095238096 0.6730650154798762 0.5904761904761905 0.6464396284829721 0.5904761904761905 
20 0.590092879256966 0.6 0.5845201238390093 0.6095238095238096 0.5845201238390093 0.6464285714285715 0.5993808049535604 0.7119047619047619 0.6043343653250774 0.7321428571428571 0.6191950464396285 0.7892857142857143 0.6334365325077399 0.7892857142857143 0.6334365325077399 0.7047619047619048 0.628482972136223 0.6297619047619047 0.6235294117647059 0.6107142857142858 0.6179566563467492 0.6 0.590092879256966 0.6 
21 0.5671826625386996 0.6095238095238096 0.5659442724458205 0.6107142857142858 0.5603715170278638 0.6190476190476191 0.5597523219814241 0.6202380952380953 0.5597523219814241 0.655952380952381 0.5845201238390093 0.7880952380952381 0.5857585139318885 0.7892857142857143 0.5981424148606811 0.7892857142857143 0.6030959752321982 0.7797619047619048 0.6037151702786377 0.7773809523809524 0.6037151702786377 0.7238095238095238 0.5987616099071208 0.6571428571428571 0.5888544891640867 0.6095238095238096 0.5671826625386996 0.6095238095238096 
22 0.5547987616099072 0.6095238095238096 0.544891640866873 0.6285714285714286 0.5399380804953561 0.6476190476190476 0.5399380804953561 0.6928571428571428 0.544891640866873 0.7892857142857143 0.5498452012383901 0.8083333333333333 0.5547987616099072 0.8178571428571428 0.5690402476780185 0.8178571428571428 0.5789473684210527 0.7607142857142857 0.5789473684210527 0.7523809523809524 0.5770897832817338 0.6952380952380952 0.5739938080495356 0.6678571428571428 0.5640866873065016 0.6095238095238096 0.5547987616099072 0.6095238095238096 
23 0.5207430340557275 0.6190476190476191 0.5201238390092879 0.6214285714285714 0.5201238390092879 0.7488095238095238 0.525077399380805 0.7690476190476191 0.5256965944272446 0.7702380952380953 0.5325077399380805 0.7702380952380953 0.5343653250773994 0.7690476190476191 0.5386996904024768 0.7607142857142857 0.5393188854489164 0.7571428571428571 0.5442724458204334 0.7119047619047619 0.5486068111455108 0.655952380952381 0.5492260061919505 0.6464285714285715 0.5492260061919505 0.6345238095238095 0.5479876160990712 0.6285714285714286 0.5442724458204334 0.6202380952380953 0.5436532507739938 0.6190476190476191 0.5207430340557275 0.6190476190476191 
24 0.5021671826625387 0.6190476190476191 0.5003095975232198 0.6202380952380953 0.4953560371517028 0.6297619047619047 0.4953560371517028 0.7119047619047619 0.5003095975232198 0.7416666666666667 0.5145510835913313 0.7416666666666667 0.5195046439628483 0.7321428571428571 0.5244582043343653 0.6821428571428572 0.5244582043343653 0.6297619047619047 0.5195046439628483 0.6190476190476191 0.5021671826625387 0.6190476190476191 
25 0.47554179566563465 0.6095238095238096 0.47554179566563465 0.7226190476190476 0.4804953560371517 0.7511904761904762 0.4854489164086687 0.7607142857142857 0.49473684210526314 0.7607142857142857 0.49907120743034056 0.7511904761904762 0.4996904024767802 0.7488095238095238 0.4996904024767802 0.6095238095238096 0.47554179566563465 0.6095238095238096 
26 0.45263157894736844 0.6285714285714286 0.45077399380804956 0.6297619047619047 0.45077399380804956 0.6726190476190477 0.46563467492260063 0.7607142857142857 0.47058823529411764 0.7702380952380953 0.4842105263157895 0.7702380952380953 0.4848297213622291 0.7690476190476191 0.4848297213622291 0.7142857142857143 0.47987616099071206 0.6309523809523809 0.4792569659442725 0.6285714285714286 0.45263157894736844 0.6285714285714286 
27 0.4359133126934985 0.6095238095238096 0.4309597523219814 0.6392857142857142 0.4260061919504644 0.6857142857142857 0.4260061919504644 0.7988095238095239 0.426625386996904 0.8083333333333333 0.44458204334365325 0.8083333333333333 0.4501547987616099 0.7988095238095239 0.4551083591331269 0.7797619047619048 0.460061919504644 0.7511904761904762 0.460061919504644 0.6285714285714286 0.4501547987616099 0.6095238095238096 0.4359133126934985 0.6095238095238096 
28 0.4018575851393189 0.6190476190476191 0.40123839009287926 0.6238095238095238 0.40123839009287926 0.7761904761904762 0.4018575851393189 0.7797619047619048 0.4068111455108359 0.7892857142857143 0.40990712074303404 0.7892857142857143 0.4154798761609907 0.7797619047619048 0.42043343653250775 0.7690476190476191 0.4297213622291022 0.7226190476190476 0.43529411764705883 0.694047619047619 0.43529411764705883 0.6202380952380953 0.4346749226006192 0.6190476190476191 0.4018575851393189 0.6190476190476191 
29 0.38204334365325077 0.6095238095238096 0.37708978328173376 0.6190476190476191 0.3764705882352941 0.6214285714285714 0.3715170278637771 0.6988095238095238 0.3715170278637771 0.7880952380952381 0.3721362229102167 0.7892857142857143 0.38080495356037153 0.7892857142857143 0.3956656346749226 0.7321428571428571 0.4055727554179567 0.6928571428571428 0.4105263157894737 0.6273809523809524 0.4105263157894737 0.6095238095238096 0.38204334365325077 0.6095238095238096 
30 0.3318885448916409 0.5904761904761905 0.30712074303405573 0.725 0.30712074303405573 0.7488095238095238 0.3077399380804954 0.7511904761904762 0.3126934984520124 0.7607142857142857 0.33746130030959753 0.7880952380952381 0.339938080495356 0.7892857142857143 0.3461300309597523 0.7892857142857143 0.3560371517027864 0.7702380952380953 0.3609907120743034 0.7595238095238095 0.3702786377708978 0.7321428571428571 0.37585139318885447 0.7119047619047619 0.38575851393188854 0.6273809523809524 0.38575851393188854 0.6023809523809524 0.3845201238390093 0.6 0.3690402476780186 0.5904761904761905 0.3318885448916409 0.5904761904761905 
31 0.2891640866873065 0.5523809523809524 0.2873065015479876 0.5535714285714286 0.2823529411764706 0.5619047619047619 0.2625386996904025 0.6761904761904762 0.2625386996904025 0.7035714285714286 0.2773993808049536 0.7226190476190476 0.29102167182662536 0.7226190476190476 0.3015479876160991 0.7035714285714286 0.33622291021671824 0.6369047619047619 0.3411764705882353 0.5952380952380952 0.3411764705882353 0.5714285714285714 0.3263157894736842 0.5619047619047619 0.3108359133126935 0.5523809523809524 0.2891640866873065 0.5523809523809524 
32 0.23839009287925697 0.5619047619047619 0.2284829721362229 0.5714285714285714 0.21795665634674924 0.6095238095238096 0.21795665634674924 0.6178571428571429 0.22291021671826625 0.6630952380952381 0.2235294117647059 0.6654761904761904 0.2284829721362229 0.675 0.23777089783281732 0.6845238095238095 0.2520123839009288 0.6845238095238095 0.2718266253869969 0.675 0.28173374613003094 0.655952380952381 0.28173374613003094 0.6095238095238096 0.27678018575851393 0.5821428571428572 0.25696594427244585 0.5630952380952381 0.25510835913312696 0.5619047619047619 0.23839009287925697 0.5619047619047619 