2 0.3219814241486068 0.42857142857142855 0.3027863777089783 0.4380952380952381 0.3021671826625387 0.4392857142857143 0.29721362229102166 0.45714285714285713 0.2823529411764706 0.5154761904761904 0.2823529411764706 0.5702380952380952 0.28792569659442724 0.5785714285714286 0.29721362229102166 0.5880952380952381 0.29845201238390096 0.5892857142857143 0.3256965944272446 0.5892857142857143 0.3263157894736842 0.5880952380952381 0.33126934984520123 0.5702380952380952 0.33622291021671824 0.5119047619047619 0.33622291021671824 0.4380952380952381 0.33126934984520123 0.42857142857142855 0.3219814241486068 0.42857142857142855 
3 0.33746130030959753 0.45714285714285713 0.3318885448916409 0.46785714285714286 0.3219814241486068 0.5630952380952381 0.3219814241486068 0.5964285714285714 0.3269349845201238 0.6166666666666667 0.3281733746130031 0.6178571428571429 0.34674922600619196 0.6273809523809524 0.3653250773993808 0.6273809523809524 0.3752321981424149 0.6083333333333333 0.37585139318885447 0.6059523809523809 0.37585139318885447 0.5630952380952381 0.37089783281733746 0.49523809523809526 0.3609907120743034 0.45714285714285713 0.33746130030959753 0.45714285714285713 
4 0.37708978328173376 0.41904761904761906 0.3764705882352941 0.42142857142857143 0.36656346749226004 0.6 0.36656346749226004 0.6178571428571429 0.3715170278637771 0.6369047619047619 0.3894736842105263 0.6369047619047619 0.3907120743034056 0.6357142857142857 0.4006191950464396 0.6166666666666667 0.4055727554179567 0.6059523809523809 0.4055727554179567 0.5714285714285714 0.4006191950464396 0.5047619047619047 0.3956656346749226 0.4666666666666667 0.3907120743034056 0.430952380952381 0.39009287925696595 0.42857142857142855 0.38575851393188854 0.41904761904761906 0.37708978328173376 0.41904761904761906 
5 0.40123839009287926 0.4666666666666667 0.3913312693498452 0.6166666666666667 0.3913312693498452 0.6238095238095238 0.3925696594427245 0.6273809523809524 0.39628482972136225 0.6357142857142857 0.3975232198142415 0.6369047619047619 0.4148606811145511 0.6369047619047619 0.43034055727554177 0.6273809523809524 0.43034055727554177 0.5619047619047619 0.42538699690402476 0.5333333333333333 0.42043343653250775 0.5142857142857142 0.40990712074303404 0.47619047619047616 0.4055727554179567 0.4666666666666667 0.40123839009287926 0.4666666666666667 
6 0.4260061919504644 0.42857142857142855 0.42105263157894735 0.5535714285714286 0.42105263157894735 0.569047619047619 0.4260061919504644 0.6166666666666667 0.426625386996904 0.6202380952380953 0.4284829721362229 0.6273809523809524 0.4501547987616099 0.6273809523809524 0.4551083591331269 0.6166666666666667 0.4551083591331269 0.5630952380952381 0.4501547987616099 0.47619047619047616 0.4452012383900929 0.4488095238095238 0.43529411764705883 0.42857142857142855 0.4260061919504644 0.42857142857142855 
7 0.4563467492260062 0.44761904761904764 0.45077399380804956 0.4583333333333333 0.45077399380804956 0.5892857142857143 0.45572755417956656 0.6178571428571429 0.4842105263157895 0.6178571428571429 0.4848297213622291 0.6154761904761905 0.4848297213622291 0.555952380952381 0.47987616099071206 0.5166666666666667 0.47492260061919506 0.48095238095238096 0.4743034055727554 0.4785714285714286 0.465015479876161 0.4488095238095238 0.46439628482972134 0.44761904761904764 0.4563467492260062 0.44761904761904764 
8 0.4854489164086687 0.4380952380952381 0.4804953560371517 0.4488095238095238 0.47554179566563465 0.5071428571428571 0.47554179566563465 0.5607142857142857 0.4804953560371517 0.6142857142857143 0.48111455108359136 0.6178571428571429 0.48978328173374613 0.6178571428571429 0.4996904024767802 0.6083333333333333 0.4996904024767802 0.46190476190476193 0.49907120743034056 0.45714285714285713 0.49473684210526314 0.4380952380952381 0.4854489164086687 0.4380952380952381 
9 0.5213622291021672 0.4380952380952381 0.5201238390092879 0.4392857142857143 0.5102167182662539 0.48095238095238096 0.5003095975232198 0.5428571428571428 0.4953560371517028 0.580952380952381 0.4953560371517028 0.5976190476190476 0.5003095975232198 0.6083333333333333 0.5164086687306502 0.6178571428571429 0.5294117647058824 0.6178571428571429 0.5343653250773994 0.6071428571428571 0.5343653250773994 0.4380952380952381 0.5213622291021672 0.4380952380952381 
10 0.544891640866873 0.44761904761904764 0.5399380804953561 0.46785714285714286 0.530030959752322 0.5535714285714286 0.530030959752322 0.6083333333333333 0.534984520123839 0.6178571428571429 0.5405572755417957 0.6273809523809524 0.5591331269349845 0.6273809523809524 0.5634674922600619 0.6178571428571429 0.5640866873065016 0.6154761904761905 0.5640866873065016 0.5714285714285714 0.5591331269349845 0.4488095238095238 0.5585139318885449 0.44761904761904764 0.544891640866873 0.44761904761904764 
11 0.5702786377708978 0.44761904761904764 0.5696594427244582 0.4488095238095238 0.5647058823529412 0.46785714285714286 0.5597523219814241 0.4880952380952381 0.5547987616099072 0.5428571428571428 0.5547987616099072 0.5761904761904761 0.5597523219814241 0.6166666666666667 0.5702786377708978 0.6369047619047619 0.5876160990712074 0.6369047619047619 0.5888544891640867 0.6357142857142857 0.5888544891640867 0.5059523809523809 0.5839009287925696 0.4666666666666667 0.5789473684210527 0.4488095238095238 0.578328173374613 0.44761904761904764 0.5702786377708978 0.44761904761904764 
12 0.5944272445820433 0.4666666666666667 0.5845201238390093 0.4857142857142857 0.5845201238390093 0.6130952380952381 0.5851393188854489 0.6178571428571429 0.5944272445820433 0.6273809523809524 0.6179566563467492 0.6273809523809524 0.6185758513931888 0.6261904761904762 0.6185758513931888 0.5880952380952381 0.6086687306501548 0.5047619047619047 0.6037151702786377 0.46904761904761905 0.6030959752321982 0.4666666666666667 0.5944272445820433 0.4666666666666667 
13 0.6198142414860681 0.42857142857142855 0.6142414860681115 0.4380952380952381 0.6092879256965944 0.44761904761904764 0.6043343653250774 0.5345238095238095 0.6043343653250774 0.5797619047619048 0.614860681114551 0.6083333333333333 0.6191950464396285 0.6178571428571429 0.638390092879257 0.6178571428571429 0.643343653250774 0.6083333333333333 0.643343653250774 0.5619047619047619 0.6334365325077399 0.4392857142857143 0.6328173374613003 0.4380952380952381 0.6272445820433437 0.42857142857142855 0.6198142414860681 0.42857142857142855 
15 0.6743034055727554 0.41904761904761906 0.6736842105263158 0.42023809523809524 0.6687306501547987 0.4380952380952381 0.6588235294117647 0.49523809523809526 0.6588235294117647 0.5785714285714286 0.6743034055727554 0.5988095238095238 0.6823529411764706 0.5988095238095238 0.7027863777089783 0.5892857142857143 0.7077399380804954 0.5857142857142857 0.7077399380804954 0.5261904761904762 0.6978328173374613 0.44761904761904764 0.6879256965944273 0.42142857142857143 0.686687306501548 0.41904761904761906 0.6743034055727554 0.41904761904761906 
16 0.7034055727554179 0.4095238095238095 0.6941176470588235 0.41904761904761906 0.6885448916408669 0.4392857142857143 0.6885448916408669 0.45595238095238094 0.6934984520123839 0.513095238095238 0.698452012383901 0.5321428571428571 0.7034055727554179 0.55 0.7046439628482972 0.5511904761904762 0.7374613003095976 0.5511904761904762 0.7424148606811145 0.5297619047619048 0.7424148606811145 0.4857142857142857 0.7226006191950465 0.4297619047619048 0.7126934984520124 0.4095238095238095 0.7034055727554179 0.4095238095238095 
17 0.7188854489164087 0.5428571428571428 0.7089783281733746 0.5523809523809524 0.6885448916408669 0.580952380952381 0.6885448916408669 0.6166666666666667 0.6934984520123839 0.6273809523809524 0.713312693498452 0.655952380952381 0.7430340557275542 0.675 0.7473684210526316 0.675 0.756656346749226 0.6654761904761904 0.7715170278637771 0.6369047619047619 0.7721362229102167 0.6333333333333333 0.7721362229102167 0.6285714285714286 0.7715170278637771 0.6190476190476191 0.7473684210526316 0.5714285714285714 0.7325077399380805 0.5428571428571428 0.7188854489164087 0.5428571428571428 
18 0.6743034055727554 0.5904761904761905 0.6538699690402476 0.6190476190476191 0.6495356037151703 0.6285714285714286 0.6489164086687307 0.6309523809523809 0.6489164086687307 0.6654761904761904 0.6643962848297214 0.6845238095238095 0.7034055727554179 0.7309523809523809 0.7077399380804954 0.7321428571428571 0.7275541795665634 0.7321428571428571 0.7368421052631579 0.7035714285714286 0.7374613003095976 0.7 0.7374613003095976 0.6797619047619048 0.7368421052631579 0.6761904761904762 0.7325077399380805 0.6571428571428571 0.7275541795665634 0.6476190476190476 0.6928792569659443 0.5904761904761905 0.6743034055727554 0.5904761904761905 
20 0.595046439628483 0.6190476190476191 0.5845201238390093 0.6285714285714286 0.5845201238390093 0.6523809523809524 0.5851393188854489 0.655952380952381 0.5894736842105263 0.675 0.6241486068111455 0.7761904761904762 0.6291021671826625 0.7785714285714286 0.6303405572755418 0.7785714285714286 0.638390092879257 0.7702380952380953 0.638390092879257 0.6892857142857143 0.6334365325077399 0.6583333333333333 0.628482972136223 0.6285714285714286 0.6235294117647059 0.6190476190476191 0.595046439628483 0.6190476190476191 
21 0.5696594427244582 0.6285714285714286 0.5647058823529412 0.638095238095238 0.5647058823529412 0.6845238095238095 0.5746130030959752 0.7583333333333333 0.5795665634674922 0.7880952380952381 0.5808049535603715 0.7892857142857143 0.5981424148606811 0.7892857142857143 0.5987616099071208 0.7880952380952381 0.5987616099071208 0.6666666666666666 0.5888544891640867 0.6285714285714286 0.5696594427244582 0.6285714285714286 
22 0.5510835913312694 0.6190476190476191 0.5399380804953561 0.6285714285714286 0.5399380804953561 0.7654761904761904 0.5405572755417957 0.7702380952380953 0.544891640866873 0.7964285714285714 0.5461300309597523 0.7988095238095239 0.5591331269349845 0.7988095238095239 0.5634674922600619 0.7892857142857143 0.5640866873065016 0.7857142857142857 0.5690402476780185 0.7321428571428571 0.5690402476780185 0.6297619047619047 0.5634674922600619 0.6190476190476191 0.5510835913312694 0.6190476190476191 
23 0.5201238390092879 0.6190476190476191 0.5151702786377709 0.6285714285714286 0.5151702786377709 0.655952380952381 0.525077399380805 0.7785714285714286 0.5256965944272446 0.7797619047619048 0.5343653250773994 0.7797619047619048 0.5393188854489164 0.7511904761904762 0.5442724458204334 0.694047619047619 0.5442724458204334 0.6285714285714286 0.5393188854489164 0.6190476190476191 0.5201238390092879 0.6190476190476191 
24 0.5052631578947369 0.6190476190476191 0.4953560371517028 0.6285714285714286 0.4953560371517028 0.6476190476190476 0.49597523219814244 0.655952380952381 0.5102167182662539 0.7702380952380953 0.5151702786377709 0.7797619047619048 0.5244582043343653 0.7797619047619048 0.5244582043343653 0.7142857142857143 0.5195046439628483 0.6190476190476191 0.5052631578947369 0.6190476190476191 
25 0.4804953560371517 0.6285714285714286 0.4804953560371517 0.6833333333333333 0.4904024767801858 0.7654761904761904 0.49102167182662537 0.7702380952380953 0.49597523219814244 0.7988095238095239 0.5015479876160991 0.7988095238095239 0.5046439628482973 0.7976190476190477 0.5095975232198142 0.7797619047619048 0.5095975232198142 0.7357142857142858 0.5046439628482973 0.6773809523809524 0.4996904024767802 0.6285714285714286 0.4804953560371517 0.6285714285714286 
26 0.4563467492260062 0.638095238095238 0.45572755417956656 0.6392857142857142 0.45572755417956656 0.6833333333333333 0.47058823529411764 0.7607142857142857 0.47554179566563465 0.7797619047619048 0.4804953560371517 0.7892857142857143 0.48978328173374613 0.7892857142857143 0.48978328173374613 0.7166666666666667 0.47987616099071206 0.638095238095238 0.4563467492260062 0.638095238095238 
27 0.4359133126934985 0.6285714285714286 0.4309597523219814 0.638095238095238 0.4309597523219814 0.7119047619047619 0.43653250773993807 0.7416666666666667 0.4408668730650155 0.7583333333333333 0.45572755417956656 0.7988095238095239 0.469969040247678 0.7988095238095239 0.469969040247678 0.7654761904761904 0.465015479876161 0.6952380952380952 0.460061919504644 0.6571428571428571 0.4544891640866873 0.638095238095238 0.44891640866873067 0.6285714285714286 0.4359133126934985 0.6285714285714286 
28 0.40619195046439627 0.638095238095238 0.39628482972136225 0.6488095238095238 0.39628482972136225 0.6726190476190477 0.40619195046439627 0.7785714285714286 0.41114551083591333 0.8071428571428572 0.4117647058823529 0.8083333333333333 0.42538699690402476 0.8083333333333333 0.43034055727554177 0.7880952380952381 0.43529411764705883 0.7130952380952381 0.43529411764705883 0.6476190476190476 0.43034055727554177 0.638095238095238 0.40619195046439627 0.638095238095238 
29 0.37275541795665634 0.6285714285714286 0.3715170278637771 0.6297619047619047 0.36160990712074303 0.6678571428571428 0.36160990712074303 0.7226190476190476 0.36656346749226004 0.8083333333333333 0.3715170278637771 0.8178571428571428 0.38080495356037153 0.8178571428571428 0.38575851393188854 0.8083333333333333 0.3956656346749226 0.7785714285714286 0.4006191950464396 0.7488095238095238 0.4055727554179567 0.6892857142857143 0.4055727554179567 0.6666666666666666 0.4 0.6476190476190476 0.38080495356037153 0.6285714285714286 0.37275541795665634 0.6285714285714286 
31 0.3126934984520124 0.6095238095238096 0.2773993808049536 0.6761904761904762 0.27306501547987616 0.6857142857142857 0.2724458204334365 0.6880952380952381 0.2724458204334365 0.7107142857142857 0.27306501547987616 0.7130952380952381 0.2873065015479876 0.75 0.2885448916408669 0.7511904761904762 0.3015479876160991 0.7511904761904762 0.3201238390092879 0.7416666666666667 0.32136222910216716 0.7404761904761905 0.33560371517027865 0.7226190476190476 0.3411764705882353 0.7130952380952381 0.3510835913312694 0.694047619047619 0.3560371517027864 0.6833333333333333 0.3609907120743034 0.6654761904761904 0.3609907120743034 0.6476190476190476 0.3560371517027864 0.6297619047619047 0.33622291021671824 0.6095238095238096 0.3126934984520124 0.6095238095238096 
32 0.27492260061919505 0.5619047619047619 0.2724458204334365 0.5630952380952381 0.2674922600619195 0.5714285714285714 0.2625386996904025 0.580952380952381 0.23839009287925697 0.6285714285714286 0.23405572755417955 0.638095238095238 0.23281733746130032 0.6416666666666667 0.23281733746130032 0.6464285714285715 0.2532507739938081 0.6845238095238095 0.27058823529411763 0.6845238095238095 0.28173374613003094 0.6738095238095239 0.3065015479876161 0.6452380952380953 0.31640866873065016 0.6261904761904762 0.31640866873065016 0.6011904761904762 0.3065015479876161 0.580952380952381 0.291640866873065 0.5630952380952381 0.29040247678018577 0.5619047619047619 0.27492260061919505 0.5619047619047619 