2 0.2773993808049536 0.38095238095238093 0.26811145510835915 0.3904761904761905 0.2674922600619195 0.39166666666666666 0.2674922600619195 0.5416666666666666 0.2724458204334365 0.5702380952380952 0.29411764705882354 0.5797619047619048 0.30526315789473685 0.5797619047619048 0.3108359133126935 0.5702380952380952 0.31145510835913315 0.569047619047619 0.31145510835913315 0.49523809523809526 0.291640866873065 0.4011904761904762 0.286687306501548 0.38095238095238093 0.2773993808049536 0.38095238095238093 
3 0.3077399380804954 0.45714285714285713 0.3021671826625387 0.4666666666666667 0.3021671826625387 0.5035714285714286 0.30712074303405573 0.5702380952380952 0.339938080495356 0.5702380952380952 0.3504643962848297 0.5607142857142857 0.3510835913312694 0.5595238095238095 0.3510835913312694 0.5261904761904762 0.3461300309597523 0.49523809523809526 0.3411764705882353 0.4666666666666667 0.33622291021671824 0.45714285714285713 0.3077399380804954 0.45714285714285713 
4 0.3368421052631579 0.3238095238095238 0.3318885448916409 0.4583333333333333 0.3318885448916409 0.475 0.3368421052631579 0.5023809523809524 0.34241486068111454 0.5321428571428571 0.34674922600619196 0.5511904761904762 0.3523219814241486 0.5607142857142857 0.3721362229102167 0.5607142857142857 0.37585139318885447 0.5595238095238095 0.3851393188854489 0.5416666666666666 0.38575851393188854 0.5392857142857143 0.38575851393188854 0.49523809523809526 0.3560371517027864 0.3261904761904762 0.35541795665634673 0.3238095238095238 0.3368421052631579 0.3238095238095238 
5 0.3628482972136223 0.3333333333333333 0.36160990712074303 0.3345238095238095 0.36160990712074303 0.3607142857142857 0.36656346749226004 0.4523809523809524 0.3715170278637771 0.48214285714285715 0.3814241486068111 0.5404761904761904 0.3863777089783282 0.5511904761904762 0.4006191950464396 0.5511904761904762 0.4105263157894737 0.5416666666666666 0.4154798761609907 0.5321428571428571 0.4154798761609907 0.44761904761904764 0.4105263157894737 0.4297619047619048 0.38080495356037153 0.3333333333333333 0.3628482972136223 0.3333333333333333 
6 0.4105263157894737 0.26666666666666666 0.40743034055727556 0.2702380952380952 0.40619195046439627 0.27380952380952384 0.40619195046439627 0.45476190476190476 0.41114551083591333 0.513095238095238 0.41609907120743034 0.5392857142857143 0.42105263157894735 0.5511904761904762 0.43529411764705883 0.5511904761904762 0.4452012383900929 0.5416666666666666 0.4452012383900929 0.4095238095238095 0.43034055727554177 0.3 0.42538699690402476 0.26666666666666666 0.4105263157894737 0.26666666666666666 
7 0.4520123839009288 0.3904761904761905 0.4408668730650155 0.4 0.4408668730650155 0.5119047619047619 0.4458204334365325 0.5321428571428571 0.469969040247678 0.5321428571428571 0.469969040247678 0.4 0.465015479876161 0.3904761904761905 0.4520123839009288 0.3904761904761905 
8 0.46563467492260063 0.3904761904761905 0.46563467492260063 0.5273809523809524 0.4662538699690402 0.5297619047619048 0.4681114551083591 0.5321428571428571 0.4996904024767802 0.5321428571428571 0.4996904024767802 0.3952380952380952 0.49907120743034056 0.39166666666666666 0.4984520123839009 0.3904761904761905 0.46563467492260063 0.3904761904761905 
9 0.49597523219814244 0.3904761904761905 0.4953560371517028 0.39166666666666666 0.4953560371517028 0.5226190476190476 0.5003095975232198 0.5321428571428571 0.5287925696594428 0.5321428571428571 0.5343653250773994 0.5214285714285715 0.5343653250773994 0.5178571428571429 0.5294117647058824 0.39166666666666666 0.5287925696594428 0.3904761904761905 0.49597523219814244 0.3904761904761905 
10 0.525077399380805 0.3904761904761905 0.525077399380805 0.513095238095238 0.5306501547987617 0.5226190476190476 0.5591331269349845 0.5226190476190476 0.5591331269349845 0.47023809523809523 0.5541795665634675 0.4023809523809524 0.5535603715170279 0.4 0.5436532507739938 0.3904761904761905 0.525077399380805 0.3904761904761905 
11 0.5504643962848297 0.26666666666666666 0.5498452012383901 0.26785714285714285 0.5498452012383901 0.4654761904761905 0.5547987616099072 0.5202380952380953 0.5597523219814241 0.5321428571428571 0.5876160990712074 0.5321428571428571 0.5888544891640867 0.530952380952381 0.5888544891640867 0.39166666666666666 0.5789473684210527 0.31547619047619047 0.5739938080495356 0.2869047619047619 0.5678018575851393 0.2702380952380952 0.5647058823529412 0.26666666666666666 0.5504643962848297 0.26666666666666666 
12 0.5993808049535604 0.2571428571428571 0.5944272445820433 0.26666666666666666 0.5845201238390093 0.42023809523809524 0.5845201238390093 0.5226190476190476 0.590092879256966 0.5321428571428571 0.6043343653250774 0.5404761904761904 0.6092879256965944 0.5416666666666666 0.6272445820433437 0.5416666666666666 0.628482972136223 0.5392857142857143 0.6328173374613003 0.5107142857142857 0.6334365325077399 0.5023809523809524 0.6334365325077399 0.4 0.628482972136223 0.3333333333333333 0.6235294117647059 0.29523809523809524 0.6185758513931888 0.25833333333333336 0.6179566563467492 0.2571428571428571 0.5993808049535604 0.2571428571428571 
13 0.6402476780185758 0.2761904761904762 0.6390092879256966 0.2773809523809524 0.6291021671826625 0.42857142857142855 0.6241486068111455 0.5047619047619047 0.6241486068111455 0.530952380952381 0.6247678018575852 0.5321428571428571 0.6489164086687307 0.5404761904761904 0.6526315789473685 0.5416666666666666 0.6563467492260062 0.5416666666666666 0.6582043343653251 0.5404761904761904 0.6631578947368421 0.530952380952381 0.6681114551083591 0.4654761904761905 0.6681114551083591 0.38095238095238093 0.6631578947368421 0.325 0.6582043343653251 0.2773809523809524 0.6575851393188854 0.2761904761904762 0.6402476780185758 0.2761904761904762 
14 0.6693498452012384 0.3142857142857143 0.6637770897832818 0.3357142857142857 0.6538699690402476 0.525 0.6538699690402476 0.5416666666666666 0.6922600619195046 0.5416666666666666 0.6928792569659443 0.5404761904761904 0.6972136222910217 0.5226190476190476 0.6978328173374613 0.513095238095238 0.6978328173374613 0.45714285714285713 0.6879256965944273 0.31785714285714284 0.6873065015479877 0.31547619047619047 0.686687306501548 0.3142857142857143 0.6693498452012384 0.3142857142857143 
15 0.698452012383901 0.29523809523809524 0.6885448916408669 0.4583333333333333 0.6885448916408669 0.530952380952381 0.6941176470588235 0.5416666666666666 0.7275541795665634 0.5416666666666666 0.7325077399380805 0.530952380952381 0.7325077399380805 0.4380952380952381 0.7275541795665634 0.3142857142857143 0.7226006191950465 0.29642857142857143 0.7219814241486068 0.29523809523809524 0.698452012383901 0.29523809523809524 
20 0.6198142414860681 0.5619047619047619 0.6191950464396285 0.5642857142857143 0.6191950464396285 0.6833333333333333 0.6241486068111455 0.7595238095238095 0.6297213622291021 0.7702380952380953 0.648297213622291 0.7702380952380953 0.6631578947368421 0.6928571428571428 0.6681114551083591 0.6452380952380953 0.6681114551083591 0.5726190476190476 0.6674922600619195 0.5714285714285714 0.6619195046439629 0.5619047619047619 0.6198142414860681 0.5619047619047619 
21 0.590092879256966 0.5619047619047619 0.5845201238390093 0.5714285714285714 0.5845201238390093 0.675 0.5944272445820433 0.7690476190476191 0.5993808049535604 0.7797619047619048 0.6123839009287926 0.7797619047619048 0.6136222910216719 0.7785714285714286 0.6235294117647059 0.6738095238095239 0.6235294117647059 0.5654761904761905 0.6185758513931888 0.5619047619047619 0.590092879256966 0.5619047619047619 
22 0.5597523219814241 0.5523809523809524 0.5547987616099072 0.5630952380952381 0.5547987616099072 0.675 0.5597523219814241 0.7869047619047619 0.5603715170278638 0.7892857142857143 0.5653250773993808 0.7988095238095239 0.578328173374613 0.7988095238095239 0.5839009287925696 0.7892857142857143 0.5938080495356037 0.6166666666666667 0.5938080495356037 0.5916666666666667 0.5888544891640867 0.5523809523809524 0.5597523219814241 0.5523809523809524 
23 0.530030959752322 0.5523809523809524 0.525077399380805 0.5642857142857143 0.525077399380805 0.675 0.5399380804953561 0.8083333333333333 0.5591331269349845 0.8083333333333333 0.5591331269349845 0.5714285714285714 0.5486068111455108 0.5523809523809524 0.530030959752322 0.5523809523809524 
24 0.5003095975232198 0.5619047619047619 0.5003095975232198 0.6464285714285715 0.5052631578947369 0.7011904761904761 0.5058823529411764 0.7035714285714286 0.5294117647058824 0.7035714285714286 0.5343653250773994 0.694047619047619 0.5343653250773994 0.6761904761904762 0.5294117647058824 0.5619047619047619 0.5003095975232198 0.5619047619047619 
25 0.4854489164086687 0.5619047619047619 0.4804953560371517 0.5714285714285714 0.47554179566563465 0.6130952380952381 0.47554179566563465 0.7023809523809523 0.4953560371517028 0.8273809523809523 0.5139318885448917 0.8273809523809523 0.5145510835913313 0.825 0.5145510835913313 0.7738095238095238 0.5095975232198142 0.6035714285714285 0.5046439628482973 0.5630952380952381 0.48978328173374613 0.5619047619047619 0.4854489164086687 0.5619047619047619 
26 0.45572755417956656 0.5714285714285714 0.45077399380804956 0.6095238095238096 0.45077399380804956 0.6964285714285714 0.45139318885448915 0.7023809523809523 0.4520123839009288 0.7035714285714286 0.47987616099071206 0.7035714285714286 0.4848297213622291 0.6178571428571429 0.4848297213622291 0.5714285714285714 0.45572755417956656 0.5714285714285714 
27 0.43157894736842106 0.5714285714285714 0.42105263157894735 0.580952380952381 0.41609907120743034 0.6488095238095238 0.41609907120743034 0.7130952380952381 0.4359133126934985 0.8178571428571428 0.4408668730650155 0.8273809523809523 0.4544891640866873 0.8273809523809523 0.460061919504644 0.8178571428571428 0.460061919504644 0.580952380952381 0.4551083591331269 0.5714285714285714 0.43157894736842106 0.5714285714285714 
28 0.3863777089783282 0.580952380952381 0.3863777089783282 0.7023809523809523 0.3913312693498452 0.7214285714285714 0.39195046439628484 0.7226190476190476 0.40123839009287926 0.7321428571428571 0.4154798761609907 0.7321428571428571 0.42538699690402476 0.7214285714285714 0.42538699690402476 0.580952380952381 0.3863777089783282 0.580952380952381 
29 0.36656346749226004 0.580952380952381 0.3572755417956656 0.5904761904761905 0.3523219814241486 0.6 0.35170278637770896 0.6023809523809524 0.35170278637770896 0.694047619047619 0.36160990712074303 0.7988095238095239 0.3739938080495356 0.7988095238095239 0.37585139318885447 0.7976190476190477 0.38080495356037153 0.7880952380952381 0.3907120743034056 0.7226190476190476 0.3907120743034056 0.5821428571428572 0.39009287925696595 0.580952380952381 0.36656346749226004 0.580952380952381 
30 0.3331269349845201 0.5904761904761905 0.3318885448916409 0.5916666666666667 0.3176470588235294 0.6095238095238096 0.3126934984520124 0.6190476190476191 0.31207430340557274 0.6285714285714286 0.31207430340557274 0.6738095238095239 0.3170278637770898 0.7119047619047619 0.3318885448916409 0.7880952380952381 0.33436532507739936 0.7892857142857143 0.3560371517027864 0.7892857142857143 0.3560371517027864 0.5904761904761905 0.3331269349845201 0.5904761904761905 