1 0.2235294117647059 0.24761904761904763 0.22291021671826625 0.25 0.22291021671826625 0.4083333333333333 0.23777089783281732 0.4369047619047619 0.2501547987616099 0.4369047619047619 0.2520123839009288 0.4357142857142857 0.25696594427244585 0.4261904761904762 0.2613003095975232 0.40714285714285714 0.26191950464396285 0.4035714285714286 0.26191950464396285 0.25833333333333336 0.2563467492260062 0.24761904761904763 0.2235294117647059 0.24761904761904763 
4 0.3269349845201238 0.2 0.3219814241486068 0.20952380952380953 0.3219814241486068 0.2726190476190476 0.3269349845201238 0.4654761904761905 0.3318885448916409 0.475 0.3609907120743034 0.475 0.36594427244582045 0.4654761904761905 0.36594427244582045 0.41309523809523807 0.3609907120743034 0.34285714285714286 0.3560371517027864 0.2761904761904762 0.3510835913312694 0.24047619047619048 0.3504643962848297 0.23809523809523808 0.3461300309597523 0.2226190476190476 0.3411764705882353 0.20952380952380953 0.33622291021671824 0.2011904761904762 0.334984520123839 0.2 0.3269349845201238 0.2 
5 0.3523219814241486 0.23809523809523808 0.35170278637770896 0.24047619047619048 0.35170278637770896 0.319047619047619 0.36160990712074303 0.4654761904761905 0.36656346749226004 0.475 0.3863777089783282 0.475 0.39504643962848296 0.4654761904761905 0.4 0.45595238095238094 0.4006191950464396 0.45357142857142857 0.4006191950464396 0.41904761904761906 0.3956656346749226 0.38095238095238093 0.3907120743034056 0.3535714285714286 0.37089783281733746 0.24761904761904763 0.36594427244582045 0.23809523809523808 0.3523219814241486 0.23809523809523808 
6 0.38204334365325077 0.19047619047619047 0.3814241486068111 0.19285714285714287 0.3814241486068111 0.2845238095238095 0.3913312693498452 0.4630952380952381 0.39195046439628484 0.4654761904761905 0.39690402476780184 0.4738095238095238 0.39814241486068114 0.475 0.42538699690402476 0.475 0.43034055727554177 0.444047619047619 0.43034055727554177 0.42023809523809524 0.4154798761609907 0.2785714285714286 0.4105263157894737 0.23809523809523808 0.40495356037151703 0.21904761904761905 0.4006191950464396 0.20952380952380953 0.38575851393188854 0.19166666666666668 0.3845201238390093 0.19047619047619047 0.38204334365325077 0.19047619047619047 
7 0.4260061919504644 0.26666666666666666 0.42105263157894735 0.4142857142857143 0.42105263157894735 0.42738095238095236 0.4260061919504644 0.4642857142857143 0.43157894736842106 0.4738095238095238 0.4340557275541796 0.475 0.45944272445820433 0.475 0.460061919504644 0.4726190476190476 0.460061919504644 0.4 0.4452012383900929 0.2761904761904762 0.44024767801857584 0.26666666666666666 0.4260061919504644 0.26666666666666666 
8 0.45139318885448915 0.23809523809523808 0.4458204334365325 0.2488095238095238 0.4458204334365325 0.2702380952380952 0.45077399380804956 0.4773809523809524 0.4520123839009288 0.48095238095238096 0.4551083591331269 0.4845238095238095 0.48978328173374613 0.4845238095238095 0.48978328173374613 0.3357142857142857 0.4848297213622291 0.3047619047619048 0.469969040247678 0.24761904761904763 0.465015479876161 0.23809523809523808 0.45139318885448915 0.23809523809523808 
9 0.5009287925696595 0.23809523809523808 0.4953560371517028 0.24761904761904763 0.4904024767801858 0.27976190476190477 0.4854489164086687 0.3142857142857143 0.4854489164086687 0.4630952380952381 0.49102167182662537 0.4845238095238095 0.5176470588235295 0.4845238095238095 0.5195046439628483 0.48214285714285715 0.5244582043343653 0.475 0.5244582043343653 0.4107142857142857 0.5195046439628483 0.305952380952381 0.5145510835913313 0.25952380952380955 0.5095975232198142 0.23809523809523808 0.5009287925696595 0.23809523809523808 
10 0.525077399380805 0.2761904761904762 0.5201238390092879 0.2869047619047619 0.5151702786377709 0.39285714285714285 0.5151702786377709 0.41309523809523807 0.5201238390092879 0.475 0.5492260061919505 0.475 0.5541795665634675 0.4654761904761905 0.5541795665634675 0.3904761904761905 0.5492260061919505 0.325 0.5442724458204334 0.29523809523809524 0.5393188854489164 0.2761904761904762 0.525077399380805 0.2761904761904762 
11 0.5808049535603715 0.19047619047619047 0.5795665634674922 0.19166666666666668 0.5746130030959752 0.2 0.5696594427244582 0.21904761904761905 0.5597523219814241 0.3142857142857143 0.5597523219814241 0.37857142857142856 0.5603715170278638 0.37976190476190474 0.5746130030959752 0.3892857142857143 0.5931888544891641 0.3892857142857143 0.5987616099071208 0.37857142857142856 0.5987616099071208 0.2988095238095238 0.5938080495356037 0.20476190476190476 0.5931888544891641 0.2011904761904762 0.5888544891640867 0.19047619047619047 0.5808049535603715 0.19047619047619047 
12 0.6191950464396285 0.22857142857142856 0.5944272445820433 0.31547619047619047 0.5696594427244582 0.42142857142857143 0.5696594427244582 0.4452380952380952 0.5746130030959752 0.45595238095238094 0.5894736842105263 0.475 0.6006191950464397 0.4845238095238095 0.6185758513931888 0.4845238095238095 0.6229102167182663 0.475 0.6235294117647059 0.4726190476190476 0.628482972136223 0.42738095238095236 0.638390092879257 0.3119047619047619 0.638390092879257 0.2571428571428571 0.6334365325077399 0.22976190476190475 0.6328173374613003 0.22857142857142856 0.6191950464396285 0.22857142857142856 
13 0.6489164086687307 0.21904761904761905 0.6439628482972136 0.23809523809523808 0.6390092879256966 0.25952380952380955 0.6340557275541796 0.2869047619047619 0.6291021671826625 0.31666666666666665 0.6241486068111455 0.3547619047619048 0.6191950464396285 0.41904761904761906 0.6191950464396285 0.4726190476190476 0.6198142414860681 0.475 0.6396284829721363 0.4845238095238095 0.6582043343653251 0.4845238095238095 0.6631578947368421 0.475 0.6681114551083591 0.30357142857142855 0.6681114551083591 0.21904761904761905 0.6489164086687307 0.21904761904761905 
15 0.7430340557275542 0.26666666666666666 0.7380804953560371 0.2761904761904762 0.7337461300309598 0.2857142857142857 0.7331269349845201 0.28809523809523807 0.7281733746130031 0.3333333333333333 0.7232198142414861 0.3821428571428571 0.7232198142414861 0.4369047619047619 0.7281733746130031 0.45476190476190476 0.7287925696594427 0.45595238095238094 0.7380804953560371 0.4654761904761905 0.7715170278637771 0.4654761904761905 0.7820433436532508 0.4452380952380952 0.7869969040247679 0.4154761904761905 0.7919504643962848 0.32976190476190476 0.7919504643962848 0.2869047619047619 0.7869969040247679 0.26904761904761904 0.7820433436532508 0.26666666666666666 0.7430340557275542 0.26666666666666666 
20 0.6012383900928793 0.47619047619047616 0.5993808049535604 0.4773809523809524 0.5993808049535604 0.569047619047619 0.6043343653250774 0.6071428571428571 0.6092879256965944 0.6357142857142857 0.6142414860681115 0.6619047619047619 0.6191950464396285 0.6845238095238095 0.6291021671826625 0.7023809523809523 0.6328173374613003 0.7035714285714286 0.6352941176470588 0.7035714285714286 0.638390092879257 0.7023809523809523 0.643343653250774 0.694047619047619 0.643343653250774 0.49523809523809526 0.638390092879257 0.4857142857142857 0.6130030959752322 0.47619047619047616 0.6012383900928793 0.47619047619047616 
21 0.5696594427244582 0.47619047619047616 0.5647058823529412 0.4857142857142857 0.5597523219814241 0.49642857142857144 0.5597523219814241 0.5321428571428571 0.5845201238390093 0.675 0.5894736842105263 0.6845238095238095 0.6012383900928793 0.6845238095238095 0.6037151702786377 0.6833333333333333 0.6086687306501548 0.675 0.6086687306501548 0.5619047619047619 0.6037151702786377 0.4880952380952381 0.6030959752321982 0.4857142857142857 0.5981424148606811 0.47619047619047616 0.5696594427244582 0.47619047619047616 
22 0.5405572755417957 0.4857142857142857 0.534984520123839 0.49642857142857144 0.530030959752322 0.525 0.530030959752322 0.5702380952380952 0.5399380804953561 0.6678571428571428 0.544891640866873 0.7023809523809523 0.5504643962848297 0.7226190476190476 0.5634674922600619 0.7226190476190476 0.5640866873065016 0.7214285714285714 0.5690402476780185 0.7035714285714286 0.5739938080495356 0.655952380952381 0.5739938080495356 0.5619047619047619 0.5690402476780185 0.4988095238095238 0.5684210526315789 0.49523809523809526 0.5640866873065016 0.4857142857142857 0.5405572755417957 0.4857142857142857 
23 0.5052631578947369 0.49523809523809526 0.5052631578947369 0.5702380952380952 0.5102167182662539 0.6773809523809524 0.5108359133126935 0.6845238095238095 0.5294117647058824 0.6845238095238095 0.5343653250773994 0.6642857142857143 0.5393188854489164 0.530952380952381 0.5393188854489164 0.49642857142857144 0.5386996904024768 0.49523809523809526 0.5052631578947369 0.49523809523809526 
24 0.4854489164086687 0.49523809523809526 0.4854489164086687 0.5678571428571428 0.4904024767801858 0.6654761904761904 0.4953560371517028 0.6833333333333333 0.49597523219814244 0.6845238095238095 0.5095975232198142 0.6845238095238095 0.5145510835913313 0.6333333333333333 0.5145510835913313 0.575 0.5095975232198142 0.49523809523809526 0.4854489164086687 0.49523809523809526 
25 0.4712074303405573 0.49523809523809526 0.47058823529411764 0.49642857142857144 0.46563467492260063 0.5238095238095238 0.46563467492260063 0.5976190476190476 0.47058823529411764 0.6547619047619048 0.47554179566563465 0.675 0.48359133126934983 0.675 0.4848297213622291 0.6738095238095239 0.48978328173374613 0.6166666666666667 0.48978328173374613 0.4988095238095238 0.4885448916408669 0.49523809523809526 0.4712074303405573 0.49523809523809526 
26 0.44643962848297214 0.49523809523809526 0.4458204334365325 0.49642857142857144 0.4408668730650155 0.594047619047619 0.4408668730650155 0.6178571428571429 0.4458204334365325 0.6833333333333333 0.44643962848297214 0.6845238095238095 0.460061919504644 0.6845238095238095 0.465015479876161 0.675 0.469969040247678 0.5797619047619048 0.469969040247678 0.49523809523809526 0.44643962848297214 0.49523809523809526 
27 0.41671826625387 0.47619047619047616 0.41114551083591333 0.4869047619047619 0.40619195046439627 0.6488095238095238 0.40619195046439627 0.7202380952380952 0.4068111455108359 0.7226190476190476 0.41114551083591333 0.7297619047619047 0.41609907120743034 0.7321428571428571 0.4198142414860681 0.7321428571428571 0.42043343653250775 0.7309523809523809 0.42538699690402476 0.7107142857142857 0.43529411764705883 0.655952380952381 0.43962848297213625 0.6273809523809524 0.44024767801857584 0.6226190476190476 0.4452012383900929 0.5607142857142857 0.4452012383900929 0.4773809523809524 0.44458204334365325 0.47619047619047616 0.41671826625387 0.47619047619047616 
28 0.3863777089783282 0.4666666666666667 0.3814241486068111 0.4773809523809524 0.3814241486068111 0.6642857142857143 0.38699690402476783 0.6845238095238095 0.39504643962848296 0.6845238095238095 0.4006191950464396 0.6738095238095239 0.4055727554179567 0.6452380952380953 0.4154798761609907 0.5273809523809524 0.4154798761609907 0.4797619047619048 0.4148606811145511 0.47619047619047616 0.4055727554179567 0.4666666666666667 0.3863777089783282 0.4666666666666667 
29 0.35170278637770896 0.47619047619047616 0.34674922600619196 0.4857142857142857 0.34674922600619196 0.694047619047619 0.36594427244582045 0.694047619047619 0.37089783281733746 0.6845238095238095 0.38575851393188854 0.5321428571428571 0.38575851393188854 0.47619047619047616 0.35170278637770896 0.47619047619047616 
32 0.22786377708978328 0.42857142857142855 0.22291021671826625 0.4392857142857143 0.1931888544891641 0.5238095238095238 0.1931888544891641 0.5607142857142857 0.21362229102167182 0.5892857142857143 0.22662538699690402 0.5892857142857143 0.2371517027863777 0.5797619047619048 0.24705882352941178 0.569047619047619 0.26191950464396285 0.5511904761904762 0.27678018575851393 0.5226190476190476 0.27678018575851393 0.47619047619047616 0.26191950464396285 0.44761904761904764 0.24148606811145512 0.42857142857142855 0.22786377708978328 0.42857142857142855 