2 0.29226006191950465 0.38095238095238093 0.2823529411764706 0.45 0.2773993808049536 0.4869047619047619 0.2773993808049536 0.4976190476190476 0.27801857585139317 0.5035714285714286 0.2823529411764706 0.513095238095238 0.3065015479876161 0.513095238095238 0.31145510835913315 0.5035714285714286 0.31145510835913315 0.4 0.3065015479876161 0.38333333333333336 0.3058823529411765 0.3821428571428571 0.3046439628482972 0.38095238095238093 0.29226006191950465 0.38095238095238093 
5 0.4117647058823529 0.3619047619047619 0.41114551083591333 0.3630952380952381 0.40619195046439627 0.3904761904761905 0.40619195046439627 0.530952380952381 0.40743034055727556 0.5321428571428571 0.4390092879256966 0.5321428571428571 0.4452012383900929 0.5226190476190476 0.4452012383900929 0.4666666666666667 0.43529411764705883 0.37142857142857144 0.4297213622291022 0.3619047619047619 0.4117647058823529 0.3619047619047619 
12 0.5944272445820433 0.3619047619047619 0.5894736842105263 0.37142857142857144 0.5845201238390093 0.3904761904761905 0.5845201238390093 0.5404761904761904 0.5851393188854489 0.5416666666666666 0.6136222910216719 0.5416666666666666 0.6136222910216719 0.46190476190476193 0.6086687306501548 0.38095238095238093 0.6037151702786377 0.3619047619047619 0.5944272445820433 0.3619047619047619 
15 0.7034055727554179 0.3619047619047619 0.698452012383901 0.37142857142857144 0.698452012383901 0.41785714285714287 0.7034055727554179 0.5107142857142857 0.7040247678018576 0.513095238095238 0.7325077399380805 0.513095238095238 0.7374613003095976 0.5035714285714286 0.7374613003095976 0.4880952380952381 0.7275541795665634 0.4035714285714286 0.7219814241486068 0.37142857142857144 0.7176470588235294 0.3630952380952381 0.7164086687306501 0.3619047619047619 0.7034055727554179 0.3619047619047619 
20 0.6198142414860681 0.580952380952381 0.6142414860681115 0.5916666666666667 0.6142414860681115 0.6452380952380953 0.6340557275541796 0.7226190476190476 0.6390092879256966 0.7416666666666667 0.653250773993808 0.7416666666666667 0.653250773993808 0.6476190476190476 0.648297213622291 0.594047619047619 0.6476780185758514 0.5904761904761905 0.6427244582043343 0.580952380952381 0.6198142414860681 0.580952380952381 
21 0.6018575851393189 0.5714285714285714 0.6 0.5726190476190476 0.5894736842105263 0.580952380952381 0.5894736842105263 0.7011904761904761 0.5944272445820433 0.7321428571428571 0.5993808049535604 0.7404761904761905 0.6006191950464397 0.7416666666666667 0.6130030959752322 0.7416666666666667 0.6136222910216719 0.7392857142857143 0.6185758513931888 0.6821428571428572 0.6185758513931888 0.5738095238095238 0.6173374613003096 0.5714285714285714 0.6018575851393189 0.5714285714285714 
22 0.5746130030959752 0.5428571428571428 0.5653250773993808 0.5523809523809524 0.5647058823529412 0.5547619047619048 0.5647058823529412 0.6916666666666667 0.5696594427244582 0.7309523809523809 0.5708978328173374 0.7321428571428571 0.5826625386996904 0.7321428571428571 0.5839009287925696 0.7309523809523809 0.5882352941176471 0.7226190476190476 0.5938080495356037 0.6916666666666667 0.5987616099071208 0.5869047619047619 0.5987616099071208 0.5630952380952381 0.5931888544891641 0.5523809523809524 0.5839009287925696 0.544047619047619 0.5820433436532507 0.5428571428571428 0.5746130030959752 0.5428571428571428 
23 0.5356037151702786 0.5523809523809524 0.534984520123839 0.5535714285714286 0.534984520123839 0.5880952380952381 0.5399380804953561 0.7214285714285714 0.5411764705882353 0.7226190476190476 0.5529411764705883 0.7226190476190476 0.5585139318885449 0.7130952380952381 0.5591331269349845 0.7107142857142857 0.5640866873065016 0.675 0.5690402476780185 0.6273809523809524 0.5690402476780185 0.5654761904761905 0.5684210526315789 0.5619047619047619 0.5634674922600619 0.5523809523809524 0.5356037151702786 0.5523809523809524 
24 0.5157894736842106 0.5714285714285714 0.5151702786377709 0.5726190476190476 0.5151702786377709 0.6059523809523809 0.5201238390092879 0.6726190476190477 0.525077399380805 0.7035714285714286 0.530030959752322 0.7119047619047619 0.5312693498452012 0.7130952380952381 0.5386996904024768 0.7130952380952381 0.5393188854489164 0.7119047619047619 0.5442724458204334 0.5976190476190476 0.5442724458204334 0.5845238095238096 0.5436532507739938 0.580952380952381 0.5393188854489164 0.5714285714285714 0.5157894736842106 0.5714285714285714 
25 0.4904024767801858 0.5619047619047619 0.4904024767801858 0.5976190476190476 0.4953560371517028 0.7 0.49597523219814244 0.7035714285714286 0.5003095975232198 0.7119047619047619 0.5015479876160991 0.7130952380952381 0.5089783281733746 0.7130952380952381 0.5145510835913313 0.7035714285714286 0.5195046439628483 0.6726190476190477 0.5195046439628483 0.5619047619047619 0.4904024767801858 0.5619047619047619 
26 0.46563467492260063 0.5523809523809524 0.46563467492260063 0.6273809523809524 0.47058823529411764 0.6654761904761904 0.47554179566563465 0.7011904761904761 0.4761609907120743 0.7035714285714286 0.4854489164086687 0.7214285714285714 0.486687306501548 0.7214285714285714 0.49473684210526314 0.7130952380952381 0.4996904024767802 0.6273809523809524 0.4996904024767802 0.5952380952380952 0.49473684210526314 0.5523809523809524 0.46563467492260063 0.5523809523809524 
27 0.45758513931888545 0.5428571428571428 0.4408668730650155 0.5535714285714286 0.43653250773993807 0.5619047619047619 0.4359133126934985 0.5654761904761905 0.4359133126934985 0.6523809523809524 0.4458204334365325 0.75 0.44643962848297214 0.7511904761904762 0.4551083591331269 0.7511904761904762 0.460061919504644 0.7404761904761905 0.46253869969040246 0.7321428571428571 0.465015479876161 0.7226190476190476 0.469969040247678 0.6928571428571428 0.47492260061919506 0.6547619047619048 0.47492260061919506 0.580952380952381 0.469969040247678 0.5428571428571428 0.45758513931888545 0.5428571428571428 
28 0.4105263157894737 0.5523809523809524 0.40619195046439627 0.5535714285714286 0.4018575851393189 0.5619047619047619 0.40123839009287926 0.5642857142857143 0.40123839009287926 0.6369047619047619 0.40619195046439627 0.7 0.4068111455108359 0.7035714285714286 0.41114551083591333 0.7214285714285714 0.41609907120743034 0.7416666666666667 0.4235294117647059 0.7416666666666667 0.42538699690402476 0.7404761904761905 0.43034055727554177 0.7321428571428571 0.4346749226006192 0.7130952380952381 0.43529411764705883 0.7083333333333334 0.44024767801857584 0.6369047619047619 0.44024767801857584 0.5726190476190476 0.4346749226006192 0.5523809523809524 0.4105263157894737 0.5523809523809524 
29 0.3764705882352941 0.5428571428571428 0.3671826625386997 0.5619047619047619 0.36656346749226004 0.5654761904761905 0.36160990712074303 0.611904761904762 0.36160990712074303 0.694047619047619 0.36656346749226004 0.7321428571428571 0.38575851393188854 0.7321428571428571 0.4055727554179567 0.6261904761904762 0.4055727554179567 0.5547619047619048 0.40495356037151703 0.5523809523809524 0.39009287925696595 0.5428571428571428 0.3764705882352941 0.5428571428571428 
30 0.31207430340557274 0.5523809523809524 0.30712074303405573 0.5619047619047619 0.30712074303405573 0.7107142857142857 0.3077399380804954 0.7130952380952381 0.3126934984520124 0.7226190476190476 0.3411764705882353 0.7226190476190476 0.3510835913312694 0.7011904761904761 0.3560371517027864 0.6845238095238095 0.37089783281733746 0.6083333333333333 0.37089783281733746 0.5523809523809524 0.31207430340557274 0.5523809523809524 
32 0.21795665634674924 0.5428571428571428 0.2130030959752322 0.5630952380952381 0.2086687306501548 0.580952380952381 0.20804953560371517 0.5845238095238096 0.20804953560371517 0.675 0.2371517027863777 0.675 0.26191950464396285 0.6273809523809524 0.26687306501547986 0.6083333333333333 0.26687306501547986 0.5642857142857143 0.26625386996904027 0.5619047619047619 0.26191950464396285 0.5535714285714286 0.2606811145510836 0.5523809523809524 0.24210526315789474 0.5428571428571428 0.21795665634674924 0.5428571428571428 