5 0.36160990712074303 0.4 0.36160990712074303 0.45595238095238094 0.36656346749226004 0.5773809523809523 0.3671826625386997 0.5797619047619048 0.3715170278637771 0.5892857142857143 0.39009287925696595 0.5892857142857143 0.4 0.5797619047619048 0.4006191950464396 0.5773809523809523 0.4006191950464396 0.5238095238095238 0.38080495356037153 0.4023809523809524 0.37956656346749224 0.4 0.36160990712074303 0.4 
6 0.38699690402476783 0.37142857142857144 0.3863777089783282 0.3726190476190476 0.3863777089783282 0.4845238095238095 0.3913312693498452 0.5214285714285715 0.39628482972136225 0.5511904761904762 0.40619195046439627 0.5702380952380952 0.4198142414860681 0.5702380952380952 0.42538699690402476 0.5595238095238095 0.42538699690402476 0.5047619047619047 0.4154798761609907 0.44761904761904764 0.4055727554179567 0.39285714285714285 0.4006191950464396 0.3726190476190476 0.4 0.37142857142857144 0.38699690402476783 0.37142857142857144 
7 0.421671826625387 0.38095238095238093 0.42105263157894735 0.38333333333333336 0.42105263157894735 0.4928571428571429 0.4260061919504644 0.530952380952381 0.4309597523219814 0.5416666666666666 0.43653250773993807 0.5511904761904762 0.44458204334365325 0.5511904761904762 0.4501547987616099 0.5404761904761904 0.4501547987616099 0.4488095238095238 0.4452012383900929 0.41309523809523807 0.44024767801857584 0.3904761904761905 0.43529411764705883 0.38095238095238093 0.421671826625387 0.38095238095238093 
10 0.5108359133126935 0.37142857142857144 0.5052631578947369 0.38095238095238093 0.5003095975232198 0.4011904761904762 0.5003095975232198 0.5107142857142857 0.5052631578947369 0.5321428571428571 0.5102167182662539 0.5416666666666666 0.5287925696594428 0.5416666666666666 0.5343653250773994 0.5321428571428571 0.5343653250773994 0.41309523809523807 0.5294117647058824 0.3726190476190476 0.5287925696594428 0.37142857142857144 0.5108359133126935 0.37142857142857144 
11 0.5399380804953561 0.3523809523809524 0.5356037151702786 0.37142857142857144 0.534984520123839 0.375 0.534984520123839 0.4976190476190476 0.5399380804953561 0.55 0.5405572755417957 0.5511904761904762 0.5535603715170279 0.5511904761904762 0.5591331269349845 0.5416666666666666 0.5640866873065016 0.513095238095238 0.5640866873065016 0.44761904761904764 0.5591331269349845 0.38333333333333336 0.5541795665634675 0.3630952380952381 0.5492260061919505 0.3523809523809524 0.5399380804953561 0.3523809523809524 
12 0.5764705882352941 0.3238095238095238 0.5746130030959752 0.325 0.5696594427244582 0.3345238095238095 0.5597523219814241 0.4869047619047619 0.5597523219814241 0.513095238095238 0.5647058823529412 0.5321428571428571 0.5696594427244582 0.5416666666666666 0.5919504643962848 0.5416666666666666 0.5938080495356037 0.5404761904761904 0.5987616099071208 0.530952380952381 0.5987616099071208 0.4035714285714286 0.5938080495356037 0.36547619047619045 0.5888544891640867 0.3333333333333333 0.5839009287925696 0.325 0.5820433436532507 0.3238095238095238 0.5764705882352941 0.3238095238095238 
22 0.534984520123839 0.580952380952381 0.530030959752322 0.5916666666666667 0.530030959752322 0.7130952380952381 0.534984520123839 0.7702380952380953 0.5411764705882353 0.7785714285714286 0.544891640866873 0.7797619047619048 0.5461300309597523 0.7797619047619048 0.5492260061919505 0.7785714285714286 0.5591331269349845 0.7607142857142857 0.5640866873065016 0.75 0.5640866873065016 0.6011904761904762 0.5591331269349845 0.580952380952381 0.534984520123839 0.580952380952381 
23 0.5065015479876162 0.580952380952381 0.5052631578947369 0.5821428571428572 0.5052631578947369 0.719047619047619 0.5058823529411764 0.7226190476190476 0.5102167182662539 0.7416666666666667 0.5188854489164086 0.7416666666666667 0.5238390092879257 0.7321428571428571 0.5294117647058824 0.7119047619047619 0.5343653250773994 0.6916666666666667 0.5343653250773994 0.5833333333333334 0.5331269349845201 0.580952380952381 0.5065015479876162 0.580952380952381 
24 0.4823529411764706 0.5714285714285714 0.4804953560371517 0.5726190476190476 0.4804953560371517 0.6154761904761905 0.4854489164086687 0.6880952380952381 0.48606811145510836 0.694047619047619 0.4904024767801858 0.7119047619047619 0.49102167182662537 0.7130952380952381 0.4996904024767802 0.7130952380952381 0.5046439628482973 0.7035714285714286 0.5095975232198142 0.6452380952380953 0.5095975232198142 0.580952380952381 0.5040247678018576 0.5714285714285714 0.4823529411764706 0.5714285714285714 
25 0.46068111455108357 0.5714285714285714 0.45077399380804956 0.580952380952381 0.45077399380804956 0.6059523809523809 0.46068111455108357 0.7095238095238096 0.46191950464396286 0.7130952380952381 0.47492260061919506 0.7130952380952381 0.47492260061919506 0.5714285714285714 0.46068111455108357 0.5714285714285714 
26 0.426625386996904 0.580952380952381 0.42105263157894735 0.5904761904761905 0.42105263157894735 0.6154761904761905 0.4309597523219814 0.694047619047619 0.4408668730650155 0.7321428571428571 0.4458204334365325 0.7416666666666667 0.4544891640866873 0.7416666666666667 0.4551083591331269 0.7404761904761905 0.4551083591331269 0.6761904761904762 0.4501547987616099 0.5845238095238096 0.44953560371517026 0.5821428571428572 0.448297213622291 0.580952380952381 0.426625386996904 0.580952380952381 
27 0.40123839009287926 0.6 0.40123839009287926 0.7035714285714286 0.41114551083591333 0.7654761904761904 0.41609907120743034 0.7797619047619048 0.42105263157894735 0.7880952380952381 0.42229102167182664 0.7892857142857143 0.43529411764705883 0.7892857142857143 0.43529411764705883 0.7535714285714286 0.43034055727554177 0.6297619047619047 0.42538699690402476 0.6095238095238096 0.42043343653250775 0.6 0.40123839009287926 0.6 