1 0.2773993808049536 0.2571428571428571 0.2674922600619195 0.2761904761904762 0.2476780185758514 0.3333333333333333 0.2476780185758514 0.3773809523809524 0.25263157894736843 0.39880952380952384 0.2582043343653251 0.4083333333333333 0.29102167182662536 0.4083333333333333 0.29659442724458207 0.39880952380952384 0.3015479876160991 0.3773809523809524 0.3015479876160991 0.26666666666666666 0.2959752321981424 0.2571428571428571 0.2773993808049536 0.2571428571428571 
2 0.29721362229102166 0.2761904761904762 0.2823529411764706 0.4011904761904762 0.2823529411764706 0.4369047619047619 0.2873065015479876 0.44642857142857145 0.30712074303405573 0.4654761904761905 0.33126934984520123 0.4654761904761905 0.33622291021671824 0.45476190476190476 0.34055727554179566 0.4452380952380952 0.3461300309597523 0.42738095238095236 0.3461300309597523 0.37142857142857144 0.3411764705882353 0.3333333333333333 0.33126934984520123 0.29523809523809524 0.30526315789473685 0.2761904761904762 0.29721362229102166 0.2761904761904762 
3 0.3671826625386997 0.2857142857142857 0.36160990712074303 0.29523809523809524 0.34674922600619196 0.3238095238095238 0.3368421052631579 0.3535714285714286 0.3269349845201238 0.44761904761904764 0.3269349845201238 0.475 0.33250773993808047 0.4845238095238095 0.3764705882352941 0.4845238095238095 0.37956656346749224 0.48095238095238096 0.38080495356037153 0.4773809523809524 0.38575851393188854 0.45476190476190476 0.38575851393188854 0.37142857142857144 0.38080495356037153 0.29523809523809524 0.3752321981424149 0.2857142857142857 0.3671826625386997 0.2857142857142857 
4 0.39628482972136225 0.3333333333333333 0.39195046439628484 0.34285714285714286 0.3863777089783282 0.3630952380952381 0.3814241486068111 0.38452380952380955 0.36160990712074303 0.4773809523809524 0.36160990712074303 0.4845238095238095 0.3671826625386997 0.49404761904761907 0.3764705882352941 0.5035714285714286 0.3931888544891641 0.513095238095238 0.40495356037151703 0.513095238095238 0.40990712074303404 0.5035714285714286 0.4105263157894737 0.5 0.4105263157894737 0.44047619047619047 0.4055727554179567 0.3357142857142857 0.40495356037151703 0.3345238095238095 0.4037151702786378 0.3333333333333333 0.39628482972136225 0.3333333333333333 
5 0.41609907120743034 0.3047619047619048 0.41114551083591333 0.3142857142857143 0.40123839009287926 0.4035714285714286 0.39628482972136225 0.5059523809523809 0.39628482972136225 0.5107142857142857 0.39690402476780184 0.513095238095238 0.4346749226006192 0.513095238095238 0.44024767801857584 0.5023809523809524 0.44024767801857584 0.4607142857142857 0.43034055727554177 0.31547619047619047 0.42538699690402476 0.305952380952381 0.4241486068111455 0.3047619047619048 0.41609907120743034 0.3047619047619048 
6 0.4408668730650155 0.3238095238095238 0.4359133126934985 0.3333333333333333 0.4309597523219814 0.3523809523809524 0.4260061919504644 0.38095238095238093 0.42105263157894735 0.5059523809523809 0.42105263157894735 0.513095238095238 0.4260061919504644 0.530952380952381 0.4321981424148607 0.5476190476190477 0.43529411764705883 0.5511904761904762 0.43962848297213625 0.5511904761904762 0.44953560371517026 0.5321428571428571 0.4551083591331269 0.5023809523809524 0.4551083591331269 0.4392857142857143 0.4501547987616099 0.34285714285714286 0.4452012383900929 0.3238095238095238 0.4408668730650155 0.3238095238095238 
7 0.45572755417956656 0.34285714285714286 0.45077399380804956 0.36428571428571427 0.4458204334365325 0.3904761904761905 0.4408668730650155 0.5238095238095238 0.4408668730650155 0.5416666666666666 0.4458204334365325 0.5511904761904762 0.4631578947368421 0.5511904761904762 0.465015479876161 0.55 0.4693498452012384 0.5416666666666666 0.469969040247678 0.5392857142857143 0.469969040247678 0.44761904761904764 0.465015479876161 0.34404761904761905 0.46377708978328175 0.34285714285714286 0.45572755417956656 0.34285714285714286 
8 0.4712074303405573 0.34285714285714286 0.47058823529411764 0.3464285714285714 0.4662538699690402 0.41904761904761906 0.46563467492260063 0.4392857142857143 0.46563467492260063 0.5404761904761904 0.47058823529411764 0.5511904761904762 0.49473684210526314 0.5511904761904762 0.49473684210526314 0.4392857142857143 0.48978328173374613 0.34285714285714286 0.4712074303405573 0.34285714285714286 
9 0.5058823529411764 0.34285714285714286 0.5003095975232198 0.3619047619047619 0.4953560371517028 0.3904761904761905 0.4904024767801858 0.4380952380952381 0.4904024767801858 0.5511904761904762 0.5226006191950464 0.5511904761904762 0.5238390092879257 0.55 0.5244582043343653 0.544047619047619 0.5244582043343653 0.37142857142857144 0.5195046439628483 0.34404761904761905 0.518266253869969 0.34285714285714286 0.5058823529411764 0.34285714285714286 
10 0.5356037151702786 0.34285714285714286 0.530030959752322 0.3535714285714286 0.5256965944272446 0.37142857142857144 0.525077399380805 0.375 0.5201238390092879 0.4797619047619048 0.5201238390092879 0.5404761904761904 0.5213622291021672 0.5416666666666666 0.5486068111455108 0.5416666666666666 0.5492260061919505 0.5404761904761904 0.5492260061919505 0.3619047619047619 0.5442724458204334 0.34285714285714286 0.5356037151702786 0.34285714285714286 
11 0.5547987616099072 0.2857142857142857 0.5498452012383901 0.3047619047619048 0.5399380804953561 0.44761904761904764 0.5399380804953561 0.4726190476190476 0.544891640866873 0.5416666666666666 0.5498452012383901 0.5511904761904762 0.5690402476780185 0.5511904761904762 0.5739938080495356 0.5404761904761904 0.5739938080495356 0.3142857142857143 0.5684210526315789 0.2857142857142857 0.5547987616099072 0.2857142857142857 
12 0.5795665634674922 0.3142857142857143 0.5746130030959752 0.3238095238095238 0.5696594427244582 0.3345238095238095 0.5696594427244582 0.5321428571428571 0.5981424148606811 0.5321428571428571 0.5987616099071208 0.530952380952381 0.5987616099071208 0.4380952380952381 0.5938080495356037 0.3142857142857143 0.5795665634674922 0.3142857142857143 
13 0.6 0.3238095238095238 0.595046439628483 0.3333333333333333 0.590092879256966 0.3523809523809524 0.5894736842105263 0.3619047619047619 0.5894736842105263 0.44642857142857145 0.5944272445820433 0.5226190476190476 0.6229102167182663 0.5226190476190476 0.6235294117647059 0.5202380952380953 0.6235294117647059 0.3630952380952381 0.6185758513931888 0.34285714285714286 0.6136222910216719 0.3333333333333333 0.6030959752321982 0.3238095238095238 0.6 0.3238095238095238 
14 0.6247678018575852 0.3142857142857143 0.6191950464396285 0.3238095238095238 0.6142414860681115 0.3535714285714286 0.6142414860681115 0.36547619047619045 0.6191950464396285 0.5119047619047619 0.6198142414860681 0.513095238095238 0.648297213622291 0.513095238095238 0.6631578947368421 0.5035714285714286 0.6631578947368421 0.46785714285714286 0.6582043343653251 0.42857142857142855 0.653250773993808 0.39285714285714285 0.6476780185758514 0.3619047619047619 0.638390092879257 0.31547619047619047 0.6377708978328174 0.3142857142857143 0.6247678018575852 0.3142857142857143 
15 0.6848297213622291 0.29523809523809524 0.6495356037151703 0.3142857142857143 0.6489164086687307 0.31785714285714284 0.6489164086687307 0.4238095238095238 0.6538699690402476 0.4654761904761905 0.6588235294117647 0.4845238095238095 0.6829721362229102 0.4845238095238095 0.7021671826625387 0.4654761904761905 0.7071207430340557 0.45595238095238094 0.7077399380804954 0.45357142857142857 0.7077399380804954 0.41904761904761906 0.6928792569659443 0.3142857142857143 0.6879256965944273 0.29523809523809524 0.6848297213622291 0.29523809523809524 
16 0.6990712074303406 0.26666666666666666 0.6941176470588235 0.2761904761904762 0.6885448916408669 0.29642857142857143 0.6885448916408669 0.37976190476190474 0.6934984520123839 0.40714285714285714 0.7034055727554179 0.42738095238095236 0.708359133126935 0.4369047619047619 0.7170278637770898 0.4369047619047619 0.7325077399380805 0.41785714285714287 0.7374613003095976 0.4083333333333333 0.7374613003095976 0.3547619047619048 0.7170278637770898 0.2761904761904762 0.7120743034055728 0.26666666666666666 0.6990712074303406 0.26666666666666666 
17 0.7380804953560371 0.3904761904761905 0.713312693498452 0.41904761904761906 0.708359133126935 0.4297619047619048 0.708359133126935 0.4654761904761905 0.718266253869969 0.5107142857142857 0.7238390092879257 0.5321428571428571 0.7281733746130031 0.5416666666666666 0.7380804953560371 0.5607142857142857 0.7554179566563467 0.5607142857142857 0.7721362229102167 0.5511904761904762 0.7770897832817337 0.5404761904761904 0.7770897832817337 0.4976190476190476 0.7622291021671826 0.4095238095238095 0.7523219814241486 0.3904761904761905 0.7380804953560371 0.3904761904761905 
18 0.7040247678018576 0.4380952380952381 0.6835913312693499 0.45714285714285713 0.6643962848297214 0.47619047619047616 0.6588235294117647 0.4869047619047619 0.6588235294117647 0.5226190476190476 0.6637770897832818 0.5404761904761904 0.6687306501547987 0.5511904761904762 0.6885448916408669 0.5892857142857143 0.708359133126935 0.6261904761904762 0.7102167182662539 0.6273809523809524 0.7176470588235294 0.6273809523809524 0.7374613003095976 0.6083333333333333 0.7374613003095976 0.555952380952381 0.7368421052631579 0.5523809523809524 0.7226006191950465 0.4880952380952381 0.7176470588235294 0.4666666666666667 0.7126934984520124 0.4488095238095238 0.7077399380804954 0.4380952380952381 0.7040247678018576 0.4380952380952381 
19 0.6439628482972136 0.49523809523809526 0.6204334365325077 0.5047619047619047 0.6092879256965944 0.5142857142857142 0.6092879256965944 0.5607142857142857 0.6191950464396285 0.6083333333333333 0.6291021671826625 0.6464285714285715 0.6340557275541796 0.6642857142857143 0.6390092879256966 0.6738095238095239 0.6402476780185758 0.675 0.653250773993808 0.675 0.6879256965944273 0.6654761904761904 0.6879256965944273 0.638095238095238 0.6829721362229102 0.5904761904761905 0.6780185758513931 0.5619047619047619 0.6631578947368421 0.49642857142857144 0.6613003095975232 0.49523809523809526 0.6439628482972136 0.49523809523809526 
20 0.5956656346749226 0.5142857142857142 0.5795665634674922 0.5238095238095238 0.5795665634674922 0.5452380952380952 0.5801857585139318 0.5511904761904762 0.5894736842105263 0.6178571428571429 0.5993808049535604 0.6654761904761904 0.6092879256965944 0.7035714285714286 0.6142414860681115 0.7119047619047619 0.6154798761609908 0.7130952380952381 0.6278637770897832 0.7130952380952381 0.6328173374613003 0.7035714285714286 0.6334365325077399 0.7 0.6334365325077399 0.6678571428571428 0.6235294117647059 0.5714285714285714 0.6136222910216719 0.5142857142857142 0.5956656346749226 0.5142857142857142 
21 0.5647058823529412 0.5333333333333333 0.5597523219814241 0.544047619047619 0.5597523219814241 0.6261904761904762 0.5647058823529412 0.6654761904761904 0.5696594427244582 0.6928571428571428 0.5746130030959752 0.7130952380952381 0.5931888544891641 0.7130952380952381 0.5938080495356037 0.7107142857142857 0.5938080495356037 0.5619047619047619 0.5888544891640867 0.5428571428571428 0.58328173374613 0.5345238095238095 0.5820433436532507 0.5333333333333333 0.5647058823529412 0.5333333333333333 
22 0.5399380804953561 0.5428571428571428 0.534984520123839 0.5535714285714286 0.534984520123839 0.6464285714285715 0.5399380804953561 0.7119047619047619 0.544891640866873 0.7321428571428571 0.5578947368421052 0.7321428571428571 0.5591331269349845 0.7309523809523809 0.5640866873065016 0.7130952380952381 0.5640866873065016 0.5523809523809524 0.5591331269349845 0.5428571428571428 0.5399380804953561 0.5428571428571428 
23 0.530030959752322 0.5392857142857143 0.5201238390092879 0.5404761904761904 0.5164086687306502 0.5428571428571428 0.5151702786377709 0.544047619047619 0.5151702786377709 0.6452380952380953 0.5201238390092879 0.675 0.5256965944272446 0.6845238095238095 0.5337461300309597 0.6845238095238095 0.5343653250773994 0.680952380952381 0.5393188854489164 0.6273809523809524 0.5393188854489164 0.5428571428571428 0.5343653250773994 0.5392857142857143 0.530030959752322 0.5392857142857143 
24 0.49597523219814244 0.5428571428571428 0.4953560371517028 0.5464285714285714 0.4953560371517028 0.5702380952380952 0.5003095975232198 0.625 0.5052631578947369 0.655952380952381 0.5102167182662539 0.6738095238095239 0.5108359133126935 0.675 0.518266253869969 0.675 0.5195046439628483 0.6738095238095239 0.5195046439628483 0.5535714285714286 0.5145510835913313 0.5428571428571428 0.49597523219814244 0.5428571428571428 
25 0.4904024767801858 0.5333333333333333 0.47554179566563465 0.5428571428571428 0.47554179566563465 0.5607142857142857 0.4804953560371517 0.6261904761904762 0.4854489164086687 0.6547619047619048 0.4904024767801858 0.6654761904761904 0.4996904024767802 0.6654761904761904 0.4996904024767802 0.5428571428571428 0.49411764705882355 0.5333333333333333 0.4904024767801858 0.5333333333333333 
26 0.4613003095975232 0.5428571428571428 0.46068111455108357 0.5452380952380952 0.46068111455108357 0.6059523809523809 0.46563467492260063 0.6369047619047619 0.47554179566563465 0.6738095238095239 0.4780185758513932 0.675 0.4848297213622291 0.675 0.4848297213622291 0.5523809523809524 0.4842105263157895 0.5428571428571428 0.4613003095975232 0.5428571428571428 
27 0.4408668730650155 0.5238095238095238 0.4359133126934985 0.5345238095238095 0.4359133126934985 0.625 0.4408668730650155 0.7023809523809523 0.4458204334365325 0.7226190476190476 0.45077399380804956 0.7416666666666667 0.4563467492260062 0.7416666666666667 0.460061919504644 0.7404761904761905 0.46439628482972134 0.7321428571428571 0.465015479876161 0.7297619047619047 0.465015479876161 0.5726190476190476 0.460061919504644 0.544047619047619 0.45944272445820433 0.5428571428571428 0.4452012383900929 0.525 0.4439628482972136 0.5238095238095238 0.4408668730650155 0.5238095238095238 
28 0.41114551083591333 0.5142857142857142 0.40619195046439627 0.5261904761904762 0.40619195046439627 0.6071428571428571 0.41671826625387 0.6845238095238095 0.42105263157894735 0.7130952380952381 0.42910216718266253 0.7130952380952381 0.43034055727554177 0.7119047619047619 0.43529411764705883 0.7035714285714286 0.44024767801857584 0.6440476190476191 0.44024767801857584 0.5392857142857143 0.43529411764705883 0.525 0.4297213622291022 0.5142857142857142 0.41114551083591333 0.5142857142857142 
29 0.38699690402476783 0.5047619047619047 0.3814241486068111 0.5142857142857142 0.3764705882352941 0.5428571428571428 0.3764705882352941 0.5892857142857143 0.3814241486068111 0.6904761904761905 0.38204334365325077 0.6928571428571428 0.3826625386996904 0.694047619047619 0.3913312693498452 0.694047619047619 0.39442724458204337 0.6904761904761905 0.4006191950464396 0.6738095238095239 0.4055727554179567 0.6464285714285715 0.4105263157894737 0.6178571428571429 0.42538699690402476 0.5226190476190476 0.42538699690402476 0.5059523809523809 0.4241486068111455 0.5047619047619047 0.38699690402476783 0.5047619047619047 
30 0.3318885448916409 0.47619047619047616 0.32755417956656346 0.4857142857142857 0.3269349845201238 0.4880952380952381 0.30712074303405573 0.6202380952380953 0.30712074303405573 0.655952380952381 0.3572755417956656 0.6654761904761904 0.36594427244582045 0.6654761904761904 0.37089783281733746 0.6547619047619048 0.37585139318885447 0.6273809523809524 0.3907120743034056 0.5226190476190476 0.3907120743034056 0.5059523809523809 0.38080495356037153 0.4857142857142857 0.35479876160990714 0.47619047619047616 0.3318885448916409 0.47619047619047616 
31 0.2773993808049536 0.4380952380952381 0.2724458204334365 0.4488095238095238 0.25263157894736843 0.5142857142857142 0.24272445820433436 0.5535714285714286 0.24272445820433436 0.5964285714285714 0.243343653250774 0.5988095238095238 0.2773993808049536 0.6369047619047619 0.291640866873065 0.6369047619047619 0.29659442724458207 0.6261904761904762 0.33126934984520123 0.5214285714285715 0.33622291021671824 0.49047619047619045 0.33622291021671824 0.47619047619047616 0.3015479876160991 0.4380952380952381 0.2773993808049536 0.4380952380952381 
32 0.22910216718266255 0.3904761904761905 0.2235294117647059 0.4 0.22291021671826625 0.4023809523809524 0.19814241486068113 0.5154761904761904 0.19814241486068113 0.5285714285714286 0.19876160990712075 0.5321428571428571 0.20309597523219813 0.55 0.20371517027863778 0.5511904761904762 0.22786377708978328 0.5797619047619048 0.24458204334365324 0.5797619047619048 0.24705882352941178 0.5785714285714286 0.26687306501547986 0.5226190476190476 0.27678018575851393 0.48333333333333334 0.28173374613003094 0.45476190476190476 0.28173374613003094 0.42857142857142855 0.2712074303405573 0.4095238095238095 0.24148606811145512 0.3904761904761905 0.22910216718266255 0.3904761904761905 