1 0.14922600619195048 0.4380952380952381 0.13374613003095975 0.44761904761904764 0.1238390092879257 0.45714285714285713 0.11393188854489164 0.4976190476190476 0.11393188854489164 0.5226190476190476 0.1238390092879257 0.5511904761904762 0.13374613003095975 0.5607142857142857 0.15603715170278637 0.5607142857142857 0.15789473684210525 0.5595238095238095 0.17275541795665636 0.5416666666666666 0.17770897832817337 0.513095238095238 0.17770897832817337 0.45714285714285713 0.17275541795665636 0.4392857142857143 0.1721362229102167 0.4380952380952381 0.14922600619195048 0.4380952380952381 
2 0.2130030959752322 0.4666666666666667 0.19814241486068113 0.47619047619047616 0.17337461300309598 0.5059523809523809 0.16904024767801856 0.5238095238095238 0.16904024767801856 0.5321428571428571 0.18823529411764706 0.6357142857142857 0.18885448916408668 0.6369047619047619 0.20309597523219813 0.6464285714285715 0.221671826625387 0.6464285714285715 0.24643962848297213 0.6369047619047619 0.2513931888544892 0.6273809523809524 0.2520123839009288 0.625 0.2520123839009288 0.5821428571428572 0.24210526315789474 0.49523809523809526 0.2371517027863777 0.47619047619047616 0.23219814241486067 0.4666666666666667 0.2130030959752322 0.4666666666666667 
4 0.2773993808049536 0.4666666666666667 0.2773993808049536 0.4928571428571429 0.2823529411764706 0.6369047619047619 0.28792569659442724 0.6464285714285715 0.31145510835913315 0.6464285714285715 0.32136222910216716 0.6369047619047619 0.32136222910216716 0.5845238095238096 0.31145510835913315 0.5238095238095238 0.3065015479876161 0.49523809523809526 0.3015479876160991 0.47619047619047616 0.2959752321981424 0.4666666666666667 0.2773993808049536 0.4666666666666667 
5 0.31207430340557274 0.41904761904761906 0.31207430340557274 0.6369047619047619 0.36594427244582045 0.6369047619047619 0.37089783281733746 0.6273809523809524 0.37089783281733746 0.6 0.3461300309597523 0.44761904761904764 0.3411764705882353 0.4297619047619048 0.33622291021671824 0.41904761904761906 0.31207430340557274 0.41904761904761906 
6 0.3442724458204334 0.4 0.34179566563467495 0.4011904761904762 0.34179566563467495 0.44642857142857145 0.34674922600619196 0.5035714285714286 0.35170278637770896 0.55 0.356656346749226 0.5797619047619048 0.36160990712074303 0.6071428571428571 0.36656346749226004 0.6261904761904762 0.3671826625386997 0.6273809523809524 0.4006191950464396 0.6273809523809524 0.40990712074303404 0.6178571428571429 0.4105263157894737 0.6166666666666667 0.4105263157894737 0.580952380952381 0.37585139318885447 0.4380952380952381 0.36594427244582045 0.4095238095238095 0.3603715170278638 0.4 0.3442724458204334 0.4 
7 0.3863777089783282 0.3904761904761905 0.3863777089783282 0.425 0.40619195046439627 0.6071428571428571 0.4068111455108359 0.6083333333333333 0.4452012383900929 0.6083333333333333 0.465015479876161 0.5988095238095238 0.465015479876161 0.5738095238095238 0.4551083591331269 0.5333333333333333 0.43529411764705883 0.4666666666666667 0.4247678018575851 0.4380952380952381 0.4105263157894737 0.4095238095238095 0.4006191950464396 0.3904761904761905 0.3863777089783282 0.3904761904761905 
10 0.5993808049535604 0.3904761904761905 0.595046439628483 0.4 0.5944272445820433 0.4023809523809524 0.5746130030959752 0.49523809523809526 0.5696594427244582 0.5238095238095238 0.5647058823529412 0.5547619047619048 0.5647058823529412 0.5892857142857143 0.5938080495356037 0.5892857142857143 0.6024767801857586 0.5797619047619048 0.6037151702786377 0.5773809523809523 0.6086687306501548 0.5416666666666666 0.6136222910216719 0.4630952380952381 0.6136222910216719 0.3904761904761905 0.5993808049535604 0.3904761904761905 
11 0.6396284829721363 0.3904761904761905 0.6340557275541796 0.4011904761904762 0.6291021671826625 0.41904761904761906 0.5993808049535604 0.5333333333333333 0.5944272445820433 0.5714285714285714 0.5944272445820433 0.5869047619047619 0.595046439628483 0.5892857142857143 0.5993808049535604 0.5988095238095238 0.6092879256965944 0.6166666666666667 0.6105263157894737 0.6178571428571429 0.6229102167182663 0.6178571428571429 0.6334365325077399 0.6083333333333333 0.638390092879257 0.5880952380952381 0.648297213622291 0.4523809523809524 0.648297213622291 0.4 0.643343653250774 0.39166666666666666 0.6402476780185758 0.3904761904761905 0.6396284829721363 0.3904761904761905 
12 0.6743034055727554 0.42857142857142855 0.6687306501547987 0.4380952380952381 0.6643962848297214 0.44761904761904764 0.6538699690402476 0.4857142857142857 0.6340557275541796 0.5630952380952381 0.6340557275541796 0.6047619047619047 0.6346749226006192 0.6083333333333333 0.6681114551083591 0.6083333333333333 0.6879256965944273 0.4523809523809524 0.6879256965944273 0.430952380952381 0.686687306501548 0.42857142857142855 0.6743034055727554 0.42857142857142855 
13 0.698452012383901 0.42857142857142855 0.6934984520123839 0.4392857142857143 0.6637770897832818 0.5726190476190476 0.6637770897832818 0.5988095238095238 0.6687306501547987 0.6071428571428571 0.669969040247678 0.6083333333333333 0.6978328173374613 0.6083333333333333 0.7027863777089783 0.5988095238095238 0.7126934984520124 0.4738095238095238 0.7126934984520124 0.42857142857142855 0.698452012383901 0.42857142857142855 
15 0.7678018575851393 0.44761904761904764 0.7597523219814242 0.45714285714285713 0.7578947368421053 0.4595238095238095 0.7479876160990712 0.4869047619047619 0.7430340557275542 0.5238095238095238 0.7430340557275542 0.5892857142857143 0.7479876160990712 0.6071428571428571 0.7492260061919505 0.6083333333333333 0.7913312693498452 0.6083333333333333 0.7919504643962848 0.6059523809523809 0.7919504643962848 0.44761904761904764 0.7678018575851393 0.44761904761904764 
16 0.7981424148606812 0.4380952380952381 0.7826625386996904 0.44761904761904764 0.7826625386996904 0.5607142857142857 0.7876160990712074 0.5988095238095238 0.7931888544891641 0.6083333333333333 0.8030959752321981 0.6178571428571429 0.8105263157894737 0.6178571428571429 0.826625386996904 0.6071428571428571 0.8315789473684211 0.5988095238095238 0.836532507739938 0.5892857142857143 0.836532507739938 0.5345238095238095 0.821671826625387 0.44761904761904764 0.81671826625387 0.4380952380952381 0.7981424148606812 0.4380952380952381 
18 0.788235294117647 0.5904761904761905 0.7541795665634675 0.6 0.7529411764705882 0.6011904761904762 0.7479876160990712 0.6190476190476191 0.7479876160990712 0.6595238095238095 0.7486068111455109 0.6654761904761904 0.7628482972136222 0.7309523809523809 0.7678018575851393 0.7488095238095238 0.7777089783281734 0.7702380952380953 0.7913312693498452 0.7702380952380953 0.8018575851393189 0.7511904761904762 0.8061919504643963 0.7416666666666667 0.8068111455108359 0.7380952380952381 0.8068111455108359 0.7166666666666667 0.8018575851393189 0.6 0.7913312693498452 0.5904761904761905 0.788235294117647 0.5904761904761905 
19 0.7003095975232199 0.6 0.698452012383901 0.6011904761904762 0.6941176470588235 0.6095238095238096 0.6934984520123839 0.6142857142857143 0.6934984520123839 0.655952380952381 0.713312693498452 0.7892857142857143 0.718266253869969 0.8071428571428572 0.7188854489164087 0.8083333333333333 0.730030959752322 0.8083333333333333 0.7325077399380805 0.8071428571428572 0.7572755417956656 0.7797619047619048 0.7572755417956656 0.7357142857142858 0.7523219814241486 0.6011904761904762 0.7504643962848297 0.6 0.7003095975232199 0.6 
20 0.6588235294117647 0.6 0.6588235294117647 0.6464285714285715 0.6687306501547987 0.7321428571428571 0.6736842105263158 0.7690476190476191 0.6786377708978328 0.7964285714285714 0.6792569659442724 0.7988095238095239 0.6972136222910217 0.7988095238095239 0.7027863777089783 0.7892857142857143 0.7027863777089783 0.6488095238095238 0.6978328173374613 0.6011904761904762 0.6972136222910217 0.6 0.6588235294117647 0.6 
21 0.6297213622291021 0.5904761904761905 0.6241486068111455 0.6011904761904762 0.6241486068111455 0.6369047619047619 0.6390092879256966 0.7559523809523809 0.6396284829721363 0.7607142857142857 0.6439628482972136 0.7892857142857143 0.6582043343653251 0.7892857142857143 0.6631578947368421 0.7797619047619048 0.6681114551083591 0.6535714285714286 0.6681114551083591 0.6 0.638390092879257 0.5904761904761905 0.6297213622291021 0.5904761904761905 
22 0.5944272445820433 0.580952380952381 0.5944272445820433 0.6452380952380953 0.6142414860681115 0.7773809523809524 0.614860681114551 0.7797619047619048 0.6247678018575852 0.7988095238095239 0.6334365325077399 0.7988095238095239 0.638390092879257 0.7892857142857143 0.638390092879257 0.7047619047619048 0.6334365325077399 0.6392857142857142 0.628482972136223 0.6011904761904762 0.6272445820433437 0.6 0.5987616099071208 0.580952380952381 0.5944272445820433 0.580952380952381 
23 0.5653250773993808 0.580952380952381 0.5647058823529412 0.5821428571428572 0.5647058823529412 0.6273809523809524 0.5696594427244582 0.655952380952381 0.5993808049535604 0.7690476190476191 0.6006191950464397 0.7702380952380953 0.6136222910216719 0.7702380952380953 0.6185758513931888 0.7535714285714286 0.6185758513931888 0.7523809523809524 0.6179566563467492 0.7428571428571429 0.5987616099071208 0.5928571428571429 0.5981424148606811 0.5904761904761905 0.5938080495356037 0.580952380952381 0.5653250773993808 0.580952380952381 
24 0.534984520123839 0.5714285714285714 0.525077399380805 0.5904761904761905 0.525077399380805 0.6428571428571429 0.530030959752322 0.6547619047619048 0.5547987616099072 0.7119047619047619 0.5597523219814241 0.7226190476190476 0.5647058823529412 0.7321428571428571 0.5702786377708978 0.7416666666666667 0.5801857585139318 0.7511904761904762 0.5938080495356037 0.7511904761904762 0.5938080495356037 0.7071428571428572 0.5690402476780185 0.5904761904761905 0.5634674922600619 0.580952380952381 0.5535603715170279 0.5714285714285714 0.534984520123839 0.5714285714285714 
27 0.4068111455108359 0.6 0.3863777089783282 0.6190476190476191 0.3863777089783282 0.6714285714285714 0.3913312693498452 0.7511904761904762 0.39628482972136225 0.7976190476190477 0.40619195046439627 0.8166666666666667 0.40743034055727556 0.8178571428571428 0.42043343653250775 0.8178571428571428 0.43034055727554177 0.7976190476190477 0.43529411764705883 0.7797619047619048 0.43529411764705883 0.611904761904762 0.4346749226006192 0.6095238095238096 0.4241486068111455 0.6 0.4068111455108359 0.6 
31 0.18885448916408668 0.6285714285714286 0.18390092879256967 0.638095238095238 0.18328173374613002 0.6416666666666667 0.17337461300309598 0.7523809523809524 0.16842105263157894 0.819047619047619 0.16842105263157894 0.8202380952380952 0.17337461300309598 0.8273809523809523 0.18823529411764706 0.8369047619047619 0.20743034055727555 0.8369047619047619 0.21238390092879256 0.8273809523809523 0.21671826625386997 0.8154761904761905 0.25696594427244585 0.7023809523809523 0.25696594427244585 0.6583333333333333 0.2513931888544892 0.6476190476190476 0.2452012383900929 0.638095238095238 0.23219814241486067 0.6285714285714286 0.18885448916408668 0.6285714285714286 
32 0.14922600619195048 0.6952380952380952 0.12507739938080495 0.7047619047619048 0.11455108359133127 0.7142857142857143 0.10897832817337462 0.7333333333333333 0.10897832817337462 0.7607142857142857 0.11393188854489164 0.7892857142857143 0.1195046439628483 0.7988095238095239 0.1585139318885449 0.8083333333333333 0.17708978328173375 0.8083333333333333 0.17770897832817337 0.8071428571428572 0.1869969040247678 0.7416666666666667 0.18761609907120744 0.7357142857142858 0.18761609907120744 0.7345238095238096 0.18204334365325078 0.7047619047619048 0.1715170278637771 0.6952380952380952 0.14922600619195048 0.6952380952380952 