2 0.32321981424148605 0.4 0.32260061919504646 0.4011904761904762 0.3219814241486068 0.40476190476190477 0.3219814241486068 0.48214285714285715 0.3269349845201238 0.5226190476190476 0.3318885448916409 0.5511904761904762 0.3442724458204334 0.5511904761904762 0.35479876160990714 0.5416666666666666 0.3560371517027864 0.5404761904761904 0.3609907120743034 0.530952380952381 0.3609907120743034 0.49523809523809526 0.3411764705882353 0.4011904761904762 0.339938080495356 0.4 0.32321981424148605 0.4 
3 0.3269349845201238 0.38095238095238093 0.3219814241486068 0.3904761904761905 0.3219814241486068 0.4011904761904762 0.34674922600619196 0.475 0.356656346749226 0.5023809523809524 0.3572755417956656 0.5035714285714286 0.3752321981424149 0.5035714285714286 0.38080495356037153 0.49404761904761907 0.38080495356037153 0.45714285714285713 0.37089783281733746 0.41904761904761906 0.36594427244582045 0.4107142857142857 0.3461300309597523 0.38095238095238093 0.3269349845201238 0.38095238095238093 
6 0.40743034055727556 0.34285714285714286 0.40619195046439627 0.34404761904761905 0.40619195046439627 0.46785714285714286 0.40743034055727556 0.4714285714285714 0.4105263157894737 0.475 0.4297213622291022 0.475 0.43529411764705883 0.4642857142857143 0.43529411764705883 0.3904761904761905 0.43034055727554177 0.3630952380952381 0.42538699690402476 0.34404761904761905 0.4235294117647059 0.34285714285714286 0.40743034055727556 0.34285714285714286 
7 0.44148606811145513 0.3619047619047619 0.4408668730650155 0.36428571428571427 0.4359133126934985 0.44166666666666665 0.4359133126934985 0.4654761904761905 0.4408668730650155 0.4845238095238095 0.46439628482972134 0.4845238095238095 0.465015479876161 0.48095238095238096 0.465015479876161 0.38095238095238093 0.460061919504644 0.3630952380952381 0.45758513931888545 0.3619047619047619 0.44148606811145513 0.3619047619047619 
8 0.4613003095975232 0.38095238095238093 0.46068111455108357 0.38452380952380955 0.46068111455108357 0.444047619047619 0.46563467492260063 0.49404761904761907 0.47058823529411764 0.5380952380952381 0.4712074303405573 0.5404761904761904 0.4761609907120743 0.55 0.4792569659442725 0.5511904761904762 0.48978328173374613 0.5511904761904762 0.4996904024767802 0.5416666666666666 0.5046439628482973 0.530952380952381 0.5046439628482973 0.4857142857142857 0.48978328173374613 0.4095238095238095 0.4848297213622291 0.3904761904761905 0.47987616099071206 0.38095238095238093 0.4613003095975232 0.38095238095238093 
9 0.5089783281733746 0.37142857142857144 0.5058823529411764 0.3726190476190476 0.5003095975232198 0.38095238095238093 0.5003095975232198 0.55 0.5015479876160991 0.5511904761904762 0.5294117647058824 0.5511904761904762 0.5343653250773994 0.5416666666666666 0.5343653250773994 0.4869047619047619 0.5294117647058824 0.42857142857142855 0.5244582043343653 0.4095238095238095 0.5139318885448917 0.38095238095238093 0.5089783281733746 0.37142857142857144 
10 0.5399380804953561 0.38095238095238093 0.525077399380805 0.4488095238095238 0.525077399380805 0.4928571428571429 0.530030959752322 0.55 0.5318885448916408 0.5511904761904762 0.5591331269349845 0.5511904761904762 0.5591331269349845 0.39880952380952384 0.5585139318885449 0.3904761904761905 0.5535603715170279 0.38095238095238093 0.5399380804953561 0.38095238095238093 
11 0.5597523219814241 0.3523809523809524 0.5597523219814241 0.4357142857142857 0.5647058823529412 0.4928571428571429 0.5696594427244582 0.5035714285714286 0.5839009287925696 0.5035714285714286 0.5931888544891641 0.49404761904761907 0.5938080495356037 0.49047619047619045 0.5938080495356037 0.4583333333333333 0.5888544891640867 0.4095238095238095 0.5839009287925696 0.38095238095238093 0.5789473684210527 0.35595238095238096 0.5764705882352941 0.3523809523809524 0.5597523219814241 0.3523809523809524 
12 0.6092879256965944 0.3523809523809524 0.6043343653250774 0.38095238095238093 0.5993808049535604 0.4666666666666667 0.5993808049535604 0.5035714285714286 0.6272445820433437 0.5035714285714286 0.628482972136223 0.5023809523809524 0.6334365325077399 0.4511904761904762 0.6334365325077399 0.3619047619047619 0.628482972136223 0.3523809523809524 0.6092879256965944 0.3523809523809524 
13 0.6445820433436532 0.3619047619047619 0.6390092879256966 0.38095238095238093 0.6340557275541796 0.4 0.6291021671826625 0.4380952380952381 0.6291021671826625 0.513095238095238 0.6346749226006192 0.5226190476190476 0.653250773993808 0.5226190476190476 0.6582043343653251 0.5119047619047619 0.6582043343653251 0.36547619047619045 0.6575851393188854 0.3619047619047619 0.6445820433436532 0.3619047619047619 
14 0.6743034055727554 0.4 0.6687306501547987 0.4107142857142857 0.6637770897832818 0.4297619047619048 0.6588235294117647 0.4785714285714286 0.6588235294117647 0.55 0.660061919504644 0.5511904761904762 0.6730650154798762 0.5511904761904762 0.6879256965944273 0.5416666666666666 0.6879256965944273 0.4 0.6743034055727554 0.4 
21 0.5696594427244582 0.6095238095238096 0.5603715170278638 0.6285714285714286 0.5597523219814241 0.6321428571428571 0.5547987616099072 0.6773809523809524 0.5498452012383901 0.7238095238095238 0.5498452012383901 0.7988095238095239 0.5597523219814241 0.8178571428571428 0.5684210526315789 0.8178571428571428 0.5739938080495356 0.8083333333333333 0.5938080495356037 0.6726190476190477 0.5938080495356037 0.6285714285714286 0.5888544891640867 0.6095238095238096 0.5696594427244582 0.6095238095238096 
22 0.544891640866873 0.580952380952381 0.5399380804953561 0.5904761904761905 0.530030959752322 0.6857142857142857 0.530030959752322 0.7892857142857143 0.534984520123839 0.7988095238095239 0.5436532507739938 0.7988095238095239 0.5541795665634675 0.7797619047619048 0.5591331269349845 0.7345238095238096 0.5690402476780185 0.6369047619047619 0.5690402476780185 0.5904761904761905 0.5640866873065016 0.5821428571428572 0.5628482972136223 0.580952380952381 0.544891640866873 0.580952380952381 
23 0.5213622291021672 0.5714285714285714 0.5201238390092879 0.5726190476190476 0.5151702786377709 0.6214285714285714 0.5052631578947369 0.7238095238095238 0.5052631578947369 0.7678571428571429 0.5058823529411764 0.7761904761904762 0.5077399380804953 0.7797619047619048 0.5139318885448917 0.7797619047619048 0.5294117647058824 0.75 0.5343653250773994 0.7214285714285714 0.5393188854489164 0.6821428571428572 0.5442724458204334 0.6369047619047619 0.5442724458204334 0.5714285714285714 0.5213622291021672 0.5714285714285714 
24 0.5052631578947369 0.5714285714285714 0.5003095975232198 0.6 0.4953560371517028 0.638095238095238 0.4953560371517028 0.7380952380952381 0.49597523219814244 0.7416666666666667 0.508359133126935 0.7416666666666667 0.5095975232198142 0.7404761904761905 0.5145510835913313 0.7309523809523809 0.5244582043343653 0.625 0.5244582043343653 0.5726190476190476 0.5232198142414861 0.5714285714285714 0.5052631578947369 0.5714285714285714 
25 0.4953560371517028 0.5714285714285714 0.4854489164086687 0.5904761904761905 0.4804953560371517 0.638095238095238 0.4804953560371517 0.7511904761904762 0.4885448916408669 0.7511904761904762 0.48978328173374613 0.75 0.49473684210526314 0.7416666666666667 0.4996904024767802 0.7202380952380952 0.5095975232198142 0.6059523809523809 0.5095975232198142 0.5833333333333334 0.5089783281733746 0.580952380952381 0.5040247678018576 0.5714285714285714 0.4953560371517028 0.5714285714285714 
26 0.4712074303405573 0.5619047619047619 0.47058823529411764 0.5642857142857143 0.46068111455108357 0.638095238095238 0.46068111455108357 0.7488095238095238 0.4613003095975232 0.7511904761904762 0.47987616099071206 0.7511904761904762 0.4848297213622291 0.7321428571428571 0.48978328173374613 0.6369047619047619 0.48978328173374613 0.5726190476190476 0.4842105263157895 0.5619047619047619 0.4712074303405573 0.5619047619047619 
27 0.45139318885448915 0.5714285714285714 0.45077399380804956 0.5726190476190476 0.4408668730650155 0.6952380952380952 0.4408668730650155 0.7797619047619048 0.465015479876161 0.7797619047619048 0.469969040247678 0.7511904761904762 0.47492260061919506 0.6464285714285715 0.47492260061919506 0.5785714285714286 0.47368421052631576 0.575 0.47058823529411764 0.5714285714285714 0.45139318885448915 0.5714285714285714 
28 0.43157894736842106 0.580952380952381 0.4260061919504644 0.5904761904761905 0.42105263157894735 0.6285714285714286 0.42105263157894735 0.7511904761904762 0.426625386996904 0.7607142857142857 0.43529411764705883 0.7607142857142857 0.4452012383900929 0.7416666666666667 0.4501547987616099 0.6916666666666667 0.4501547987616099 0.5821428571428572 0.44891640866873067 0.580952380952381 0.43157894736842106 0.580952380952381 