1 0.19938080495356036 0.3523809523809524 0.19814241486068113 0.3535714285714286 0.19814241486068113 0.3976190476190476 0.20804953560371517 0.5083333333333333 0.2086687306501548 0.513095238095238 0.21795665634674924 0.530952380952381 0.2284829721362229 0.5416666666666666 0.25696594427244585 0.5416666666666666 0.26191950464396285 0.5297619047619048 0.26191950464396285 0.47023809523809523 0.25696594427244585 0.4297619047619048 0.2520123839009288 0.3904761904761905 0.24705882352941178 0.37142857142857144 0.21238390092879256 0.3523809523809524 0.19938080495356036 0.3523809523809524 
2 0.23777089783281732 0.3523809523809524 0.23777089783281732 0.37976190476190474 0.25758513931888544 0.5511904761904762 0.2625386996904025 0.5595238095238095 0.2643962848297214 0.5607142857142857 0.3108359133126935 0.5607142857142857 0.31145510835913315 0.5595238095238095 0.3157894736842105 0.5404761904761904 0.31640866873065016 0.5369047619047619 0.31640866873065016 0.5059523809523809 0.3065015479876161 0.40476190476190477 0.3058823529411765 0.4 0.29659442724458207 0.3726190476190476 0.29102167182662536 0.3619047619047619 0.25696594427244585 0.3523809523809524 0.23777089783281732 0.3523809523809524 
3 0.32260061919504646 0.3523809523809524 0.29721362229102166 0.3619047619047619 0.29721362229102166 0.40595238095238095 0.30712074303405573 0.5488095238095239 0.3077399380804954 0.5511904761904762 0.3126934984520124 0.5607142857142857 0.33746130030959753 0.5702380952380952 0.35541795665634673 0.5702380952380952 0.36594427244582045 0.5607142857142857 0.3702786377708978 0.5511904761904762 0.37089783281733746 0.5488095238095239 0.37089783281733746 0.525 0.3609907120743034 0.4023809523809524 0.3603715170278638 0.4 0.3560371517027864 0.3904761904761905 0.33622291021671824 0.3523809523809524 0.32260061919504646 0.3523809523809524 
4 0.3715170278637771 0.3523809523809524 0.3671826625386997 0.3619047619047619 0.36656346749226004 0.36547619047619045 0.356656346749226 0.4869047619047619 0.356656346749226 0.569047619047619 0.3572755417956656 0.5702380952380952 0.39442724458204337 0.5702380952380952 0.3956656346749226 0.569047619047619 0.4006191950464396 0.5511904761904762 0.4006191950464396 0.5071428571428571 0.3956656346749226 0.45714285714285713 0.3907120743034056 0.4095238095238095 0.38575851393188854 0.38333333333333336 0.38080495356037153 0.3630952380952381 0.37585139318885447 0.3523809523809524 0.3715170278637771 0.3523809523809524 
5 0.4117647058823529 0.37142857142857144 0.4018575851393189 0.4 0.39628482972136225 0.4166666666666667 0.3913312693498452 0.4380952380952381 0.3913312693498452 0.5607142857142857 0.4297213622291022 0.5607142857142857 0.43529411764705883 0.55 0.43529411764705883 0.5047619047619047 0.42538699690402476 0.3726190476190476 0.4247678018575851 0.37142857142857144 0.4117647058823529 0.37142857142857144 
6 0.46068111455108357 0.3523809523809524 0.45139318885448915 0.37142857142857144 0.4408668730650155 0.4 0.4359133126934985 0.41904761904761906 0.4260061919504644 0.4595238095238095 0.4260061919504644 0.5511904761904762 0.43157894736842106 0.5607142857142857 0.4551083591331269 0.5607142857142857 0.460061919504644 0.5511904761904762 0.465015479876161 0.5404761904761904 0.47987616099071206 0.4154761904761905 0.47987616099071206 0.3535714285714286 0.4786377708978328 0.3523809523809524 0.46068111455108357 0.3523809523809524 
7 0.5003095975232198 0.37142857142857144 0.4953560371517028 0.38095238095238093 0.47554179566563465 0.42023809523809524 0.46563467492260063 0.44761904761904764 0.46068111455108357 0.47619047619047616 0.46068111455108357 0.5380952380952381 0.4613003095975232 0.5404761904761904 0.46563467492260063 0.5511904761904762 0.47058823529411764 0.5607142857142857 0.48978328173374613 0.5607142857142857 0.49411764705882355 0.5416666666666666 0.49473684210526314 0.5380952380952381 0.5095975232198142 0.42738095238095236 0.5095975232198142 0.3726190476190476 0.508359133126935 0.37142857142857144 0.5003095975232198 0.37142857142857144 
8 0.5226006191950464 0.3619047619047619 0.5207430340557275 0.3630952380952381 0.5201238390092879 0.36428571428571427 0.5052631578947369 0.4 0.4953560371517028 0.4297619047619048 0.4904024767801858 0.45 0.4854489164086687 0.5357142857142857 0.4854489164086687 0.5702380952380952 0.5238390092879257 0.5702380952380952 0.5244582043343653 0.569047619047619 0.5294117647058824 0.55 0.5343653250773994 0.44642857142857145 0.5343653250773994 0.3619047619047619 0.5226006191950464 0.3619047619047619 
10 0.5696594427244582 0.4 0.5597523219814241 0.41904761904761906 0.5498452012383901 0.4857142857142857 0.5498452012383901 0.5321428571428571 0.5597523219814241 0.5607142857142857 0.5739938080495356 0.5607142857142857 0.5789473684210527 0.5416666666666666 0.5789473684210527 0.4 0.5696594427244582 0.4 
11 0.6006191950464397 0.37142857142857144 0.5993808049535604 0.3726190476190476 0.595046439628483 0.38095238095238093 0.5801857585139318 0.4380952380952381 0.5746130030959752 0.4666666666666667 0.5746130030959752 0.5607142857142857 0.5795665634674922 0.5702380952380952 0.5938080495356037 0.5702380952380952 0.5987616099071208 0.5595238095238095 0.6086687306501548 0.425 0.6086687306501548 0.3738095238095238 0.6074303405572755 0.3726190476190476 0.6055727554179566 0.37142857142857144 0.6006191950464397 0.37142857142857144 
12 0.6111455108359133 0.4 0.6092879256965944 0.4011904761904762 0.6043343653250774 0.4095238095238095 0.5993808049535604 0.42142857142857143 0.5944272445820433 0.45 0.5944272445820433 0.5702380952380952 0.6 0.5797619047619048 0.6235294117647059 0.5797619047619048 0.628482972136223 0.5702380952380952 0.628482972136223 0.4095238095238095 0.6235294117647059 0.4 0.6111455108359133 0.4 
13 0.6396284829721363 0.4 0.6390092879256966 0.4011904761904762 0.6346749226006192 0.4107142857142857 0.6291021671826625 0.4392857142857143 0.6241486068111455 0.4785714285714286 0.6241486068111455 0.5773809523809523 0.6247678018575852 0.5797619047619048 0.643343653250774 0.5797619047619048 0.6526315789473685 0.5702380952380952 0.653250773993808 0.5678571428571428 0.653250773993808 0.4630952380952381 0.648297213622291 0.4 0.6396284829721363 0.4 
14 0.6736842105263158 0.37142857142857144 0.6637770897832818 0.3904761904761905 0.6588235294117647 0.4011904761904762 0.6538699690402476 0.42023809523809524 0.6489164086687307 0.45714285714285713 0.6489164086687307 0.5583333333333333 0.6495356037151703 0.5607142857142857 0.6538699690402476 0.5702380952380952 0.6922600619195046 0.5702380952380952 0.6978328173374613 0.5607142857142857 0.6978328173374613 0.5333333333333333 0.6928792569659443 0.38095238095238093 0.6873065015479877 0.37142857142857144 0.6736842105263158 0.37142857142857144 
15 0.7157894736842105 0.37142857142857144 0.7089783281733746 0.38095238095238093 0.708359133126935 0.3821428571428571 0.698452012383901 0.41904761904761906 0.6885448916408669 0.5142857142857142 0.6885448916408669 0.5416666666666666 0.6941176470588235 0.5607142857142857 0.6990712074303406 0.5702380952380952 0.7312693498452012 0.5702380952380952 0.7424148606811145 0.5607142857142857 0.7473684210526316 0.4452380952380952 0.7473684210526316 0.4119047619047619 0.746749226006192 0.4095238095238095 0.7318885448916409 0.38095238095238093 0.7275541795665634 0.3738095238095238 0.7238390092879257 0.37142857142857144 0.7157894736842105 0.37142857142857144 
16 0.7529411764705882 0.3619047619047619 0.7430340557275542 0.3738095238095238 0.7380804953560371 0.4011904761904762 0.7380804953560371 0.5404761904761904 0.7436532507739938 0.5511904761904762 0.7616099071207431 0.5511904761904762 0.7820433436532508 0.5321428571428571 0.7820433436532508 0.3726190476190476 0.7770897832817337 0.3630952380952381 0.7758513931888545 0.3619047619047619 0.7529411764705882 0.3619047619047619 
17 0.7541795665634675 0.5523809523809524 0.7281733746130031 0.5714285714285714 0.718266253869969 0.580952380952381 0.718266253869969 0.625 0.7380804953560371 0.6833333333333333 0.7430340557275542 0.694047619047619 0.7486068111455109 0.7035714285714286 0.7578947368421053 0.7130952380952381 0.7616099071207431 0.7130952380952381 0.7770897832817337 0.7119047619047619 0.8012383900928792 0.675 0.8018575851393189 0.6738095238095239 0.8018575851393189 0.638095238095238 0.7721362229102167 0.5630952380952381 0.7671826625386997 0.5523809523809524 0.7541795665634675 0.5523809523809524 
18 0.698452012383901 0.5714285714285714 0.6637770897832818 0.580952380952381 0.6588235294117647 0.5904761904761905 0.6588235294117647 0.6011904761904762 0.6594427244582043 0.6071428571428571 0.6637770897832818 0.6261904761904762 0.6687306501547987 0.6452380952380953 0.6934984520123839 0.7214285714285714 0.698452012383901 0.7321428571428571 0.708359133126935 0.7511904761904762 0.746749226006192 0.7511904761904762 0.7473684210526316 0.7488095238095238 0.7473684210526316 0.719047619047619 0.746749226006192 0.7142857142857143 0.7374613003095976 0.6571428571428571 0.7226006191950465 0.5916666666666667 0.7170278637770898 0.5714285714285714 0.698452012383901 0.5714285714285714 
19 0.6445820433436532 0.580952380952381 0.6247678018575852 0.5904761904761905 0.6241486068111455 0.5916666666666667 0.6241486068111455 0.6654761904761904 0.6390092879256966 0.7297619047619047 0.6396284829721363 0.7321428571428571 0.6489164086687307 0.7595238095238095 0.6507739938080496 0.7607142857142857 0.6631578947368421 0.7607142857142857 0.6928792569659443 0.7511904761904762 0.6928792569659443 0.7166666666666667 0.6823529411764706 0.6571428571428571 0.6681114551083591 0.580952380952381 0.6445820433436532 0.580952380952381 
20 0.6092879256965944 0.5904761904761905 0.5944272445820433 0.6 0.5944272445820433 0.6464285714285715 0.6092879256965944 0.75 0.6142414860681115 0.7702380952380953 0.6198142414860681 0.7797619047619048 0.6334365325077399 0.7797619047619048 0.6334365325077399 0.6571428571428571 0.628482972136223 0.5904761904761905 0.6092879256965944 0.5904761904761905 
21 0.5801857585139318 0.5714285714285714 0.5752321981424149 0.580952380952381 0.5696594427244582 0.6 0.5696594427244582 0.6452380952380953 0.5795665634674922 0.7261904761904762 0.5845201238390093 0.7559523809523809 0.5857585139318885 0.7583333333333333 0.5876160990712074 0.7607142857142857 0.5987616099071208 0.7607142857142857 0.5987616099071208 0.6023809523809524 0.5938080495356037 0.580952380952381 0.5888544891640867 0.5714285714285714 0.5801857585139318 0.5714285714285714 
22 0.5597523219814241 0.5714285714285714 0.5498452012383901 0.5904761904761905 0.5498452012383901 0.655952380952381 0.5547987616099072 0.75 0.5597523219814241 0.7702380952380953 0.5684210526315789 0.7702380952380953 0.5739938080495356 0.7607142857142857 0.5789473684210527 0.75 0.5789473684210527 0.6488095238095238 0.5739938080495356 0.5821428571428572 0.5678018575851393 0.5714285714285714 0.5597523219814241 0.5714285714285714 
23 0.525077399380805 0.5904761904761905 0.525077399380805 0.6654761904761904 0.534984520123839 0.7404761904761905 0.5356037151702786 0.7416666666666667 0.5535603715170279 0.7416666666666667 0.5541795665634675 0.7380952380952381 0.5541795665634675 0.6226190476190476 0.5492260061919505 0.5916666666666667 0.5486068111455108 0.5904761904761905 0.525077399380805 0.5904761904761905 
24 0.5065015479876162 0.580952380952381 0.5052631578947369 0.5821428571428572 0.5052631578947369 0.6464285714285715 0.5151702786377709 0.719047619047619 0.5201238390092879 0.7392857142857143 0.5207430340557275 0.7416666666666667 0.525077399380805 0.7511904761904762 0.5337461300309597 0.7511904761904762 0.5343653250773994 0.7488095238095238 0.5343653250773994 0.6761904761904762 0.5294117647058824 0.580952380952381 0.5065015479876162 0.580952380952381 
25 0.4904024767801858 0.580952380952381 0.4904024767801858 0.6904761904761905 0.4953560371517028 0.7309523809523809 0.5003095975232198 0.75 0.5009287925696595 0.7511904761904762 0.508359133126935 0.7511904761904762 0.5095975232198142 0.75 0.5145510835913313 0.7416666666666667 0.5145510835913313 0.6392857142857142 0.5095975232198142 0.580952380952381 0.4904024767801858 0.580952380952381 
26 0.47058823529411764 0.580952380952381 0.46563467492260063 0.5916666666666667 0.46563467492260063 0.675 0.47058823529411764 0.7130952380952381 0.4804953560371517 0.7702380952380953 0.4996904024767802 0.7702380952380953 0.4996904024767802 0.6869047619047619 0.49473684210526314 0.6202380952380953 0.48978328173374613 0.5821428571428572 0.4891640866873065 0.580952380952381 0.47058823529411764 0.580952380952381 
27 0.45077399380804956 0.5714285714285714 0.44148606811145513 0.580952380952381 0.4408668730650155 0.5821428571428572 0.4359133126934985 0.6095238095238096 0.4359133126934985 0.6583333333333333 0.43653250773993807 0.6845238095238095 0.4408668730650155 0.75 0.4458204334365325 0.7702380952380953 0.45572755417956656 0.7880952380952381 0.4582043343653251 0.7892857142857143 0.46439628482972134 0.7892857142857143 0.465015479876161 0.7880952380952381 0.469969040247678 0.7702380952380953 0.469969040247678 0.6107142857142858 0.465015479876161 0.580952380952381 0.460061919504644 0.5714285714285714 0.45077399380804956 0.5714285714285714 
28 0.41238390092879257 0.5714285714285714 0.40123839009287926 0.580952380952381 0.39628482972136225 0.6023809523809524 0.39628482972136225 0.6833333333333333 0.41114551083591333 0.75 0.41609907120743034 0.7702380952380953 0.42105263157894735 0.7880952380952381 0.4260061919504644 0.7988095238095239 0.4390092879256966 0.7988095238095239 0.44024767801857584 0.7976190476190477 0.4452012383900929 0.7678571428571429 0.4452012383900929 0.5833333333333334 0.44458204334365325 0.580952380952381 0.4284829721362229 0.5714285714285714 0.41238390092879257 0.5714285714285714 
29 0.373374613003096 0.580952380952381 0.3721362229102167 0.5821428571428572 0.3715170278637771 0.5833333333333334 0.36160990712074303 0.6773809523809524 0.36160990712074303 0.6845238095238095 0.3764705882352941 0.7892857142857143 0.39504643962848296 0.7892857142857143 0.4006191950464396 0.7797619047619048 0.4105263157894737 0.7226190476190476 0.4105263157894737 0.6952380952380952 0.4055727554179567 0.580952380952381 0.373374613003096 0.580952380952381 
30 0.3269349845201238 0.5714285714285714 0.3170278637770898 0.5904761904761905 0.3021671826625387 0.6761904761904762 0.29721362229102166 0.7166666666666667 0.29721362229102166 0.7607142857142857 0.3331269349845201 0.7797619047619048 0.3504643962848297 0.7797619047619048 0.3560371517027864 0.7702380952380953 0.3603715170278638 0.7607142857142857 0.36594427244582045 0.7416666666666667 0.3752321981424149 0.7035714285714286 0.37585139318885447 0.7 0.37585139318885447 0.5833333333333334 0.3752321981424149 0.580952380952381 0.3560371517027864 0.5714285714285714 0.3269349845201238 0.5714285714285714 
31 0.2631578947368421 0.5619047619047619 0.2625386996904025 0.5630952380952381 0.25758513931888544 0.5821428571428572 0.24272445820433436 0.6476190476190476 0.23777089783281732 0.6952380952380952 0.23777089783281732 0.7321428571428571 0.2674922600619195 0.7511904761904762 0.2761609907120743 0.7511904761904762 0.286687306501548 0.7321428571428571 0.291640866873065 0.7226190476190476 0.31640866873065016 0.6654761904761904 0.32136222910216716 0.6345238095238095 0.3263157894736842 0.594047619047619 0.3263157894736842 0.580952380952381 0.32136222910216716 0.5714285714285714 0.29102167182662536 0.5619047619047619 0.2631578947368421 0.5619047619047619 
32 0.2130030959752322 0.5333333333333333 0.19876160990712075 0.5619047619047619 0.17337461300309598 0.6285714285714286 0.17337461300309598 0.655952380952381 0.1931888544891641 0.694047619047619 0.21052631578947367 0.694047619047619 0.22724458204334366 0.6833333333333333 0.2371517027863777 0.675 0.2520123839009288 0.6464285714285715 0.25696594427244585 0.6357142857142857 0.26191950464396285 0.6154761904761905 0.26687306501547986 0.5892857142857143 0.26687306501547986 0.5654761904761905 0.26625386996904027 0.5630952380952381 0.26191950464396285 0.5523809523809524 0.25696594427244585 0.5428571428571428 0.24148606811145512 0.5333333333333333 0.2130030959752322 0.5333333333333333 