2 0.2823529411764706 0.37142857142857144 0.2773993808049536 0.38095238095238093 0.2674922600619195 0.41904761904761906 0.2674922600619195 0.4630952380952381 0.26811145510835915 0.4654761904761905 0.27306501547987616 0.475 0.2873065015479876 0.49404761904761907 0.31145510835913315 0.49404761904761907 0.32074303405572757 0.4845238095238095 0.3256965944272446 0.475 0.33126934984520123 0.45595238095238094 0.33126934984520123 0.39285714285714285 0.3306501547987616 0.3904761904761905 0.31640866873065016 0.37142857142857144 0.2823529411764706 0.37142857142857144 
3 0.3368421052631579 0.4 0.3318885448916409 0.4095238095238095 0.3219814241486068 0.44761904761904764 0.3170278637770898 0.46785714285714286 0.31207430340557274 0.5273809523809524 0.31207430340557274 0.5797619047619048 0.3609907120743034 0.5797619047619048 0.3653250773993808 0.5702380952380952 0.36594427244582045 0.5666666666666667 0.36594427244582045 0.5154761904761904 0.3609907120743034 0.4666666666666667 0.3510835913312694 0.4 0.3368421052631579 0.4 
4 0.35170278637770896 0.38095238095238093 0.34674922600619196 0.39166666666666666 0.34674922600619196 0.43452380952380953 0.35170278637770896 0.4726190476190476 0.3523219814241486 0.475 0.356656346749226 0.4845238095238095 0.36656346749226004 0.4928571428571429 0.3764705882352941 0.49404761904761907 0.37956656346749224 0.49404761904761907 0.3851393188854489 0.4845238095238095 0.3956656346749226 0.45476190476190476 0.3956656346749226 0.41904761904761906 0.37585139318885447 0.3821428571428571 0.3746130030959752 0.38095238095238093 0.35170278637770896 0.38095238095238093 
5 0.37708978328173376 0.37142857142857144 0.3764705882352941 0.375 0.3764705882352941 0.40714285714285714 0.3814241486068111 0.475 0.39195046439628484 0.49404761904761907 0.4055727554179567 0.49404761904761907 0.4247678018575851 0.475 0.42538699690402476 0.47023809523809523 0.42538699690402476 0.4380952380952381 0.42043343653250775 0.41904761904761906 0.4154798761609907 0.4095238095238095 0.38575851393188854 0.3726190476190476 0.3845201238390093 0.37142857142857144 0.37708978328173376 0.37142857142857144 
6 0.3863777089783282 0.2857142857142857 0.3814241486068111 0.29642857142857143 0.3814241486068111 0.35 0.3863777089783282 0.37857142857142856 0.39195046439628484 0.4083333333333333 0.40123839009287926 0.41785714285714287 0.4136222910216718 0.42738095238095236 0.42538699690402476 0.42738095238095236 0.4346749226006192 0.41785714285714287 0.44024767801857584 0.4083333333333333 0.44024767801857584 0.3630952380952381 0.4154798761609907 0.3142857142857143 0.4006191950464396 0.2857142857142857 0.3863777089783282 0.2857142857142857 
7 0.44148606811145513 0.37142857142857144 0.4359133126934985 0.3904761904761905 0.42105263157894735 0.46785714285714286 0.42105263157894735 0.49404761904761907 0.4309597523219814 0.513095238095238 0.4408668730650155 0.5226190476190476 0.4551083591331269 0.5226190476190476 0.460061919504644 0.4845238095238095 0.460061919504644 0.38452380952380955 0.45944272445820433 0.38095238095238093 0.4544891640866873 0.37142857142857144 0.44148606811145513 0.37142857142857144 
8 0.4718266253869969 0.37142857142857144 0.47058823529411764 0.3726190476190476 0.46563467492260063 0.3821428571428571 0.46068111455108357 0.4 0.45077399380804956 0.4773809523809524 0.45077399380804956 0.5476190476190477 0.45139318885448915 0.5511904761904762 0.4569659442724458 0.5607142857142857 0.46563467492260063 0.5702380952380952 0.49473684210526314 0.5702380952380952 0.49473684210526314 0.4666666666666667 0.48978328173374613 0.4107142857142857 0.4848297213622291 0.3821428571428571 0.47987616099071206 0.37142857142857144 0.4718266253869969 0.37142857142857144 
9 0.5065015479876162 0.3619047619047619 0.5052631578947369 0.3630952380952381 0.5003095975232198 0.37142857142857144 0.4953560371517028 0.38095238095238093 0.4904024767801858 0.4857142857142857 0.4904024767801858 0.5404761904761904 0.4953560371517028 0.5702380952380952 0.5244582043343653 0.5702380952380952 0.5393188854489164 0.5595238095238095 0.5393188854489164 0.49642857142857144 0.5343653250773994 0.45714285714285713 0.5195046439628483 0.3738095238095238 0.5145510835913313 0.36547619047619045 0.508359133126935 0.3619047619047619 0.5065015479876162 0.3619047619047619 
10 0.5256965944272446 0.34285714285714286 0.5207430340557275 0.3523809523809524 0.5201238390092879 0.35595238095238096 0.5201238390092879 0.41785714285714287 0.525077399380805 0.4642857142857143 0.530030959752322 0.49404761904761907 0.5510835913312694 0.49404761904761907 0.5541795665634675 0.4928571428571429 0.5640866873065016 0.4845238095238095 0.5640866873065016 0.42857142857142855 0.5591331269349845 0.4095238095238095 0.5492260061919505 0.3726190476190476 0.5393188854489164 0.3523809523809524 0.5343653250773994 0.34285714285714286 0.5256965944272446 0.34285714285714286 
11 0.5795665634674922 0.2761904761904762 0.5498452012383901 0.3333333333333333 0.5455108359133127 0.34285714285714286 0.544891640866873 0.3464285714285714 0.544891640866873 0.3952380952380952 0.5455108359133127 0.39880952380952384 0.5498452012383901 0.4083333333333333 0.5554179566563467 0.41785714285714287 0.5789473684210527 0.41785714285714287 0.5888544891640867 0.39880952380952384 0.5938080495356037 0.3880952380952381 0.5987616099071208 0.3595238095238095 0.6037151702786377 0.32261904761904764 0.6037151702786377 0.28809523809523807 0.5987616099071208 0.2761904761904762 0.5795665634674922 0.2761904761904762 
12 0.595046439628483 0.3523809523809524 0.5894736842105263 0.3630952380952381 0.5696594427244582 0.4095238095238095 0.5696594427244582 0.4654761904761905 0.5746130030959752 0.475 0.6080495356037152 0.475 0.6086687306501548 0.4726190476190476 0.6185758513931888 0.37023809523809526 0.6185758513931888 0.3619047619047619 0.6136222910216719 0.3535714285714286 0.6123839009287926 0.3523809523809524 0.595046439628483 0.3523809523809524 
13 0.6260061919504644 0.34285714285714286 0.6142414860681115 0.3523809523809524 0.6099071207430341 0.3619047619047619 0.5993808049535604 0.3904761904761905 0.595046439628483 0.4119047619047619 0.5944272445820433 0.4154761904761905 0.5944272445820433 0.4369047619047619 0.604953560371517 0.4654761904761905 0.6099071207430341 0.475 0.6359133126934985 0.475 0.638390092879257 0.4738095238095238 0.648297213622291 0.41785714285714287 0.648297213622291 0.3523809523809524 0.6427244582043343 0.34285714285714286 0.6260061919504644 0.34285714285714286 
14 0.6439628482972136 0.3904761904761905 0.6390092879256966 0.4095238095238095 0.6390092879256966 0.5416666666666666 0.6489164086687307 0.5607142857142857 0.6823529411764706 0.5607142857142857 0.6879256965944273 0.55 0.6879256965944273 0.5059523809523809 0.6829721362229102 0.4583333333333333 0.6780185758513931 0.4297619047619048 0.6730650154798762 0.4107142857142857 0.6674922600619195 0.3904761904761905 0.6439628482972136 0.3904761904761905 
15 0.6835913312693499 0.3345238095238095 0.6693498452012384 0.34285714285714286 0.6637770897832818 0.3630952380952381 0.6637770897832818 0.40595238095238095 0.6687306501547987 0.4369047619047619 0.6743034055727554 0.44642857142857145 0.7027863777089783 0.44642857142857145 0.7226006191950465 0.41785714285714287 0.7226006191950465 0.3738095238095238 0.7126934984520124 0.3523809523809524 0.7065015479876161 0.34285714285714286 0.6978328173374613 0.3345238095238095 0.6835913312693499 0.3345238095238095 
18 0.708359133126935 0.6 0.6842105263157895 0.6190476190476191 0.6786377708978328 0.6297619047619047 0.6786377708978328 0.6630952380952381 0.6835913312693499 0.6833333333333333 0.6885448916408669 0.694047619047619 0.6941176470588235 0.7035714285714286 0.7263157894736842 0.7035714285714286 0.7275541795665634 0.7023809523809523 0.7325077399380805 0.6845238095238095 0.7325077399380805 0.6214285714285714 0.7275541795665634 0.6095238095238096 0.7219814241486068 0.6 0.708359133126935 0.6 
19 0.6538699690402476 0.5523809523809524 0.6303405572755418 0.5619047619047619 0.6291021671826625 0.5630952380952381 0.6253869969040248 0.5714285714285714 0.6247678018575852 0.5738095238095238 0.6241486068111455 0.5773809523809523 0.6241486068111455 0.6154761904761905 0.6439628482972136 0.7297619047619047 0.6445820433436532 0.7321428571428571 0.6495356037151703 0.7416666666666667 0.6879256965944273 0.7416666666666667 0.6879256965944273 0.6773809523809524 0.6780185758513931 0.5630952380952381 0.6773993808049535 0.5619047619047619 0.6625386996904025 0.5523809523809524 0.6538699690402476 0.5523809523809524 
20 0.6092879256965944 0.6857142857142857 0.604953560371517 0.6952380952380952 0.6043343653250774 0.6988095238095238 0.6043343653250774 0.7309523809523809 0.6092879256965944 0.7595238095238095 0.6142414860681115 0.7785714285714286 0.614860681114551 0.7797619047619048 0.6328173374613003 0.7797619047619048 0.6377708978328174 0.7702380952380953 0.638390092879257 0.7654761904761904 0.638390092879257 0.7083333333333334 0.6377708978328174 0.7047619047619048 0.6328173374613003 0.6857142857142857 0.6092879256965944 0.6857142857142857 
21 0.5696594427244582 0.6666666666666666 0.5647058823529412 0.6761904761904762 0.5647058823529412 0.7214285714285714 0.5696594427244582 0.7702380952380953 0.5746130030959752 0.7892857142857143 0.5913312693498453 0.7892857142857143 0.5925696594427244 0.7880952380952381 0.5938080495356037 0.7857142857142857 0.5987616099071208 0.7595238095238095 0.5987616099071208 0.6773809523809524 0.5938080495356037 0.6666666666666666 0.5696594427244582 0.6666666666666666 
22 0.5356037151702786 0.7047619047619048 0.525077399380805 0.7238095238095238 0.525077399380805 0.7797619047619048 0.5399380804953561 0.8369047619047619 0.544891640866873 0.8464285714285714 0.5504643962848297 0.8559523809523809 0.5684210526315789 0.8559523809523809 0.5690402476780185 0.8547619047619047 0.5690402476780185 0.7654761904761904 0.5640866873065016 0.7333333333333333 0.5591331269349845 0.7154761904761905 0.5585139318885449 0.7142857142857143 0.5492260061919505 0.7047619047619048 0.5356037151702786 0.7047619047619048 
23 0.5102167182662539 0.580952380952381 0.5102167182662539 0.7416666666666667 0.5151702786377709 0.7595238095238095 0.5157894736842106 0.7607142857142857 0.5170278637770898 0.7607142857142857 0.5195046439628483 0.7595238095238095 0.5244582043343653 0.7511904761904762 0.5294117647058824 0.7416666666666667 0.5343653250773994 0.7130952380952381 0.5393188854489164 0.6547619047619048 0.5393188854489164 0.5916666666666667 0.5343653250773994 0.5821428571428572 0.5331269349845201 0.580952380952381 0.5102167182662539 0.580952380952381 
24 0.4854489164086687 0.580952380952381 0.4854489164086687 0.6154761904761905 0.4953560371517028 0.7392857142857143 0.49597523219814244 0.7416666666666667 0.5009287925696595 0.7511904761904762 0.5089783281733746 0.7511904761904762 0.5095975232198142 0.75 0.5145510835913313 0.6845238095238095 0.5145510835913313 0.580952380952381 0.4854489164086687 0.580952380952381 
25 0.46563467492260063 0.5714285714285714 0.4613003095975232 0.580952380952381 0.46068111455108357 0.5833333333333334 0.46068111455108357 0.5952380952380952 0.46563467492260063 0.6452380952380953 0.4854489164086687 0.7416666666666667 0.49102167182662537 0.7511904761904762 0.49907120743034056 0.7511904761904762 0.4996904024767802 0.7476190476190476 0.4996904024767802 0.6869047619047619 0.48978328173374613 0.5904761904761905 0.4848297213622291 0.5714285714285714 0.46563467492260063 0.5714285714285714 
26 0.4408668730650155 0.580952380952381 0.4359133126934985 0.5916666666666667 0.4359133126934985 0.6071428571428571 0.4408668730650155 0.6428571428571429 0.44148606811145513 0.6464285714285715 0.44643962848297214 0.6654761904761904 0.4613003095975232 0.7130952380952381 0.47058823529411764 0.7416666666666667 0.47554179566563465 0.75 0.4773993808049536 0.7511904761904762 0.4823529411764706 0.7511904761904762 0.4848297213622291 0.75 0.4848297213622291 0.6952380952380952 0.47987616099071206 0.6583333333333333 0.465015479876161 0.5821428571428572 0.46439628482972134 0.580952380952381 0.4408668730650155 0.580952380952381 
27 0.4458204334365325 0.7142857142857143 0.4408668730650155 0.7238095238095238 0.4359133126934985 0.7345238095238096 0.4309597523219814 0.763095238095238 0.4260061919504644 0.8095238095238095 0.4260061919504644 0.8559523809523809 0.460061919504644 0.8559523809523809 0.47492260061919506 0.7988095238095239 0.47492260061919506 0.7238095238095238 0.469969040247678 0.7142857142857143 0.4458204334365325 0.7142857142857143 
28 0.4086687306501548 0.6857142857142857 0.40619195046439627 0.6869047619047619 0.40123839009287926 0.6952380952380952 0.40123839009287926 0.7892857142857143 0.4068111455108359 0.8083333333333333 0.4117647058823529 0.8178571428571428 0.4235294117647059 0.8178571428571428 0.42538699690402476 0.8154761904761905 0.43034055727554177 0.8071428571428572 0.43529411764705883 0.7880952380952381 0.44024767801857584 0.7595238095238095 0.44024767801857584 0.7154761904761905 0.43529411764705883 0.6952380952380952 0.42043343653250775 0.6857142857142857 0.4086687306501548 0.6857142857142857 
29 0.36656346749226004 0.7047619047619048 0.36160990712074303 0.7154761904761905 0.36160990712074303 0.7976190476190477 0.3721362229102167 0.8178571428571428 0.38575851393188854 0.8178571428571428 0.3956656346749226 0.7869047619047619 0.4006191950464396 0.7702380952380953 0.4006191950464396 0.7154761904761905 0.3956656346749226 0.7047619047619048 0.36656346749226004 0.7047619047619048 
30 0.3176470588235294 0.580952380952381 0.3170278637770898 0.5821428571428572 0.31207430340557274 0.6 0.30712074303405573 0.7261904761904762 0.30712074303405573 0.7797619047619048 0.3510835913312694 0.7797619047619048 0.3609907120743034 0.7607142857142857 0.37585139318885447 0.6261904761904762 0.37585139318885447 0.6059523809523809 0.3752321981424149 0.6 0.37089783281733746 0.5904761904761905 0.33622291021671824 0.580952380952381 0.3176470588235294 0.580952380952381 
31 0.25882352941176473 0.638095238095238 0.25758513931888544 0.6392857142857142 0.2476780185758514 0.6666666666666666 0.2476780185758514 0.719047619047619 0.248297213622291 0.7226190476190476 0.25263157894736843 0.7321428571428571 0.25758513931888544 0.7416666666666667 0.26811145510835915 0.7511904761904762 0.291640866873065 0.7511904761904762 0.3015479876160991 0.7309523809523809 0.3065015479876161 0.7107142857142857 0.3065015479876161 0.6583333333333333 0.3058823529411765 0.6571428571428571 0.28173374613003094 0.638095238095238 0.25882352941176473 0.638095238095238 
A 0.3814241486068111 0.4666666666666667 0.36656346749226004 0.4773809523809524 0.3572755417956656 0.4857142857142857 0.356656346749226 0.4869047619047619 0.356656346749226 0.5797619047619048 0.39009287925696595 0.5797619047619048 0.3956656346749226 0.569047619047619 0.3956656346749226 0.4869047619047619 0.3907120743034056 0.47619047619047616 0.38575851393188854 0.4666666666666667 0.3814241486068111 0.4666666666666667 
B 0.4024767801857585 0.47619047619047616 0.38699690402476783 0.4857142857142857 0.3863777089783282 0.48928571428571427 0.3863777089783282 0.5785714285714286 0.38699690402476783 0.5797619047619048 0.40990712074303404 0.5797619047619048 0.42043343653250775 0.5702380952380952 0.4247678018575851 0.5607142857142857 0.42538699690402476 0.5571428571428572 0.42538699690402476 0.544047619047619 0.4154798761609907 0.49642857142857144 0.4105263157894737 0.47619047619047616 0.4024767801857585 0.47619047619047616 
C 0.421671826625387 0.45714285714285713 0.40619195046439627 0.4666666666666667 0.40619195046439627 0.5035714285714286 0.41609907120743034 0.5702380952380952 0.43034055727554177 0.5702380952380952 0.44024767801857584 0.5511904761904762 0.44024767801857584 0.5273809523809524 0.42538699690402476 0.4583333333333333 0.4241486068111455 0.45714285714285713 0.421671826625387 0.45714285714285713 
G 0.5356037151702786 0.4857142857142857 0.534984520123839 0.4869047619047619 0.534984520123839 0.530952380952381 0.5356037151702786 0.5321428571428571 0.5591331269349845 0.5321428571428571 0.5591331269349845 0.49523809523809526 0.5541795665634675 0.4869047619047619 0.5529411764705883 0.4857142857142857 0.5356037151702786 0.4857142857142857 
H 0.5647058823529412 0.4380952380952381 0.5603715170278638 0.45714285714285713 0.5547987616099072 0.4857142857142857 0.5547987616099072 0.5404761904761904 0.5597523219814241 0.5511904761904762 0.5653250773993808 0.5607142857142857 0.578328173374613 0.5607142857142857 0.5839009287925696 0.55 0.5839009287925696 0.4666666666666667 0.5739938080495356 0.4392857142857143 0.573374613003096 0.4380952380952381 0.5647058823529412 0.4380952380952381 
I 0.5808049535603715 0.4666666666666667 0.5795665634674922 0.46785714285714286 0.5795665634674922 0.5607142857142857 0.6086687306501548 0.5607142857142857 0.6086687306501548 0.46785714285714286 0.6074303405572755 0.4666666666666667 0.5808049535603715 0.4666666666666667 
J 0.604953560371517 0.45714285714285713 0.6043343653250774 0.4607142857142857 0.6043343653250774 0.5595238095238095 0.604953560371517 0.5607142857142857 0.6241486068111455 0.5702380952380952 0.6334365325077399 0.5702380952380952 0.643343653250774 0.5595238095238095 0.648297213622291 0.5416666666666666 0.648297213622291 0.5333333333333333 0.643343653250774 0.5 0.638390092879257 0.46785714285714286 0.6377708978328174 0.4666666666666667 0.6123839009287926 0.45714285714285713 0.604953560371517 0.45714285714285713 
K 0.5851393188854489 0.5714285714285714 0.5795665634674922 0.5821428571428572 0.5795665634674922 0.6154761904761905 0.5944272445820433 0.7035714285714286 0.6427244582043343 0.7035714285714286 0.643343653250774 0.7011904761904761 0.643343653250774 0.6595238095238095 0.628482972136223 0.5738095238095238 0.6278637770897832 0.5714285714285714 0.5851393188854489 0.5714285714285714 
L 0.5603715170278638 0.580952380952381 0.5597523219814241 0.5833333333333334 0.5597523219814241 0.680952380952381 0.5603715170278638 0.6845238095238095 0.5727554179566563 0.6845238095238095 0.5931888544891641 0.675 0.5938080495356037 0.6738095238095239 0.5938080495356037 0.6190476190476191 0.5839009287925696 0.5821428571428572 0.5826625386996904 0.580952380952381 0.5603715170278638 0.580952380952381 
M 0.534984520123839 0.5619047619047619 0.534984520123839 0.6273809523809524 0.5399380804953561 0.7107142857142857 0.5405572755417957 0.7119047619047619 0.5498452012383901 0.7214285714285714 0.5510835913312694 0.7226190476190476 0.551702786377709 0.7226190476190476 0.5541795665634675 0.7214285714285714 0.5591331269349845 0.7119047619047619 0.5640866873065016 0.6547619047619048 0.5640866873065016 0.580952380952381 0.5585139318885449 0.5619047619047619 0.534984520123839 0.5619047619047619 
R 0.41671826625387 0.580952380952381 0.41609907120743034 0.5821428571428572 0.41609907120743034 0.6369047619047619 0.4309597523219814 0.7035714285714286 0.4359133126934985 0.7214285714285714 0.43653250773993807 0.7226190476190476 0.44953560371517026 0.7226190476190476 0.4501547987616099 0.7214285714285714 0.4501547987616099 0.6773809523809524 0.4452012383900929 0.6202380952380953 0.44024767801857584 0.5821428571428572 0.4390092879256966 0.580952380952381 0.41671826625387 0.580952380952381 
S 0.40123839009287926 0.580952380952381 0.3913312693498452 0.6 0.3913312693498452 0.6261904761904762 0.39628482972136225 0.6845238095238095 0.40123839009287926 0.694047619047619 0.42105263157894735 0.7035714285714286 0.4278637770897833 0.7035714285714286 0.42910216718266253 0.7023809523809523 0.43034055727554177 0.7 0.43034055727554177 0.6571428571428571 0.42538699690402476 0.5821428571428572 0.4247678018575851 0.580952380952381 0.40123839009287926 0.580952380952381 
T 0.3622291021671827 0.5904761904761905 0.36160990712074303 0.5916666666666667 0.356656346749226 0.6571428571428571 0.356656346749226 0.694047619047619 0.3622291021671827 0.7035714285714286 0.3913312693498452 0.7214285714285714 0.4006191950464396 0.7226190476190476 0.4055727554179567 0.6928571428571428 0.4055727554179567 0.6869047619047619 0.4006191950464396 0.5928571428571429 0.3993808049535604 0.5904761904761905 0.3622291021671827 0.5904761904761905 