1 0.3077399380804954 0.4095238095238095 0.3021671826625387 0.41904761904761906 0.29721362229102166 0.42857142857142855 0.29226006191950465 0.4392857142857143 0.2724458204334365 0.4880952380952381 0.2724458204334365 0.5321428571428571 0.2773993808049536 0.55 0.2873065015479876 0.5702380952380952 0.29287925696594425 0.5797619047619048 0.29907120743034055 0.5797619047619048 0.3015479876160991 0.5785714285714286 0.3065015479876161 0.5702380952380952 0.31145510835913315 0.5607142857142857 0.32136222910216716 0.49166666666666664 0.32136222910216716 0.42023809523809524 0.3157894736842105 0.4095238095238095 0.3077399380804954 0.4095238095238095 
2 0.31826625386996904 0.45714285714285713 0.3170278637770898 0.4583333333333333 0.2978328173374613 0.5619047619047619 0.29721362229102166 0.5654761904761905 0.29721362229102166 0.6083333333333333 0.3027863777089783 0.6178571428571429 0.3176470588235294 0.6369047619047619 0.3306501547987616 0.6369047619047619 0.33622291021671824 0.6273809523809524 0.3411764705882353 0.6166666666666667 0.3461300309597523 0.5702380952380952 0.3461300309597523 0.49523809523809526 0.33622291021671824 0.4583333333333333 0.33560371517027865 0.45714285714285713 0.31826625386996904 0.45714285714285713 
3 0.3380804953560371 0.44761904761904764 0.3368421052631579 0.4488095238095238 0.3368421052631579 0.6273809523809524 0.34179566563467495 0.6369047619047619 0.3628482972136223 0.6464285714285715 0.3739938080495356 0.6464285714285715 0.38080495356037153 0.6369047619047619 0.38080495356037153 0.5285714285714286 0.3801857585139319 0.5238095238095238 0.37585139318885447 0.49523809523809526 0.3702786377708978 0.47619047619047616 0.3653250773993808 0.4666666666666667 0.356656346749226 0.45714285714285713 0.3510835913312694 0.4511904761904762 0.3455108359133127 0.44761904761904764 0.3380804953560371 0.44761904761904764 
4 0.3876160990712074 0.45714285714285713 0.3814241486068111 0.46785714285714286 0.3764705882352941 0.4857142857142857 0.3715170278637771 0.5154761904761904 0.3715170278637771 0.530952380952381 0.3764705882352941 0.6261904761904762 0.38204334365325077 0.6369047619047619 0.40495356037151703 0.6369047619047619 0.4055727554179567 0.6357142857142857 0.4055727554179567 0.580952380952381 0.4006191950464396 0.46785714285714286 0.39504643962848296 0.45714285714285713 0.3876160990712074 0.45714285714285713 
5 0.40123839009287926 0.44761904761904764 0.39628482972136225 0.4869047619047619 0.39628482972136225 0.5880952380952381 0.40123839009287926 0.6273809523809524 0.42910216718266253 0.6273809523809524 0.43034055727554177 0.6261904761904762 0.43034055727554177 0.5630952380952381 0.42043343653250775 0.46785714285714286 0.4105263157894737 0.4488095238095238 0.40928792569659445 0.44761904761904764 0.40123839009287926 0.44761904761904764 
6 0.426625386996904 0.4380952380952381 0.421671826625387 0.44761904761904764 0.42105263157894735 0.45 0.41609907120743034 0.49642857142857144 0.41609907120743034 0.530952380952381 0.42105263157894735 0.6261904761904762 0.4260061919504644 0.6369047619047619 0.44458204334365325 0.6369047619047619 0.4501547987616099 0.6273809523809524 0.4501547987616099 0.5714285714285714 0.4452012383900929 0.49523809523809526 0.44024767801857584 0.45714285714285713 0.43529411764705883 0.4380952380952381 0.426625386996904 0.4380952380952381 
7 0.45572755417956656 0.4666666666666667 0.45139318885448915 0.47619047619047616 0.45077399380804956 0.4785714285714286 0.4458204334365325 0.5142857142857142 0.4408668730650155 0.5523809523809524 0.4408668730650155 0.5785714285714286 0.4458204334365325 0.6261904761904762 0.4470588235294118 0.6273809523809524 0.4631578947368421 0.6273809523809524 0.465015479876161 0.6261904761904762 0.469969040247678 0.5773809523809523 0.469969040247678 0.5166666666666667 0.465015479876161 0.4666666666666667 0.45572755417956656 0.4666666666666667 
8 0.47058823529411764 0.45714285714285713 0.46563467492260063 0.4666666666666667 0.46068111455108357 0.5726190476190476 0.46068111455108357 0.6178571428571429 0.46563467492260063 0.6369047619047619 0.47058823529411764 0.6452380952380953 0.4848297213622291 0.6452380952380953 0.49473684210526314 0.6369047619047619 0.49473684210526314 0.594047619047619 0.48978328173374613 0.5047619047619047 0.4848297213622291 0.46785714285714286 0.47987616099071206 0.45714285714285713 0.47058823529411764 0.45714285714285713 
9 0.5052631578947369 0.45714285714285713 0.4953560371517028 0.47619047619047616 0.4904024767801858 0.4976190476190476 0.4904024767801858 0.6452380952380953 0.49102167182662537 0.6464285714285715 0.5195046439628483 0.6464285714285715 0.5244582043343653 0.6369047619047619 0.5244582043343653 0.611904761904762 0.5195046439628483 0.47619047619047616 0.5145510835913313 0.45714285714285713 0.5052631578947369 0.45714285714285713 
10 0.5201238390092879 0.4666666666666667 0.5151702786377709 0.5071428571428571 0.5151702786377709 0.6166666666666667 0.5201238390092879 0.6369047619047619 0.5337461300309597 0.6369047619047619 0.5430340557275541 0.6273809523809524 0.5442724458204334 0.6238095238095238 0.5442724458204334 0.5845238095238096 0.5393188854489164 0.4869047619047619 0.5343653250773994 0.4666666666666667 0.5201238390092879 0.4666666666666667 
11 0.5504643962848297 0.44761904761904764 0.5498452012383901 0.4488095238095238 0.544891640866873 0.46904761904761905 0.5399380804953561 0.5238095238095238 0.5399380804953561 0.6345238095238095 0.5405572755417957 0.6369047619047619 0.544891640866873 0.6440476190476191 0.5547987616099072 0.6464285714285715 0.5591331269349845 0.6464285714285715 0.5690402476780185 0.6369047619047619 0.5690402476780185 0.5523809523809524 0.5640866873065016 0.44761904761904764 0.5504643962848297 0.44761904761904764 
12 0.5808049535603715 0.44761904761904764 0.5795665634674922 0.4488095238095238 0.5746130030959752 0.45714285714285713 0.5647058823529412 0.49523809523809526 0.5597523219814241 0.5345238095238095 0.5597523219814241 0.6464285714285715 0.5758513931888545 0.655952380952381 0.5808049535603715 0.655952380952381 0.58328173374613 0.6547619047619048 0.5888544891640867 0.6464285714285715 0.5938080495356037 0.6273809523809524 0.5938080495356037 0.45714285714285713 0.5888544891640867 0.44761904761904764 0.5808049535603715 0.44761904761904764 
13 0.5894736842105263 0.4857142857142857 0.5845201238390093 0.6202380952380953 0.5845201238390093 0.655952380952381 0.6086687306501548 0.655952380952381 0.6130030959752322 0.6464285714285715 0.6136222910216719 0.6440476190476191 0.6136222910216719 0.5047619047619047 0.6086687306501548 0.4869047619047619 0.6080495356037152 0.4857142857142857 0.5894736842105263 0.4857142857142857 
14 0.6241486068111455 0.47619047619047616 0.6142414860681115 0.49523809523809526 0.6092879256965944 0.5261904761904762 0.6092879256965944 0.6547619047619048 0.6099071207430341 0.655952380952381 0.6476780185758514 0.655952380952381 0.653250773993808 0.6464285714285715 0.653250773993808 0.580952380952381 0.643343653250774 0.4857142857142857 0.638390092879257 0.47619047619047616 0.6241486068111455 0.47619047619047616 
15 0.6588235294117647 0.47619047619047616 0.6538699690402476 0.4880952380952381 0.6489164086687307 0.5059523809523809 0.6489164086687307 0.6369047619047619 0.6588235294117647 0.655952380952381 0.6773993808049535 0.655952380952381 0.6928792569659443 0.6464285714285715 0.6978328173374613 0.6261904761904762 0.6978328173374613 0.6 0.6681114551083591 0.47619047619047616 0.6588235294117647 0.47619047619047616 
16 0.6842105263157895 0.4380952380952381 0.6786377708978328 0.4488095238095238 0.6736842105263158 0.46904761904761905 0.6736842105263158 0.5416666666666666 0.6786377708978328 0.5785714285714286 0.6934984520123839 0.6083333333333333 0.6990712074303406 0.6178571428571429 0.7077399380804954 0.6178571428571429 0.7176470588235294 0.5988095238095238 0.7226006191950465 0.5880952380952381 0.7226006191950465 0.5333333333333333 0.6928792569659443 0.44166666666666665 0.6910216718266254 0.4380952380952381 0.6842105263157895 0.4380952380952381 
17 0.6934984520123839 0.6666666666666666 0.6842105263157895 0.6761904761904762 0.6835913312693499 0.6785714285714286 0.6835913312693499 0.7321428571428571 0.6934984520123839 0.7785714285714286 0.7034055727554179 0.8083333333333333 0.7089783281733746 0.8178571428571428 0.7188854489164087 0.8273809523809523 0.7269349845201238 0.8273809523809523 0.7368421052631579 0.8083333333333333 0.7374613003095976 0.8047619047619048 0.7374613003095976 0.7440476190476191 0.7325077399380805 0.6785714285714286 0.7318885448916409 0.6761904761904762 0.7269349845201238 0.6666666666666666 0.6934984520123839 0.6666666666666666 
18 0.6637770897832818 0.6666666666666666 0.6452012383900929 0.6761904761904762 0.6439628482972136 0.6773809523809524 0.6390092879256966 0.6857142857142857 0.6390092879256966 0.7214285714285714 0.6538699690402476 0.7880952380952381 0.6637770897832818 0.8178571428571428 0.6736842105263158 0.8369047619047619 0.7027863777089783 0.8369047619047619 0.7027863777089783 0.8011904761904762 0.6978328173374613 0.7619047619047619 0.6879256965944273 0.6880952380952381 0.6829721362229102 0.6678571428571428 0.6823529411764706 0.6666666666666666 0.6637770897832818 0.6666666666666666 
19 0.6204334365325077 0.6666666666666666 0.5956656346749226 0.6761904761904762 0.5944272445820433 0.6773809523809524 0.5894736842105263 0.6857142857142857 0.5894736842105263 0.7392857142857143 0.6043343653250774 0.8154761904761905 0.6099071207430341 0.8369047619047619 0.6142414860681115 0.8464285714285714 0.6191950464396285 0.8559523809523809 0.648297213622291 0.8559523809523809 0.648297213622291 0.780952380952381 0.643343653250774 0.6761904761904762 0.6334365325077399 0.6666666666666666 0.6204334365325077 0.6666666666666666 
20 0.5913312693498453 0.6666666666666666 0.5746130030959752 0.6761904761904762 0.5696594427244582 0.7428571428571429 0.5696594427244582 0.7702380952380953 0.5746130030959752 0.8083333333333333 0.5795665634674922 0.8357142857142857 0.5845201238390093 0.8464285714285714 0.5925696594427244 0.8464285714285714 0.5938080495356037 0.8452380952380952 0.5987616099071208 0.8071428571428572 0.6037151702786377 0.7571428571428571 0.6037151702786377 0.7523809523809524 0.5987616099071208 0.6761904761904762 0.5938080495356037 0.6678571428571428 0.5919504643962848 0.6666666666666666 0.5913312693498453 0.6666666666666666 
21 0.5554179566563467 0.6666666666666666 0.5498452012383901 0.6773809523809524 0.5498452012383901 0.7869047619047619 0.5547987616099072 0.8369047619047619 0.5603715170278638 0.8464285714285714 0.5678018575851393 0.8464285714285714 0.5690402476780185 0.8452380952380952 0.5739938080495356 0.8178571428571428 0.5789473684210527 0.7511904761904762 0.5789473684210527 0.6761904761904762 0.5739938080495356 0.6666666666666666 0.5554179566563467 0.6666666666666666 
22 0.530030959752322 0.6571428571428571 0.530030959752322 0.8261904761904761 0.534984520123839 0.8452380952380952 0.5362229102167183 0.8464285714285714 0.5442724458204334 0.8464285714285714 0.5492260061919505 0.8261904761904761 0.5541795665634675 0.7880952380952381 0.5541795665634675 0.6571428571428571 0.530030959752322 0.6571428571428571 
23 0.5114551083591331 0.6571428571428571 0.5102167182662539 0.6583333333333333 0.5102167182662539 0.7226190476190476 0.5151702786377709 0.8142857142857143 0.5170278637770898 0.8178571428571428 0.5232198142414861 0.8178571428571428 0.5244582043343653 0.8166666666666667 0.5294117647058824 0.7988095238095239 0.5343653250773994 0.7226190476190476 0.5343653250773994 0.6666666666666666 0.5294117647058824 0.6583333333333333 0.5281733746130031 0.6571428571428571 0.5114551083591331 0.6571428571428571 
24 0.496594427244582 0.6476190476190476 0.49597523219814244 0.65 0.4953560371517028 0.6535714285714286 0.4953560371517028 0.7380952380952381 0.5003095975232198 0.7988095238095239 0.5089783281733746 0.7988095238095239 0.5095975232198142 0.7976190476190477 0.5145510835913313 0.7869047619047619 0.5195046439628483 0.7321428571428571 0.5195046439628483 0.6488095238095238 0.5188854489164086 0.6476190476190476 0.496594427244582 0.6476190476190476 
25 0.47554179566563465 0.6571428571428571 0.47554179566563465 0.7107142857142857 0.4804953560371517 0.7964285714285714 0.48111455108359136 0.7988095238095239 0.49411764705882355 0.7988095238095239 0.49473684210526314 0.7976190476190477 0.4996904024767802 0.7309523809523809 0.4996904024767802 0.6583333333333333 0.49907120743034056 0.6571428571428571 0.47554179566563465 0.6571428571428571 
26 0.46191950464396286 0.6571428571428571 0.46068111455108357 0.6583333333333333 0.46068111455108357 0.7595238095238095 0.46563467492260063 0.8071428571428572 0.4662538699690402 0.8083333333333333 0.4792569659442725 0.8083333333333333 0.47987616099071206 0.8071428571428572 0.47987616099071206 0.6583333333333333 0.4792569659442725 0.6571428571428571 0.46191950464396286 0.6571428571428571 
27 0.44643962848297214 0.6476190476190476 0.44148606811145513 0.6571428571428571 0.4408668730650155 0.6607142857142857 0.4408668730650155 0.7702380952380953 0.4458204334365325 0.8452380952380952 0.44643962848297214 0.8464285714285714 0.4551083591331269 0.8464285714285714 0.460061919504644 0.8357142857142857 0.465015479876161 0.7988095238095239 0.465015479876161 0.6476190476190476 0.44643962848297214 0.6476190476190476 
28 0.42105263157894735 0.6571428571428571 0.41609907120743034 0.6678571428571428 0.41609907120743034 0.7095238095238096 0.42105263157894735 0.7690476190476191 0.4260061919504644 0.8166666666666667 0.43157894736842106 0.8369047619047619 0.4390092879256966 0.8369047619047619 0.44024767801857584 0.8357142857142857 0.4452012383900929 0.8261904761904761 0.4452012383900929 0.6678571428571428 0.44024767801857584 0.6571428571428571 0.42105263157894735 0.6571428571428571 
29 0.40123839009287926 0.6571428571428571 0.3913312693498452 0.6666666666666666 0.3913312693498452 0.7309523809523809 0.39628482972136225 0.7988095238095239 0.40123839009287926 0.8273809523809523 0.40619195046439627 0.8452380952380952 0.40804953560371515 0.8464285714285714 0.4136222910216718 0.8464285714285714 0.4154798761609907 0.8452380952380952 0.42043343653250775 0.8369047619047619 0.42538699690402476 0.7404761904761905 0.42538699690402476 0.705952380952381 0.42043343653250775 0.6666666666666666 0.4154798761609907 0.6571428571428571 0.40123839009287926 0.6571428571428571 
30 0.3523219814241486 0.6571428571428571 0.35170278637770896 0.6583333333333333 0.34674922600619196 0.6761904761904762 0.34674922600619196 0.8452380952380952 0.3473684210526316 0.8464285714285714 0.38080495356037153 0.8464285714285714 0.3851393188854489 0.8369047619047619 0.39009287925696595 0.8178571428571428 0.3956656346749226 0.7892857142857143 0.4006191950464396 0.7511904761904762 0.4006191950464396 0.6678571428571428 0.39504643962848296 0.6571428571428571 0.3523219814241486 0.6571428571428571 
31 0.31331269349845203 0.638095238095238 0.31207430340557274 0.6392857142857142 0.3027863777089783 0.6571428571428571 0.3021671826625387 0.6630952380952381 0.29721362229102166 0.719047619047619 0.29226006191950465 0.7904761904761904 0.29226006191950465 0.8357142857142857 0.29287925696594425 0.8369047619047619 0.3157894736842105 0.8369047619047619 0.32136222910216716 0.8273809523809523 0.33126934984520123 0.8071428571428572 0.3411764705882353 0.7797619047619048 0.3510835913312694 0.7285714285714285 0.3560371517027864 0.6797619047619048 0.3560371517027864 0.6666666666666666 0.3461300309597523 0.6476190476190476 0.32136222910216716 0.638095238095238 0.31331269349845203 0.638095238095238 
32 0.26873065015479874 0.638095238095238 0.2625386996904025 0.6476190476190476 0.25758513931888544 0.6571428571428571 0.25758513931888544 0.7892857142857143 0.2631578947368421 0.7988095238095239 0.28111455108359135 0.7988095238095239 0.291640866873065 0.7880952380952381 0.29659442724458207 0.7785714285714286 0.3065015479876161 0.7214285714285714 0.3065015479876161 0.6607142857142857 0.3015479876160991 0.6404761904761904 0.2996904024767802 0.638095238095238 0.26873065015479874 0.638095238095238 