2 0.30712074303405573 0.4095238095238095 0.29287925696594425 0.41904761904761906 0.29226006191950465 0.42023809523809524 0.29226006191950465 0.4511904761904762 0.29721362229102166 0.5797619047619048 0.3027863777089783 0.5892857142857143 0.3219814241486068 0.5988095238095238 0.33126934984520123 0.5988095238095238 0.3455108359133127 0.5892857142857143 0.3504643962848297 0.5797619047619048 0.3510835913312694 0.5761904761904761 0.3510835913312694 0.5333333333333333 0.3461300309597523 0.4880952380952381 0.3411764705882353 0.4583333333333333 0.33126934984520123 0.41904761904761906 0.3263157894736842 0.4095238095238095 0.30712074303405573 0.4095238095238095 
3 0.3473684210526316 0.4 0.32755417956656346 0.42023809523809524 0.3269349845201238 0.4226190476190476 0.3269349845201238 0.4452380952380952 0.34674922600619196 0.5880952380952381 0.3473684210526316 0.5892857142857143 0.356656346749226 0.5988095238095238 0.3907120743034056 0.5988095238095238 0.4006191950464396 0.5892857142857143 0.4055727554179567 0.5678571428571428 0.4055727554179567 0.5333333333333333 0.3956656346749226 0.48095238095238096 0.3907120743034056 0.45714285714285713 0.3752321981424149 0.41904761904761906 0.36594427244582045 0.4095238095238095 0.3560371517027864 0.4 0.3473684210526316 0.4 
4 0.39690402476780184 0.3523809523809524 0.39628482972136225 0.3535714285714286 0.3913312693498452 0.3726190476190476 0.3863777089783282 0.41904761904761906 0.3863777089783282 0.4845238095238095 0.39628482972136225 0.5892857142857143 0.4148606811145511 0.5892857142857143 0.4346749226006192 0.5797619047619048 0.43962848297213625 0.5702380952380952 0.44024767801857584 0.5666666666666667 0.44024767801857584 0.525 0.42538699690402476 0.41904761904761906 0.4154798761609907 0.38095238095238093 0.4105263157894737 0.3630952380952381 0.4055727554179567 0.3523809523809524 0.39690402476780184 0.3523809523809524 
6 0.426625386996904 0.3523809523809524 0.4260061919504644 0.3535714285714286 0.42105263157894735 0.38095238095238093 0.41609907120743034 0.4107142857142857 0.41609907120743034 0.4238095238095238 0.42105263157894735 0.4845238095238095 0.4309597523219814 0.5785714285714286 0.43653250773993807 0.5892857142857143 0.43962848297213625 0.5892857142857143 0.4501547987616099 0.5785714285714286 0.460061919504644 0.5595238095238095 0.460061919504644 0.48928571428571427 0.4501547987616099 0.3821428571428571 0.44458204334365325 0.3523809523809524 0.426625386996904 0.3523809523809524 
7 0.4804953560371517 0.38095238095238093 0.47554179566563465 0.3904761904761905 0.4563467492260062 0.4595238095238095 0.45572755417956656 0.46190476190476193 0.45572755417956656 0.5607142857142857 0.46563467492260063 0.5702380952380952 0.4842105263157895 0.5702380952380952 0.4848297213622291 0.569047619047619 0.49473684210526314 0.44285714285714284 0.49473684210526314 0.4023809523809524 0.48978328173374613 0.3821428571428571 0.4873065015479876 0.38095238095238093 0.4804953560371517 0.38095238095238093 
8 0.513312693498452 0.3619047619047619 0.5102167182662539 0.3630952380952381 0.5009287925696595 0.37142857142857144 0.5003095975232198 0.3726190476190476 0.49102167182662537 0.4095238095238095 0.4854489164086687 0.4380952380952381 0.4804953560371517 0.49523809523809526 0.4804953560371517 0.5607142857142857 0.4854489164086687 0.5702380952380952 0.5139318885448917 0.5702380952380952 0.5145510835913313 0.569047619047619 0.5195046439628483 0.4642857142857143 0.5195046439628483 0.36547619047619045 0.5188854489164086 0.3619047619047619 0.513312693498452 0.3619047619047619 
9 0.530030959752322 0.38095238095238093 0.5201238390092879 0.4 0.5151702786377709 0.41904761904761906 0.5102167182662539 0.4666666666666667 0.5102167182662539 0.5702380952380952 0.525077399380805 0.5785714285714286 0.5275541795665635 0.5797619047619048 0.5393188854489164 0.5797619047619048 0.5436532507739938 0.569047619047619 0.5442724458204334 0.5666666666666667 0.5442724458204334 0.39166666666666666 0.5436532507739938 0.3904761904761905 0.5380804953560372 0.38095238095238093 0.530030959752322 0.38095238095238093 
10 0.5504643962848297 0.4 0.544891640866873 0.4095238095238095 0.5399380804953561 0.4869047619047619 0.5399380804953561 0.5214285714285715 0.5547987616099072 0.569047619047619 0.5554179566563467 0.5702380952380952 0.5634674922600619 0.5702380952380952 0.5684210526315789 0.5607142857142857 0.5690402476780185 0.5583333333333333 0.5739938080495356 0.5297619047619048 0.5739938080495356 0.4666666666666667 0.5690402476780185 0.4023809523809524 0.5684210526315789 0.4 0.5504643962848297 0.4 
11 0.5944272445820433 0.37142857142857144 0.590092879256966 0.38095238095238093 0.5894736842105263 0.38333333333333336 0.5746130030959752 0.4488095238095238 0.5696594427244582 0.4857142857142857 0.5647058823529412 0.5333333333333333 0.5647058823529412 0.5511904761904762 0.5696594427244582 0.5702380952380952 0.5746130030959752 0.5797619047619048 0.5839009287925696 0.5797619047619048 0.5938080495356037 0.5702380952380952 0.5987616099071208 0.5595238095238095 0.6037151702786377 0.46190476190476193 0.6037151702786377 0.37142857142857144 0.5944272445820433 0.37142857142857144 
12 0.6253869969040248 0.4 0.6198142414860681 0.4095238095238095 0.6142414860681115 0.42023809523809524 0.5944272445820433 0.525 0.5944272445820433 0.5785714285714286 0.5993808049535604 0.5880952380952381 0.6006191950464397 0.5892857142857143 0.6278637770897832 0.5892857142857143 0.628482972136223 0.5880952380952381 0.6334365325077399 0.49404761904761907 0.6334365325077399 0.4023809523809524 0.6328173374613003 0.4 0.6253869969040248 0.4 
14 0.6495356037151703 0.41904761904761906 0.6439628482972136 0.42857142857142855 0.6291021671826625 0.4857142857142857 0.6241486068111455 0.5154761904761904 0.6241486068111455 0.5785714285714286 0.6247678018575852 0.5797619047619048 0.6303405572755418 0.5892857142857143 0.6631578947368421 0.5892857142857143 0.6730650154798762 0.5011904761904762 0.6730650154798762 0.42857142857142855 0.6582043343653251 0.41904761904761906 0.6495356037151703 0.41904761904761906 
15 0.6835913312693499 0.41904761904761906 0.6736842105263158 0.4583333333333333 0.6637770897832818 0.5071428571428571 0.6588235294117647 0.5345238095238095 0.6588235294117647 0.5678571428571428 0.6637770897832818 0.5797619047619048 0.6736842105263158 0.5988095238095238 0.7027863777089783 0.5988095238095238 0.7077399380804954 0.49404761904761907 0.7077399380804954 0.4380952380952381 0.6922600619195046 0.41904761904761906 0.6835913312693499 0.41904761904761906 
18 0.660061919504644 0.5904761904761905 0.6588235294117647 0.5916666666666667 0.6551083591331269 0.6 0.6538699690402476 0.6035714285714285 0.6538699690402476 0.655952380952381 0.6588235294117647 0.694047619047619 0.6637770897832818 0.7214285714285714 0.6736842105263158 0.7607142857142857 0.6786377708978328 0.7702380952380953 0.6873065015479877 0.7702380952380953 0.6978328173374613 0.7607142857142857 0.6978328173374613 0.6011904761904762 0.6928792569659443 0.5904761904761905 0.660061919504644 0.5904761904761905 
19 0.6099071207430341 0.5904761904761905 0.6092879256965944 0.5916666666666667 0.6092879256965944 0.6464285714285715 0.6191950464396285 0.7309523809523809 0.6291021671826625 0.7702380952380953 0.6582043343653251 0.7702380952380953 0.6631578947368421 0.7607142857142857 0.6631578947368421 0.7142857142857143 0.6582043343653251 0.6 0.643343653250774 0.5904761904761905 0.6099071207430341 0.5904761904761905 
20 0.595046439628483 0.580952380952381 0.5795665634674922 0.5904761904761905 0.5795665634674922 0.6452380952380953 0.5944272445820433 0.7511904761904762 0.5993808049535604 0.7607142857142857 0.6136222910216719 0.7607142857142857 0.6136222910216719 0.5916666666666667 0.6024767801857586 0.580952380952381 0.595046439628483 0.580952380952381 
21 0.5603715170278638 0.5904761904761905 0.5498452012383901 0.6 0.5498452012383901 0.625 0.5647058823529412 0.7702380952380953 0.573374613003096 0.7702380952380953 0.578328173374613 0.7607142857142857 0.5789473684210527 0.7583333333333333 0.5839009287925696 0.694047619047619 0.5839009287925696 0.5928571428571429 0.58328173374613 0.5916666666666667 0.5814241486068111 0.5904761904761905 0.5603715170278638 0.5904761904761905 
22 0.5256965944272446 0.6095238095238096 0.525077399380805 0.6130952380952381 0.525077399380805 0.6226190476190476 0.530030959752322 0.6654761904761904 0.534984520123839 0.7023809523809523 0.5399380804953561 0.7321428571428571 0.544891640866873 0.7595238095238095 0.5504643962848297 0.7702380952380953 0.5541795665634675 0.7702380952380953 0.5591331269349845 0.7595238095238095 0.5591331269349845 0.6952380952380952 0.5541795665634675 0.6095238095238096 0.5256965944272446 0.6095238095238096 
24 0.5052631578947369 0.6095238095238096 0.5052631578947369 0.6261904761904762 0.5151702786377709 0.7309523809523809 0.5201238390092879 0.75 0.5213622291021672 0.7511904761904762 0.5244582043343653 0.7511904761904762 0.5294117647058824 0.7404761904761905 0.5294117647058824 0.611904761904762 0.5287925696594428 0.6107142857142858 0.5269349845201239 0.6095238095238096 0.5052631578947369 0.6095238095238096 
25 0.491640866873065 0.6095238095238096 0.4904024767801858 0.6107142857142858 0.4904024767801858 0.7404761904761905 0.49597523219814244 0.7511904761904762 0.5089783281733746 0.7511904761904762 0.5095975232198142 0.75 0.5145510835913313 0.7321428571428571 0.5145510835913313 0.6095238095238096 0.491640866873065 0.6095238095238096 
26 0.47058823529411764 0.6 0.47058823529411764 0.7595238095238095 0.47554179566563465 0.7702380952380953 0.47987616099071206 0.7702380952380953 0.4848297213622291 0.7595238095238095 0.48978328173374613 0.7416666666666667 0.49473684210526314 0.6738095238095239 0.49473684210526314 0.6095238095238096 0.48978328173374613 0.6 0.47058823529411764 0.6 
28 0.45077399380804956 0.5904761904761905 0.4421052631578947 0.6 0.4408668730650155 0.6023809523809524 0.4408668730650155 0.6833333333333333 0.4458204334365325 0.7488095238095238 0.45077399380804956 0.7702380952380953 0.460061919504644 0.7702380952380953 0.465015479876161 0.7595238095238095 0.469969040247678 0.7321428571428571 0.47492260061919506 0.6845238095238095 0.47492260061919506 0.6190476190476191 0.460061919504644 0.5904761904761905 0.45077399380804956 0.5904761904761905 
29 0.4173374613003096 0.5904761904761905 0.41609907120743034 0.5916666666666667 0.41114551083591333 0.6095238095238096 0.40619195046439627 0.6285714285714286 0.40619195046439627 0.7511904761904762 0.4117647058823529 0.7702380952380953 0.41671826625387 0.7785714285714286 0.41857585139318887 0.7797619047619048 0.4247678018575851 0.7797619047619048 0.43034055727554177 0.7607142857142857 0.44458204334365325 0.694047619047619 0.4452012383900929 0.6904761904761905 0.4452012383900929 0.6095238095238096 0.44024767801857584 0.5916666666666667 0.43962848297213625 0.5904761904761905 0.4173374613003096 0.5904761904761905 
30 0.3715170278637771 0.5904761904761905 0.36160990712074303 0.6095238095238096 0.356656346749226 0.6857142857142857 0.356656346749226 0.7654761904761904 0.3572755417956656 0.7678571428571429 0.3591331269349845 0.7702380952380953 0.3814241486068111 0.7797619047619048 0.3907120743034056 0.7797619047619048 0.4006191950464396 0.7607142857142857 0.4055727554179567 0.7416666666666667 0.4105263157894737 0.7119047619047619 0.42043343653250775 0.6154761904761905 0.42043343653250775 0.6 0.4105263157894737 0.5904761904761905 0.3715170278637771 0.5904761904761905 
31 0.34241486068111454 0.5904761904761905 0.31331269349845203 0.6 0.31207430340557274 0.6011904761904762 0.30712074303405573 0.6214285714285714 0.3021671826625387 0.6964285714285714 0.3021671826625387 0.7797619047619048 0.33622291021671824 0.7797619047619048 0.3461300309597523 0.75 0.3510835913312694 0.7321428571428571 0.3560371517027864 0.7130952380952381 0.36594427244582045 0.6738095238095239 0.36594427244582045 0.6095238095238096 0.3510835913312694 0.5904761904761905 0.34241486068111454 0.5904761904761905 