1 0.31207430340557274 0.3047619047619048 0.3021671826625387 0.3142857142857143 0.2724458204334365 0.42023809523809524 0.2724458204334365 0.44642857142857145 0.2773993808049536 0.45595238095238094 0.29721362229102166 0.475 0.31640866873065016 0.475 0.32136222910216716 0.4654761904761905 0.33622291021671824 0.3476190476190476 0.33622291021671824 0.3333333333333333 0.33126934984520123 0.31547619047619047 0.3263157894736842 0.305952380952381 0.32445820433436534 0.3047619047619048 0.31207430340557274 0.3047619047619048 
2 0.34241486068111454 0.3142857142857143 0.3368421052631579 0.3238095238095238 0.3318885448916409 0.34404761904761905 0.3219814241486068 0.3904761904761905 0.3170278637770898 0.41904761904761906 0.31207430340557274 0.45714285714285713 0.31207430340557274 0.4845238095238095 0.32755417956656346 0.49404761904761907 0.3510835913312694 0.49404761904761907 0.3560371517027864 0.48333333333333334 0.3560371517027864 0.3142857142857143 0.34241486068111454 0.3142857142857143 
3 0.3764705882352941 0.3047619047619048 0.3715170278637771 0.31547619047619047 0.36656346749226004 0.3333333333333333 0.35170278637770896 0.4380952380952381 0.35170278637770896 0.4928571428571429 0.356656346749226 0.5035714285714286 0.37089783281733746 0.5035714285714286 0.4 0.49404761904761907 0.4055727554179567 0.4845238095238095 0.4055727554179567 0.4380952380952381 0.4006191950464396 0.325 0.39009287925696595 0.3047619047619048 0.3764705882352941 0.3047619047619048 
4 0.41238390092879257 0.3238095238095238 0.41114551083591333 0.325 0.40619195046439627 0.3345238095238095 0.39628482972136225 0.38095238095238093 0.39628482972136225 0.444047619047619 0.40123839009287926 0.48214285714285715 0.4024767801857585 0.4845238095238095 0.40990712074303404 0.4845238095238095 0.4154798761609907 0.475 0.42538699690402476 0.45476190476190476 0.42538699690402476 0.3333333333333333 0.4198142414860681 0.3238095238095238 0.41238390092879257 0.3238095238095238 
5 0.43653250773993807 0.3333333333333333 0.43157894736842106 0.34285714285714286 0.42105263157894735 0.38095238095238093 0.41609907120743034 0.44761904761904764 0.41609907120743034 0.5035714285714286 0.42105263157894735 0.513095238095238 0.4346749226006192 0.513095238095238 0.4551083591331269 0.5035714285714286 0.460061919504644 0.4928571428571429 0.460061919504644 0.4380952380952381 0.4551083591331269 0.3619047619047619 0.4501547987616099 0.34404761904761905 0.44458204334365325 0.3333333333333333 0.43653250773993807 0.3333333333333333 
6 0.46068111455108357 0.2857142857142857 0.45572755417956656 0.29523809523809524 0.45077399380804956 0.3238095238095238 0.4458204334365325 0.3535714285714286 0.4408668730650155 0.49642857142857144 0.4408668730650155 0.513095238095238 0.4458204334365325 0.5214285714285715 0.4470588235294118 0.5226190476190476 0.46377708978328175 0.5226190476190476 0.465015479876161 0.5214285714285715 0.469969040247678 0.5119047619047619 0.47492260061919506 0.3880952380952381 0.47492260061919506 0.3047619047619048 0.469969040247678 0.2869047619047619 0.4693498452012384 0.2857142857142857 0.46068111455108357 0.2857142857142857 
7 0.4804953560371517 0.3047619047619048 0.47058823529411764 0.3547619047619048 0.46563467492260063 0.38095238095238093 0.46563467492260063 0.5202380952380953 0.4662538699690402 0.5226190476190476 0.491640866873065 0.5226190476190476 0.49411764705882355 0.5214285714285715 0.4996904024767802 0.513095238095238 0.4996904024767802 0.3345238095238095 0.49473684210526314 0.31547619047619047 0.4891640866873065 0.3047619047619048 0.4804953560371517 0.3047619047619048 
8 0.5009287925696595 0.3619047619047619 0.4953560371517028 0.3738095238095238 0.4904024767801858 0.39166666666666666 0.4904024767801858 0.5226190476190476 0.49597523219814244 0.5321428571428571 0.518266253869969 0.5321428571428571 0.5195046439628483 0.530952380952381 0.5195046439628483 0.49642857142857144 0.5145510835913313 0.3726190476190476 0.5089783281733746 0.3619047619047619 0.5009287925696595 0.3619047619047619 
9 0.530030959752322 0.3523809523809524 0.525077399380805 0.3619047619047619 0.5102167182662539 0.4869047619047619 0.5102167182662539 0.5023809523809524 0.5151702786377709 0.530952380952381 0.5157894736842106 0.5321428571428571 0.5492260061919505 0.5321428571428571 0.5492260061919505 0.41904761904761906 0.5393188854489164 0.35714285714285715 0.5386996904024768 0.3535714285714286 0.5374613003095975 0.3523809523809524 0.530030959752322 0.3523809523809524 
10 0.5560371517027863 0.3523809523809524 0.5504643962848297 0.3619047619047619 0.5498452012383901 0.36428571428571427 0.544891640866873 0.45714285714285713 0.544891640866873 0.530952380952381 0.5498452012383901 0.5416666666666666 0.5640866873065016 0.5416666666666666 0.5690402476780185 0.530952380952381 0.5690402476780185 0.3630952380952381 0.5640866873065016 0.3523809523809524 0.5560371517027863 0.3523809523809524 
11 0.5845201238390093 0.3142857142857143 0.5801857585139318 0.3238095238095238 0.5746130030959752 0.34404761904761905 0.5696594427244582 0.3726190476190476 0.5647058823529412 0.44166666666666665 0.5647058823529412 0.5214285714285715 0.5696594427244582 0.5321428571428571 0.5931888544891641 0.5321428571428571 0.5938080495356037 0.530952380952381 0.5938080495356037 0.3238095238095238 0.5888544891640867 0.3142857142857143 0.5845201238390093 0.3142857142857143 
12 0.6092879256965944 0.3619047619047619 0.5993808049535604 0.38095238095238093 0.5944272445820433 0.4 0.5894736842105263 0.4297619047619048 0.5894736842105263 0.5202380952380953 0.590092879256966 0.5226190476190476 0.5944272445820433 0.5321428571428571 0.6130030959752322 0.5321428571428571 0.6185758513931888 0.5226190476190476 0.6185758513931888 0.3630952380952381 0.6179566563467492 0.3619047619047619 0.6092879256965944 0.3619047619047619 
13 0.6346749226006192 0.3523809523809524 0.6291021671826625 0.3619047619047619 0.6191950464396285 0.38095238095238093 0.6142414860681115 0.39285714285714285 0.6142414860681115 0.5226190476190476 0.6191950464396285 0.530952380952381 0.6204334365325077 0.5321428571428571 0.6334365325077399 0.5321428571428571 0.638390092879257 0.5226190476190476 0.643343653250774 0.425 0.643343653250774 0.36547619047619045 0.6427244582043343 0.3619047619047619 0.6377708978328174 0.3523809523809524 0.6346749226006192 0.3523809523809524 
14 0.6439628482972136 0.3238095238095238 0.6340557275541796 0.4392857142857143 0.6340557275541796 0.5119047619047619 0.6396284829721363 0.5226190476190476 0.6681114551083591 0.5226190476190476 0.6730650154798762 0.513095238095238 0.6730650154798762 0.45714285714285713 0.6681114551083591 0.3619047619047619 0.6631578947368421 0.34285714285714286 0.6582043343653251 0.3333333333333333 0.653250773993808 0.325 0.6520123839009287 0.3238095238095238 0.6439628482972136 0.3238095238095238 
15 0.6693498452012384 0.3333333333333333 0.6687306501547987 0.3357142857142857 0.6687306501547987 0.5119047619047619 0.6693498452012384 0.513095238095238 0.6965944272445821 0.513095238095238 0.7077399380804954 0.5023809523809524 0.7077399380804954 0.46904761904761905 0.6928792569659443 0.37142857142857144 0.6873065015479877 0.34285714285714286 0.6829721362229102 0.3333333333333333 0.6693498452012384 0.3333333333333333 
19 0.6501547987616099 0.5333333333333333 0.6241486068111455 0.5428571428571428 0.6241486068111455 0.5702380952380952 0.6538699690402476 0.6845238095238095 0.6687306501547987 0.7130952380952381 0.6780185758513931 0.7130952380952381 0.6922600619195046 0.694047619047619 0.6928792569659443 0.6904761904761905 0.6928792569659443 0.6583333333333333 0.6879256965944273 0.6297619047619047 0.6724458204334365 0.5428571428571428 0.6582043343653251 0.5345238095238095 0.653250773993808 0.5333333333333333 0.6501547987616099 0.5333333333333333 
20 0.6092879256965944 0.5523809523809524 0.6092879256965944 0.5892857142857143 0.6142414860681115 0.6238095238095238 0.614860681114551 0.6273809523809524 0.6191950464396285 0.6464285714285715 0.6241486068111455 0.6630952380952381 0.6396284829721363 0.7130952380952381 0.6439628482972136 0.7214285714285714 0.6452012383900929 0.7226190476190476 0.653250773993808 0.7226190476190476 0.653250773993808 0.6952380952380952 0.648297213622291 0.6476190476190476 0.638390092879257 0.5821428571428572 0.6334365325077399 0.5619047619047619 0.628482972136223 0.5523809523809524 0.6092879256965944 0.5523809523809524 
21 0.590092879256966 0.5523809523809524 0.5845201238390093 0.5630952380952381 0.5845201238390093 0.5988095238095238 0.5993808049535604 0.675 0.6092879256965944 0.7119047619047619 0.6142414860681115 0.7226190476190476 0.6191950464396285 0.7321428571428571 0.6272445820433437 0.7321428571428571 0.628482972136223 0.7297619047619047 0.628482972136223 0.6976190476190476 0.6185758513931888 0.5916666666666667 0.6136222910216719 0.5619047619047619 0.6086687306501548 0.5523809523809524 0.590092879256966 0.5523809523809524 
22 0.5628482972136223 0.5523809523809524 0.5597523219814241 0.5547619047619048 0.5597523219814241 0.5797619047619048 0.5647058823529412 0.6369047619047619 0.5696594427244582 0.6654761904761904 0.5894736842105263 0.7416666666666667 0.5987616099071208 0.7416666666666667 0.5987616099071208 0.6952380952380952 0.5888544891640867 0.5630952380952381 0.58328173374613 0.5523809523809524 0.5628482972136223 0.5523809523809524 
23 0.5405572755417957 0.5619047619047619 0.5399380804953561 0.5642857142857143 0.5399380804953561 0.5880952380952381 0.544891640866873 0.6345238095238095 0.5498452012383901 0.675 0.5554179566563467 0.694047619047619 0.5647058823529412 0.7214285714285714 0.5659442724458205 0.7226190476190476 0.5727554179566563 0.7226190476190476 0.5739938080495356 0.7214285714285714 0.5739938080495356 0.6678571428571428 0.5640866873065016 0.5654761904761905 0.5634674922600619 0.5630952380952381 0.561609907120743 0.5619047619047619 0.5405572755417957 0.5619047619047619 
24 0.525077399380805 0.5619047619047619 0.525077399380805 0.6166666666666667 0.530030959752322 0.6547619047619048 0.534984520123839 0.6821428571428572 0.5399380804953561 0.7035714285714286 0.5455108359133127 0.7226190476190476 0.5541795665634675 0.7226190476190476 0.5541795665634675 0.6321428571428571 0.5492260061919505 0.5821428571428572 0.5442724458204334 0.5619047619047619 0.525077399380805 0.5619047619047619 
25 0.5052631578947369 0.5428571428571428 0.5052631578947369 0.5892857142857143 0.5151702786377709 0.6654761904761904 0.5201238390092879 0.7 0.5207430340557275 0.7035714285714286 0.5256965944272446 0.7130952380952381 0.5331269349845201 0.7130952380952381 0.5343653250773994 0.7119047619047619 0.5343653250773994 0.6095238095238096 0.5294117647058824 0.5630952380952381 0.5244582043343653 0.5452380952380952 0.5232198142414861 0.5428571428571428 0.5052631578947369 0.5428571428571428 
26 0.4854489164086687 0.5333333333333333 0.4854489164086687 0.5666666666666667 0.4953560371517028 0.675 0.5003095975232198 0.6988095238095238 0.5009287925696595 0.7011904761904761 0.5027863777089784 0.7035714285714286 0.5139318885448917 0.7035714285714286 0.5145510835913313 0.7023809523809523 0.5145510835913313 0.5916666666666667 0.5095975232198142 0.5428571428571428 0.49411764705882355 0.5333333333333333 0.4854489164086687 0.5333333333333333 
27 0.4718266253869969 0.5333333333333333 0.47058823529411764 0.5345238095238095 0.47058823529411764 0.6892857142857143 0.4712074303405573 0.694047619047619 0.47554179566563465 0.7130952380952381 0.48111455108359136 0.7226190476190476 0.48792569659442725 0.7226190476190476 0.48978328173374613 0.7214285714285714 0.49473684210526314 0.7119047619047619 0.4996904024767802 0.6642857142857143 0.4996904024767802 0.6095238095238096 0.49473684210526314 0.5357142857142857 0.49411764705882355 0.5345238095238095 0.491640866873065 0.5333333333333333 0.4718266253869969 0.5333333333333333 
28 0.45077399380804956 0.5333333333333333 0.44643962848297214 0.5428571428571428 0.4408668730650155 0.5619047619047619 0.4408668730650155 0.7202380952380952 0.4421052631578947 0.7226190476190476 0.4551083591331269 0.7226190476190476 0.460061919504644 0.7119047619047619 0.469969040247678 0.675 0.47492260061919506 0.6464285714285715 0.47492260061919506 0.5345238095238095 0.47368421052631576 0.5333333333333333 0.45077399380804956 0.5333333333333333 
29 0.41671826625387 0.5333333333333333 0.41114551083591333 0.544047619047619 0.3913312693498452 0.6952380952380952 0.3913312693498452 0.7226190476190476 0.4055727554179567 0.7226190476190476 0.4148606811145511 0.7130952380952381 0.4154798761609907 0.7119047619047619 0.4247678018575851 0.6845238095238095 0.43529411764705883 0.6464285714285715 0.44024767801857584 0.6261904761904762 0.44458204334365325 0.6083333333333333 0.4551083591331269 0.5511904761904762 0.4551083591331269 0.5428571428571428 0.4501547987616099 0.5333333333333333 0.41671826625387 0.5333333333333333 
30 0.3696594427244582 0.5142857142857142 0.36656346749226004 0.5154761904761904 0.36160990712074303 0.525 0.33746130030959753 0.6666666666666666 0.3368421052631579 0.6714285714285714 0.3368421052631579 0.694047619047619 0.3801857585139319 0.694047619047619 0.38575851393188854 0.6845238095238095 0.3907120743034056 0.675 0.3956656346749226 0.6642857142857143 0.40495356037151703 0.6369047619047619 0.43034055727554177 0.5416666666666666 0.43034055727554177 0.5238095238095238 0.40309597523219814 0.5142857142857142 0.3696594427244582 0.5142857142857142 