2 0.31207430340557274 0.3619047619047619 0.30712074303405573 0.3821428571428571 0.3021671826625387 0.4107142857142857 0.29226006191950465 0.4857142857142857 0.29226006191950465 0.5226190476190476 0.29721362229102166 0.5321428571428571 0.3077399380804954 0.5416666666666666 0.33622291021671824 0.5416666666666666 0.3411764705882353 0.5321428571428571 0.3411764705882353 0.43214285714285716 0.33560371517027865 0.3904761904761905 0.33126934984520123 0.38095238095238093 0.32136222910216716 0.3630952380952381 0.3195046439628483 0.3619047619047619 0.31207430340557274 0.3619047619047619 
3 0.3479876160990712 0.44761904761904764 0.33746130030959753 0.45714285714285713 0.3368421052631579 0.4654761904761905 0.3368421052631579 0.5321428571428571 0.34179566563467495 0.5404761904761904 0.34365325077399383 0.5416666666666666 0.3510835913312694 0.5416666666666666 0.3851393188854489 0.5321428571428571 0.38575851393188854 0.5297619047619048 0.38575851393188854 0.4880952380952381 0.38080495356037153 0.4666666666666667 0.37089783281733746 0.44761904761904764 0.3479876160990712 0.44761904761904764 
4 0.37708978328173376 0.3904761904761905 0.3764705882352941 0.39166666666666666 0.3764705882352941 0.49404761904761907 0.3814241486068111 0.5214285714285715 0.3863777089783282 0.5321428571428571 0.40495356037151703 0.5321428571428571 0.4105263157894737 0.5226190476190476 0.4105263157894737 0.4666666666666667 0.4 0.41904761904761906 0.39504643962848296 0.4023809523809524 0.3907120743034056 0.39285714285714285 0.3894736842105263 0.3904761904761905 0.37708978328173376 0.3904761904761905 
5 0.39814241486068114 0.38095238095238093 0.39628482972136225 0.3821428571428571 0.39628482972136225 0.4154761904761905 0.40123839009287926 0.475 0.40619195046439627 0.5226190476190476 0.44953560371517026 0.5226190476190476 0.4501547987616099 0.5214285714285715 0.4501547987616099 0.4857142857142857 0.44458204334365325 0.4666666666666667 0.42043343653250775 0.39166666666666666 0.4154798761609907 0.38095238095238093 0.39814241486068114 0.38095238095238093 
6 0.4359133126934985 0.34285714285714286 0.4260061919504644 0.3630952380952381 0.4260061919504644 0.5226190476190476 0.44953560371517026 0.5226190476190476 0.4501547987616099 0.5214285714285715 0.4551083591331269 0.5023809523809524 0.4551083591331269 0.38333333333333336 0.4501547987616099 0.3547619047619048 0.44953560371517026 0.3523809523809524 0.4452012383900929 0.34285714285714286 0.4359133126934985 0.34285714285714286 
7 0.46687306501547987 0.34285714285714286 0.46563467492260063 0.34404761904761905 0.46068111455108357 0.37142857142857144 0.45077399380804956 0.42857142857142855 0.45077399380804956 0.49404761904761907 0.45572755417956656 0.5119047619047619 0.4569659442724458 0.513095238095238 0.4792569659442725 0.513095238095238 0.47987616099071206 0.5107142857142857 0.47987616099071206 0.3619047619047619 0.47492260061919506 0.34285714285714286 0.46687306501547987 0.34285714285714286 
8 0.4904024767801858 0.37142857142857144 0.4804953560371517 0.39166666666666666 0.47554179566563465 0.4880952380952381 0.47554179566563465 0.5214285714285715 0.4761609907120743 0.5226190476190476 0.5095975232198142 0.5226190476190476 0.5145510835913313 0.5035714285714286 0.5145510835913313 0.4380952380952381 0.5095975232198142 0.4011904761904762 0.5040247678018576 0.38095238095238093 0.4996904024767802 0.37142857142857144 0.4904024767801858 0.37142857142857144 
9 0.5207430340557275 0.3619047619047619 0.5151702786377709 0.3726190476190476 0.5102167182662539 0.4023809523809524 0.5052631578947369 0.46190476190476193 0.5052631578947369 0.513095238095238 0.5151702786377709 0.5321428571428571 0.5343653250773994 0.5321428571428571 0.5393188854489164 0.5226190476190476 0.5436532507739938 0.513095238095238 0.5442724458204334 0.5107142857142857 0.5442724458204334 0.4392857142857143 0.5393188854489164 0.38571428571428573 0.5386996904024768 0.38095238095238093 0.5343653250773994 0.3619047619047619 0.5207430340557275 0.3619047619047619 
10 0.544891640866873 0.3523809523809524 0.5399380804953561 0.3619047619047619 0.534984520123839 0.41904761904761906 0.534984520123839 0.42738095238095236 0.5399380804953561 0.513095238095238 0.5498452012383901 0.5226190476190476 0.5684210526315789 0.5226190476190476 0.5690402476780185 0.5214285714285715 0.573374613003096 0.5035714285714286 0.5739938080495356 0.49404761904761907 0.5739938080495356 0.4666666666666667 0.5640866873065016 0.38095238095238093 0.5591331269349845 0.3523809523809524 0.544891640866873 0.3523809523809524 
11 0.5653250773993808 0.34285714285714286 0.5597523219814241 0.3547619047619048 0.5597523219814241 0.42738095238095236 0.5647058823529412 0.5226190476190476 0.5777089783281734 0.5226190476190476 0.5789473684210527 0.5214285714285715 0.5987616099071208 0.3892857142857143 0.5987616099071208 0.3821428571428571 0.5938080495356037 0.3535714285714286 0.5888544891640867 0.34285714285714286 0.5653250773993808 0.34285714285714286 
12 0.595046439628483 0.3904761904761905 0.5851393188854489 0.4 0.5795665634674922 0.42142857142857143 0.5696594427244582 0.46785714285714286 0.5696594427244582 0.5119047619047619 0.5746130030959752 0.5297619047619048 0.5758513931888545 0.5321428571428571 0.6130030959752322 0.5321428571428571 0.6179566563467492 0.5226190476190476 0.6185758513931888 0.5202380952380953 0.6235294117647059 0.4369047619047619 0.6235294117647059 0.4 0.6185758513931888 0.3904761904761905 0.595046439628483 0.3904761904761905 
13 0.6198142414860681 0.34285714285714286 0.6191950464396285 0.34404761904761905 0.6142414860681115 0.4297619047619048 0.6142414860681115 0.4642857142857143 0.6191950464396285 0.4845238095238095 0.6377708978328174 0.4845238095238095 0.643343653250774 0.4738095238095238 0.643343653250774 0.3904761904761905 0.638390092879257 0.34404761904761905 0.6365325077399381 0.34285714285714286 0.6198142414860681 0.34285714285714286 
14 0.6786377708978328 0.3523809523809524 0.6637770897832818 0.3619047619047619 0.6594427244582043 0.37142857142857144 0.6489164086687307 0.4 0.6390092879256966 0.4392857142857143 0.6340557275541796 0.4666666666666667 0.6340557275541796 0.5214285714285715 0.6396284829721363 0.5416666666666666 0.6730650154798762 0.5416666666666666 0.6823529411764706 0.5321428571428571 0.6879256965944273 0.5214285714285715 0.6972136222910217 0.39880952380952384 0.6978328173374613 0.3892857142857143 0.6978328173374613 0.36904761904761907 0.6972136222910217 0.3619047619047619 0.6922600619195046 0.3523809523809524 0.6786377708978328 0.3523809523809524 
15 0.6934984520123839 0.37142857142857144 0.6885448916408669 0.38095238095238093 0.6835913312693499 0.41904761904761906 0.6786377708978328 0.5154761904761904 0.6786377708978328 0.525 0.6835913312693499 0.5392857142857143 0.6848297213622291 0.5416666666666666 0.6996904024767802 0.5511904761904762 0.7027863777089783 0.5511904761904762 0.7108359133126935 0.55 0.7269349845201238 0.5416666666666666 0.7325077399380805 0.5226190476190476 0.7325077399380805 0.47619047619047616 0.7226006191950465 0.41904761904761906 0.7176470588235294 0.39166666666666666 0.7126934984520124 0.37142857142857144 0.6934984520123839 0.37142857142857144 
18 0.6687306501547987 0.5523809523809524 0.6588235294117647 0.5714285714285714 0.6588235294117647 0.6273809523809524 0.6736842105263158 0.7023809523809523 0.6786377708978328 0.7226190476190476 0.7021671826625387 0.7226190476190476 0.7120743034055728 0.7130952380952381 0.7126934984520124 0.7119047619047619 0.7176470588235294 0.675 0.7176470588235294 0.5714285714285714 0.7126934984520124 0.5619047619047619 0.6823529411764706 0.5523809523809524 0.6687306501547987 0.5523809523809524 
19 0.6092879256965944 0.5619047619047619 0.6092879256965944 0.5976190476190476 0.6191950464396285 0.6738095238095239 0.6241486068111455 0.6928571428571428 0.6291021671826625 0.7035714285714286 0.6396284829721363 0.7226190476190476 0.648297213622291 0.7226190476190476 0.6724458204334365 0.7130952380952381 0.6730650154798762 0.7095238095238096 0.6730650154798762 0.669047619047619 0.6631578947368421 0.5714285714285714 0.653250773993808 0.5619047619047619 0.6092879256965944 0.5619047619047619 
20 0.595046439628483 0.5619047619047619 0.5851393188854489 0.5714285714285714 0.5845201238390093 0.5738095238095238 0.5845201238390093 0.6166666666666667 0.5894736842105263 0.6464285714285715 0.5944272445820433 0.6738095238095239 0.6043343653250774 0.7130952380952381 0.6092879256965944 0.7226190476190476 0.6142414860681115 0.7309523809523809 0.6154798761609908 0.7321428571428571 0.6235294117647059 0.7321428571428571 0.6235294117647059 0.6761904761904762 0.6185758513931888 0.5916666666666667 0.6130030959752322 0.5714285714285714 0.5981424148606811 0.5619047619047619 0.595046439628483 0.5619047619047619 
21 0.5653250773993808 0.5523809523809524 0.5597523219814241 0.5714285714285714 0.5597523219814241 0.6178571428571429 0.5647058823529412 0.6845238095238095 0.5696594427244582 0.7023809523809523 0.5702786377708978 0.7035714285714286 0.5888544891640867 0.7035714285714286 0.5938080495356037 0.6833333333333333 0.5938080495356037 0.6095238095238096 0.5888544891640867 0.5630952380952381 0.5882352941176471 0.5619047619047619 0.5826625386996904 0.5523809523809524 0.5653250773993808 0.5523809523809524 
22 0.544891640866873 0.5428571428571428 0.5399380804953561 0.5738095238095238 0.5399380804953561 0.7321428571428571 0.5529411764705883 0.7321428571428571 0.5541795665634675 0.7309523809523809 0.5585139318885449 0.7226190476190476 0.5640866873065016 0.7035714285714286 0.5690402476780185 0.6440476190476191 0.5690402476780185 0.5630952380952381 0.5634674922600619 0.5523809523809524 0.5541795665634675 0.5428571428571428 0.544891640866873 0.5428571428571428 
23 0.5256965944272446 0.5333333333333333 0.525077399380805 0.5345238095238095 0.5201238390092879 0.6285714285714286 0.5201238390092879 0.6833333333333333 0.525077399380805 0.694047619047619 0.5331269349845201 0.694047619047619 0.5343653250773994 0.6928571428571428 0.5393188854489164 0.6833333333333333 0.5442724458204334 0.6345238095238095 0.5492260061919505 0.5785714285714286 0.5492260061919505 0.5428571428571428 0.5442724458204334 0.5369047619047619 0.5393188854489164 0.5333333333333333 0.5256965944272446 0.5333333333333333 
24 0.5052631578947369 0.5428571428571428 0.5052631578947369 0.6797619047619048 0.5058823529411764 0.6845238095238095 0.5102167182662539 0.694047619047619 0.5126934984520124 0.694047619047619 0.5145510835913313 0.6928571428571428 0.5195046439628483 0.6845238095238095 0.5238390092879257 0.655952380952381 0.5244582043343653 0.6511904761904762 0.5294117647058824 0.5892857142857143 0.5294117647058824 0.5571428571428572 0.5244582043343653 0.5428571428571428 0.5052631578947369 0.5428571428571428 
25 0.4904024767801858 0.5428571428571428 0.4904024767801858 0.6642857142857143 0.4953560371517028 0.694047619047619 0.5040247678018576 0.694047619047619 0.5095975232198142 0.6738095238095239 0.5095975232198142 0.544047619047619 0.5071207430340557 0.5428571428571428 0.4904024767801858 0.5428571428571428 
26 0.47058823529411764 0.5333333333333333 0.47058823529411764 0.6333333333333333 0.47554179566563465 0.6928571428571428 0.4804953560371517 0.7035714285714286 0.4885448916408669 0.7035714285714286 0.48978328173374613 0.7023809523809523 0.49411764705882355 0.694047619047619 0.49473684210526314 0.6916666666666667 0.49473684210526314 0.5452380952380952 0.49411764705882355 0.5428571428571428 0.4780185758513932 0.5333333333333333 0.47058823529411764 0.5333333333333333 
27 0.45572755417956656 0.5428571428571428 0.45077399380804956 0.5523809523809524 0.45077399380804956 0.7095238095238096 0.45139318885448915 0.7119047619047619 0.45263157894736844 0.7130952380952381 0.469969040247678 0.7130952380952381 0.47492260061919506 0.6928571428571428 0.47492260061919506 0.5535714285714286 0.4693498452012384 0.5428571428571428 0.45572755417956656 0.5428571428571428 
28 0.4278637770897833 0.5619047619047619 0.4260061919504644 0.5630952380952381 0.41609907120743034 0.5714285714285714 0.41609907120743034 0.5773809523809523 0.42105263157894735 0.6654761904761904 0.4260061919504644 0.7119047619047619 0.426625386996904 0.7130952380952381 0.43962848297213625 0.7130952380952381 0.4452012383900929 0.7023809523809523 0.4501547987616099 0.6833333333333333 0.4544891640866873 0.6654761904761904 0.4551083591331269 0.6619047619047619 0.4551083591331269 0.6190476190476191 0.4501547987616099 0.5619047619047619 0.4278637770897833 0.5619047619047619 
29 0.3993808049535604 0.5523809523809524 0.39628482972136225 0.5535714285714286 0.3913312693498452 0.6214285714285714 0.3913312693498452 0.7321428571428571 0.4055727554179567 0.7321428571428571 0.40990712074303404 0.7226190476190476 0.4154798761609907 0.7035714285714286 0.43034055727554177 0.6452380952380953 0.43034055727554177 0.5726190476190476 0.4297213622291022 0.5714285714285714 0.40928792569659445 0.5523809523809524 0.3993808049535604 0.5523809523809524 
30 0.3622291021671827 0.5523809523809524 0.3572755417956656 0.5619047619047619 0.34179566563467495 0.6857142857142857 0.34179566563467495 0.7297619047619047 0.34241486068111454 0.7321428571428571 0.3622291021671827 0.7511904761904762 0.3746130030959752 0.7511904761904762 0.37585139318885447 0.75 0.38575851393188854 0.7321428571428571 0.39009287925696595 0.7226190476190476 0.3956656346749226 0.694047619047619 0.4055727554179567 0.6083333333333333 0.4055727554179567 0.5630952380952381 0.40495356037151703 0.5619047619047619 0.3696594427244582 0.5523809523809524 0.3622291021671827 0.5523809523809524 
31 0.3170278637770898 0.5523809523809524 0.3021671826625387 0.5619047619047619 0.3021671826625387 0.5880952380952381 0.30712074303405573 0.7119047619047619 0.31207430340557274 0.7226190476190476 0.33126934984520123 0.7226190476190476 0.3461300309597523 0.675 0.3653250773993808 0.6083333333333333 0.36594427244582045 0.5988095238095238 0.36594427244582045 0.5904761904761905 0.3653250773993808 0.580952380952381 0.3560371517027864 0.5619047619047619 0.3368421052631579 0.5523809523809524 0.3170278637770898 0.5523809523809524 