1 0.21362229102167182 0.3142857142857143 0.20804953560371517 0.3238095238095238 0.20804953560371517 0.35714285714285715 0.21795665634674924 0.4452380952380952 0.22291021671826625 0.45595238095238094 0.22786377708978328 0.4654761904761905 0.23343653250773994 0.475 0.24210526315789474 0.475 0.26191950464396285 0.45595238095238094 0.2718266253869969 0.4369047619047619 0.2718266253869969 0.4 0.26687306501547986 0.37142857142857144 0.25696594427244585 0.34285714285714286 0.24210526315789474 0.31547619047619047 0.24086687306501547 0.3142857142857143 0.21362229102167182 0.3142857142857143 
2 0.2693498452012384 0.3523809523809524 0.26811145510835915 0.3535714285714286 0.2625386996904025 0.3619047619047619 0.2476780185758514 0.47619047619047616 0.2476780185758514 0.5214285714285715 0.2582043343653251 0.5416666666666666 0.291640866873065 0.5416666666666666 0.3058823529411765 0.5321428571428571 0.3065015479876161 0.5285714285714286 0.3065015479876161 0.4297619047619048 0.29659442724458207 0.3738095238095238 0.291640866873065 0.3523809523809524 0.2693498452012384 0.3523809523809524 
3 0.3219814241486068 0.3333333333333333 0.3170278637770898 0.3630952380952381 0.30712074303405573 0.42857142857142855 0.3021671826625387 0.4857142857142857 0.3021671826625387 0.5011904761904762 0.30340557275541796 0.513095238095238 0.30712074303405573 0.530952380952381 0.3126934984520124 0.5511904761904762 0.3510835913312694 0.5511904761904762 0.3609907120743034 0.5404761904761904 0.3609907120743034 0.47023809523809523 0.3560371517027864 0.42857142857142855 0.3510835913312694 0.39166666666666666 0.3461300309597523 0.3619047619047619 0.3411764705882353 0.3404761904761905 0.339938080495356 0.33690476190476193 0.3368421052631579 0.3333333333333333 0.3219814241486068 0.3333333333333333 
4 0.3609907120743034 0.34285714285714286 0.35789473684210527 0.3464285714285714 0.356656346749226 0.35 0.356656346749226 0.55 0.35789473684210527 0.5511904761904762 0.3907120743034056 0.5511904761904762 0.3956656346749226 0.5416666666666666 0.3956656346749226 0.4857142857142857 0.38575851393188854 0.3904761904761905 0.38080495356037153 0.3535714285714286 0.37585139318885447 0.34285714285714286 0.3609907120743034 0.34285714285714286 
5 0.3913312693498452 0.37142857142857144 0.3863777089783282 0.3821428571428571 0.3814241486068111 0.42857142857142855 0.3814241486068111 0.45357142857142857 0.3913312693498452 0.5511904761904762 0.4043343653250774 0.5511904761904762 0.4346749226006192 0.5416666666666666 0.43529411764705883 0.5392857142857143 0.43529411764705883 0.4857142857142857 0.4105263157894737 0.37142857142857144 0.3913312693498452 0.37142857142857144 
6 0.4173374613003096 0.3047619047619048 0.41609907120743034 0.305952380952381 0.41609907120743034 0.4654761904761905 0.4260061919504644 0.5488095238095239 0.426625386996904 0.5511904761904762 0.44953560371517026 0.5511904761904762 0.4544891640866873 0.5416666666666666 0.460061919504644 0.5297619047619048 0.460061919504644 0.4880952380952381 0.4501547987616099 0.42142857142857143 0.44024767801857584 0.3619047619047619 0.43034055727554177 0.31547619047619047 0.42538699690402476 0.3047619047619048 0.4173374613003096 0.3047619047619048 
7 0.4712074303405573 0.34285714285714286 0.47058823529411764 0.34404761904761905 0.46563467492260063 0.3547619047619048 0.46068111455108357 0.37142857142857144 0.45077399380804956 0.42023809523809524 0.45077399380804956 0.5404761904761904 0.45139318885448915 0.5416666666666666 0.4786377708978328 0.5416666666666666 0.4842105263157895 0.5321428571428571 0.4848297213622291 0.5297619047619048 0.48978328173374613 0.4845238095238095 0.48978328173374613 0.34285714285714286 0.4712074303405573 0.34285714285714286 
8 0.49597523219814244 0.3238095238095238 0.4904024767801858 0.3345238095238095 0.4854489164086687 0.3738095238095238 0.4804953560371517 0.4785714285714286 0.4804953560371517 0.5380952380952381 0.48111455108359136 0.5416666666666666 0.5238390092879257 0.5416666666666666 0.5244582043343653 0.5404761904761904 0.5244582043343653 0.475 0.5195046439628483 0.38095238095238093 0.5145510835913313 0.325 0.5126934984520124 0.3238095238095238 0.49597523219814244 0.3238095238095238 
9 0.534984520123839 0.3142857142857143 0.530030959752322 0.3333333333333333 0.525077399380805 0.38095238095238093 0.5201238390092879 0.4666666666666667 0.5201238390092879 0.5488095238095239 0.5207430340557275 0.5511904761904762 0.561609907120743 0.5511904761904762 0.5640866873065016 0.55 0.5671826625386996 0.5321428571428571 0.5684210526315789 0.5226190476190476 0.5690402476780185 0.4869047619047619 0.5690402476780185 0.4857142857142857 0.5591331269349845 0.37142857142857144 0.5541795665634675 0.3238095238095238 0.5486068111455108 0.3142857142857143 0.534984520123839 0.3142857142857143 
10 0.5653250773993808 0.3333333333333333 0.5647058823529412 0.3345238095238095 0.5597523219814241 0.3619047619047619 0.5597523219814241 0.49404761904761907 0.5647058823529412 0.5416666666666666 0.5764705882352941 0.5416666666666666 0.5789473684210527 0.5404761904761904 0.5938080495356037 0.5321428571428571 0.5938080495356037 0.4773809523809524 0.5888544891640867 0.4 0.5839009287925696 0.34404761904761905 0.578328173374613 0.3333333333333333 0.5653250773993808 0.3333333333333333 
11 0.5956656346749226 0.3047619047619048 0.5944272445820433 0.30714285714285716 0.5894736842105263 0.3261904761904762 0.5845201238390093 0.39166666666666666 0.5845201238390093 0.475 0.5894736842105263 0.5321428571428571 0.5944272445820433 0.55 0.595046439628483 0.5511904761904762 0.6173374613003096 0.5511904761904762 0.6185758513931888 0.55 0.6185758513931888 0.3726190476190476 0.6136222910216719 0.30952380952380953 0.6130030959752322 0.305952380952381 0.6123839009287926 0.3047619047619048 0.5956656346749226 0.3047619047619048 
12 0.6198142414860681 0.37142857142857144 0.6191950464396285 0.3738095238095238 0.6092879256965944 0.5452380952380952 0.6092879256965944 0.55 0.6099071207430341 0.5511904761904762 0.6334365325077399 0.5511904761904762 0.638390092879257 0.5416666666666666 0.6427244582043343 0.5321428571428571 0.643343653250774 0.5297619047619048 0.643343653250774 0.3726190476190476 0.6414860681114551 0.37142857142857144 0.6198142414860681 0.37142857142857144 
13 0.6445820433436532 0.37142857142857144 0.6396284829721363 0.38095238095238093 0.6390092879256966 0.38333333333333336 0.6340557275541796 0.5238095238095238 0.6340557275541796 0.5488095238095239 0.6346749226006192 0.5511904761904762 0.6390092879256966 0.5607142857142857 0.6619195046439629 0.5607142857142857 0.6631578947368421 0.5595238095238095 0.6681114551083591 0.55 0.6681114551083591 0.4785714285714286 0.6582043343653251 0.37142857142857144 0.6445820433436532 0.37142857142857144 
27 0.46253869969040246 0.5333333333333333 0.46068111455108357 0.5345238095238095 0.45572755417956656 0.5535714285714286 0.45077399380804956 0.6011904761904762 0.45077399380804956 0.7023809523809523 0.46068111455108357 0.7702380952380953 0.4724458204334365 0.7702380952380953 0.47492260061919506 0.7690476190476191 0.47987616099071206 0.7595238095238095 0.4848297213622291 0.7321428571428571 0.48978328173374613 0.6738095238095239 0.48978328173374613 0.6095238095238096 0.4891640866873065 0.6 0.4848297213622291 0.5428571428571428 0.4792569659442725 0.5333333333333333 0.46253869969040246 0.5333333333333333 
28 0.421671826625387 0.5428571428571428 0.41609907120743034 0.5523809523809524 0.41609907120743034 0.5988095238095238 0.42105263157894735 0.6833333333333333 0.4260061919504644 0.7297619047619047 0.426625386996904 0.7321428571428571 0.4309597523219814 0.7416666666666667 0.43962848297213625 0.7416666666666667 0.4452012383900929 0.7321428571428571 0.4501547987616099 0.7130952380952381 0.465015479876161 0.5595238095238095 0.465015479876161 0.5428571428571428 0.421671826625387 0.5428571428571428 
29 0.3863777089783282 0.5428571428571428 0.3814241486068111 0.5523809523809524 0.3764705882352941 0.6011904761904762 0.3764705882352941 0.6261904761904762 0.3814241486068111 0.7214285714285714 0.3863777089783282 0.75 0.3876160990712074 0.7511904761904762 0.4 0.7511904761904762 0.42043343653250775 0.6535714285714286 0.42538699690402476 0.6071428571428571 0.42538699690402476 0.5428571428571428 0.3863777089783282 0.5428571428571428 
30 0.34860681114551084 0.5333333333333333 0.33250773993808047 0.5428571428571428 0.3170278637770898 0.5833333333333334 0.31207430340557274 0.6095238095238096 0.31207430340557274 0.7309523809523809 0.31331269349845203 0.7321428571428571 0.34179566563467495 0.7416666666666667 0.3603715170278638 0.7416666666666667 0.3653250773993808 0.7321428571428571 0.37089783281733746 0.7130952380952381 0.37585139318885447 0.6916666666666667 0.3956656346749226 0.5511904761904762 0.3956656346749226 0.5345238095238095 0.39442724458204337 0.5333333333333333 0.34860681114551084 0.5333333333333333 
31 0.28173374613003094 0.5333333333333333 0.2724458204334365 0.544047619047619 0.2476780185758514 0.6202380952380953 0.2476780185758514 0.7023809523809523 0.2773993808049536 0.7226190476190476 0.29102167182662536 0.7226190476190476 0.29659442724458207 0.7130952380952381 0.3065015479876161 0.6928571428571428 0.31640866873065016 0.655952380952381 0.33622291021671824 0.569047619047619 0.33622291021671824 0.5428571428571428 0.3157894736842105 0.5333333333333333 0.28173374613003094 0.5333333333333333 
32 0.21857585139318886 0.5047619047619047 0.2130030959752322 0.5238095238095238 0.19814241486068113 0.580952380952381 0.19814241486068113 0.6630952380952381 0.19876160990712075 0.6654761904761904 0.21795665634674924 0.6845238095238095 0.24148606811145512 0.6845238095238095 0.24705882352941178 0.6738095238095239 0.2520123839009288 0.6630952380952381 0.2718266253869969 0.5892857142857143 0.27678018575851393 0.5702380952380952 0.27678018575851393 0.5428571428571428 0.2718266253869969 0.5333333333333333 0.24705882352941178 0.5059523809523809 0.2458204334365325 0.5047619047619047 0.21857585139318886 0.5047619047619047 