1 0.2773993808049536 0.29523809523809524 0.26811145510835915 0.3047619047619048 0.25758513931888544 0.325 0.23777089783281732 0.4 0.23777089783281732 0.4452380952380952 0.24272445820433436 0.45595238095238094 0.2631578947368421 0.4654761904761905 0.29040247678018577 0.4654761904761905 0.291640866873065 0.4642857142857143 0.29659442724458207 0.45595238095238094 0.29659442724458207 0.3357142857142857 0.291640866873065 0.31547619047619047 0.286687306501548 0.29642857142857143 0.2854489164086687 0.29523809523809524 0.2773993808049536 0.29523809523809524 
2 0.32755417956656346 0.4 0.29226006191950465 0.4095238095238095 0.2873065015479876 0.4511904761904762 0.2873065015479876 0.4654761904761905 0.29226006191950465 0.4738095238095238 0.30712074303405573 0.4845238095238095 0.334984520123839 0.4845238095238095 0.33622291021671824 0.48333333333333334 0.3411764705882353 0.475 0.3510835913312694 0.45595238095238094 0.3510835913312694 0.4011904761904762 0.3504643962848297 0.4 0.32755417956656346 0.4 
3 0.3572755417956656 0.4095238095238095 0.3473684210526316 0.42857142857142855 0.3318885448916409 0.4666666666666667 0.3318885448916409 0.4928571428571429 0.34674922600619196 0.5035714285714286 0.37089783281733746 0.5035714285714286 0.37585139318885447 0.49404761904761907 0.39504643962848296 0.45595238095238094 0.3956656346749226 0.45 0.3956656346749226 0.4297619047619048 0.39009287925696595 0.4095238095238095 0.3572755417956656 0.4095238095238095 
4 0.3863777089783282 0.3333333333333333 0.3715170278637771 0.47619047619047616 0.3715170278637771 0.48928571428571427 0.3721362229102167 0.49404761904761907 0.3764705882352941 0.5119047619047619 0.37708978328173376 0.513095238095238 0.40495356037151703 0.513095238095238 0.42043343653250775 0.49404761904761907 0.42538699690402476 0.4738095238095238 0.42538699690402476 0.4380952380952381 0.40990712074303404 0.3523809523809524 0.4055727554179567 0.3333333333333333 0.3863777089783282 0.3333333333333333 
5 0.4260061919504644 0.3333333333333333 0.421671826625387 0.34285714285714286 0.40123839009287926 0.49642857142857144 0.40123839009287926 0.5226190476190476 0.4068111455108359 0.530952380952381 0.4086687306501548 0.5321428571428571 0.4247678018575851 0.5321428571428571 0.4346749226006192 0.5226190476190476 0.4452012383900929 0.5119047619047619 0.44953560371517026 0.5035714285714286 0.4501547987616099 0.5 0.4501547987616099 0.42142857142857143 0.4452012383900929 0.38095238095238093 0.44024767801857584 0.3535714285714286 0.43529411764705883 0.3345238095238095 0.4340557275541796 0.3333333333333333 0.4260061919504644 0.3333333333333333 
6 0.4408668730650155 0.3333333333333333 0.4359133126934985 0.3619047619047619 0.4359133126934985 0.5321428571428571 0.4408668730650155 0.5404761904761904 0.4421052631578947 0.5416666666666666 0.465015479876161 0.5416666666666666 0.465015479876161 0.4583333333333333 0.460061919504644 0.38452380952380955 0.4551083591331269 0.34285714285714286 0.4501547987616099 0.3345238095238095 0.44891640866873067 0.3333333333333333 0.4408668730650155 0.3333333333333333 
7 0.46563467492260063 0.3904761904761905 0.46068111455108357 0.49642857142857144 0.46068111455108357 0.513095238095238 0.46563467492260063 0.5476190476190477 0.4662538699690402 0.5511904761904762 0.4718266253869969 0.5607142857142857 0.49411764705882355 0.5607142857142857 0.49473684210526314 0.5595238095238095 0.49473684210526314 0.5261904761904762 0.47987616099071206 0.39404761904761904 0.4792569659442725 0.39166666666666666 0.4780185758513932 0.3904761904761905 0.46563467492260063 0.3904761904761905 
8 0.49597523219814244 0.3904761904761905 0.4904024767801858 0.4 0.4904024767801858 0.5702380952380952 0.5238390092879257 0.5702380952380952 0.5244582043343653 0.569047619047619 0.5244582043343653 0.525 0.5145510835913313 0.4297619047619048 0.5095975232198142 0.4 0.5046439628482973 0.39166666666666666 0.503405572755418 0.3904761904761905 0.49597523219814244 0.3904761904761905 
9 0.5356037151702786 0.4 0.534984520123839 0.4023809523809524 0.5201238390092879 0.525 0.5201238390092879 0.5702380952380952 0.530030959752322 0.5797619047619048 0.5510835913312694 0.5797619047619048 0.5541795665634675 0.5785714285714286 0.5541795665634675 0.4 0.5356037151702786 0.4 
10 0.5653250773993808 0.4 0.5597523219814241 0.41904761904761906 0.5547987616099072 0.4773809523809524 0.5498452012383901 0.5392857142857143 0.5498452012383901 0.5595238095238095 0.5547987616099072 0.5702380952380952 0.578328173374613 0.5702380952380952 0.5839009287925696 0.5607142857142857 0.5839009287925696 0.44047619047619047 0.5789473684210527 0.4107142857142857 0.5739938080495356 0.4011904761904762 0.5727554179566563 0.4 0.5653250773993808 0.4 
11 0.5962848297213622 0.37142857142857144 0.5944272445820433 0.3726190476190476 0.5894736842105263 0.38095238095238093 0.5845201238390093 0.39166666666666666 0.5795665634674922 0.5059523809523809 0.5795665634674922 0.5678571428571428 0.5801857585139318 0.5702380952380952 0.6086687306501548 0.5702380952380952 0.6130030959752322 0.5607142857142857 0.6136222910216719 0.5511904761904762 0.6136222910216719 0.5059523809523809 0.6037151702786377 0.3726190476190476 0.6030959752321982 0.37142857142857144 0.5962848297213622 0.37142857142857144 
12 0.6191950464396285 0.3523809523809524 0.6142414860681115 0.3726190476190476 0.6043343653250774 0.4785714285714286 0.6043343653250774 0.5083333333333333 0.604953560371517 0.513095238095238 0.6092879256965944 0.530952380952381 0.6142414860681115 0.5511904761904762 0.6321981424148607 0.5511904761904762 0.638390092879257 0.5416666666666666 0.643343653250774 0.5226190476190476 0.643343653250774 0.4 0.638390092879257 0.37142857142857144 0.6334365325077399 0.3523809523809524 0.6191950464396285 0.3523809523809524 
13 0.6445820433436532 0.37142857142857144 0.6390092879256966 0.38095238095238093 0.6340557275541796 0.4 0.6340557275541796 0.5392857142857143 0.6346749226006192 0.5416666666666666 0.6390092879256966 0.5511904761904762 0.6625386996904025 0.5511904761904762 0.6631578947368421 0.55 0.6631578947368421 0.375 0.6625386996904025 0.37142857142857144 0.6445820433436532 0.37142857142857144 
14 0.6848297213622291 0.3619047619047619 0.6835913312693499 0.3630952380952381 0.6786377708978328 0.37142857142857144 0.6736842105263158 0.38095238095238093 0.6693498452012384 0.3904761904761905 0.6637770897832818 0.4095238095238095 0.6588235294117647 0.44761904761904764 0.6588235294117647 0.5297619047619048 0.6650154798761609 0.5416666666666666 0.6786377708978328 0.5511904761904762 0.7027863777089783 0.5511904761904762 0.7027863777089783 0.4 0.6978328173374613 0.37142857142857144 0.6928792569659443 0.3630952380952381 0.691640866873065 0.3619047619047619 0.6848297213622291 0.3619047619047619 
15 0.708359133126935 0.3619047619047619 0.7034055727554179 0.37142857142857144 0.698452012383901 0.45714285714285713 0.698452012383901 0.530952380952381 0.7034055727554179 0.5416666666666666 0.7473684210526316 0.5416666666666666 0.7473684210526316 0.4857142857142857 0.7424148606811145 0.42857142857142855 0.7374613003095976 0.38095238095238093 0.7325077399380805 0.3630952380952381 0.7312693498452012 0.3619047619047619 0.708359133126935 0.3619047619047619 
16 0.7547987616099071 0.3523809523809524 0.7479876160990712 0.3535714285714286 0.7430340557275542 0.3547619047619048 0.7380804953560371 0.38095238095238093 0.7331269349845201 0.4226190476190476 0.7331269349845201 0.4369047619047619 0.7380804953560371 0.49404761904761907 0.7430340557275542 0.5297619047619048 0.7436532507739938 0.5321428571428571 0.7622291021671826 0.5321428571428571 0.7721362229102167 0.5226190476190476 0.7820433436532508 0.5035714285714286 0.7820433436532508 0.45714285714285713 0.7721362229102167 0.4023809523809524 0.7671826625386997 0.38095238095238093 0.7622291021671826 0.3630952380952381 0.7572755417956656 0.3523809523809524 0.7547987616099071 0.3523809523809524 
18 0.6736842105263158 0.580952380952381 0.6687306501547987 0.5904761904761905 0.6687306501547987 0.6369047619047619 0.6736842105263158 0.6452380952380953 0.6749226006191951 0.6464285714285715 0.7077399380804954 0.6464285714285715 0.7176470588235294 0.6369047619047619 0.7176470588235294 0.6071428571428571 0.7126934984520124 0.5916666666666667 0.7120743034055728 0.5904761904761905 0.6879256965944273 0.580952380952381 0.6736842105263158 0.580952380952381 
19 0.6489164086687307 0.580952380952381 0.6291021671826625 0.5904761904761905 0.6291021671826625 0.6440476190476191 0.6340557275541796 0.675 0.6390092879256966 0.7023809523809523 0.6489164086687307 0.7511904761904762 0.6631578947368421 0.7511904761904762 0.6879256965944273 0.7416666666666667 0.6879256965944273 0.7178571428571429 0.6829721362229102 0.6392857142857142 0.6730650154798762 0.5821428571428572 0.6724458204334365 0.580952380952381 0.6489164086687307 0.580952380952381 
20 0.6099071207430341 0.5904761904761905 0.6 0.6 0.5993808049535604 0.6023809523809524 0.5993808049535604 0.6345238095238095 0.6043343653250774 0.6845238095238095 0.6092879256965944 0.7119047619047619 0.6142414860681115 0.7321428571428571 0.6241486068111455 0.7511904761904762 0.638390092879257 0.7511904761904762 0.643343653250774 0.7035714285714286 0.643343653250774 0.6666666666666666 0.6334365325077399 0.5928571428571429 0.6328173374613003 0.5904761904761905 0.6099071207430341 0.5904761904761905 
21 0.5857585139318885 0.6 0.5845201238390093 0.6011904761904762 0.5795665634674922 0.6095238095238096 0.5752321981424149 0.6190476190476191 0.5746130030959752 0.6214285714285714 0.5746130030959752 0.6464285714285715 0.5795665634674922 0.7023809523809523 0.5845201238390093 0.7392857142857143 0.5894736842105263 0.7511904761904762 0.6037151702786377 0.7511904761904762 0.6086687306501548 0.7321428571428571 0.6086687306501548 0.6285714285714286 0.6037151702786377 0.6011904761904762 0.6024767801857586 0.6 0.5857585139318885 0.6 
22 0.5498452012383901 0.5904761904761905 0.5498452012383901 0.6273809523809524 0.5547987616099072 0.7321428571428571 0.5597523219814241 0.7702380952380953 0.5721362229102167 0.7702380952380953 0.5739938080495356 0.7690476190476191 0.5789473684210527 0.7583333333333333 0.5839009287925696 0.7321428571428571 0.5888544891640867 0.6142857142857143 0.5888544891640867 0.6095238095238096 0.5839009287925696 0.5904761904761905 0.5498452012383901 0.5904761904761905 
23 0.5306501547987617 0.5904761904761905 0.530030959752322 0.5916666666666667 0.530030959752322 0.7130952380952381 0.5436532507739938 0.7130952380952381 0.5541795665634675 0.675 0.5591331269349845 0.6261904761904762 0.5591331269349845 0.6214285714285714 0.5541795665634675 0.5904761904761905 0.5306501547987617 0.5904761904761905 
24 0.5201238390092879 0.580952380952381 0.5151702786377709 0.5916666666666667 0.5102167182662539 0.638095238095238 0.5102167182662539 0.7226190476190476 0.5244582043343653 0.7226190476190476 0.5287925696594428 0.7130952380952381 0.5294117647058824 0.7095238095238096 0.5343653250773994 0.675 0.5393188854489164 0.5964285714285714 0.5393188854489164 0.5845238095238096 0.5386996904024768 0.580952380952381 0.5201238390092879 0.580952380952381 
25 0.5009287925696595 0.580952380952381 0.4904024767801858 0.5904761904761905 0.4904024767801858 0.6464285714285715 0.5003095975232198 0.7321428571428571 0.5095975232198142 0.7321428571428571 0.5145510835913313 0.7226190476190476 0.5195046439628483 0.6178571428571429 0.5195046439628483 0.580952380952381 0.5009287925696595 0.580952380952381 
26 0.4761609907120743 0.5904761904761905 0.47554179566563465 0.5916666666666667 0.47554179566563465 0.655952380952381 0.48111455108359136 0.7130952380952381 0.49473684210526314 0.7130952380952381 0.49473684210526314 0.5904761904761905 0.4761609907120743 0.5904761904761905 
27 0.46068111455108357 0.580952380952381 0.45139318885448915 0.5904761904761905 0.45077399380804956 0.5916666666666667 0.4458204334365325 0.6059523809523809 0.4458204334365325 0.6238095238095238 0.45077399380804956 0.6738095238095239 0.46068111455108357 0.7702380952380953 0.46563467492260063 0.7797619047619048 0.4712074303405573 0.7892857142857143 0.47987616099071206 0.7892857142857143 0.47987616099071206 0.594047619047619 0.47492260061919506 0.580952380952381 0.46068111455108357 0.580952380952381 
28 0.42105263157894735 0.5904761904761905 0.41609907120743034 0.6011904761904762 0.41114551083591333 0.6666666666666666 0.41114551083591333 0.7023809523809523 0.42105263157894735 0.7595238095238095 0.421671826625387 0.7607142857142857 0.43034055727554177 0.7607142857142857 0.44024767801857584 0.7416666666666667 0.4501547987616099 0.7035714285714286 0.4551083591331269 0.655952380952381 0.4551083591331269 0.6 0.44953560371517026 0.5904761904761905 0.42105263157894735 0.5904761904761905 
29 0.40123839009287926 0.580952380952381 0.3913312693498452 0.5904761904761905 0.3764705882352941 0.6964285714285714 0.3764705882352941 0.7702380952380953 0.3814241486068111 0.7797619047619048 0.3907120743034056 0.7797619047619048 0.4055727554179567 0.7511904761904762 0.40990712074303404 0.7321428571428571 0.43529411764705883 0.5988095238095238 0.43529411764705883 0.580952380952381 0.40123839009287926 0.580952380952381 
30 0.356656346749226 0.5523809523809524 0.34674922600619196 0.5630952380952381 0.3318885448916409 0.6773809523809524 0.3318885448916409 0.7226190476190476 0.3572755417956656 0.7321428571428571 0.37089783281733746 0.7321428571428571 0.38575851393188854 0.7035714285714286 0.4105263157894737 0.5892857142857143 0.4105263157894737 0.5738095238095238 0.4055727554179567 0.5619047619047619 0.39504643962848296 0.5523809523809524 0.356656346749226 0.5523809523809524 
31 0.30340557275541796 0.5333333333333333 0.29226006191950465 0.5428571428571428 0.2773993808049536 0.6011904761904762 0.2674922600619195 0.6416666666666667 0.2674922600619195 0.6928571428571428 0.26873065015479874 0.694047619047619 0.2823529411764706 0.7035714285714286 0.30092879256965943 0.7035714285714286 0.3108359133126935 0.694047619047619 0.31640866873065016 0.6845238095238095 0.33622291021671824 0.6464285714285715 0.3510835913312694 0.6166666666666667 0.3510835913312694 0.5523809523809524 0.33560371517027865 0.5333333333333333 0.30340557275541796 0.5333333333333333 
32 0.25882352941176473 0.49523809523809526 0.2476780185758514 0.5047619047619047 0.22786377708978328 0.5428571428571428 0.21795665634674924 0.5821428571428572 0.2130030959752322 0.6023809523809524 0.2130030959752322 0.6464285714285715 0.2520123839009288 0.6464285714285715 0.3015479876160991 0.5511904761904762 0.3015479876160991 0.5261904761904762 0.30092879256965943 0.5238095238095238 0.291640866873065 0.5047619047619047 0.28173374613003094 0.49523809523809526 0.25882352941176473 0.49523809523809526 