2 0.34241486068111454 0.3333333333333333 0.3368421052631579 0.34285714285714286 0.3170278637770898 0.45714285714285713 0.3170278637770898 0.4928571428571429 0.3219814241486068 0.5035714285714286 0.3269349845201238 0.513095238095238 0.3368421052631579 0.5226190476190476 0.3609907120743034 0.5226190476190476 0.36594427244582045 0.4845238095238095 0.36594427244582045 0.3619047619047619 0.3609907120743034 0.34404761904761905 0.3603715170278638 0.34285714285714286 0.35541795665634673 0.3345238095238095 0.35356037151702785 0.3333333333333333 0.34241486068111454 0.3333333333333333 
3 0.3764705882352941 0.37142857142857144 0.3715170278637771 0.3821428571428571 0.36160990712074303 0.4392857142857143 0.3572755417956656 0.4666666666666667 0.356656346749226 0.48095238095238096 0.356656346749226 0.5321428571428571 0.36160990712074303 0.5404761904761904 0.3721362229102167 0.5511904761904762 0.3956656346749226 0.5511904761904762 0.4006191950464396 0.5321428571428571 0.4006191950464396 0.4095238095238095 0.3956656346749226 0.3726190476190476 0.39504643962848296 0.37142857142857144 0.3764705882352941 0.37142857142857144 
4 0.4018575851393189 0.4 0.39628482972136225 0.41904761904761906 0.3913312693498452 0.5261904761904762 0.3913312693498452 0.5511904761904762 0.39690402476780184 0.5607142857142857 0.4198142414860681 0.5607142857142857 0.42538699690402476 0.5511904761904762 0.42538699690402476 0.5154761904761904 0.42043343653250775 0.4095238095238095 0.4154798761609907 0.4 0.4018575851393189 0.4 
5 0.43653250773993807 0.3619047619047619 0.4260061919504644 0.38095238095238093 0.42105263157894735 0.4 0.41609907120743034 0.45714285714285713 0.41609907120743034 0.5666666666666667 0.41671826625387 0.5702380952380952 0.4346749226006192 0.5702380952380952 0.4501547987616099 0.5607142857142857 0.4501547987616099 0.5047619047619047 0.4452012383900929 0.37142857142857144 0.44024767801857584 0.3630952380952381 0.4390092879256966 0.3619047619047619 0.43653250773993807 0.3619047619047619 
6 0.45139318885448915 0.3619047619047619 0.45077399380804956 0.3630952380952381 0.4458204334365325 0.3821428571428571 0.4408668730650155 0.4119047619047619 0.4408668730650155 0.5785714285714286 0.44148606811145513 0.5797619047619048 0.465015479876161 0.5797619047619048 0.465015479876161 0.3630952380952381 0.46439628482972134 0.3619047619047619 0.45139318885448915 0.3619047619047619 
7 0.4662538699690402 0.3904761904761905 0.46563467492260063 0.39166666666666666 0.46068111455108357 0.42142857142857143 0.46068111455108357 0.5785714285714286 0.46563467492260063 0.5880952380952381 0.46687306501547987 0.5892857142857143 0.48978328173374613 0.5892857142857143 0.48978328173374613 0.5357142857142857 0.4848297213622291 0.4583333333333333 0.47987616099071206 0.39404761904761904 0.4792569659442725 0.3904761904761905 0.4662538699690402 0.3904761904761905 
8 0.4904024767801858 0.41904761904761906 0.48606811145510836 0.42857142857142855 0.4854489164086687 0.430952380952381 0.4804953560371517 0.5047619047619047 0.4804953560371517 0.5321428571428571 0.4854489164086687 0.5797619047619048 0.49102167182662537 0.5892857142857143 0.5095975232198142 0.5892857142857143 0.5095975232198142 0.5357142857142857 0.5046439628482973 0.46904761904761905 0.4996904024767802 0.41904761904761906 0.4904024767801858 0.41904761904761906 
9 0.5052631578947369 0.41904761904761906 0.5003095975232198 0.4785714285714286 0.5003095975232198 0.5357142857142857 0.5052631578947369 0.5869047619047619 0.5058823529411764 0.5892857142857143 0.5102167182662539 0.5988095238095238 0.5188854489164086 0.5988095238095238 0.5343653250773994 0.5892857142857143 0.5343653250773994 0.5821428571428572 0.5294117647058824 0.5059523809523809 0.5244582043343653 0.4380952380952381 0.5195046439628483 0.42023809523809524 0.5176470588235295 0.41904761904761906 0.5052631578947369 0.41904761904761906 
10 0.530030959752322 0.4095238095238095 0.525077399380805 0.4380952380952381 0.525077399380805 0.5773809523809523 0.530030959752322 0.5892857142857143 0.5541795665634675 0.5892857142857143 0.5541795665634675 0.5428571428571428 0.5492260061919505 0.46785714285714286 0.5442724458204334 0.41309523809523807 0.5343653250773994 0.4095238095238095 0.530030959752322 0.4095238095238095 
12 0.5647058823529412 0.4 0.5597523219814241 0.4107142857142857 0.5547987616099072 0.42857142857142855 0.5498452012383901 0.44761904761904764 0.544891640866873 0.47619047619047616 0.544891640866873 0.5369047619047619 0.5498452012383901 0.5785714285714286 0.5597523219814241 0.5976190476190476 0.5609907120743034 0.5988095238095238 0.5739938080495356 0.5988095238095238 0.5789473684210527 0.5404761904761904 0.5789473684210527 0.42142857142857143 0.5739938080495356 0.4011904761904762 0.573374613003096 0.4 0.5647058823529412 0.4 
13 0.5808049535603715 0.4095238095238095 0.5746130030959752 0.41904761904761906 0.5696594427244582 0.5345238095238095 0.5696594427244582 0.5797619047619048 0.5795665634674922 0.5976190476190476 0.5839009287925696 0.5988095238095238 0.5869969040247678 0.5988095238095238 0.6037151702786377 0.5892857142857143 0.6037151702786377 0.5166666666666667 0.5987616099071208 0.42023809523809524 0.5938080495356037 0.4095238095238095 0.5808049535603715 0.4095238095238095 
14 0.6099071207430341 0.38095238095238093 0.6043343653250774 0.3904761904761905 0.5993808049535604 0.41904761904761906 0.5944272445820433 0.4773809523809524 0.5944272445820433 0.5190476190476191 0.5993808049535604 0.5785714285714286 0.6018575851393189 0.5797619047619048 0.628482972136223 0.5797619047619048 0.638390092879257 0.569047619047619 0.638390092879257 0.525 0.6185758513931888 0.39166666666666666 0.6136222910216719 0.3821428571428571 0.6123839009287926 0.38095238095238093 0.6099071207430341 0.38095238095238093 
15 0.6396284829721363 0.37142857142857144 0.6340557275541796 0.3821428571428571 0.6291021671826625 0.41904761904761906 0.6291021671826625 0.5226190476190476 0.6340557275541796 0.5571428571428572 0.6346749226006192 0.5607142857142857 0.6625386996904025 0.5607142857142857 0.6724458204334365 0.5511904761904762 0.6780185758513931 0.5404761904761904 0.6780185758513931 0.49523809523809526 0.6681114551083591 0.38095238095238093 0.6526315789473685 0.37142857142857144 0.6396284829721363 0.37142857142857144 
16 0.669969040247678 0.3523809523809524 0.6687306501547987 0.3535714285714286 0.6637770897832818 0.3619047619047619 0.6637770897832818 0.45476190476190476 0.6687306501547987 0.5035714285714286 0.6736842105263158 0.5297619047619048 0.6743034055727554 0.5321428571428571 0.6922600619195046 0.5321428571428571 0.7126934984520124 0.513095238095238 0.7126934984520124 0.4583333333333333 0.7027863777089783 0.3630952380952381 0.7021671826625387 0.3619047619047619 0.6829721362229102 0.3523809523809524 0.669969040247678 0.3523809523809524 
17 0.7294117647058823 0.5047619047619047 0.6891640866873066 0.5428571428571428 0.6835913312693499 0.5523809523809524 0.6835913312693499 0.5773809523809523 0.6842105263157895 0.5797619047619048 0.713312693498452 0.6464285714285715 0.7287925696594427 0.675 0.7461300309597523 0.675 0.756656346749226 0.655952380952381 0.7572755417956656 0.6547619047619048 0.7572755417956656 0.6107142857142858 0.7424148606811145 0.5142857142857142 0.7325077399380805 0.5047619047619047 0.7294117647058823 0.5047619047619047 
18 0.6736842105263158 0.5523809523809524 0.6439628482972136 0.5821428571428572 0.6390092879256966 0.5904761904761905 0.6390092879256966 0.6166666666666667 0.6439628482972136 0.6273809523809524 0.6736842105263158 0.6845238095238095 0.6941176470588235 0.7226190476190476 0.7077399380804954 0.7226190476190476 0.7170278637770898 0.694047619047619 0.7176470588235294 0.6904761904761905 0.7176470588235294 0.6583333333333333 0.7027863777089783 0.6011904761904762 0.6972136222910217 0.580952380952381 0.6879256965944273 0.5535714285714286 0.6873065015479877 0.5523809523809524 0.6736842105263158 0.5523809523809524 
19 0.6092879256965944 0.5904761904761905 0.5907120743034056 0.6 0.590092879256966 0.6011904761904762 0.5894736842105263 0.6035714285714285 0.5894736842105263 0.6273809523809524 0.5944272445820433 0.6464285714285715 0.6247678018575852 0.7416666666666667 0.6291021671826625 0.7511904761904762 0.6390092879256966 0.7702380952380953 0.643343653250774 0.7702380952380953 0.6730650154798762 0.7404761904761905 0.6730650154798762 0.7142857142857143 0.6681114551083591 0.6761904761904762 0.648297213622291 0.5904761904761905 0.6092879256965944 0.5904761904761905 
20 0.5746130030959752 0.6095238095238096 0.5696594427244582 0.6202380952380953 0.5696594427244582 0.6642857142857143 0.5894736842105263 0.7797619047619048 0.595046439628483 0.7976190476190477 0.5993808049535604 0.8083333333333333 0.6130030959752322 0.8083333333333333 0.6185758513931888 0.7976190476190477 0.6185758513931888 0.6976190476190476 0.6136222910216719 0.6595238095238095 0.5987616099071208 0.6190476190476191 0.5931888544891641 0.6095238095238096 0.5746130030959752 0.6095238095238096 
21 0.5547987616099072 0.6095238095238096 0.5498452012383901 0.6190476190476191 0.5498452012383901 0.6547619047619048 0.5597523219814241 0.7892857142857143 0.5647058823529412 0.8083333333333333 0.5696594427244582 0.8166666666666667 0.5708978328173374 0.8178571428571428 0.5789473684210527 0.8178571428571428 0.5839009287925696 0.8083333333333333 0.5839009287925696 0.6869047619047619 0.5789473684210527 0.6095238095238096 0.5547987616099072 0.6095238095238096 
22 0.5455108359133127 0.6190476190476191 0.5362229102167183 0.6285714285714286 0.534984520123839 0.6309523809523809 0.530030959752322 0.6476190476190476 0.525077399380805 0.7523809523809524 0.525077399380805 0.8357142857142857 0.5256965944272446 0.8369047619047619 0.5424148606811146 0.8369047619047619 0.5442724458204334 0.8357142857142857 0.5486068111455108 0.8273809523809523 0.5492260061919505 0.825 0.5541795665634675 0.7952380952380952 0.5591331269349845 0.7511904761904762 0.5591331269349845 0.65 0.5541795665634675 0.6190476190476191 0.5455108359133127 0.6190476190476191 
23 0.5151702786377709 0.6285714285714286 0.5102167182662539 0.6892857142857143 0.5102167182662539 0.7976190476190477 0.5108359133126935 0.7988095238095239 0.5244582043343653 0.7988095238095239 0.5294117647058824 0.7702380952380953 0.5343653250773994 0.7297619047619047 0.5393188854489164 0.655952380952381 0.5393188854489164 0.6321428571428571 0.5386996904024768 0.6285714285714286 0.5151702786377709 0.6285714285714286 
24 0.4953560371517028 0.6190476190476191 0.4904024767801858 0.705952380952381 0.4904024767801858 0.7880952380952381 0.4953560371517028 0.7988095238095239 0.4996904024767802 0.7988095238095239 0.5095975232198142 0.7892857142857143 0.5145510835913313 0.7511904761904762 0.5195046439628483 0.694047619047619 0.5195046439628483 0.6285714285714286 0.5102167182662539 0.6190476190476191 0.4953560371517028 0.6190476190476191 
25 0.4804953560371517 0.6190476190476191 0.47554179566563465 0.7047619047619048 0.47554179566563465 0.7392857142857143 0.4804953560371517 0.7761904761904762 0.48111455108359136 0.7797619047619048 0.48978328173374613 0.7797619047619048 0.49473684210526314 0.7678571428571429 0.4996904024767802 0.6833333333333333 0.4996904024767802 0.6214285714285714 0.49907120743034056 0.6190476190476191 0.4804953560371517 0.6190476190476191 
26 0.46068111455108357 0.6095238095238096 0.45572755417956656 0.6190476190476191 0.45572755417956656 0.7511904761904762 0.46068111455108357 0.7785714285714286 0.46191950464396286 0.7797619047619048 0.47492260061919506 0.7797619047619048 0.47987616099071206 0.7392857142857143 0.4848297213622291 0.694047619047619 0.4848297213622291 0.6202380952380953 0.47987616099071206 0.6095238095238096 0.46068111455108357 0.6095238095238096 
27 0.44643962848297214 0.6 0.4408668730650155 0.6095238095238096 0.4359133126934985 0.638095238095238 0.4359133126934985 0.7869047619047619 0.4371517027863777 0.7892857142857143 0.44953560371517026 0.7892857142857143 0.4551083591331269 0.7702380952380953 0.460061919504644 0.7309523809523809 0.465015479876161 0.675 0.465015479876161 0.6476190476190476 0.46439628482972134 0.638095238095238 0.460061919504644 0.6095238095238096 0.4551083591331269 0.6 0.44643962848297214 0.6 
28 0.42105263157894735 0.5904761904761905 0.41609907120743034 0.6 0.41114551083591333 0.6297619047619047 0.41114551083591333 0.7476190476190476 0.41609907120743034 0.7892857142857143 0.4297213622291022 0.7892857142857143 0.43034055727554177 0.7880952380952381 0.43529411764705883 0.7607142857142857 0.4452012383900929 0.6464285714285715 0.4452012383900929 0.6023809523809524 0.44458204334365325 0.6 0.43962848297213625 0.5904761904761905 0.42105263157894735 0.5904761904761905 
29 0.39195046439628484 0.580952380952381 0.3913312693498452 0.5821428571428572 0.3863777089783282 0.6011904761904762 0.3764705882352941 0.7154761904761905 0.3764705882352941 0.7488095238095238 0.3814241486068111 0.7690476190476191 0.38204334365325077 0.7702380952380953 0.3907120743034056 0.7702380952380953 0.39504643962848296 0.7607142857142857 0.3956656346749226 0.7583333333333333 0.4154798761609907 0.6654761904761904 0.42043343653250775 0.6273809523809524 0.42043343653250775 0.5904761904761905 0.40990712074303404 0.580952380952381 0.39195046439628484 0.580952380952381 
30 0.3628482972136223 0.5523809523809524 0.35170278637770896 0.5619047619047619 0.3318885448916409 0.638095238095238 0.3269349845201238 0.6595238095238095 0.3269349845201238 0.7023809523809523 0.32755417956656346 0.7035714285714286 0.3523219814241486 0.7321428571428571 0.3609907120743034 0.7321428571428571 0.37089783281733746 0.7035714285714286 0.39009287925696595 0.6464285714285715 0.4006191950464396 0.5880952380952381 0.4006191950464396 0.5726190476190476 0.4 0.5714285714285714 0.37956656346749224 0.5523809523809524 0.3628482972136223 0.5523809523809524 
31 0.31826625386996904 0.5238095238095238 0.3170278637770898 0.525 0.30712074303405573 0.5428571428571428 0.2873065015479876 0.5916666666666667 0.2873065015479876 0.6452380952380953 0.29226006191950465 0.6738095238095239 0.29287925696594425 0.675 0.3065015479876161 0.675 0.3256965944272446 0.655952380952381 0.33622291021671824 0.6369047619047619 0.3510835913312694 0.6083333333333333 0.35541795665634673 0.5988095238095238 0.3609907120743034 0.569047619047619 0.3609907120743034 0.5619047619047619 0.3504643962848297 0.5428571428571428 0.3306501547987616 0.5238095238095238 0.31826625386996904 0.5238095238095238 
32 0.2724458204334365 0.47619047619047616 0.25263157894736843 0.5428571428571428 0.24272445820433436 0.5821428571428572 0.24272445820433436 0.5988095238095238 0.248297213622291 0.6083333333333333 0.2625386996904025 0.6261904761904762 0.2643962848297214 0.6273809523809524 0.2804953560371517 0.6273809523809524 0.286687306501548 0.6178571428571429 0.291640866873065 0.6083333333333333 0.2959752321981424 0.5988095238095238 0.31640866873065016 0.5511904761904762 0.31640866873065016 0.5047619047619047 0.3065015479876161 0.4857142857142857 0.2959752321981424 0.47619047619047616 0.2724458204334365 0.47619047619047616 