2 0.2724458204334365 0.3904761904761905 0.2674922600619195 0.4595238095238095 0.2625386996904025 0.5357142857142857 0.2625386996904025 0.5702380952380952 0.2674922600619195 0.5797619047619048 0.2724458204334365 0.5880952380952381 0.2743034055727554 0.5892857142857143 0.29907120743034055 0.5892857142857143 0.3015479876160991 0.5880952380952381 0.31145510835913315 0.5797619047619048 0.31145510835913315 0.5071428571428571 0.3065015479876161 0.4666666666666667 0.3015479876160991 0.4392857142857143 0.29659442724458207 0.42023809523809524 0.291640866873065 0.4023809523809524 0.286687306501548 0.39166666666666666 0.2854489164086687 0.3904761904761905 0.2724458204334365 0.3904761904761905 
3 0.31145510835913315 0.4 0.3077399380804954 0.4011904761904762 0.3021671826625387 0.42142857142857143 0.3021671826625387 0.49404761904761907 0.30712074303405573 0.569047619047619 0.31207430340557274 0.5869047619047619 0.3170278637770898 0.5988095238095238 0.3263157894736842 0.5988095238095238 0.3504643962848297 0.5880952380952381 0.3560371517027864 0.5797619047619048 0.3609907120743034 0.569047619047619 0.3609907120743034 0.5357142857142857 0.3560371517027864 0.5047619047619047 0.33622291021671824 0.42142857142857143 0.33560371517027865 0.41904761904761906 0.33126934984520123 0.4095238095238095 0.32136222910216716 0.4 0.31145510835913315 0.4 
4 0.3541795665634675 0.3904761904761905 0.3523219814241486 0.39404761904761904 0.35170278637770896 0.4 0.34674922600619196 0.4976190476190476 0.34674922600619196 0.5119047619047619 0.35170278637770896 0.5880952380952381 0.3541795665634675 0.5892857142857143 0.3851393188854489 0.5892857142857143 0.38575851393188854 0.5880952380952381 0.38575851393188854 0.5190476190476191 0.37585139318885447 0.4226190476190476 0.37089783281733746 0.4 0.3653250773993808 0.3904761904761905 0.3541795665634675 0.3904761904761905 
5 0.3721362229102167 0.37142857142857144 0.3715170278637771 0.375 0.3715170278637771 0.4642857142857143 0.3814241486068111 0.5761904761904761 0.38204334365325077 0.5797619047619048 0.3863777089783282 0.5880952380952381 0.3876160990712074 0.5892857142857143 0.4043343653250774 0.5892857142857143 0.4055727554179567 0.5880952380952381 0.4105263157894737 0.5797619047619048 0.4154798761609907 0.5702380952380952 0.4154798761609907 0.5059523809523809 0.4006191950464396 0.42857142857142855 0.3907120743034056 0.39166666666666666 0.3851393188854489 0.37142857142857144 0.3721362229102167 0.37142857142857144 
6 0.39195046439628484 0.37142857142857144 0.3913312693498452 0.3738095238095238 0.3913312693498452 0.4369047619047619 0.39628482972136225 0.4726190476190476 0.41114551083591333 0.5785714285714286 0.41609907120743034 0.5892857142857143 0.4278637770897833 0.5988095238095238 0.4340557275541796 0.5988095238095238 0.43962848297213625 0.5892857142857143 0.4452012383900929 0.5607142857142857 0.4452012383900929 0.5178571428571429 0.43962848297213625 0.4857142857142857 0.40990712074303404 0.39166666666666666 0.4055727554179567 0.38095238095238093 0.4006191950464396 0.37142857142857144 0.39195046439628484 0.37142857142857144 
7 0.4371517027863777 0.37142857142857144 0.4359133126934985 0.3726190476190476 0.4309597523219814 0.38095238095238093 0.4309597523219814 0.4654761904761905 0.4408668730650155 0.5607142857142857 0.469969040247678 0.5607142857142857 0.47492260061919506 0.5511904761904762 0.47492260061919506 0.5154761904761904 0.469969040247678 0.46904761904761905 0.465015479876161 0.4380952380952381 0.4551083591331269 0.38095238095238093 0.443343653250774 0.37142857142857144 0.4371517027863777 0.37142857142857144 
8 0.45572755417956656 0.3523809523809524 0.45077399380804956 0.3630952380952381 0.45077399380804956 0.41785714285714287 0.46563467492260063 0.5702380952380952 0.4978328173374613 0.5702380952380952 0.49907120743034056 0.569047619047619 0.4996904024767802 0.5678571428571428 0.4996904024767802 0.4976190476190476 0.49473684210526314 0.4595238095238095 0.4848297213622291 0.4 0.469969040247678 0.3547619047619048 0.4693498452012384 0.3535714285714286 0.4681114551083591 0.3523809523809524 0.45572755417956656 0.3523809523809524 
9 0.5102167182662539 0.3523809523809524 0.5052631578947369 0.3619047619047619 0.5003095975232198 0.375 0.4953560371517028 0.4119047619047619 0.4953560371517028 0.5666666666666667 0.49597523219814244 0.5702380952380952 0.5269349845201239 0.5702380952380952 0.5294117647058824 0.569047619047619 0.5343653250773994 0.5607142857142857 0.5343653250773994 0.38095238095238093 0.5287925696594428 0.3535714285714286 0.5275541795665635 0.3523809523809524 0.5102167182662539 0.3523809523809524 
10 0.5399380804953561 0.38095238095238093 0.530030959752322 0.45714285714285713 0.530030959752322 0.569047619047619 0.5306501547987617 0.5702380952380952 0.5591331269349845 0.5702380952380952 0.5634674922600619 0.5607142857142857 0.5640866873065016 0.5583333333333333 0.5640866873065016 0.42142857142857143 0.5591331269349845 0.38333333333333336 0.5529411764705883 0.38095238095238093 0.5399380804953561 0.38095238095238093 
11 0.5851393188854489 0.3619047619047619 0.5795665634674922 0.3726190476190476 0.5653250773993808 0.42023809523809524 0.5603715170278638 0.4380952380952381 0.5597523219814241 0.44047619047619047 0.5597523219814241 0.5702380952380952 0.5882352941176471 0.5702380952380952 0.5888544891640867 0.5678571428571428 0.5938080495356037 0.5214285714285715 0.5987616099071208 0.44642857142857145 0.5987616099071208 0.36428571428571427 0.5975232198142415 0.3619047619047619 0.5851393188854489 0.3619047619047619 
12 0.6043343653250774 0.37142857142857144 0.5944272445820433 0.4011904761904762 0.5894736842105263 0.4380952380952381 0.5795665634674922 0.5630952380952381 0.5795665634674922 0.569047619047619 0.5845201238390093 0.5785714285714286 0.5857585139318885 0.5797619047619048 0.6179566563467492 0.5797619047619048 0.6185758513931888 0.5785714285714286 0.6185758513931888 0.37142857142857144 0.6043343653250774 0.37142857142857144 
13 0.6253869969040248 0.38095238095238093 0.6241486068111455 0.3821428571428571 0.6191950464396285 0.4095238095238095 0.6142414860681115 0.4392857142857143 0.6142414860681115 0.5785714285714286 0.6154798761609908 0.5797619047619048 0.6470588235294118 0.5797619047619048 0.648297213622291 0.5785714285714286 0.648297213622291 0.5142857142857142 0.643343653250774 0.38333333333333336 0.6427244582043343 0.38095238095238093 0.6253869969040248 0.38095238095238093 
14 0.6736842105263158 0.37142857142857144 0.6637770897832818 0.3904761904761905 0.6538699690402476 0.41904761904761906 0.6489164086687307 0.4392857142857143 0.6390092879256966 0.5154761904761904 0.6390092879256966 0.5202380952380953 0.6439628482972136 0.5654761904761905 0.6445820433436532 0.5702380952380952 0.6495356037151703 0.5797619047619048 0.6879256965944273 0.5797619047619048 0.6928792569659443 0.5702380952380952 0.7027863777089783 0.4369047619047619 0.7027863777089783 0.3726190476190476 0.701547987616099 0.37142857142857144 0.6736842105263158 0.37142857142857144 
15 0.7232198142414861 0.38095238095238093 0.708359133126935 0.4 0.6934984520123839 0.4297619047619048 0.6885448916408669 0.45 0.6885448916408669 0.569047619047619 0.6891640866873066 0.5702380952380952 0.7170278637770898 0.5702380952380952 0.7325077399380805 0.5607142857142857 0.7374613003095976 0.55 0.7374613003095976 0.5142857142857142 0.7368421052631579 0.3904761904761905 0.7325077399380805 0.38095238095238093 0.7232198142414861 0.38095238095238093 
18 0.6743034055727554 0.580952380952381 0.6637770897832818 0.6011904761904762 0.6637770897832818 0.655952380952381 0.6736842105263158 0.7130952380952381 0.6786377708978328 0.7321428571428571 0.698452012383901 0.7702380952380953 0.7077399380804954 0.7702380952380953 0.7325077399380805 0.7607142857142857 0.7325077399380805 0.7238095238095238 0.7226006191950465 0.6309523809523809 0.7176470588235294 0.5904761904761905 0.7126934984520124 0.580952380952381 0.6743034055727554 0.580952380952381 
19 0.6297213622291021 0.5904761904761905 0.6142414860681115 0.6 0.6142414860681115 0.6464285714285715 0.6241486068111455 0.7416666666666667 0.6291021671826625 0.7607142857142857 0.6390092879256966 0.7880952380952381 0.6439628482972136 0.7988095238095239 0.6526315789473685 0.7988095238095239 0.6817337461300309 0.7785714285714286 0.6829721362229102 0.7773809523809524 0.6829721362229102 0.7535714285714286 0.6773993808049535 0.6952380952380952 0.6681114551083591 0.6047619047619047 0.6674922600619195 0.6 0.6631578947368421 0.5904761904761905 0.6297213622291021 0.5904761904761905 
20 0.5845201238390093 0.5904761904761905 0.5845201238390093 0.6464285714285715 0.6043343653250774 0.7797619047619048 0.6099071207430341 0.7892857142857143 0.6235294117647059 0.7892857142857143 0.6235294117647059 0.7357142857142858 0.6185758513931888 0.6011904761904762 0.6136222910216719 0.5916666666666667 0.6123839009287926 0.5904761904761905 0.5845201238390093 0.5904761904761905 
21 0.5696594427244582 0.5904761904761905 0.5597523219814241 0.6095238095238096 0.5597523219814241 0.680952380952381 0.5647058823529412 0.7380952380952381 0.5746130030959752 0.7892857142857143 0.5795665634674922 0.7976190476190477 0.5808049535603715 0.7988095238095239 0.5888544891640867 0.7988095238095239 0.5938080495356037 0.7023809523809523 0.5938080495356037 0.638095238095238 0.5888544891640867 0.6011904761904762 0.5839009287925696 0.5916666666666667 0.5826625386996904 0.5904761904761905 0.5696594427244582 0.5904761904761905 
22 0.544891640866873 0.580952380952381 0.5399380804953561 0.5904761904761905 0.534984520123839 0.611904761904762 0.534984520123839 0.6702380952380952 0.5399380804953561 0.7416666666666667 0.544891640866873 0.7988095238095239 0.5535603715170279 0.7988095238095239 0.5591331269349845 0.7892857142857143 0.5640866873065016 0.7511904761904762 0.5640866873065016 0.5928571428571429 0.5591331269349845 0.580952380952381 0.544891640866873 0.580952380952381 
23 0.5151702786377709 0.580952380952381 0.5151702786377709 0.6428571428571429 0.5201238390092879 0.7119047619047619 0.525077399380805 0.7690476190476191 0.5256965944272446 0.7702380952380953 0.5386996904024768 0.7702380952380953 0.5393188854489164 0.7666666666666667 0.5442724458204334 0.7321428571428571 0.5442724458204334 0.5821428571428572 0.5436532507739938 0.580952380952381 0.5151702786377709 0.580952380952381 
24 0.5021671826625387 0.580952380952381 0.5009287925696595 0.5821428571428572 0.5003095975232198 0.5857142857142857 0.5003095975232198 0.7023809523809523 0.5052631578947369 0.7404761904761905 0.5102167182662539 0.7511904761904762 0.5188854489164086 0.7511904761904762 0.5195046439628483 0.75 0.5244582043343653 0.7119047619047619 0.5244582043343653 0.638095238095238 0.5195046439628483 0.5821428571428572 0.5188854489164086 0.580952380952381 0.5021671826625387 0.580952380952381 
25 0.4804953560371517 0.580952380952381 0.4804953560371517 0.6642857142857143 0.4854489164086687 0.7583333333333333 0.4904024767801858 0.7690476190476191 0.49102167182662537 0.7702380952380953 0.49907120743034056 0.7702380952380953 0.4996904024767802 0.7690476190476191 0.5046439628482973 0.7404761904761905 0.5046439628482973 0.5916666666666667 0.4996904024767802 0.580952380952381 0.4804953560371517 0.580952380952381 
26 0.46068111455108357 0.5904761904761905 0.46068111455108357 0.675 0.47554179566563465 0.7607142857142857 0.48111455108359136 0.7702380952380953 0.48978328173374613 0.7702380952380953 0.48978328173374613 0.6964285714285714 0.4848297213622291 0.5904761904761905 0.46068111455108357 0.5904761904761905 
27 0.43839009287925695 0.6 0.43653250773993807 0.6011904761904762 0.4309597523219814 0.6190476190476191 0.4309597523219814 0.655952380952381 0.4359133126934985 0.6845238095238095 0.45139318885448915 0.7702380952380953 0.45572755417956656 0.7892857142857143 0.4693498452012384 0.7892857142857143 0.469969040247678 0.7880952380952381 0.469969040247678 0.669047619047619 0.465015479876161 0.6 0.43839009287925695 0.6 
28 0.4117647058823529 0.6 0.40619195046439627 0.6095238095238096 0.40619195046439627 0.6654761904761904 0.41609907120743034 0.7488095238095238 0.42105263157894735 0.7892857142857143 0.4260061919504644 0.7988095238095239 0.43529411764705883 0.7988095238095239 0.44024767801857584 0.7892857142857143 0.44024767801857584 0.6964285714285714 0.43529411764705883 0.6011904761904762 0.4340557275541796 0.6 0.4117647058823529 0.6 
29 0.39195046439628484 0.6095238095238096 0.3764705882352941 0.6190476190476191 0.3764705882352941 0.6654761904761904 0.3863777089783282 0.7416666666666667 0.39628482972136225 0.8083333333333333 0.40990712074303404 0.8083333333333333 0.4105263157894737 0.8071428571428572 0.4154798761609907 0.7666666666666667 0.4154798761609907 0.6619047619047619 0.4105263157894737 0.6095238095238096 0.39195046439628484 0.6095238095238096 
30 0.3368421052631579 0.6 0.33250773993808047 0.6095238095238096 0.3318885448916409 0.6130952380952381 0.3219814241486068 0.7559523809523809 0.3219814241486068 0.7988095238095239 0.3702786377708978 0.7988095238095239 0.38080495356037153 0.7880952380952381 0.38575851393188854 0.7702380952380953 0.3907120743034056 0.6226190476190476 0.3907120743034056 0.6035714285714285 0.39009287925696595 0.6011904761904762 0.38823529411764707 0.6 0.3368421052631579 0.6 
31 0.28297213622291023 0.6 0.2773993808049536 0.6095238095238096 0.2724458204334365 0.7154761904761905 0.2724458204334365 0.7761904761904762 0.2736842105263158 0.7797619047619048 0.29721362229102166 0.7892857142857143 0.3065015479876161 0.7892857142857143 0.32136222910216716 0.7607142857142857 0.33622291021671824 0.6738095238095239 0.33622291021671824 0.6238095238095238 0.33560371517027865 0.6202380952380953 0.33126934984520123 0.6095238095238096 0.3256965944272446 0.6 0.28297213622291023 0.6 