1 0.2873065015479876 0.3238095238095238 0.24272445820433436 0.37142857142857144 0.23777089783281732 0.3821428571428571 0.23777089783281732 0.42738095238095236 0.2476780185758514 0.44642857142857145 0.2532507739938081 0.45595238095238094 0.2712074303405573 0.45595238095238094 0.28173374613003094 0.44642857142857145 0.291640866873065 0.42738095238095236 0.3065015479876161 0.3595238095238095 0.3065015479876161 0.3333333333333333 0.30092879256965943 0.3238095238095238 0.2873065015479876 0.3238095238095238 
2 0.29226006191950465 0.38095238095238093 0.25758513931888544 0.48928571428571427 0.25758513931888544 0.5404761904761904 0.2582043343653251 0.5416666666666666 0.27801857585139317 0.5607142857142857 0.3015479876160991 0.5607142857142857 0.3065015479876161 0.5404761904761904 0.31145510835913315 0.43333333333333335 0.31145510835913315 0.4119047619047619 0.3065015479876161 0.38095238095238093 0.29226006191950465 0.38095238095238093 
3 0.3021671826625387 0.4 0.29721362229102166 0.5333333333333333 0.29721362229102166 0.5511904761904762 0.3021671826625387 0.5678571428571428 0.3027863777089783 0.569047619047619 0.3040247678018576 0.5702380952380952 0.32260061919504646 0.5797619047619048 0.3455108359133127 0.5797619047619048 0.3461300309597523 0.5785714285714286 0.3498452012383901 0.5702380952380952 0.3510835913312694 0.5654761904761905 0.3510835913312694 0.49523809523809526 0.3461300309597523 0.45714285714285713 0.3411764705882353 0.42857142857142855 0.33622291021671824 0.4095238095238095 0.3157894736842105 0.4 0.3021671826625387 0.4 
4 0.35789473684210527 0.4 0.356656346749226 0.4023809523809524 0.35170278637770896 0.41904761904761906 0.34674922600619196 0.5047619047619047 0.34674922600619196 0.5702380952380952 0.356656346749226 0.5797619047619048 0.3739938080495356 0.5797619047619048 0.37585139318885447 0.5785714285714286 0.3801857585139319 0.5702380952380952 0.38080495356037153 0.5666666666666667 0.38080495356037153 0.5261904761904762 0.37585139318885447 0.4107142857142857 0.37089783281733746 0.4011904761904762 0.3684210526315789 0.4 0.35789473684210527 0.4 
5 0.3913312693498452 0.4095238095238095 0.3863777089783282 0.41904761904761906 0.3814241486068111 0.4392857142857143 0.3764705882352941 0.46785714285714286 0.3715170278637771 0.5642857142857143 0.3715170278637771 0.5702380952380952 0.3814241486068111 0.5892857142857143 0.39504643962848296 0.5892857142857143 0.4105263157894737 0.5797619047619048 0.4154798761609907 0.5595238095238095 0.4154798761609907 0.5154761904761904 0.4105263157894737 0.44761904761904764 0.4055727554179567 0.42142857142857143 0.4006191950464396 0.4095238095238095 0.3913312693498452 0.4095238095238095 
6 0.4117647058823529 0.38095238095238093 0.41114551083591333 0.3821428571428571 0.40619195046439627 0.4 0.4018575851393189 0.44761904761904764 0.4018575851393189 0.45357142857142857 0.40619195046439627 0.5702380952380952 0.4328173374613003 0.5702380952380952 0.4346749226006192 0.569047619047619 0.44024767801857584 0.5607142857142857 0.44024767801857584 0.5238095238095238 0.43529411764705883 0.4583333333333333 0.42538699690402476 0.38095238095238093 0.4117647058823529 0.38095238095238093 
7 0.45139318885448915 0.4095238095238095 0.4458204334365325 0.41904761904761906 0.4408668730650155 0.5047619047619047 0.4408668730650155 0.5785714285714286 0.44148606811145513 0.5797619047619048 0.4693498452012384 0.5797619047619048 0.469969040247678 0.5773809523809523 0.4712074303405573 0.5702380952380952 0.4712074303405573 0.5333333333333333 0.469969040247678 0.42023809523809524 0.465015479876161 0.4095238095238095 0.45139318885448915 0.4095238095238095 
8 0.4761609907120743 0.3904761904761905 0.47058823529411764 0.4107142857142857 0.46563467492260063 0.5166666666666667 0.46563467492260063 0.5797619047619048 0.47554179566563465 0.5892857142857143 0.48606811145510836 0.5988095238095238 0.49907120743034056 0.5988095238095238 0.5046439628482973 0.5880952380952381 0.5046439628482973 0.5071428571428571 0.4996904024767802 0.4107142857142857 0.49473684210526314 0.3904761904761905 0.4761609907120743 0.3904761904761905 
9 0.5164086687306502 0.3904761904761905 0.5151702786377709 0.39166666666666666 0.5102167182662539 0.4 0.5052631578947369 0.42023809523809524 0.5003095975232198 0.5238095238095238 0.5003095975232198 0.5785714285714286 0.5058823529411764 0.5892857142857143 0.5337461300309597 0.5892857142857143 0.5386996904024768 0.5797619047619048 0.5393188854489164 0.5773809523809523 0.5393188854489164 0.5178571428571429 0.5343653250773994 0.44285714285714284 0.5294117647058824 0.39404761904761904 0.5238390092879257 0.3904761904761905 0.5164086687306502 0.3904761904761905 
10 0.5510835913312694 0.4095238095238095 0.5498452012383901 0.4107142857142857 0.544891640866873 0.41904761904761906 0.5399380804953561 0.42857142857142855 0.534984520123839 0.4666666666666667 0.534984520123839 0.5785714285714286 0.5356037151702786 0.5797619047619048 0.5684210526315789 0.5797619047619048 0.5690402476780185 0.5773809523809523 0.5690402476780185 0.5154761904761904 0.5640866873065016 0.4095238095238095 0.5510835913312694 0.4095238095238095 
11 0.5845201238390093 0.37142857142857144 0.5795665634674922 0.38095238095238093 0.5746130030959752 0.4011904761904762 0.5696594427244582 0.4392857142857143 0.5647058823529412 0.5333333333333333 0.5647058823529412 0.569047619047619 0.5696594427244582 0.5797619047619048 0.5795665634674922 0.5988095238095238 0.5857585139318885 0.5988095238095238 0.5888544891640867 0.5976190476190476 0.5987616099071208 0.5797619047619048 0.6037151702786377 0.569047619047619 0.6037151702786377 0.5357142857142857 0.5987616099071208 0.38095238095238093 0.5931888544891641 0.37142857142857144 0.5845201238390093 0.37142857142857144 
12 0.604953560371517 0.4095238095238095 0.6043343653250774 0.4107142857142857 0.5993808049535604 0.4297619047619048 0.595046439628483 0.44761904761904764 0.5944272445820433 0.4511904761904762 0.5944272445820433 0.575 0.595046439628483 0.5797619047619048 0.6043343653250774 0.5892857142857143 0.614860681114551 0.5988095238095238 0.6229102167182663 0.5988095238095238 0.628482972136223 0.5880952380952381 0.628482972136223 0.4488095238095238 0.6185758513931888 0.4107142857142857 0.6173374613003096 0.4095238095238095 0.604953560371517 0.4095238095238095 
13 0.6346749226006192 0.4 0.6291021671826625 0.4107142857142857 0.6241486068111455 0.5095238095238095 0.6241486068111455 0.5702380952380952 0.6297213622291021 0.5797619047619048 0.6575851393188854 0.5797619047619048 0.6631578947368421 0.5607142857142857 0.6631578947368421 0.5428571428571428 0.653250773993808 0.42857142857142855 0.648297213622291 0.4011904761904762 0.6476780185758514 0.4 0.6346749226006192 0.4 
14 0.6835913312693499 0.38095238095238093 0.6544891640866873 0.3904761904761905 0.6538699690402476 0.39166666666666666 0.6501547987616099 0.4095238095238095 0.6489164086687307 0.4166666666666667 0.6489164086687307 0.5321428571428571 0.6538699690402476 0.569047619047619 0.6594427244582043 0.5797619047619048 0.6829721362229102 0.5797619047619048 0.6978328173374613 0.5702380952380952 0.7027863777089783 0.5607142857142857 0.7027863777089783 0.5154761904761904 0.6978328173374613 0.4 0.6928792569659443 0.3821428571428571 0.6910216718266254 0.38095238095238093 0.6835913312693499 0.38095238095238093 
15 0.6891640866873066 0.3904761904761905 0.6885448916408669 0.39166666666666666 0.6786377708978328 0.41904761904761906 0.6786377708978328 0.42738095238095236 0.6934984520123839 0.5226190476190476 0.698452012383901 0.5511904761904762 0.7226006191950465 0.5511904761904762 0.7424148606811145 0.5321428571428571 0.7473684210526316 0.5226190476190476 0.7473684210526316 0.5071428571428571 0.7424148606811145 0.4857142857142857 0.7027863777089783 0.3904761904761905 0.6891640866873066 0.3904761904761905 
16 0.718266253869969 0.3238095238095238 0.713312693498452 0.3333333333333333 0.7034055727554179 0.3821428571428571 0.7034055727554179 0.4369047619047619 0.718266253869969 0.4654761904761905 0.7281733746130031 0.475 0.7417956656346749 0.475 0.7572755417956656 0.45476190476190476 0.7572755417956656 0.4 0.7374613003095976 0.3238095238095238 0.718266253869969 0.3238095238095238 
18 0.718266253869969 0.5428571428571428 0.698452012383901 0.5523809523809524 0.6786377708978328 0.5714285714285714 0.6786377708978328 0.6071428571428571 0.6835913312693499 0.6273809523809524 0.698452012383901 0.6642857142857143 0.7034055727554179 0.675 0.718266253869969 0.7035714285714286 0.7417956656346749 0.7035714285714286 0.7424148606811145 0.7023809523809523 0.7473684210526316 0.6845238095238095 0.7473684210526316 0.6571428571428571 0.7374613003095976 0.5821428571428572 0.7325077399380805 0.5619047619047619 0.7226006191950465 0.5428571428571428 0.718266253869969 0.5428571428571428 
19 0.6631578947368421 0.5714285714285714 0.6253869969040248 0.580952380952381 0.6241486068111455 0.5821428571428572 0.6241486068111455 0.625 0.6390092879256966 0.7023809523809523 0.6445820433436532 0.7226190476190476 0.6489164086687307 0.7321428571428571 0.6538699690402476 0.7416666666666667 0.6718266253869969 0.7416666666666667 0.6928792569659443 0.7226190476190476 0.6928792569659443 0.6869047619047619 0.6829721362229102 0.580952380952381 0.6780185758513931 0.5714285714285714 0.6631578947368421 0.5714285714285714 
20 0.6142414860681115 0.580952380952381 0.5993808049535604 0.5904761904761905 0.595046439628483 0.6 0.5944272445820433 0.6035714285714285 0.5944272445820433 0.6226190476190476 0.6142414860681115 0.7035714285714286 0.6191950464396285 0.7226190476190476 0.6340557275541796 0.7511904761904762 0.643343653250774 0.7511904761904762 0.643343653250774 0.6857142857142857 0.628482972136223 0.580952380952381 0.6142414860681115 0.580952380952381 
21 0.5845201238390093 0.580952380952381 0.5746130030959752 0.5916666666666667 0.5696594427244582 0.6011904761904762 0.5696594427244582 0.6440476190476191 0.5845201238390093 0.7583333333333333 0.5851393188854489 0.7607142857142857 0.590092879256966 0.7702380952380953 0.5981424148606811 0.7702380952380953 0.6037151702786377 0.7595238095238095 0.6086687306501548 0.6535714285714286 0.6086687306501548 0.6309523809523809 0.6037151702786377 0.5904761904761905 0.5938080495356037 0.580952380952381 0.5845201238390093 0.580952380952381 
22 0.5504643962848297 0.5904761904761905 0.5498452012383901 0.5916666666666667 0.5455108359133127 0.6011904761904762 0.544891640866873 0.6047619047619047 0.544891640866873 0.6547619047619048 0.5547987616099072 0.7892857142857143 0.5690402476780185 0.7892857142857143 0.5739938080495356 0.7797619047619048 0.5739938080495356 0.6011904761904762 0.5640866873065016 0.5904761904761905 0.5504643962848297 0.5904761904761905 
23 0.5151702786377709 0.6095238095238096 0.5151702786377709 0.6369047619047619 0.530030959752322 0.7607142857142857 0.5430340557275541 0.7607142857142857 0.5442724458204334 0.7595238095238095 0.5492260061919505 0.7202380952380952 0.5492260061919505 0.6107142857142858 0.5479876160990712 0.6095238095238096 0.5151702786377709 0.6095238095238096 
24 0.496594427244582 0.6 0.4953560371517028 0.6011904761904762 0.4953560371517028 0.6547619047619048 0.5052631578947369 0.7511904761904762 0.5102167182662539 0.7607142857142857 0.5195046439628483 0.7607142857142857 0.5195046439628483 0.6011904761904762 0.518266253869969 0.6 0.496594427244582 0.6 
25 0.4780185758513932 0.6 0.4761609907120743 0.6023809523809524 0.47554179566563465 0.6047619047619047 0.47554179566563465 0.7511904761904762 0.4804953560371517 0.7607142857142857 0.48359133126934983 0.7607142857142857 0.48978328173374613 0.7583333333333333 0.49473684210526314 0.7404761904761905 0.4996904024767802 0.6845238095238095 0.4996904024767802 0.6095238095238096 0.49473684210526314 0.6011904761904762 0.4934984520123839 0.6 0.4780185758513932 0.6 
26 0.4520123839009288 0.6 0.45077399380804956 0.6011904761904762 0.45077399380804956 0.7511904761904762 0.4681114551083591 0.7511904761904762 0.4693498452012384 0.75 0.469969040247678 0.7488095238095238 0.47492260061919506 0.719047619047619 0.47987616099071206 0.6357142857142857 0.47987616099071206 0.611904761904762 0.4792569659442725 0.6095238095238096 0.47492260061919506 0.6011904761904762 0.47368421052631576 0.6 0.4520123839009288 0.6 
27 0.426625386996904 0.5904761904761905 0.421671826625387 0.6 0.42105263157894735 0.6035714285714285 0.41609907120743034 0.7154761904761905 0.41609907120743034 0.7702380952380953 0.421671826625387 0.7797619047619048 0.4297213622291022 0.7797619047619048 0.43529411764705883 0.7702380952380953 0.4452012383900929 0.7214285714285714 0.4551083591331269 0.6464285714285715 0.4551083591331269 0.6011904761904762 0.4544891640866873 0.6 0.4390092879256966 0.5904761904761905 0.426625386996904 0.5904761904761905 
28 0.39876160990712073 0.5904761904761905 0.39690402476780184 0.5916666666666667 0.3913312693498452 0.6 0.3913312693498452 0.694047619047619 0.39504643962848296 0.7607142857142857 0.39628482972136225 0.7690476190476191 0.39690402476780184 0.7702380952380953 0.4055727554179567 0.7702380952380953 0.4105263157894737 0.75 0.42538699690402476 0.6369047619047619 0.42538699690402476 0.6 0.4148606811145511 0.5904761904761905 0.39876160990712073 0.5904761904761905 
29 0.3671826625386997 0.580952380952381 0.36160990712074303 0.5904761904761905 0.356656346749226 0.6 0.35170278637770896 0.6714285714285714 0.3473684210526316 0.7345238095238096 0.3473684210526316 0.7416666666666667 0.3609907120743034 0.7416666666666667 0.3653250773993808 0.7321428571428571 0.37585139318885447 0.7023809523809523 0.3956656346749226 0.6369047619047619 0.3956656346749226 0.5904761904761905 0.3851393188854489 0.580952380952381 0.3671826625386997 0.580952380952381 
30 0.31207430340557274 0.5714285714285714 0.30712074303405573 0.5916666666666667 0.29721362229102166 0.6952380952380952 0.29721362229102166 0.7226190476190476 0.3170278637770898 0.7416666666666667 0.33622291021671824 0.7416666666666667 0.3510835913312694 0.7035714285714286 0.3702786377708978 0.5988095238095238 0.37089783281733746 0.5952380952380952 0.37089783281733746 0.580952380952381 0.3560371517027864 0.5714285714285714 0.31207430340557274 0.5714285714285714 
31 0.26996904024767804 0.5428571428571428 0.26811145510835915 0.544047619047619 0.2625386996904025 0.5523809523809524 0.25758513931888544 0.6595238095238095 0.25758513931888544 0.7023809523809523 0.25882352941176473 0.7035714285714286 0.2761609907120743 0.7035714285714286 0.291640866873065 0.675 0.3058823529411765 0.6369047619047619 0.31640866873065016 0.5988095238095238 0.31640866873065016 0.5738095238095238 0.3157894736842105 0.5714285714285714 0.3065015479876161 0.5535714285714286 0.28111455108359135 0.5428571428571428 0.26996904024767804 0.5428571428571428 