1 0.30712074303405573 0.4 0.3027863777089783 0.4107142857142857 0.3021671826625387 0.41309523809523807 0.3021671826625387 0.475 0.30712074303405573 0.5607142857142857 0.3126934984520124 0.5702380952380952 0.3269349845201238 0.5797619047619048 0.35541795665634673 0.5797619047619048 0.3609907120743034 0.569047619047619 0.3609907120743034 0.5238095238095238 0.3510835913312694 0.4666666666666667 0.3461300309597523 0.4392857142857143 0.3411764705882353 0.41904761904761906 0.33622291021671824 0.4095238095238095 0.32074303405572757 0.4 0.30712074303405573 0.4 
2 0.3473684210526316 0.41904761904761906 0.34674922600619196 0.42023809523809524 0.3368421052631579 0.5714285714285714 0.3368421052631579 0.5964285714285714 0.33746130030959753 0.5988095238095238 0.34179566563467495 0.6083333333333333 0.3622291021671827 0.6178571428571429 0.38575851393188854 0.6178571428571429 0.39009287925696595 0.6083333333333333 0.3907120743034056 0.6047619047619047 0.3907120743034056 0.45714285714285713 0.38575851393188854 0.4488095238095238 0.3603715170278638 0.41904761904761906 0.3473684210526316 0.41904761904761906 
3 0.4068111455108359 0.45714285714285713 0.3863777089783282 0.47619047619047616 0.3863777089783282 0.6083333333333333 0.3913312693498452 0.6178571428571429 0.4198142414860681 0.6178571428571429 0.43034055727554177 0.5976190476190476 0.43034055727554177 0.5535714285714286 0.42538699690402476 0.49523809523809526 0.42043343653250775 0.4583333333333333 0.41919504643962846 0.45714285714285713 0.4068111455108359 0.45714285714285713 
4 0.42105263157894735 0.4380952380952381 0.41609907120743034 0.45714285714285713 0.41609907120743034 0.6059523809523809 0.42105263157894735 0.6178571428571429 0.44458204334365325 0.6178571428571429 0.44953560371517026 0.6083333333333333 0.4501547987616099 0.6059523809523809 0.4501547987616099 0.5535714285714286 0.4452012383900929 0.4666666666666667 0.44024767801857584 0.4392857142857143 0.43962848297213625 0.4380952380952381 0.42105263157894735 0.4380952380952381 
5 0.44643962848297214 0.42857142857142855 0.4458204334365325 0.4297619047619048 0.4408668730650155 0.4583333333333333 0.4408668730650155 0.6083333333333333 0.46439628482972134 0.6083333333333333 0.465015479876161 0.6071428571428571 0.465015479876161 0.4630952380952381 0.460061919504644 0.430952380952381 0.45944272445820433 0.42857142857142855 0.44643962848297214 0.42857142857142855 
6 0.46253869969040246 0.4095238095238095 0.46068111455108357 0.4107142857142857 0.4563467492260062 0.41904761904761906 0.45572755417956656 0.4226190476190476 0.45572755417956656 0.6083333333333333 0.4693498452012384 0.6083333333333333 0.47492260061919506 0.5976190476190476 0.47492260061919506 0.42142857142857143 0.4693498452012384 0.4095238095238095 0.46253869969040246 0.4095238095238095 
7 0.47058823529411764 0.44761904761904764 0.47058823529411764 0.6059523809523809 0.4724458204334365 0.6083333333333333 0.4848297213622291 0.6083333333333333 0.4848297213622291 0.44761904761904764 0.47058823529411764 0.44761904761904764 
8 0.486687306501548 0.45714285714285713 0.4854489164086687 0.4583333333333333 0.48111455108359136 0.4666666666666667 0.4804953560371517 0.4714285714285714 0.4804953560371517 0.6071428571428571 0.48111455108359136 0.6083333333333333 0.49907120743034056 0.6083333333333333 0.4996904024767802 0.6071428571428571 0.4996904024767802 0.4666666666666667 0.49473684210526314 0.45714285714285713 0.486687306501548 0.45714285714285713 
9 0.5102167182662539 0.45714285714285713 0.5052631578947369 0.46785714285714286 0.5052631578947369 0.6083333333333333 0.5294117647058824 0.6083333333333333 0.5294117647058824 0.5726190476190476 0.5195046439628483 0.45714285714285713 0.5102167182662539 0.45714285714285713 
10 0.5256965944272446 0.45714285714285713 0.5201238390092879 0.4666666666666667 0.5201238390092879 0.6059523809523809 0.5207430340557275 0.6083333333333333 0.5386996904024768 0.6083333333333333 0.5393188854489164 0.6071428571428571 0.5393188854489164 0.5142857142857142 0.5343653250773994 0.4642857142857143 0.5331269349845201 0.4607142857142857 0.530030959752322 0.45714285714285713 0.5256965944272446 0.45714285714285713 
11 0.544891640866873 0.45714285714285713 0.5399380804953561 0.47619047619047616 0.534984520123839 0.5047619047619047 0.534984520123839 0.6178571428571429 0.5585139318885449 0.6178571428571429 0.5591331269349845 0.6142857142857143 0.5591331269349845 0.4857142857142857 0.5541795665634675 0.4583333333333333 0.5535603715170279 0.45714285714285713 0.544891640866873 0.45714285714285713 
12 0.5603715170278638 0.4857142857142857 0.5597523219814241 0.4869047619047619 0.5547987616099072 0.5142857142857142 0.5498452012383901 0.611904761904762 0.5498452012383901 0.6178571428571429 0.56656346749226 0.6273809523809524 0.5727554179566563 0.6273809523809524 0.5739938080495356 0.6261904761904762 0.5739938080495356 0.48928571428571427 0.573374613003096 0.4857142857142857 0.5603715170278638 0.4857142857142857 
13 0.5814241486068111 0.4857142857142857 0.5801857585139318 0.4869047619047619 0.5746130030959752 0.49523809523809526 0.5696594427244582 0.5535714285714286 0.5696594427244582 0.6178571428571429 0.5746130030959752 0.6261904761904762 0.5764705882352941 0.6273809523809524 0.5888544891640867 0.6273809523809524 0.5938080495356037 0.6166666666666667 0.5938080495356037 0.49523809523809526 0.5888544891640867 0.4857142857142857 0.5814241486068111 0.4857142857142857 
14 0.5993808049535604 0.44761904761904764 0.5944272445820433 0.4583333333333333 0.5845201238390093 0.4857142857142857 0.5845201238390093 0.5023809523809524 0.5894736842105263 0.6154761904761905 0.590092879256966 0.6178571428571429 0.6179566563467492 0.6178571428571429 0.6185758513931888 0.6154761904761905 0.6235294117647059 0.530952380952381 0.6235294117647059 0.4785714285714286 0.6229102167182663 0.47619047619047616 0.6086687306501548 0.4488095238095238 0.6068111455108359 0.44761904761904764 0.5993808049535604 0.44761904761904764 
15 0.6191950464396285 0.41904761904761906 0.6142414860681115 0.42857142857142855 0.6142414860681115 0.6154761904761905 0.6154798761609908 0.6178571428571429 0.6371517027863777 0.6178571428571429 0.6625386996904025 0.5988095238095238 0.6631578947368421 0.5976190476190476 0.6631578947368421 0.5714285714285714 0.6582043343653251 0.5428571428571428 0.6334365325077399 0.41904761904761906 0.6191950464396285 0.41904761904761906 
16 0.6390092879256966 0.41904761904761906 0.6340557275541796 0.42857142857142855 0.6340557275541796 0.5035714285714286 0.6390092879256966 0.5226190476190476 0.6588235294117647 0.5976190476190476 0.6594427244582043 0.5988095238095238 0.6780185758513931 0.5988095238095238 0.686687306501548 0.5892857142857143 0.6978328173374613 0.5702380952380952 0.6978328173374613 0.5428571428571428 0.6829721362229102 0.44761904761904764 0.6780185758513931 0.42857142857142855 0.6526315789473685 0.41904761904761906 0.6390092879256966 0.41904761904761906 
17 0.660061919504644 0.5904761904761905 0.6352941176470588 0.6 0.6340557275541796 0.6011904761904762 0.6297213622291021 0.6095238095238096 0.6291021671826625 0.611904761904762 0.6291021671826625 0.6547619047619048 0.6439628482972136 0.7130952380952381 0.6489164086687307 0.7321428571428571 0.6687306501547987 0.7702380952380953 0.6829721362229102 0.7702380952380953 0.6978328173374613 0.7511904761904762 0.6978328173374613 0.7071428571428572 0.6928792569659443 0.6285714285714286 0.6879256965944273 0.5916666666666667 0.6873065015479877 0.5904761904761905 0.660061919504644 0.5904761904761905 
18 0.590092879256966 0.6190476190476191 0.5845201238390093 0.6285714285714286 0.5845201238390093 0.6464285714285715 0.5944272445820433 0.6916666666666667 0.6099071207430341 0.7404761904761905 0.6142414860681115 0.7511904761904762 0.6241486068111455 0.7702380952380953 0.6340557275541796 0.7880952380952381 0.6359133126934985 0.7892857142857143 0.643343653250774 0.7892857142857143 0.648297213622291 0.7797619047619048 0.648297213622291 0.7261904761904762 0.643343653250774 0.6678571428571428 0.6328173374613003 0.6190476190476191 0.590092879256966 0.6190476190476191 
19 0.5554179566563467 0.6190476190476191 0.5504643962848297 0.6285714285714286 0.5498452012383901 0.6321428571428571 0.5498452012383901 0.6464285714285715 0.5647058823529412 0.7583333333333333 0.5696594427244582 0.7773809523809524 0.5746130030959752 0.7880952380952381 0.5795665634674922 0.7976190476190477 0.5808049535603715 0.7988095238095239 0.58328173374613 0.7988095238095239 0.6080495356037152 0.7892857142857143 0.6086687306501548 0.7869047619047619 0.6086687306501548 0.7726190476190476 0.6037151702786377 0.6857142857142857 0.5938080495356037 0.6190476190476191 0.5554179566563467 0.6190476190476191 
20 0.5399380804953561 0.6190476190476191 0.5399380804953561 0.6523809523809524 0.5498452012383901 0.7785714285714286 0.5547987616099072 0.7976190476190477 0.5597523219814241 0.8083333333333333 0.5634674922600619 0.8083333333333333 0.5690402476780185 0.7988095238095239 0.5690402476780185 0.6869047619047619 0.5591331269349845 0.6202380952380953 0.5585139318885449 0.6190476190476191 0.5399380804953561 0.6190476190476191 
21 0.5256965944272446 0.6095238095238096 0.525077399380805 0.6107142857142858 0.525077399380805 0.6428571428571429 0.534984520123839 0.8035714285714286 0.5356037151702786 0.8083333333333333 0.5479876160990712 0.8083333333333333 0.5492260061919505 0.8071428571428572 0.5541795665634675 0.7976190476190477 0.5541795665634675 0.6761904761904762 0.5442724458204334 0.6190476190476191 0.5380804953560372 0.6095238095238096 0.5256965944272446 0.6095238095238096 
22 0.5281733746130031 0.6095238095238096 0.525077399380805 0.6107142857142858 0.5201238390092879 0.6190476190476191 0.5151702786377709 0.6964285714285714 0.5151702786377709 0.7559523809523809 0.5201238390092879 0.8083333333333333 0.5287925696594428 0.8083333333333333 0.5343653250773994 0.7976190476190477 0.5386996904024768 0.7797619047619048 0.5393188854489164 0.7761904761904762 0.5393188854489164 0.6952380952380952 0.5343653250773994 0.6107142857142858 0.5337461300309597 0.6095238095238096 0.5281733746130031 0.6095238095238096 
23 0.5102167182662539 0.6095238095238096 0.5052631578947369 0.6666666666666666 0.5052631578947369 0.7583333333333333 0.5058823529411764 0.7607142857142857 0.5195046439628483 0.7607142857142857 0.5244582043343653 0.6988095238095238 0.5294117647058824 0.625 0.5294117647058824 0.6202380952380953 0.5244582043343653 0.6095238095238096 0.5102167182662539 0.6095238095238096 
24 0.5009287925696595 0.6 0.5003095975232198 0.6011904761904762 0.5003095975232198 0.7416666666666667 0.5089783281733746 0.7416666666666667 0.5095975232198142 0.7404761904761905 0.5145510835913313 0.675 0.5145510835913313 0.6 0.5009287925696595 0.6 
25 0.48606811145510836 0.6 0.4854489164086687 0.6023809523809524 0.4854489164086687 0.655952380952381 0.4953560371517028 0.7416666666666667 0.5021671826625387 0.7416666666666667 0.5046439628482973 0.7392857142857143 0.5046439628482973 0.6011904761904762 0.5040247678018576 0.6 0.48606811145510836 0.6 
26 0.4761609907120743 0.6 0.47554179566563465 0.6011904761904762 0.47554179566563465 0.7321428571428571 0.48606811145510836 0.7511904761904762 0.49473684210526314 0.7511904761904762 0.49473684210526314 0.6476190476190476 0.48978328173374613 0.6 0.4761609907120743 0.6 
27 0.46687306501547987 0.6 0.4662538699690402 0.6011904761904762 0.46563467492260063 0.6059523809523809 0.46563467492260063 0.6904761904761905 0.47058823529411764 0.7476190476190476 0.4712074303405573 0.7511904761904762 0.4792569659442725 0.7511904761904762 0.47987616099071206 0.75 0.47987616099071206 0.6 0.46687306501547987 0.6 
28 0.45139318885448915 0.6095238095238096 0.45077399380804956 0.6107142857142858 0.45077399380804956 0.7511904761904762 0.45572755417956656 0.7702380952380953 0.4613003095975232 0.7797619047619048 0.4693498452012384 0.7797619047619048 0.469969040247678 0.7785714285714286 0.47492260061919506 0.7607142857142857 0.47492260061919506 0.6869047619047619 0.469969040247678 0.6095238095238096 0.45139318885448915 0.6095238095238096 
29 0.43157894736842106 0.6095238095238096 0.4309597523219814 0.6107142857142858 0.4309597523219814 0.6654761904761904 0.4359133126934985 0.7666666666666667 0.43653250773993807 0.7702380952380953 0.4408668730650155 0.7892857142857143 0.4538699690402477 0.7892857142857143 0.4551083591331269 0.7869047619047619 0.4551083591331269 0.6107142857142858 0.4544891640866873 0.6095238095238096 0.43157894736842106 0.6095238095238096 
30 0.39876160990712073 0.6095238095238096 0.39628482972136225 0.6107142857142858 0.3863777089783282 0.7345238095238096 0.3863777089783282 0.7952380952380952 0.38699690402476783 0.7988095238095239 0.42538699690402476 0.7988095238095239 0.43034055727554177 0.7797619047619048 0.44024767801857584 0.6916666666666667 0.44024767801857584 0.6642857142857143 0.43962848297213625 0.6571428571428571 0.43529411764705883 0.6095238095238096 0.39876160990712073 0.6095238095238096 
31 0.3572755417956656 0.6 0.3523219814241486 0.6095238095238096 0.35170278637770896 0.6130952380952381 0.34674922600619196 0.7261904761904762 0.34674922600619196 0.7690476190476191 0.3622291021671827 0.7892857142857143 0.3801857585139319 0.7892857142857143 0.38575851393188854 0.7785714285714286 0.4006191950464396 0.7023809523809523 0.4006191950464396 0.6130952380952381 0.4 0.6095238095238096 0.39009287925696595 0.6 0.3572755417956656 0.6 
32 0.3238390092879257 0.6 0.3219814241486068 0.6023809523809524 0.31207430340557274 0.6190476190476191 0.30712074303405573 0.6285714285714286 0.30712074303405573 0.6845238095238095 0.31207430340557274 0.7595238095238095 0.3170278637770898 0.7702380952380953 0.3461300309597523 0.7702380952380953 0.3560371517027864 0.7130952380952381 0.3560371517027864 0.6095238095238096 0.3461300309597523 0.6 0.3238390092879257 0.6 