2 0.26377708978328174 0.42857142857142855 0.2582043343653251 0.4380952380952381 0.25758513931888544 0.4392857142857143 0.25758513931888544 0.4607142857142857 0.2724458204334365 0.6059523809523809 0.27306501547987616 0.6083333333333333 0.30030959752321984 0.6178571428571429 0.3065015479876161 0.6178571428571429 0.3151702786377709 0.6083333333333333 0.32136222910216716 0.5988095238095238 0.32136222910216716 0.5654761904761905 0.32074303405572757 0.5619047619047619 0.3015479876160991 0.4857142857142857 0.28173374613003094 0.4297619047619048 0.28111455108359135 0.42857142857142855 0.26377708978328174 0.42857142857142855 
4 0.3523219814241486 0.41904761904761906 0.34674922600619196 0.44047619047619047 0.34674922600619196 0.4845238095238095 0.35170278637770896 0.5892857142857143 0.3572755417956656 0.6083333333333333 0.37956656346749224 0.6083333333333333 0.39442724458204337 0.5988095238095238 0.3956656346749226 0.5976190476190476 0.3956656346749226 0.5619047619047619 0.3907120743034056 0.5142857142857142 0.38575851393188854 0.4869047619047619 0.37089783281733746 0.42857142857142855 0.36594427244582045 0.41904761904761906 0.3523219814241486 0.41904761904761906 
5 0.3814241486068111 0.4095238095238095 0.3814241486068111 0.5226190476190476 0.38204334365325077 0.5321428571428571 0.3863777089783282 0.5976190476190476 0.3913312693498452 0.6083333333333333 0.40495356037151703 0.6083333333333333 0.4247678018575851 0.5797619047619048 0.43034055727554177 0.5702380952380952 0.43034055727554177 0.5547619047619048 0.42538699690402476 0.525 0.4006191950464396 0.41904761904761906 0.39504643962848296 0.4095238095238095 0.3814241486068111 0.4095238095238095 
6 0.421671826625387 0.4095238095238095 0.41609907120743034 0.41904761904761906 0.40619195046439627 0.49523809523809526 0.40619195046439627 0.5011904761904762 0.41114551083591333 0.5892857142857143 0.42229102167182664 0.6083333333333333 0.4284829721362229 0.6083333333333333 0.44024767801857584 0.5988095238095238 0.4452012383900929 0.5880952380952381 0.4452012383900929 0.5333333333333333 0.43529411764705883 0.4095238095238095 0.421671826625387 0.4095238095238095 
7 0.46253869969040246 0.41904761904761906 0.46068111455108357 0.42023809523809524 0.45572755417956656 0.42857142857142855 0.45077399380804956 0.4392857142857143 0.4458204334365325 0.4773809523809524 0.4408668730650155 0.5261904761904762 0.4408668730650155 0.5797619047619048 0.4470588235294118 0.5892857142857143 0.4743034055727554 0.5892857142857143 0.47492260061919506 0.5880952380952381 0.47492260061919506 0.5619047619047619 0.469969040247678 0.4297619047619048 0.46439628482972134 0.41904761904761906 0.46253869969040246 0.41904761904761906 
8 0.4904024767801858 0.3904761904761905 0.4854489164086687 0.4 0.48111455108359136 0.41904761904761906 0.4804953560371517 0.4238095238095238 0.47554179566563465 0.4666666666666667 0.47058823529411764 0.5523809523809524 0.47058823529411764 0.5988095238095238 0.4804953560371517 0.6083333333333333 0.5095975232198142 0.6083333333333333 0.5145510835913313 0.5892857142857143 0.5145510835913313 0.5154761904761904 0.5095975232198142 0.42142857142857143 0.5089783281733746 0.41904761904761906 0.5046439628482973 0.4095238095238095 0.49473684210526314 0.3904761904761905 0.4904024767801858 0.3904761904761905 
9 0.5356037151702786 0.38095238095238093 0.534984520123839 0.3821428571428571 0.5157894736842106 0.4857142857142857 0.5151702786377709 0.48928571428571427 0.5102167182662539 0.5238095238095238 0.5052631578947369 0.580952380952381 0.5052631578947369 0.5988095238095238 0.5541795665634675 0.5988095238095238 0.5541795665634675 0.49523809523809526 0.5492260061919505 0.3821428571428571 0.5479876160990712 0.38095238095238093 0.5356037151702786 0.38095238095238093 
10 0.5498452012383901 0.41904761904761906 0.5498452012383901 0.6071428571428571 0.5510835913312694 0.6083333333333333 0.5739938080495356 0.6083333333333333 0.578328173374613 0.5988095238095238 0.5789473684210527 0.5916666666666667 0.5789473684210527 0.5452380952380952 0.5690402476780185 0.42023809523809524 0.5684210526315789 0.41904761904761906 0.5498452012383901 0.41904761904761906 
11 0.6074303405572755 0.3904761904761905 0.604953560371517 0.39166666666666666 0.6 0.4 0.5746130030959752 0.5345238095238095 0.5746130030959752 0.5869047619047619 0.5795665634674922 0.5988095238095238 0.5845201238390093 0.6071428571428571 0.5857585139318885 0.6083333333333333 0.6012383900928793 0.6083333333333333 0.6080495356037152 0.5892857142857143 0.6136222910216719 0.5702380952380952 0.6185758513931888 0.4261904761904762 0.6185758513931888 0.3904761904761905 0.6074303405572755 0.3904761904761905 
12 0.6291021671826625 0.42857142857142855 0.6191950464396285 0.4380952380952381 0.6092879256965944 0.49523809523809526 0.5993808049535604 0.5833333333333334 0.5993808049535604 0.5988095238095238 0.6160990712074303 0.6083333333333333 0.6334365325077399 0.6083333333333333 0.6377708978328174 0.5976190476190476 0.638390092879257 0.5916666666666667 0.643343653250774 0.5416666666666666 0.643343653250774 0.42857142857142855 0.6291021671826625 0.42857142857142855 
13 0.6495356037151703 0.4380952380952381 0.6439628482972136 0.45476190476190476 0.6390092879256966 0.4857142857142857 0.6340557275541796 0.5357142857142857 0.6340557275541796 0.6059523809523809 0.6346749226006192 0.6083333333333333 0.6668730650154798 0.6083333333333333 0.6674922600619195 0.6071428571428571 0.6681114551083591 0.6047619047619047 0.6681114551083591 0.5345238095238095 0.6582043343653251 0.4392857142857143 0.6569659442724458 0.4380952380952381 0.6495356037151703 0.4380952380952381 
15 0.7281733746130031 0.4380952380952381 0.7232198142414861 0.45714285714285713 0.7034055727554179 0.5714285714285714 0.7034055727554179 0.5892857142857143 0.7232198142414861 0.6071428571428571 0.725077399380805 0.6083333333333333 0.746749226006192 0.6083333333333333 0.7523219814241486 0.5976190476190476 0.7572755417956656 0.5107142857142857 0.7572755417956656 0.47619047619047616 0.7523219814241486 0.4488095238095238 0.7473684210526316 0.4380952380952381 0.7281733746130031 0.4380952380952381 
18 0.708359133126935 0.580952380952381 0.6941176470588235 0.5904761904761905 0.6934984520123839 0.5916666666666667 0.6934984520123839 0.6273809523809524 0.7034055727554179 0.675 0.708359133126935 0.6928571428571428 0.7139318885448916 0.7119047619047619 0.7232198142414861 0.7416666666666667 0.7380804953560371 0.7702380952380953 0.7523219814241486 0.7702380952380953 0.7616099071207431 0.7607142857142857 0.7622291021671826 0.7583333333333333 0.7622291021671826 0.7238095238095238 0.7523219814241486 0.6011904761904762 0.7510835913312693 0.6 0.7226006191950465 0.580952380952381 0.708359133126935 0.580952380952381 
19 0.6792569659442724 0.5904761904761905 0.6402476780185758 0.6 0.6390092879256966 0.6023809523809524 0.6390092879256966 0.625 0.6439628482972136 0.655952380952381 0.6588235294117647 0.7226190476190476 0.6792569659442724 0.7797619047619048 0.6928792569659443 0.7797619047619048 0.7126934984520124 0.7702380952380953 0.7126934984520124 0.7345238095238096 0.6978328173374613 0.6011904761904762 0.6922600619195046 0.5904761904761905 0.6792569659442724 0.5904761904761905 
20 0.6099071207430341 0.6 0.6092879256965944 0.6011904761904762 0.6092879256965944 0.6273809523809524 0.6291021671826625 0.7380952380952381 0.6340557275541796 0.7607142857142857 0.6439628482972136 0.7892857142857143 0.6582043343653251 0.7892857142857143 0.6582043343653251 0.7428571428571429 0.648297213622291 0.6 0.6099071207430341 0.6 
21 0.6 0.5904761904761905 0.5894736842105263 0.6 0.5894736842105263 0.6464285714285715 0.5944272445820433 0.6916666666666667 0.6092879256965944 0.7892857142857143 0.6229102167182663 0.7892857142857143 0.6235294117647059 0.7857142857142857 0.6235294117647059 0.6404761904761904 0.6185758513931888 0.5904761904761905 0.6 0.5904761904761905 
22 0.5746130030959752 0.580952380952381 0.5597523219814241 0.6 0.5597523219814241 0.6654761904761904 0.5795665634674922 0.7892857142857143 0.5845201238390093 0.7988095238095239 0.5938080495356037 0.7988095238095239 0.5938080495356037 0.6797619047619048 0.5888544891640867 0.6 0.5789473684210527 0.580952380952381 0.5746130030959752 0.580952380952381 
23 0.5498452012383901 0.5619047619047619 0.534984520123839 0.5904761904761905 0.534984520123839 0.6654761904761904 0.544891640866873 0.7416666666666667 0.5498452012383901 0.7773809523809524 0.5504643962848297 0.7797619047619048 0.5690402476780185 0.7797619047619048 0.5690402476780185 0.725 0.5640866873065016 0.6 0.5541795665634675 0.5619047619047619 0.5498452012383901 0.5619047619047619 
24 0.5201238390092879 0.5904761904761905 0.5151702786377709 0.6 0.5151702786377709 0.669047619047619 0.5201238390092879 0.7595238095238095 0.5213622291021672 0.7607142857142857 0.5294117647058824 0.7607142857142857 0.5343653250773994 0.75 0.5393188854489164 0.7321428571428571 0.5442724458204334 0.675 0.5442724458204334 0.655952380952381 0.5436532507739938 0.6476190476190476 0.5393188854489164 0.5952380952380952 0.5386996904024768 0.5904761904761905 0.5201238390092879 0.5904761904761905 
25 0.5052631578947369 0.5904761904761905 0.49597523219814244 0.6 0.4953560371517028 0.6011904761904762 0.4953560371517028 0.675 0.5003095975232198 0.7416666666666667 0.5095975232198142 0.7416666666666667 0.5145510835913313 0.7309523809523809 0.5195046439628483 0.7023809523809523 0.5244582043343653 0.6071428571428571 0.5244582043343653 0.5916666666666667 0.5238390092879257 0.5904761904761905 0.5052631578947369 0.5904761904761905 
26 0.4674922600619195 0.5523809523809524 0.46563467492260063 0.5535714285714286 0.46563467492260063 0.569047619047619 0.47058823529411764 0.6440476190476191 0.4854489164086687 0.7380952380952381 0.48606811145510836 0.7416666666666667 0.49102167182662537 0.7607142857142857 0.4984520123839009 0.7607142857142857 0.4996904024767802 0.7595238095238095 0.4996904024767802 0.6023809523809524 0.49907120743034056 0.6 0.47492260061919506 0.5523809523809524 0.4674922600619195 0.5523809523809524 
27 0.4662538699690402 0.5619047619047619 0.4408668730650155 0.5714285714285714 0.4309597523219814 0.6476190476190476 0.4309597523219814 0.7511904761904762 0.4359133126934985 0.7690476190476191 0.4371517027863777 0.7702380952380953 0.4439628482972136 0.7702380952380953 0.4501547987616099 0.7607142857142857 0.460061919504644 0.7035714285714286 0.465015479876161 0.6738095238095239 0.47492260061919506 0.6083333333333333 0.47492260061919506 0.5619047619047619 0.4662538699690402 0.5619047619047619 
28 0.4068111455108359 0.580952380952381 0.40123839009287926 0.5904761904761905 0.39628482972136225 0.6107142857142858 0.39628482972136225 0.7785714285714286 0.39690402476780184 0.7797619047619048 0.4148606811145511 0.7797619047619048 0.4154798761609907 0.7785714285714286 0.42043343653250775 0.7607142857142857 0.43034055727554177 0.7226190476190476 0.43529411764705883 0.7011904761904761 0.44024767801857584 0.6464285714285715 0.44024767801857584 0.6011904761904762 0.4346749226006192 0.5904761904761905 0.42043343653250775 0.580952380952381 0.4068111455108359 0.580952380952381 
29 0.4024767801857585 0.580952380952381 0.3764705882352941 0.5904761904761905 0.3721362229102167 0.6 0.3715170278637771 0.6023809523809524 0.36160990712074303 0.7904761904761904 0.36160990712074303 0.8083333333333333 0.37585139318885447 0.8083333333333333 0.38080495356037153 0.7976190476190477 0.3907120743034056 0.7702380952380953 0.4 0.7226190476190476 0.4006191950464396 0.7178571428571429 0.4105263157894737 0.5988095238095238 0.4105263157894737 0.580952380952381 0.4024767801857585 0.580952380952381 