2 0.2631578947368421 0.4095238095238095 0.25758513931888544 0.41904761904761906 0.25758513931888544 0.5107142857142857 0.2625386996904025 0.5416666666666666 0.2674922600619195 0.5702380952380952 0.27306501547987616 0.5797619047619048 0.31021671826625385 0.5797619047619048 0.3256965944272446 0.569047619047619 0.3263157894736842 0.5666666666666667 0.3263157894736842 0.5428571428571428 0.3065015479876161 0.44761904761904764 0.29659442724458207 0.42023809523809524 0.2959752321981424 0.41904761904761906 0.29040247678018577 0.4095238095238095 0.2631578947368421 0.4095238095238095 
4 0.36160990712074303 0.4095238095238095 0.356656346749226 0.42023809523809524 0.35170278637770896 0.46190476190476193 0.34674922600619196 0.5333333333333333 0.34674922600619196 0.5857142857142857 0.3473684210526316 0.5892857142857143 0.35170278637770896 0.6083333333333333 0.36160990712074303 0.6178571428571429 0.3752321981424149 0.6178571428571429 0.38080495356037153 0.6083333333333333 0.38575851393188854 0.5976190476190476 0.38575851393188854 0.4869047619047619 0.38080495356037153 0.45 0.37585139318885447 0.42023809523809524 0.3702786377708978 0.4095238095238095 0.36160990712074303 0.4095238095238095 
5 0.38204334365325077 0.41904761904761906 0.3764705882352941 0.4380952380952381 0.3764705882352941 0.49404761904761907 0.3814241486068111 0.6083333333333333 0.3863777089783282 0.6178571428571429 0.3993808049535604 0.6178571428571429 0.4006191950464396 0.6166666666666667 0.4154798761609907 0.5988095238095238 0.42043343653250775 0.5880952380952381 0.42043343653250775 0.5523809523809524 0.4154798761609907 0.5142857142857142 0.4105263157894737 0.4797619047619048 0.3956656346749226 0.41904761904761906 0.38204334365325077 0.41904761904761906 
6 0.41609907120743034 0.3904761904761905 0.4117647058823529 0.4011904761904762 0.40619195046439627 0.42023809523809524 0.40619195046439627 0.513095238095238 0.41114551083591333 0.5607142857142857 0.41609907120743034 0.5952380952380952 0.41671826625387 0.5988095238095238 0.421671826625387 0.6083333333333333 0.44024767801857584 0.6083333333333333 0.4452012383900929 0.5988095238095238 0.4501547987616099 0.5702380952380952 0.4501547987616099 0.5345238095238095 0.43529411764705883 0.43214285714285716 0.4346749226006192 0.42857142857142855 0.42538699690402476 0.3904761904761905 0.41609907120743034 0.3904761904761905 
7 0.45139318885448915 0.4095238095238095 0.45077399380804956 0.4107142857142857 0.4458204334365325 0.430952380952381 0.4408668730650155 0.45714285714285713 0.4408668730650155 0.5976190476190476 0.4458204334365325 0.6083333333333333 0.46439628482972134 0.6083333333333333 0.47492260061919506 0.5976190476190476 0.47492260061919506 0.4380952380952381 0.469969040247678 0.41904761904761906 0.46439628482972134 0.4095238095238095 0.45139318885448915 0.4095238095238095 
8 0.4854489164086687 0.4 0.4761609907120743 0.41904761904761906 0.47554179566563465 0.42142857142857143 0.4718266253869969 0.44761904761904764 0.47058823529411764 0.4583333333333333 0.47058823529411764 0.5976190476190476 0.4712074303405573 0.5988095238095238 0.5015479876160991 0.5988095238095238 0.5046439628482973 0.5976190476190476 0.5046439628482973 0.44166666666666665 0.4996904024767802 0.41904761904761906 0.49473684210526314 0.4095238095238095 0.48978328173374613 0.4011904761904762 0.4854489164086687 0.4 
9 0.5157894736842106 0.4 0.5102167182662539 0.4107142857142857 0.5052631578947369 0.4380952380952381 0.5003095975232198 0.4666666666666667 0.5003095975232198 0.6059523809523809 0.5009287925696595 0.6083333333333333 0.5343653250773994 0.6083333333333333 0.5343653250773994 0.41904761904761906 0.5244582043343653 0.4 0.5157894736842106 0.4 
10 0.5399380804953561 0.4095238095238095 0.534984520123839 0.42857142857142855 0.530030959752322 0.45714285714285713 0.530030959752322 0.5988095238095238 0.534984520123839 0.6166666666666667 0.5362229102167183 0.6178571428571429 0.5529411764705883 0.6178571428571429 0.5640866873065016 0.6083333333333333 0.5640866873065016 0.5142857142857142 0.5591331269349845 0.42857142857142855 0.5486068111455108 0.4095238095238095 0.5399380804953561 0.4095238095238095 
11 0.5808049535603715 0.3904761904761905 0.5795665634674922 0.39166666666666666 0.5746130030959752 0.4 0.5696594427244582 0.4380952380952381 0.5597523219814241 0.544047619047619 0.5597523219814241 0.6059523809523809 0.5603715170278638 0.6083333333333333 0.5696594427244582 0.6261904761904762 0.5715170278637771 0.6273809523809524 0.58328173374613 0.6273809523809524 0.5888544891640867 0.6166666666666667 0.5987616099071208 0.5107142857142857 0.5987616099071208 0.4226190476190476 0.5938080495356037 0.3904761904761905 0.5808049535603715 0.3904761904761905 
12 0.5993808049535604 0.42857142857142855 0.5944272445820433 0.4392857142857143 0.5845201238390093 0.5357142857142857 0.5795665634674922 0.6095238095238096 0.5795665634674922 0.6178571428571429 0.5845201238390093 0.6273809523809524 0.6185758513931888 0.6273809523809524 0.6235294117647059 0.6071428571428571 0.6235294117647059 0.4988095238095238 0.6185758513931888 0.4583333333333333 0.6136222910216719 0.4392857142857143 0.6080495356037152 0.42857142857142855 0.5993808049535604 0.42857142857142855 
13 0.6340557275541796 0.41904761904761906 0.6191950464396285 0.47619047619047616 0.6142414860681115 0.6107142857142858 0.6142414860681115 0.625 0.614860681114551 0.6273809523809524 0.6198142414860681 0.6357142857142857 0.6210526315789474 0.6369047619047619 0.648297213622291 0.6369047619047619 0.648297213622291 0.41904761904761906 0.6340557275541796 0.41904761904761906 
14 0.6687306501547987 0.45714285714285713 0.6637770897832818 0.4666666666666667 0.6588235294117647 0.4773809523809524 0.6538699690402476 0.49523809523809526 0.6439628482972136 0.5333333333333333 0.6439628482972136 0.6452380952380953 0.6445820433436532 0.6464285714285715 0.6823529411764706 0.6464285714285715 0.6928792569659443 0.6273809523809524 0.7077399380804954 0.5190476190476191 0.7077399380804954 0.4773809523809524 0.7027863777089783 0.4666666666666667 0.6829721362229102 0.45714285714285713 0.6687306501547987 0.45714285714285713 
15 0.7040247678018576 0.45714285714285713 0.698452012383901 0.46785714285714286 0.6835913312693499 0.6190476190476191 0.6835913312693499 0.6345238095238095 0.6842105263157895 0.6369047619047619 0.6891640866873066 0.6464285714285715 0.7306501547987616 0.6464285714285715 0.7318885448916409 0.6452380952380953 0.7374613003095976 0.6369047619047619 0.7473684210526316 0.5226190476190476 0.7473684210526316 0.4880952380952381 0.7424148606811145 0.4773809523809524 0.7411764705882353 0.47619047619047616 0.7170278637770898 0.45714285714285713 0.7040247678018576 0.45714285714285713 
16 0.7331269349845201 0.4666666666666667 0.7331269349845201 0.6238095238095238 0.7337461300309598 0.6273809523809524 0.7380804953560371 0.6369047619047619 0.7523219814241486 0.6369047619047619 0.7764705882352941 0.6178571428571429 0.7770897832817337 0.6166666666666667 0.7770897832817337 0.5619047619047619 0.7523219814241486 0.4666666666666667 0.7331269349845201 0.4666666666666667 
20 0.5962848297213622 0.6285714285714286 0.5944272445820433 0.6309523809523809 0.5944272445820433 0.6642857142857143 0.6241486068111455 0.8178571428571428 0.638390092879257 0.8178571428571428 0.638390092879257 0.6797619047619048 0.6334365325077399 0.6285714285714286 0.5962848297213622 0.6285714285714286 
21 0.5795665634674922 0.6095238095238096 0.5746130030959752 0.6190476190476191 0.5647058823529412 0.6392857142857142 0.5647058823529412 0.6845238095238095 0.5845201238390093 0.7892857142857143 0.5894736842105263 0.8071428571428572 0.590092879256966 0.8083333333333333 0.6086687306501548 0.8083333333333333 0.6086687306501548 0.7047619047619048 0.6037151702786377 0.6297619047619047 0.5981424148606811 0.6190476190476191 0.5876160990712074 0.6095238095238096 0.5795665634674922 0.6095238095238096 
22 0.5498452012383901 0.6095238095238096 0.5399380804953561 0.6285714285714286 0.5399380804953561 0.7392857142857143 0.5498452012383901 0.7869047619047619 0.5504643962848297 0.7892857142857143 0.5554179566563467 0.7988095238095239 0.5678018575851393 0.7988095238095239 0.5690402476780185 0.7964285714285714 0.5739938080495356 0.7690476190476191 0.5739938080495356 0.6761904761904762 0.5690402476780185 0.6202380952380953 0.5640866873065016 0.6095238095238096 0.5498452012383901 0.6095238095238096 
23 0.525077399380805 0.6095238095238096 0.5207430340557275 0.6190476190476191 0.5201238390092879 0.6226190476190476 0.5201238390092879 0.7321428571428571 0.525077399380805 0.7607142857142857 0.5393188854489164 0.7607142857142857 0.5442724458204334 0.7309523809523809 0.5442724458204334 0.6095238095238096 0.525077399380805 0.6095238095238096 
24 0.4953560371517028 0.6190476190476191 0.4953560371517028 0.6726190476190477 0.5003095975232198 0.7416666666666667 0.5052631578947369 0.7607142857142857 0.5139318885448917 0.7607142857142857 0.5195046439628483 0.7511904761904762 0.5195046439628483 0.6190476190476191 0.4953560371517028 0.6190476190476191 
25 0.48111455108359136 0.6095238095238096 0.4804953560371517 0.6107142857142858 0.47554179566563465 0.6214285714285714 0.47554179566563465 0.7214285714285714 0.4804953560371517 0.7595238095238095 0.4854489164086687 0.7702380952380953 0.49411764705882355 0.7702380952380953 0.4996904024767802 0.75 0.4996904024767802 0.6095238095238096 0.48111455108359136 0.6095238095238096 
26 0.47058823529411764 0.6095238095238096 0.45077399380804956 0.6190476190476191 0.45077399380804956 0.6583333333333333 0.45572755417956656 0.7702380952380953 0.469969040247678 0.7702380952380953 0.47987616099071206 0.7130952380952381 0.47987616099071206 0.6095238095238096 0.47058823529411764 0.6095238095238096 
27 0.4309597523219814 0.6190476190476191 0.42105263157894735 0.6285714285714286 0.41671826625387 0.6476190476190476 0.41609907120743034 0.6738095238095239 0.41609907120743034 0.7202380952380952 0.4260061919504644 0.794047619047619 0.42724458204334365 0.7988095238095239 0.44024767801857584 0.7988095238095239 0.4452012383900929 0.7797619047619048 0.4551083591331269 0.719047619047619 0.4551083591331269 0.6321428571428571 0.4544891640866873 0.6285714285714286 0.44953560371517026 0.6190476190476191 0.4309597523219814 0.6190476190476191 
28 0.4018575851393189 0.5904761904761905 0.39628482972136225 0.6 0.3913312693498452 0.6107142857142858 0.3863777089783282 0.6666666666666666 0.3863777089783282 0.6988095238095238 0.3913312693498452 0.7607142857142857 0.39628482972136225 0.7880952380952381 0.39690402476780184 0.7892857142857143 0.4055727554179567 0.7892857142857143 0.4105263157894737 0.7690476190476191 0.42538699690402476 0.6547619047619048 0.42538699690402476 0.6095238095238096 0.4198142414860681 0.5904761904761905 0.4018575851393189 0.5904761904761905 
29 0.37275541795665634 0.6 0.36160990712074303 0.6095238095238096 0.356656346749226 0.6202380952380953 0.35170278637770896 0.6773809523809524 0.35170278637770896 0.7797619047619048 0.3572755417956656 0.7892857142857143 0.36594427244582045 0.7892857142857143 0.37089783281733746 0.7785714285714286 0.38080495356037153 0.75 0.3956656346749226 0.675 0.3956656346749226 0.6202380952380953 0.3907120743034056 0.6095238095238096 0.38575851393188854 0.6 0.37275541795665634 0.6 
31 0.2897832817337461 0.5714285714285714 0.2873065015479876 0.5726190476190476 0.2773993808049536 0.580952380952381 0.25263157894736843 0.6761904761904762 0.25263157894736843 0.7226190476190476 0.26811145510835915 0.7511904761904762 0.28173374613003094 0.7511904761904762 0.3263157894736842 0.6654761904761904 0.33126934984520123 0.6464285714285715 0.33126934984520123 0.6214285714285714 0.3263157894736842 0.6 0.31640866873065016 0.580952380952381 0.3058823529411765 0.5714285714285714 0.2897832817337461 0.5714285714285714 
32 0.23777089783281732 0.5428571428571428 0.23281733746130032 0.5523809523809524 0.2130030959752322 0.6285714285714286 0.2130030959752322 0.675 0.2235294117647059 0.694047619047619 0.24210526315789474 0.694047619047619 0.2563467492260062 0.675 0.26191950464396285 0.6654761904761904 0.26687306501547986 0.655952380952381 0.27678018575851393 0.6238095238095238 0.28111455108359135 0.6083333333333333 0.28173374613003094 0.6059523809523809 0.28173374613003094 0.5726190476190476 0.2712074303405573 0.5523809523809524 0.26191950464396285 0.5428571428571428 0.23777089783281732 0.5428571428571428 