2 0.30526315789473685 0.3523809523809524 0.3027863777089783 0.3535714285714286 0.3021671826625387 0.3547619047619048 0.29721362229102166 0.42857142857142855 0.29721362229102166 0.513095238095238 0.3021671826625387 0.5321428571428571 0.330030959752322 0.5321428571428571 0.33126934984520123 0.530952380952381 0.33126934984520123 0.46785714285714286 0.32136222910216716 0.3630952380952381 0.31640866873065016 0.3535714285714286 0.3139318885448916 0.3523809523809524 0.30526315789473685 0.3523809523809524 
3 0.33746130030959753 0.3619047619047619 0.3318885448916409 0.37142857142857144 0.3269349845201238 0.39285714285714285 0.3219814241486068 0.4583333333333333 0.3219814241486068 0.4726190476190476 0.3269349845201238 0.49404761904761907 0.3510835913312694 0.49404761904761907 0.3560371517027864 0.4845238095238095 0.3560371517027864 0.3726190476190476 0.3504643962848297 0.3619047619047619 0.33746130030959753 0.3619047619047619 
5 0.38204334365325077 0.3333333333333333 0.37708978328173376 0.34285714285714286 0.3764705882352941 0.34523809523809523 0.3764705882352941 0.5297619047619048 0.37708978328173376 0.5321428571428571 0.40495356037151703 0.5321428571428571 0.4105263157894737 0.5226190476190476 0.4105263157894737 0.46785714285714286 0.4006191950464396 0.34523809523809523 0.4 0.34285714285714286 0.39504643962848296 0.3333333333333333 0.38204334365325077 0.3333333333333333 
6 0.4148606811145511 0.29523809523809524 0.41114551083591333 0.29642857142857143 0.40619195046439627 0.3047619047619048 0.40123839009287926 0.46785714285714286 0.40123839009287926 0.5321428571428571 0.43034055727554177 0.5321428571428571 0.43529411764705883 0.5226190476190476 0.43529411764705883 0.5083333333333333 0.43034055727554177 0.34404761904761905 0.42538699690402476 0.31666666666666665 0.42043343653250775 0.29642857142857143 0.4198142414860681 0.29523809523809524 0.4148606811145511 0.29523809523809524 
7 0.4359133126934985 0.3619047619047619 0.4309597523219814 0.3726190476190476 0.4260061919504644 0.4797619047619048 0.4260061919504644 0.5321428571428571 0.4544891640866873 0.5321428571428571 0.4551083591331269 0.530952380952381 0.4551083591331269 0.49523809523809526 0.4501547987616099 0.3821428571428571 0.4452012383900929 0.3630952380952381 0.44458204334365325 0.3619047619047619 0.4359133126934985 0.3619047619047619 
8 0.4563467492260062 0.3333333333333333 0.45077399380804956 0.34285714285714286 0.4458204334365325 0.4785714285714286 0.4458204334365325 0.5321428571428571 0.469969040247678 0.5321428571428571 0.47987616099071206 0.5214285714285715 0.47987616099071206 0.4857142857142857 0.469969040247678 0.375 0.465015479876161 0.3357142857142857 0.46253869969040246 0.3333333333333333 0.4563467492260062 0.3333333333333333 
9 0.47554179566563465 0.3523809523809524 0.47058823529411764 0.37142857142857144 0.47058823529411764 0.4928571428571429 0.47554179566563465 0.5119047619047619 0.48111455108359136 0.5226190476190476 0.5046439628482973 0.5226190476190476 0.5046439628482973 0.49523809523809526 0.49473684210526314 0.3821428571428571 0.48978328173374613 0.3630952380952381 0.4891640866873065 0.3619047619047619 0.4842105263157895 0.3535714285714286 0.4823529411764706 0.3523809523809524 0.47554179566563465 0.3523809523809524 
10 0.496594427244582 0.3619047619047619 0.4953560371517028 0.3630952380952381 0.4904024767801858 0.4488095238095238 0.4904024767801858 0.4642857142857143 0.4953560371517028 0.5 0.49597523219814244 0.5035714285714286 0.5009287925696595 0.5214285714285715 0.5015479876160991 0.5226190476190476 0.5238390092879257 0.5226190476190476 0.5244582043343653 0.5214285714285715 0.5244582043343653 0.4666666666666667 0.5195046439628483 0.4023809523809524 0.5095975232198142 0.3630952380952381 0.5089783281733746 0.3619047619047619 0.496594427244582 0.3619047619047619 
11 0.5207430340557275 0.3142857142857143 0.5201238390092879 0.31547619047619047 0.5102167182662539 0.39285714285714285 0.5102167182662539 0.40714285714285714 0.5151702786377709 0.475 0.5201238390092879 0.5190476190476191 0.5207430340557275 0.5214285714285715 0.5219814241486068 0.5226190476190476 0.5535603715170279 0.5226190476190476 0.5541795665634675 0.5214285714285715 0.5541795665634675 0.44761904761904764 0.5492260061919505 0.4095238095238095 0.5393188854489164 0.3345238095238095 0.5337461300309597 0.31547619047619047 0.5318885448916408 0.3142857142857143 0.5207430340557275 0.3142857142857143 
12 0.5609907120743034 0.34285714285714286 0.5597523219814241 0.34404761904761905 0.544891640866873 0.3726190476190476 0.5399380804953561 0.3904761904761905 0.5399380804953561 0.4166666666666667 0.5498452012383901 0.5190476190476191 0.5504643962848297 0.5214285714285715 0.551702786377709 0.5226190476190476 0.573374613003096 0.5226190476190476 0.5739938080495356 0.5214285714285715 0.5739938080495356 0.3464285714285714 0.573374613003096 0.34285714285714286 0.5609907120743034 0.34285714285714286 
13 0.5752321981424149 0.3142857142857143 0.5746130030959752 0.31785714285714284 0.5702786377708978 0.3523809523809524 0.5696594427244582 0.35833333333333334 0.5696594427244582 0.5119047619047619 0.5702786377708978 0.513095238095238 0.5801857585139318 0.5226190476190476 0.5987616099071208 0.5226190476190476 0.6037151702786377 0.513095238095238 0.6037151702786377 0.4857142857142857 0.5987616099071208 0.4095238095238095 0.5888544891640867 0.31666666666666665 0.5876160990712074 0.3142857142857143 0.5752321981424149 0.3142857142857143 
14 0.6043343653250774 0.3523809523809524 0.6 0.37142857142857144 0.5944272445820433 0.4035714285714286 0.5944272445820433 0.49404761904761907 0.5993808049535604 0.5226190476190476 0.6427244582043343 0.5226190476190476 0.648297213622291 0.513095238095238 0.653250773993808 0.4357142857142857 0.653250773993808 0.3535714285714286 0.6526315789473685 0.3523809523809524 0.6043343653250774 0.3523809523809524 
16 0.6941176470588235 0.3238095238095238 0.6885448916408669 0.3333333333333333 0.6786377708978328 0.3523809523809524 0.6736842105263158 0.3630952380952381 0.6687306501547987 0.3821428571428571 0.6588235294117647 0.4297619047619048 0.6538699690402476 0.4595238095238095 0.6538699690402476 0.5023809523809524 0.6551083591331269 0.5035714285714286 0.7021671826625387 0.5035714285714286 0.7027863777089783 0.5023809523809524 0.7077399380804954 0.3892857142857143 0.7077399380804954 0.325 0.7071207430340557 0.3238095238095238 0.6941176470588235 0.3238095238095238 
18 0.6291021671826625 0.5142857142857142 0.6291021671826625 0.5666666666666667 0.6390092879256966 0.6083333333333333 0.6489164086687307 0.6464285714285715 0.6687306501547987 0.6845238095238095 0.6786377708978328 0.7023809523809523 0.679876160990712 0.7035714285714286 0.6922600619195046 0.7035714285714286 0.7027863777089783 0.694047619047619 0.7027863777089783 0.5904761904761905 0.6978328173374613 0.5523809523809524 0.6928792569659443 0.5238095238095238 0.6780185758513931 0.5142857142857142 0.6291021671826625 0.5142857142857142 
19 0.5721362229102167 0.5142857142857142 0.5708978328173374 0.5154761904761904 0.5696594427244582 0.5178571428571429 0.5696594427244582 0.5702380952380952 0.5894736842105263 0.655952380952381 0.595046439628483 0.675 0.6043343653250774 0.694047619047619 0.6099071207430341 0.7035714285714286 0.6204334365325077 0.7130952380952381 0.638390092879257 0.7130952380952381 0.653250773993808 0.7035714285714286 0.653250773993808 0.6285714285714286 0.648297213622291 0.6 0.6334365325077399 0.5333333333333333 0.628482972136223 0.5238095238095238 0.5826625386996904 0.5142857142857142 0.5721362229102167 0.5142857142857142 
20 0.5510835913312694 0.5238095238095238 0.5498452012383901 0.525 0.5498452012383901 0.5785714285714286 0.5647058823529412 0.6654761904761904 0.5696594427244582 0.694047619047619 0.5752321981424149 0.7130952380952381 0.5795665634674922 0.7214285714285714 0.5808049535603715 0.7226190476190476 0.5869969040247678 0.7226190476190476 0.5888544891640867 0.7214285714285714 0.5938080495356037 0.7130952380952381 0.5938080495356037 0.6964285714285714 0.5888544891640867 0.6 0.5739938080495356 0.5238095238095238 0.5510835913312694 0.5238095238095238 
21 0.530030959752322 0.5333333333333333 0.525077399380805 0.5428571428571428 0.525077399380805 0.5797619047619048 0.5399380804953561 0.6630952380952381 0.544891640866873 0.6833333333333333 0.5504643962848297 0.7035714285714286 0.5547987616099072 0.7130952380952381 0.5597523219814241 0.7226190476190476 0.5690402476780185 0.7226190476190476 0.5739938080495356 0.7130952380952381 0.5739938080495356 0.6857142857142857 0.5640866873065016 0.5952380952380952 0.5535603715170279 0.5333333333333333 0.530030959752322 0.5333333333333333 
22 0.5170278637770898 0.5428571428571428 0.5151702786377709 0.544047619047619 0.5102167182662539 0.5523809523809524 0.5052631578947369 0.5714285714285714 0.5052631578947369 0.5952380952380952 0.5102167182662539 0.6523809523809524 0.5151702786377709 0.6833333333333333 0.5201238390092879 0.7035714285714286 0.525077399380805 0.7214285714285714 0.5306501547987617 0.7321428571428571 0.5436532507739938 0.7321428571428571 0.5442724458204334 0.7285714285714285 0.5442724458204334 0.6571428571428571 0.5393188854489164 0.5904761904761905 0.5343653250773994 0.5428571428571428 0.5170278637770898 0.5428571428571428 
23 0.5015479876160991 0.5333333333333333 0.49102167182662537 0.5428571428571428 0.48606811145510836 0.5523809523809524 0.4854489164086687 0.555952380952381 0.4854489164086687 0.6333333333333333 0.4904024767801858 0.6845238095238095 0.49597523219814244 0.7035714285714286 0.503405572755418 0.7035714285714286 0.5095975232198142 0.694047619047619 0.5145510835913313 0.6464285714285715 0.5145510835913313 0.544047619047619 0.5095975232198142 0.5333333333333333 0.5015479876160991 0.5333333333333333 
24 0.4712074303405573 0.5238095238095238 0.47058823529411764 0.5261904761904762 0.47058823529411764 0.6452380952380953 0.47554179566563465 0.694047619047619 0.4792569659442725 0.694047619047619 0.4848297213622291 0.6833333333333333 0.48978328173374613 0.6369047619047619 0.49473684210526314 0.5595238095238095 0.49473684210526314 0.5261904761904762 0.49411764705882355 0.5238095238095238 0.4712074303405573 0.5238095238095238 
25 0.46191950464396286 0.5333333333333333 0.46068111455108357 0.5345238095238095 0.45572755417956656 0.5726190476190476 0.45572755417956656 0.6642857142857143 0.46068111455108357 0.6928571428571428 0.4613003095975232 0.694047619047619 0.4693498452012384 0.694047619047619 0.4743034055727554 0.6845238095238095 0.47492260061919506 0.6821428571428572 0.47492260061919506 0.5345238095238095 0.4743034055727554 0.5333333333333333 0.46191950464396286 0.5333333333333333 
26 0.4408668730650155 0.5523809523809524 0.4408668730650155 0.7107142857142857 0.44148606811145513 0.7130952380952381 0.44953560371517026 0.7130952380952381 0.4551083591331269 0.694047619047619 0.460061919504644 0.655952380952381 0.465015479876161 0.5785714285714286 0.465015479876161 0.5571428571428572 0.46439628482972134 0.5523809523809524 0.4408668730650155 0.5523809523809524 
27 0.426625386996904 0.5523809523809524 0.42105263157894735 0.5630952380952381 0.41609907120743034 0.6095238095238096 0.41114551083591333 0.6857142857142857 0.41114551083591333 0.7309523809523809 0.4117647058823529 0.7321428571428571 0.42538699690402476 0.7321428571428571 0.43034055727554177 0.7214285714285714 0.44024767801857584 0.6833333333333333 0.4452012383900929 0.6464285714285715 0.4452012383900929 0.5619047619047619 0.43962848297213625 0.5523809523809524 0.426625386996904 0.5523809523809524 
28 0.40123839009287926 0.5428571428571428 0.39628482972136225 0.5630952380952381 0.3913312693498452 0.6476190476190476 0.3913312693498452 0.7011904761904761 0.39195046439628484 0.7035714285714286 0.40495356037151703 0.7035714285714286 0.40990712074303404 0.694047619047619 0.4105263157894737 0.6916666666666667 0.42538699690402476 0.6178571428571429 0.43034055727554177 0.569047619047619 0.43034055727554177 0.5428571428571428 0.40123839009287926 0.5428571428571428 
29 0.38699690402476783 0.5333333333333333 0.3764705882352941 0.5428571428571428 0.3764705882352941 0.7130952380952381 0.3851393188854489 0.7130952380952381 0.3907120743034056 0.7023809523809523 0.3956656346749226 0.6833333333333333 0.4006191950464396 0.6452380952380953 0.4105263157894737 0.5511904761904762 0.4105263157894737 0.5464285714285714 0.40990712074303404 0.544047619047619 0.40495356037151703 0.5333333333333333 0.38699690402476783 0.5333333333333333 
30 0.3430340557275542 0.5333333333333333 0.3318885448916409 0.5428571428571428 0.3269349845201238 0.6583333333333333 0.3269349845201238 0.7023809523809523 0.33250773993808047 0.7130952380952381 0.3609907120743034 0.7130952380952381 0.37089783281733746 0.694047619047619 0.37585139318885447 0.6630952380952381 0.38575851393188854 0.5511904761904762 0.38575851393188854 0.5357142857142857 0.3851393188854489 0.5333333333333333 0.3430340557275542 0.5333333333333333 
31 0.2978328173374613 0.5333333333333333 0.29226006191950465 0.5428571428571428 0.2873065015479876 0.5952380952380952 0.2873065015479876 0.6928571428571428 0.28792569659442724 0.694047619047619 0.2978328173374613 0.7035714285714286 0.31145510835913315 0.7035714285714286 0.31640866873065016 0.6928571428571428 0.3263157894736842 0.655952380952381 0.33622291021671824 0.5976190476190476 0.3411764705882353 0.55 0.3411764705882353 0.5452380952380952 0.339938080495356 0.5428571428571428 0.3151702786377709 0.5333333333333333 0.2978328173374613 0.5333333333333333 
32 0.25758513931888544 0.5142857142857142 0.25263157894736843 0.5166666666666667 0.2476780185758514 0.5714285714285714 0.2476780185758514 0.6464285714285715 0.25263157894736843 0.6845238095238095 0.2656346749226006 0.6845238095238095 0.26687306501547986 0.6833333333333333 0.27678018575851393 0.6630952380952381 0.286687306501548 0.6273809523809524 0.29659442724458207 0.5892857142857143 0.29659442724458207 0.5273809523809524 0.2959752321981424 0.5238095238095238 0.286687306501548 0.5142857142857142 0.25758513931888544 0.5142857142857142 