2 0.3170278637770898 0.45714285714285713 0.31207430340557274 0.4666666666666667 0.30712074303405573 0.4857142857142857 0.3021671826625387 0.5071428571428571 0.3021671826625387 0.5226190476190476 0.30712074303405573 0.5321428571428571 0.33126934984520123 0.5321428571428571 0.33126934984520123 0.47619047619047616 0.3306501547987616 0.4666666666666667 0.3263157894736842 0.4595238095238095 0.3188854489164087 0.45714285714285713 0.3170278637770898 0.45714285714285713 
3 0.33869969040247677 0.41904761904761906 0.3368421052631579 0.42023809523809524 0.3269349845201238 0.45714285714285713 0.3269349845201238 0.5023809523809524 0.3318885448916409 0.5892857142857143 0.33746130030959753 0.6083333333333333 0.36594427244582045 0.6083333333333333 0.38575851393188854 0.5892857142857143 0.38575851393188854 0.5380952380952381 0.37089783281733746 0.45714285714285713 0.36594427244582045 0.4380952380952381 0.3560371517027864 0.41904761904761906 0.33869969040247677 0.41904761904761906 
4 0.3814241486068111 0.4 0.3764705882352941 0.43214285714285716 0.3715170278637771 0.49642857142857144 0.3715170278637771 0.5226190476190476 0.3764705882352941 0.5988095238095238 0.40928792569659445 0.5988095238095238 0.4105263157894737 0.5976190476190476 0.4105263157894737 0.5726190476190476 0.4055727554179567 0.4857142857142857 0.4006191950464396 0.4107142857142857 0.39504643962848296 0.4 0.3814241486068111 0.4 
5 0.4068111455108359 0.4857142857142857 0.40123839009287926 0.49523809523809526 0.40123839009287926 0.5416666666666666 0.42043343653250775 0.5416666666666666 0.42043343653250775 0.4988095238095238 0.4198142414860681 0.49523809523809526 0.4148606811145511 0.4857142857142857 0.4068111455108359 0.4857142857142857 
6 0.421671826625387 0.4380952380952381 0.41609907120743034 0.44761904761904764 0.41609907120743034 0.5321428571428571 0.42105263157894735 0.5595238095238095 0.426625386996904 0.5702380952380952 0.43653250773993807 0.5797619047619048 0.4439628482972136 0.5797619047619048 0.4452012383900929 0.5785714285714286 0.4501547987616099 0.5702380952380952 0.4501547987616099 0.525 0.4452012383900929 0.46904761904761905 0.44024767801857584 0.44047619047619047 0.43962848297213625 0.4380952380952381 0.421671826625387 0.4380952380952381 
7 0.45077399380804956 0.4380952380952381 0.4458204334365325 0.544047619047619 0.4458204334365325 0.5654761904761905 0.44643962848297214 0.5678571428571428 0.448297213622291 0.5702380952380952 0.4693498452012384 0.5702380952380952 0.469969040247678 0.569047619047619 0.469969040247678 0.4857142857142857 0.465015479876161 0.4392857142857143 0.46377708978328175 0.4380952380952381 0.45077399380804956 0.4380952380952381 
8 0.47554179566563465 0.44761904761904764 0.47058823529411764 0.4583333333333333 0.46563467492260063 0.5523809523809524 0.46563467492260063 0.5988095238095238 0.48359133126934983 0.5988095238095238 0.49473684210526314 0.5892857142857143 0.49473684210526314 0.5535714285714286 0.48978328173374613 0.45714285714285713 0.4891640866873065 0.44761904761904764 0.47554179566563465 0.44761904761904764 
9 0.5065015479876162 0.4380952380952381 0.5052631578947369 0.4392857142857143 0.5009287925696595 0.4642857142857143 0.4953560371517028 0.4976190476190476 0.4904024767801858 0.5273809523809524 0.4904024767801858 0.5880952380952381 0.49102167182662537 0.5892857142857143 0.5188854489164086 0.5892857142857143 0.5195046439628483 0.5880952380952381 0.5195046439628483 0.44761904761904764 0.5145510835913313 0.4380952380952381 0.5065015479876162 0.4380952380952381 
10 0.5306501547987617 0.45714285714285713 0.530030959752322 0.4583333333333333 0.525077399380805 0.4738095238095238 0.5201238390092879 0.49642857142857144 0.5151702786377709 0.5238095238095238 0.5151702786377709 0.5988095238095238 0.5157894736842106 0.6083333333333333 0.5201238390092879 0.6166666666666667 0.5219814241486068 0.6178571428571429 0.5343653250773994 0.6178571428571429 0.5393188854489164 0.5869047619047619 0.5442724458204334 0.5511904761904762 0.5442724458204334 0.45714285714285713 0.5306501547987617 0.45714285714285713 
11 0.5504643962848297 0.45714285714285713 0.5498452012383901 0.4583333333333333 0.5399380804953561 0.5059523809523809 0.534984520123839 0.5452380952380952 0.534984520123839 0.5761904761904761 0.5356037151702786 0.5797619047619048 0.5486068111455108 0.5797619047619048 0.5684210526315789 0.5511904761904762 0.5690402476780185 0.55 0.5690402476780185 0.45714285714285713 0.5504643962848297 0.45714285714285713 
12 0.5702786377708978 0.44761904761904764 0.5647058823529412 0.4583333333333333 0.5603715170278638 0.4714285714285714 0.5498452012383901 0.5523809523809524 0.5498452012383901 0.5702380952380952 0.5554179566563467 0.5797619047619048 0.5789473684210527 0.5797619047619048 0.5839009287925696 0.569047619047619 0.5888544891640867 0.5321428571428571 0.5888544891640867 0.48928571428571427 0.5839009287925696 0.44761904761904764 0.5702786377708978 0.44761904761904764 
13 0.6024767801857586 0.41904761904761906 0.5993808049535604 0.42023809523809524 0.5944272445820433 0.42857142857142855 0.590092879256966 0.44761904761904764 0.5894736842105263 0.4511904761904762 0.5845201238390093 0.48095238095238096 0.5746130030959752 0.5654761904761905 0.5746130030959752 0.5988095238095238 0.5894736842105263 0.6273809523809524 0.6086687306501548 0.6273809523809524 0.6136222910216719 0.6178571428571429 0.6136222910216719 0.47619047619047616 0.6086687306501548 0.42023809523809524 0.6080495356037152 0.41904761904761906 0.6024767801857586 0.41904761904761906 
14 0.6439628482972136 0.41904761904761906 0.6340557275541796 0.42857142857142855 0.6291021671826625 0.44761904761904764 0.6241486068111455 0.46904761904761905 0.6092879256965944 0.544047619047619 0.6092879256965944 0.6071428571428571 0.6099071207430341 0.6083333333333333 0.6191950464396285 0.6178571428571429 0.6377708978328174 0.6178571428571429 0.6631578947368421 0.6083333333333333 0.6631578947368421 0.430952380952381 0.6625386996904025 0.42857142857142855 0.6582043343653251 0.41904761904761906 0.6439628482972136 0.41904761904761906 
15 0.6687306501547987 0.4857142857142857 0.6637770897832818 0.49523809523809526 0.6538699690402476 0.5154761904761904 0.6538699690402476 0.5404761904761904 0.6544891640866873 0.5416666666666666 0.6817337461300309 0.5416666666666666 0.6829721362229102 0.5404761904761904 0.6879256965944273 0.5321428571428571 0.6879256965944273 0.4857142857142857 0.6687306501547987 0.4857142857142857 
18 0.6445820433436532 0.6666666666666666 0.6439628482972136 0.6678571428571428 0.6439628482972136 0.7309523809523809 0.6538699690402476 0.7607142857142857 0.6594427244582043 0.7702380952380953 0.6687306501547987 0.7797619047619048 0.6786377708978328 0.7892857142857143 0.6928792569659443 0.7892857142857143 0.6978328173374613 0.7785714285714286 0.6978328173374613 0.7357142857142858 0.6928792569659443 0.7154761904761905 0.6829721362229102 0.6761904761904762 0.6780185758513931 0.6666666666666666 0.6445820433436532 0.6666666666666666 
19 0.5894736842105263 0.6571428571428571 0.5845201238390093 0.6666666666666666 0.5845201238390093 0.7035714285714286 0.5993808049535604 0.7702380952380953 0.6043343653250774 0.7880952380952381 0.6099071207430341 0.7988095238095239 0.628482972136223 0.7988095238095239 0.648297213622291 0.7892857142857143 0.648297213622291 0.7333333333333333 0.643343653250774 0.6952380952380952 0.6377708978328174 0.6773809523809524 0.6365325077399381 0.6761904761904762 0.6061919504643963 0.6571428571428571 0.5894736842105263 0.6571428571428571 
20 0.5702786377708978 0.6857142857142857 0.5696594427244582 0.6880952380952381 0.5696594427244582 0.7226190476190476 0.58328173374613 0.7226190476190476 0.5888544891640867 0.719047619047619 0.5888544891640867 0.6952380952380952 0.58328173374613 0.6857142857142857 0.5702786377708978 0.6857142857142857 
21 0.5399380804953561 0.638095238095238 0.5399380804953561 0.7130952380952381 0.544891640866873 0.7880952380952381 0.5461300309597523 0.7892857142857143 0.5535603715170279 0.7892857142857143 0.5591331269349845 0.7797619047619048 0.5634674922600619 0.7607142857142857 0.5640866873065016 0.7571428571428571 0.5640866873065016 0.6476190476190476 0.5591331269349845 0.638095238095238 0.5399380804953561 0.638095238095238 
22 0.5263157894736842 0.6095238095238096 0.5164086687306502 0.6190476190476191 0.5151702786377709 0.6261904761904762 0.5151702786377709 0.7880952380952381 0.5157894736842106 0.7892857142857143 0.5244582043343653 0.7892857142857143 0.5294117647058824 0.7785714285714286 0.5442724458204334 0.694047619047619 0.5442724458204334 0.6190476190476191 0.5393188854489164 0.6107142857142858 0.5380804953560372 0.6095238095238096 0.5263157894736842 0.6095238095238096 
23 0.5071207430340557 0.6095238095238096 0.5052631578947369 0.6107142857142858 0.5003095975232198 0.6202380952380953 0.4953560371517028 0.6702380952380952 0.4953560371517028 0.7583333333333333 0.496594427244582 0.7607142857142857 0.5040247678018576 0.7607142857142857 0.5046439628482973 0.7595238095238095 0.5095975232198142 0.7416666666666667 0.5145510835913313 0.7130952380952381 0.5195046439628483 0.6595238095238095 0.5195046439628483 0.6095238095238096 0.5071207430340557 0.6095238095238096 
24 0.4854489164086687 0.6095238095238096 0.4854489164086687 0.7476190476190476 0.48606811145510836 0.75 0.486687306501548 0.7511904761904762 0.49287925696594426 0.7511904761904762 0.49411764705882355 0.75 0.4984520123839009 0.7416666666666667 0.4996904024767802 0.736904761904762 0.5046439628482973 0.675 0.5046439628482973 0.6285714285714286 0.4996904024767802 0.6095238095238096 0.4854489164086687 0.6095238095238096 
25 0.47058823529411764 0.6095238095238096 0.47058823529411764 0.7392857142857143 0.47554179566563465 0.7511904761904762 0.4786377708978328 0.7511904761904762 0.47987616099071206 0.75 0.4848297213622291 0.7214285714285714 0.48978328173374613 0.6595238095238095 0.48978328173374613 0.6107142857142858 0.4891640866873065 0.6095238095238096 0.47058823529411764 0.6095238095238096 
26 0.45572755417956656 0.6 0.45572755417956656 0.6964285714285714 0.46068111455108357 0.7511904761904762 0.4662538699690402 0.7702380952380953 0.4743034055727554 0.7702380952380953 0.47492260061919506 0.7690476190476191 0.47987616099071206 0.7583333333333333 0.47987616099071206 0.7333333333333333 0.47492260061919506 0.6 0.45572755417956656 0.6 
27 0.4421052631578947 0.6285714285714286 0.4408668730650155 0.6297619047619047 0.4359133126934985 0.638095238095238 0.4359133126934985 0.7702380952380953 0.4408668730650155 0.7892857142857143 0.4538699690402477 0.7892857142857143 0.4551083591331269 0.7880952380952381 0.4551083591331269 0.6285714285714286 0.4421052631578947 0.6285714285714286 
28 0.42229102167182664 0.6190476190476191 0.42105263157894735 0.6202380952380953 0.41114551083591333 0.6392857142857142 0.40619195046439627 0.6952380952380952 0.40619195046439627 0.7892857142857143 0.42043343653250775 0.7892857142857143 0.42538699690402476 0.7797619047619048 0.4297213622291022 0.7702380952380953 0.43529411764705883 0.7416666666666667 0.44024767801857584 0.675 0.44024767801857584 0.6202380952380953 0.43962848297213625 0.6190476190476191 0.42229102167182664 0.6190476190476191 
30 0.34860681114551084 0.6476190476190476 0.34674922600619196 0.6488095238095238 0.34674922600619196 0.7130952380952381 0.35170278637770896 0.7226190476190476 0.3653250773993808 0.7226190476190476 0.38328173374613 0.7130952380952381 0.39009287925696595 0.7035714285714286 0.39504643962848296 0.694047619047619 0.4006191950464396 0.675 0.4006191950464396 0.6476190476190476 0.34860681114551084 0.6476190476190476 