1 0.2823529411764706 0.3904761904761905 0.2674922600619195 0.4 0.2625386996904025 0.42023809523809524 0.2476780185758514 0.49642857142857144 0.2476780185758514 0.5488095238095239 0.248297213622291 0.5511904761904762 0.2625386996904025 0.5702380952380952 0.286687306501548 0.5702380952380952 0.29659442724458207 0.55 0.3058823529411765 0.475 0.3065015479876161 0.4369047619047619 0.3065015479876161 0.42857142857142855 0.3015479876160991 0.4107142857142857 0.29659442724458207 0.4 0.29102167182662536 0.3904761904761905 0.2823529411764706 0.3904761904761905 
2 0.3170278637770898 0.4 0.30712074303405573 0.42142857142857143 0.29226006191950465 0.5142857142857142 0.29226006191950465 0.5738095238095238 0.29287925696594425 0.5797619047619048 0.30712074303405573 0.5988095238095238 0.330030959752322 0.5988095238095238 0.3411764705882353 0.5797619047619048 0.3461300309597523 0.5035714285714286 0.3461300309597523 0.444047619047619 0.3455108359133127 0.4380952380952381 0.3411764705882353 0.41904761904761906 0.33560371517027865 0.4095238095238095 0.32136222910216716 0.4 0.3170278637770898 0.4 
3 0.3572755417956656 0.4095238095238095 0.3523219814241486 0.41904761904761906 0.34674922600619196 0.4392857142857143 0.3318885448916409 0.5714285714285714 0.3318885448916409 0.5892857142857143 0.34179566563467495 0.6083333333333333 0.38575851393188854 0.6083333333333333 0.3956656346749226 0.5892857142857143 0.3956656346749226 0.5726190476190476 0.3907120743034056 0.44761904761904764 0.37089783281733746 0.4095238095238095 0.3572755417956656 0.4095238095238095 
4 0.39876160990712073 0.4 0.39628482972136225 0.4011904761904762 0.39195046439628484 0.4095238095238095 0.3913312693498452 0.4119047619047619 0.3863777089783282 0.5273809523809524 0.3863777089783282 0.6071428571428571 0.3913312693498452 0.6178571428571429 0.4198142414860681 0.6178571428571429 0.42538699690402476 0.6071428571428571 0.42538699690402476 0.5523809523809524 0.42043343653250775 0.45714285714285713 0.4154798761609907 0.41904761904761906 0.4055727554179567 0.4011904761904762 0.40309597523219814 0.4 0.39876160990712073 0.4 
6 0.426625386996904 0.3904761904761905 0.4260061919504644 0.39166666666666666 0.42105263157894735 0.41904761904761906 0.42105263157894735 0.6083333333333333 0.4260061919504644 0.6178571428571429 0.44953560371517026 0.6178571428571429 0.4501547987616099 0.6166666666666667 0.4551083591331269 0.5988095238095238 0.4551083591331269 0.4773809523809524 0.4452012383900929 0.4011904761904762 0.44024767801857584 0.3904761904761905 0.426625386996904 0.3904761904761905 
7 0.4613003095975232 0.4095238095238095 0.4563467492260062 0.41904761904761906 0.45077399380804956 0.44761904761904764 0.4458204334365325 0.5904761904761905 0.4458204334365325 0.5976190476190476 0.45077399380804956 0.6178571428571429 0.4786377708978328 0.6178571428571429 0.47987616099071206 0.6154761904761905 0.47987616099071206 0.43333333333333335 0.4792569659442725 0.42857142857142855 0.47492260061919506 0.4095238095238095 0.4613003095975232 0.4095238095238095 
8 0.4854489164086687 0.4095238095238095 0.47554179566563465 0.5523809523809524 0.47554179566563465 0.6178571428571429 0.5145510835913313 0.6178571428571429 0.5145510835913313 0.580952380952381 0.5095975232198142 0.44761904761904764 0.5046439628482973 0.42857142857142855 0.49473684210526314 0.4095238095238095 0.4854489164086687 0.4095238095238095 
9 0.5312693498452012 0.38095238095238093 0.530030959752322 0.38452380952380955 0.525077399380805 0.4 0.5151702786377709 0.47619047619047616 0.5102167182662539 0.5238095238095238 0.5102167182662539 0.6166666666666667 0.5108359133126935 0.6178571428571429 0.5492260061919505 0.6178571428571429 0.5492260061919505 0.4583333333333333 0.5442724458204334 0.3821428571428571 0.5436532507739938 0.38095238095238093 0.5312693498452012 0.38095238095238093 
10 0.5702786377708978 0.41904761904761906 0.5647058823529412 0.42857142857142855 0.5547987616099072 0.4666666666666667 0.5498452012383901 0.5333333333333333 0.5498452012383901 0.6083333333333333 0.5777089783281734 0.6083333333333333 0.5789473684210527 0.6071428571428571 0.5789473684210527 0.42142857142857143 0.578328173374613 0.41904761904761906 0.5702786377708978 0.41904761904761906 
11 0.5993808049535604 0.4 0.5944272445820433 0.4095238095238095 0.5894736842105263 0.4297619047619048 0.5746130030959752 0.5619047619047619 0.5746130030959752 0.5702380952380952 0.5758513931888545 0.5892857142857143 0.5795665634674922 0.6083333333333333 0.6074303405572755 0.6083333333333333 0.6086687306501548 0.6071428571428571 0.6130030959752322 0.5988095238095238 0.6136222910216719 0.5928571428571429 0.6136222910216719 0.42023809523809524 0.6086687306501548 0.4011904761904762 0.6080495356037152 0.4 0.5993808049535604 0.4 
12 0.614860681114551 0.42857142857142855 0.6142414860681115 0.430952380952381 0.6043343653250774 0.5726190476190476 0.6043343653250774 0.5797619047619048 0.6092879256965944 0.5988095238095238 0.6346749226006192 0.5988095238095238 0.638390092879257 0.5976190476190476 0.638390092879257 0.5166666666666667 0.6334365325077399 0.4392857142857143 0.6278637770897832 0.42857142857142855 0.614860681114551 0.42857142857142855 
14 0.6637770897832818 0.4297619047619048 0.6588235294117647 0.430952380952381 0.6390092879256966 0.4380952380952381 0.6346749226006192 0.44761904761904764 0.6340557275541796 0.4511904761904762 0.6340557275541796 0.5988095238095238 0.6730650154798762 0.5988095238095238 0.6823529411764706 0.5892857142857143 0.6829721362229102 0.5869047619047619 0.6829721362229102 0.5178571428571429 0.6780185758513931 0.45714285714285713 0.6730650154798762 0.4392857142857143 0.6724458204334365 0.4380952380952381 0.6656346749226006 0.430952380952381 0.6643962848297214 0.4297619047619048 0.6637770897832818 0.4297619047619048 
15 0.6885448916408669 0.4095238095238095 0.6835913312693499 0.41904761904761906 0.6786377708978328 0.4380952380952381 0.6786377708978328 0.5547619047619048 0.6792569659442724 0.5666666666666667 0.6835913312693499 0.5785714285714286 0.6885448916408669 0.5892857142857143 0.7021671826625387 0.5892857142857143 0.7157894736842105 0.5797619047619048 0.7170278637770898 0.5785714285714286 0.7226006191950465 0.5702380952380952 0.7226006191950465 0.5154761904761904 0.7126934984520124 0.4297619047619048 0.7077399380804954 0.4095238095238095 0.6885448916408669 0.4095238095238095 
16 0.7238390092879257 0.4 0.713312693498452 0.41904761904761906 0.713312693498452 0.5226190476190476 0.7232198142414861 0.5607142857142857 0.7275541795665634 0.5607142857142857 0.7374613003095976 0.5571428571428572 0.7517027863777089 0.5511904761904762 0.7572755417956656 0.5416666666666666 0.7572755417956656 0.4857142857142857 0.7374613003095976 0.4 0.7238390092879257 0.4 
17 0.7386996904024767 0.5428571428571428 0.7188854489164087 0.5523809523809524 0.708359133126935 0.5726190476190476 0.708359133126935 0.6178571428571429 0.7287925696594427 0.7035714285714286 0.7331269349845201 0.7130952380952381 0.7386996904024767 0.7226190476190476 0.7572755417956656 0.7226190476190476 0.7702786377708978 0.7130952380952381 0.7721362229102167 0.7107142857142857 0.7764705882352941 0.7035714285714286 0.7770897832817337 0.7023809523809523 0.7770897832817337 0.6488095238095238 0.756656346749226 0.5523809523809524 0.7523219814241486 0.544047619047619 0.7504643962848297 0.5428571428571428 0.7386996904024767 0.5428571428571428 
18 0.6842105263157895 0.580952380952381 0.6637770897832818 0.5904761904761905 0.6637770897832818 0.6309523809523809 0.6643962848297214 0.6369047619047619 0.6736842105263158 0.675 0.6934984520123839 0.7511904761904762 0.6990712074303406 0.7607142857142857 0.7126934984520124 0.7607142857142857 0.7226006191950465 0.7404761904761905 0.7226006191950465 0.6857142857142857 0.7126934984520124 0.6 0.7077399380804954 0.5821428571428572 0.7065015479876161 0.580952380952381 0.6842105263157895 0.580952380952381 
19 0.6204334365325077 0.6 0.6191950464396285 0.6011904761904762 0.6142414860681115 0.6095238095238096 0.6142414860681115 0.6369047619047619 0.6241486068111455 0.7154761904761905 0.6340557275541796 0.7797619047619048 0.653250773993808 0.7797619047619048 0.6773993808049535 0.7511904761904762 0.6780185758513931 0.75 0.6780185758513931 0.6952380952380952 0.6681114551083591 0.6107142857142858 0.6631578947368421 0.6 0.6204334365325077 0.6 
20 0.590092879256966 0.6095238095238096 0.5894736842105263 0.6107142857142858 0.5894736842105263 0.6738095238095239 0.5993808049535604 0.7702380952380953 0.6043343653250774 0.7880952380952381 0.604953560371517 0.7892857142857143 0.621671826625387 0.7892857142857143 0.6229102167182663 0.7880952380952381 0.6235294117647059 0.7869047619047619 0.6235294117647059 0.6321428571428571 0.6185758513931888 0.6190476190476191 0.6136222910216719 0.6095238095238096 0.590092879256966 0.6095238095238096 
22 0.5597523219814241 0.6095238095238096 0.5547987616099072 0.6214285714285714 0.5547987616099072 0.6654761904761904 0.5597523219814241 0.7130952380952381 0.5696594427244582 0.7797619047619048 0.5752321981424149 0.8071428571428572 0.5795665634674922 0.8178571428571428 0.5882352941176471 0.8178571428571428 0.5931888544891641 0.8083333333333333 0.5938080495356037 0.805952380952381 0.5938080495356037 0.6476190476190476 0.5888544891640867 0.6107142857142858 0.5839009287925696 0.6095238095238096 0.5597523219814241 0.6095238095238096 
23 0.5362229102167183 0.6285714285714286 0.534984520123839 0.6297619047619047 0.534984520123839 0.6583333333333333 0.5399380804953561 0.7892857142857143 0.551702786377709 0.7892857142857143 0.5535603715170279 0.7880952380952381 0.5541795665634675 0.7869047619047619 0.5591331269349845 0.6916666666666667 0.5591331269349845 0.6309523809523809 0.5585139318885449 0.6285714285714286 0.5362229102167183 0.6285714285714286 
24 0.5102167182662539 0.6285714285714286 0.5102167182662539 0.675 0.5207430340557275 0.7702380952380953 0.525077399380805 0.7892857142857143 0.5386996904024768 0.7892857142857143 0.5393188854489164 0.7880952380952381 0.5393188854489164 0.7142857142857143 0.5343653250773994 0.6297619047619047 0.5337461300309597 0.6285714285714286 0.5102167182662539 0.6285714285714286 
25 0.4904024767801858 0.6190476190476191 0.4904024767801858 0.6904761904761905 0.4953560371517028 0.7464285714285714 0.5003095975232198 0.7869047619047619 0.5009287925696595 0.7892857142857143 0.5139318885448917 0.7892857142857143 0.5145510835913313 0.7880952380952381 0.5145510835913313 0.6309523809523809 0.5139318885448917 0.6285714285714286 0.49473684210526314 0.6190476190476191 0.4904024767801858 0.6190476190476191 
26 0.46563467492260063 0.6190476190476191 0.46563467492260063 0.6535714285714286 0.47058823529411764 0.7321428571428571 0.47554179566563465 0.7797619047619048 0.4804953560371517 0.7988095238095239 0.4891640866873065 0.7988095238095239 0.48978328173374613 0.7976190476190477 0.49473684210526314 0.7678571428571429 0.49473684210526314 0.6583333333333333 0.48978328173374613 0.6190476190476191 0.46563467492260063 0.6190476190476191 
27 0.4458204334365325 0.6190476190476191 0.4359133126934985 0.6297619047619047 0.4359133126934985 0.6726190476190477 0.4408668730650155 0.7130952380952381 0.45077399380804956 0.7916666666666666 0.45572755417956656 0.8166666666666667 0.4569659442724458 0.8178571428571428 0.469969040247678 0.8178571428571428 0.47492260061919506 0.7988095238095239 0.47492260061919506 0.7559523809523809 0.469969040247678 0.6202380952380953 0.4693498452012384 0.6190476190476191 0.4458204334365325 0.6190476190476191 
28 0.42229102167182664 0.6190476190476191 0.40619195046439627 0.6285714285714286 0.40123839009287926 0.638095238095238 0.40123839009287926 0.6547619047619048 0.41114551083591333 0.7892857142857143 0.41671826625387 0.7988095238095239 0.4297213622291022 0.7988095238095239 0.43529411764705883 0.7880952380952381 0.4452012383900929 0.7 0.4452012383900929 0.6190476190476191 0.42229102167182664 0.6190476190476191 
30 0.36656346749226004 0.6095238095238096 0.356656346749226 0.6190476190476191 0.34179566563467495 0.7345238095238096 0.34179566563467495 0.7595238095238095 0.34241486068111454 0.7607142857142857 0.3764705882352941 0.7797619047619048 0.3888544891640867 0.7797619047619048 0.39009287925696595 0.7785714285714286 0.3956656346749226 0.7702380952380953 0.4055727554179567 0.7321428571428571 0.42043343653250775 0.6369047619047619 0.42043343653250775 0.6226190476190476 0.4105263157894737 0.6095238095238096 0.36656346749226004 0.6095238095238096 
31 0.30712074303405573 0.5904761904761905 0.3021671826625387 0.6011904761904762 0.29226006191950465 0.6869047619047619 0.29226006191950465 0.7797619047619048 0.31021671826625385 0.7797619047619048 0.31145510835913315 0.7785714285714286 0.3411764705882353 0.7119047619047619 0.3510835913312694 0.6833333333333333 0.3560371517027864 0.6654761904761904 0.3603715170278638 0.6464285714285715 0.3609907120743034 0.6428571428571429 0.3609907120743034 0.6130952380952381 0.3603715170278638 0.6095238095238096 0.35541795665634673 0.6 0.3256965944272446 0.5904761904761905 0.30712074303405573 0.5904761904761905 
32 0.2476780185758514 0.5523809523809524 0.23777089783281732 0.5714285714285714 0.22786377708978328 0.6666666666666666 0.22786377708978328 0.7130952380952381 0.2476780185758514 0.7226190476190476 0.26625386996904027 0.7226190476190476 0.2718266253869969 0.7130952380952381 0.27678018575851393 0.7011904761904761 0.3065015479876161 0.6261904761904762 0.3065015479876161 0.5821428571428572 0.30092879256965943 0.5714285714285714 0.2854489164086687 0.5619047619047619 0.2656346749226006 0.5523809523809524 0.2476780185758514 0.5523809523809524 