1 0.265015479876161 0.26666666666666666 0.25758513931888544 0.2857142857142857 0.25263157894736843 0.3047619047619048 0.23281733746130032 0.3821428571428571 0.23281733746130032 0.40595238095238095 0.24272445820433436 0.4452380952380952 0.24396284829721362 0.44642857142857145 0.26625386996904027 0.44642857142857145 0.27678018575851393 0.4261904761904762 0.28173374613003094 0.40476190476190477 0.286687306501548 0.35595238095238096 0.286687306501548 0.26785714285714285 0.28606811145510835 0.26666666666666666 0.265015479876161 0.26666666666666666 
2 0.3077399380804954 0.2761904761904762 0.28792569659442724 0.2857142857142857 0.2873065015479876 0.2869047619047619 0.2625386996904025 0.4297619047619048 0.2625386996904025 0.4642857142857143 0.2674922600619195 0.475 0.2873065015479876 0.49404761904761907 0.3058823529411765 0.49404761904761907 0.31145510835913315 0.48333333333333334 0.31640866873065016 0.45595238095238094 0.3263157894736842 0.3607142857142857 0.3263157894736842 0.3523809523809524 0.32136222910216716 0.2857142857142857 0.31640866873065016 0.2761904761904762 0.3077399380804954 0.2761904761904762 
3 0.3170278637770898 0.29523809523809524 0.30712074303405573 0.45 0.30712074303405573 0.475 0.31207430340557274 0.49404761904761907 0.3176470588235294 0.5035714285714286 0.3603715170278638 0.5035714285714286 0.3609907120743034 0.5 0.3609907120743034 0.3416666666666667 0.3603715170278638 0.3333333333333333 0.3510835913312694 0.305952380952381 0.3461300309597523 0.29642857142857143 0.3448916408668731 0.29523809523809524 0.3170278637770898 0.29523809523809524 
4 0.36656346749226004 0.2773809523809524 0.36160990712074303 0.2869047619047619 0.356656346749226 0.31666666666666665 0.356656346749226 0.5023809523809524 0.3622291021671827 0.513095238095238 0.3907120743034056 0.513095238095238 0.3907120743034056 0.34523809523809523 0.38080495356037153 0.29523809523809524 0.37585139318885447 0.2869047619047619 0.36780185758513934 0.2773809523809524 0.36656346749226004 0.2773809523809524 
5 0.3876160990712074 0.2857142857142857 0.38204334365325077 0.29523809523809524 0.3814241486068111 0.29642857142857143 0.3814241486068111 0.5119047619047619 0.38699690402476783 0.5226190476190476 0.4055727554179567 0.5226190476190476 0.4148606811145511 0.513095238095238 0.4198142414860681 0.5035714285714286 0.42538699690402476 0.4845238095238095 0.42538699690402476 0.42738095238095236 0.42043343653250775 0.325 0.4154798761609907 0.30714285714285716 0.40990712074303404 0.29523809523809524 0.4055727554179567 0.2869047619047619 0.4043343653250774 0.2857142857142857 0.3876160990712074 0.2857142857142857 
6 0.4179566563467492 0.24761904761904763 0.41609907120743034 0.25 0.41114551083591333 0.28809523809523807 0.41114551083591333 0.5226190476190476 0.41609907120743034 0.5416666666666666 0.43529411764705883 0.5416666666666666 0.44024767801857584 0.530952380952381 0.44458204334365325 0.513095238095238 0.4452012383900929 0.5095238095238095 0.4452012383900929 0.34404761904761905 0.44024767801857584 0.29523809523809524 0.43529411764705883 0.25833333333333336 0.4297213622291022 0.24761904761904763 0.4179566563467492 0.24761904761904763 
7 0.4520123839009288 0.2857142857142857 0.4458204334365325 0.29523809523809524 0.4408668730650155 0.36428571428571427 0.4408668730650155 0.5226190476190476 0.44643962848297214 0.5321428571428571 0.465015479876161 0.5321428571428571 0.465015479876161 0.31666666666666665 0.45944272445820433 0.29523809523809524 0.4551083591331269 0.2857142857142857 0.4520123839009288 0.2857142857142857 
8 0.4761609907120743 0.3238095238095238 0.47554179566563465 0.325 0.47058823529411764 0.34285714285714286 0.46068111455108357 0.49642857142857144 0.46068111455108357 0.5 0.46563467492260063 0.5321428571428571 0.47058823529411764 0.5404761904761904 0.4724458204334365 0.5416666666666666 0.4996904024767802 0.5416666666666666 0.4996904024767802 0.375 0.49907120743034056 0.37142857142857144 0.48978328173374613 0.325 0.4885448916408669 0.3238095238095238 0.4761609907120743 0.3238095238095238 
9 0.5114551083591331 0.2857142857142857 0.5102167182662539 0.2869047619047619 0.5052631578947369 0.3047619047619048 0.5003095975232198 0.34523809523809523 0.4953560371517028 0.4666666666666667 0.4953560371517028 0.49404761904761907 0.5003095975232198 0.5416666666666666 0.5343653250773994 0.5416666666666666 0.5343653250773994 0.48928571428571427 0.5294117647058824 0.3142857142857143 0.5244582043343653 0.29523809523809524 0.5195046439628483 0.2857142857142857 0.5114551083591331 0.2857142857142857 
10 0.534984520123839 0.3047619047619048 0.530030959752322 0.325 0.530030959752322 0.5226190476190476 0.5591331269349845 0.5226190476190476 0.5591331269349845 0.45 0.5541795665634675 0.34285714285714286 0.5492260061919505 0.31666666666666665 0.5486068111455108 0.3142857142857143 0.5442724458204334 0.305952380952381 0.5424148606811146 0.3047619047619048 0.534984520123839 0.3047619047619048 
11 0.5597523219814241 0.2571428571428571 0.5547987616099072 0.2857142857142857 0.5547987616099072 0.5107142857142857 0.5554179566563467 0.513095238095238 0.5647058823529412 0.5321428571428571 0.5696594427244582 0.5416666666666666 0.5839009287925696 0.5416666666666666 0.5882352941176471 0.5321428571428571 0.5938080495356037 0.513095238095238 0.5938080495356037 0.45714285714285713 0.5888544891640867 0.3619047619047619 0.5839009287925696 0.2857142857142857 0.578328173374613 0.26666666666666666 0.5739938080495356 0.25833333333333336 0.5721362229102167 0.2571428571428571 0.5597523219814241 0.2571428571428571 
12 0.6 0.2857142857142857 0.5944272445820433 0.29523809523809524 0.5894736842105263 0.3047619047619048 0.5845201238390093 0.325 0.5795665634674922 0.3523809523809524 0.5795665634674922 0.36904761904761907 0.5845201238390093 0.513095238095238 0.6006191950464397 0.5226190476190476 0.6179566563467492 0.5226190476190476 0.6185758513931888 0.5214285714285715 0.6185758513931888 0.4642857142857143 0.6136222910216719 0.29523809523809524 0.6086687306501548 0.2869047619047619 0.6055727554179566 0.2857142857142857 0.6 0.2857142857142857 
13 0.6241486068111455 0.2857142857142857 0.6142414860681115 0.3047619047619048 0.6099071207430341 0.3142857142857143 0.6092879256965944 0.31666666666666665 0.6092879256965944 0.4642857142857143 0.6142414860681115 0.5023809523809524 0.6191950464396285 0.513095238095238 0.643343653250774 0.513095238095238 0.643343653250774 0.4392857142857143 0.638390092879257 0.305952380952381 0.6334365325077399 0.2857142857142857 0.6241486068111455 0.2857142857142857 
14 0.6501547987616099 0.2857142857142857 0.6489164086687307 0.2869047619047619 0.6439628482972136 0.29523809523809524 0.6390092879256966 0.3273809523809524 0.6340557275541796 0.3904761904761905 0.6340557275541796 0.4452380952380952 0.6390092879256966 0.49166666666666664 0.6396284829721363 0.49404761904761907 0.6817337461300309 0.49404761904761907 0.6829721362229102 0.4928571428571429 0.6829721362229102 0.4023809523809524 0.6780185758513931 0.3630952380952381 0.6631578947368421 0.29642857142857143 0.6569659442724458 0.2857142857142857 0.6501547987616099 0.2857142857142857 
15 0.6786377708978328 0.26666666666666666 0.6687306501547987 0.3047619047619048 0.6687306501547987 0.3595238095238095 0.6786377708978328 0.45595238095238094 0.6842105263157895 0.475 0.6934984520123839 0.4845238095238095 0.7058823529411765 0.4845238095238095 0.7077399380804954 0.48333333333333334 0.7170278637770898 0.475 0.7269349845201238 0.4654761904761905 0.7325077399380805 0.45595238095238094 0.7325077399380805 0.42857142857142855 0.7176470588235294 0.3523809523809524 0.7027863777089783 0.29642857142857143 0.6928792569659443 0.2761904761904762 0.686687306501548 0.26666666666666666 0.6786377708978328 0.26666666666666666 
16 0.7040247678018576 0.24761904761904763 0.698452012383901 0.26666666666666666 0.698452012383901 0.33214285714285713 0.713312693498452 0.40714285714285714 0.7188854489164087 0.41785714285714287 0.7287925696594427 0.42738095238095236 0.746749226006192 0.42738095238095236 0.7523219814241486 0.41785714285714287 0.7572755417956656 0.40595238095238095 0.7572755417956656 0.3535714285714286 0.7269349845201238 0.26666666666666666 0.7176470588235294 0.24761904761904763 0.7040247678018576 0.24761904761904763 
17 0.7343653250773994 0.45714285714285713 0.713312693498452 0.4666666666666667 0.7034055727554179 0.4869047619047619 0.7034055727554179 0.5035714285714286 0.708359133126935 0.5321428571428571 0.718266253869969 0.5797619047619048 0.7232198142414861 0.5988095238095238 0.7430340557275542 0.6369047619047619 0.76656346749226 0.6369047619047619 0.7721362229102167 0.6273809523809524 0.7770897832817337 0.6083333333333333 0.7770897832817337 0.5904761904761905 0.7622291021671826 0.47619047619047616 0.7517027863777089 0.45714285714285713 0.7343653250773994 0.45714285714285713 
19 0.6099071207430341 0.5142857142857142 0.6092879256965944 0.5166666666666667 0.6092879256965944 0.5416666666666666 0.6142414860681115 0.5797619047619048 0.6198142414860681 0.6178571428571429 0.6241486068111455 0.6440476190476191 0.6291021671826625 0.6654761904761904 0.6445820433436532 0.7130952380952381 0.6489164086687307 0.7226190476190476 0.6538699690402476 0.7321428571428571 0.6637770897832818 0.75 0.6650154798761609 0.7511904761904762 0.6780185758513931 0.7511904761904762 0.6922600619195046 0.7321428571428571 0.6928792569659443 0.7309523809523809 0.6928792569659443 0.6880952380952381 0.6730650154798762 0.5642857142857143 0.6631578947368421 0.5154761904761904 0.6619195046439629 0.5142857142857142 0.6099071207430341 0.5142857142857142 
20 0.590092879256966 0.5333333333333333 0.5894736842105263 0.5345238095238095 0.5894736842105263 0.5892857142857143 0.5944272445820433 0.6654761904761904 0.6092879256965944 0.7309523809523809 0.614860681114551 0.7416666666666667 0.6210526315789474 0.75 0.6235294117647059 0.75 0.628482972136223 0.7416666666666667 0.628482972136223 0.6678571428571428 0.6235294117647059 0.5714285714285714 0.6179566563467492 0.5333333333333333 0.590092879256966 0.5333333333333333 
21 0.5808049535603715 0.5238095238095238 0.5702786377708978 0.5333333333333333 0.5647058823529412 0.5428571428571428 0.5597523219814241 0.5523809523809524 0.5597523219814241 0.5761904761904761 0.5696594427244582 0.6654761904761904 0.5845201238390093 0.7464285714285714 0.5851393188854489 0.7488095238095238 0.5894736842105263 0.7607142857142857 0.5981424148606811 0.7607142857142857 0.6037151702786377 0.75 0.6037151702786377 0.6571428571428571 0.5987616099071208 0.5821428571428572 0.5938080495356037 0.5345238095238095 0.5882352941176471 0.5238095238095238 0.5808049535603715 0.5238095238095238 
22 0.544891640866873 0.5238095238095238 0.5399380804953561 0.5333333333333333 0.534984520123839 0.5619047619047619 0.534984520123839 0.6452380952380953 0.5399380804953561 0.7130952380952381 0.544891640866873 0.7773809523809524 0.5455108359133127 0.7797619047619048 0.5498452012383901 0.7892857142857143 0.5585139318885449 0.7892857142857143 0.5591331269349845 0.7880952380952381 0.5640866873065016 0.7702380952380953 0.5690402476780185 0.7488095238095238 0.5690402476780185 0.5726190476190476 0.5640866873065016 0.5428571428571428 0.5591331269349845 0.5333333333333333 0.5541795665634675 0.5261904761904762 0.5529411764705883 0.525 0.5504643962848297 0.5238095238095238 0.544891640866873 0.5238095238095238 
23 0.5213622291021672 0.5428571428571428 0.5201238390092879 0.544047619047619 0.5151702786377709 0.5523809523809524 0.5151702786377709 0.6369047619047619 0.5201238390092879 0.7416666666666667 0.5294117647058824 0.7416666666666667 0.5343653250773994 0.7321428571428571 0.5393188854489164 0.6702380952380952 0.5442724458204334 0.5702380952380952 0.5442724458204334 0.5428571428571428 0.5213622291021672 0.5428571428571428 
24 0.5003095975232198 0.5428571428571428 0.5003095975232198 0.6547619047619048 0.5052631578947369 0.7214285714285714 0.5089783281733746 0.7226190476190476 0.5195046439628483 0.7226190476190476 0.5244582043343653 0.655952380952381 0.5244582043343653 0.544047619047619 0.5238390092879257 0.5428571428571428 0.5003095975232198 0.5428571428571428 
25 0.48111455108359136 0.5428571428571428 0.4804953560371517 0.5452380952380952 0.4804953560371517 0.6726190476190477 0.4854489164086687 0.7202380952380952 0.48606811145510836 0.7226190476190476 0.4984520123839009 0.7226190476190476 0.4996904024767802 0.7214285714285714 0.5046439628482973 0.6440476190476191 0.5046439628482973 0.5464285714285714 0.5040247678018576 0.5428571428571428 0.48111455108359136 0.5428571428571428 
26 0.4613003095975232 0.5428571428571428 0.46068111455108357 0.544047619047619 0.46068111455108357 0.6273809523809524 0.46563467492260063 0.7107142857142857 0.47058823529411764 0.7309523809523809 0.4718266253869969 0.7321428571428571 0.4786377708978328 0.7321428571428571 0.47987616099071206 0.7297619047619047 0.4848297213622291 0.7130952380952381 0.4848297213622291 0.544047619047619 0.48359133126934983 0.5428571428571428 0.4613003095975232 0.5428571428571428 
27 0.4458204334365325 0.5333333333333333 0.4408668730650155 0.5428571428571428 0.4359133126934985 0.5535714285714286 0.4309597523219814 0.5714285714285714 0.4309597523219814 0.7404761904761905 0.4359133126934985 0.7785714285714286 0.4408668730650155 0.7952380952380952 0.44643962848297214 0.7988095238095239 0.4544891640866873 0.7988095238095239 0.460061919504644 0.7880952380952381 0.465015479876161 0.6464285714285715 0.465015479876161 0.544047619047619 0.45944272445820433 0.5333333333333333 0.4458204334365325 0.5333333333333333 
28 0.41671826625387 0.5333333333333333 0.41114551083591333 0.5428571428571428 0.40619195046439627 0.5523809523809524 0.39628482972136225 0.6607142857142857 0.39628482972136225 0.7607142857142857 0.4130030959752322 0.7607142857142857 0.41424148606811145 0.7595238095238095 0.4154798761609907 0.7571428571428571 0.42043343653250775 0.7416666666666667 0.43034055727554177 0.6845238095238095 0.43529411764705883 0.6369047619047619 0.44024767801857584 0.5797619047619048 0.44024767801857584 0.5547619047619048 0.43034055727554177 0.5333333333333333 0.41671826625387 0.5333333333333333 
29 0.38699690402476783 0.5333333333333333 0.3814241486068111 0.5428571428571428 0.3764705882352941 0.5904761904761905 0.3764705882352941 0.7488095238095238 0.37708978328173376 0.7511904761904762 0.3814241486068111 0.7595238095238095 0.3826625386996904 0.7607142857142857 0.39009287925696595 0.7607142857142857 0.3907120743034056 0.7595238095238095 0.3956656346749226 0.7380952380952381 0.4006191950464396 0.7119047619047619 0.4055727554179567 0.6654761904761904 0.4105263157894737 0.6178571428571429 0.4154798761609907 0.5511904761904762 0.4154798761609907 0.5428571428571428 0.40990712074303404 0.5333333333333333 0.38699690402476783 0.5333333333333333 
30 0.33869969040247677 0.5238095238095238 0.33746130030959753 0.525 0.3318885448916409 0.5333333333333333 0.30712074303405573 0.6869047619047619 0.30712074303405573 0.719047619047619 0.3077399380804954 0.7226190476190476 0.3176470588235294 0.7416666666666667 0.3461300309597523 0.7416666666666667 0.3560371517027864 0.7226190476190476 0.37089783281733746 0.6738095238095239 0.37585139318885447 0.655952380952381 0.38575851393188854 0.5964285714285714 0.3907120743034056 0.5511904761904762 0.3907120743034056 0.5345238095238095 0.39009287925696595 0.5333333333333333 0.37089783281733746 0.5238095238095238 0.33869969040247677 0.5238095238095238 
31 0.29721362229102166 0.49523809523809526 0.2873065015479876 0.5142857142857142 0.2823529411764706 0.5333333333333333 0.2625386996904025 0.638095238095238 0.2625386996904025 0.6845238095238095 0.26811145510835915 0.7035714285714286 0.27801857585139317 0.7130952380952381 0.29659442724458207 0.7130952380952381 0.31145510835913315 0.6833333333333333 0.3263157894736842 0.6369047619047619 0.33622291021671824 0.5988095238095238 0.3411764705882353 0.5416666666666666 0.3411764705882353 0.5154761904761904 0.34055727554179566 0.5142857142857142 0.31145510835913315 0.49523809523809526 0.29721362229102166 0.49523809523809526 
32 0.2501547987616099 0.4666666666666667 0.24891640866873066 0.46785714285714286 0.243343653250774 0.47619047619047616 0.24272445820433436 0.4773809523809524 0.23777089783281732 0.49642857142857144 0.21795665634674924 0.580952380952381 0.21795665634674924 0.6178571428571429 0.2235294117647059 0.6273809523809524 0.23405572755417955 0.6369047619047619 0.2563467492260062 0.6369047619047619 0.26191950464396285 0.6273809523809524 0.28173374613003094 0.5892857142857143 0.286687306501548 0.5702380952380952 0.291640866873065 0.5416666666666666 0.291640866873065 0.49523809523809526 0.286687306501548 0.4857142857142857 0.26625386996904027 0.4666666666666667 0.2501547987616099 0.4666666666666667 