18 0.6495356037151703 0.5333333333333333 0.6439628482972136 0.544047619047619 0.6439628482972136 0.5595238095238095 0.6489164086687307 0.5797619047619048 0.6538699690402476 0.5988095238095238 0.6934984520123839 0.675 0.7040247678018576 0.6845238095238095 0.7275541795665634 0.6845238095238095 0.7424148606811145 0.6547619047619048 0.7424148606811145 0.6107142857142858 0.7417956656346749 0.6095238095238096 0.6978328173374613 0.5333333333333333 0.6495356037151703 0.5333333333333333 
19 0.6390092879256966 0.5714285714285714 0.6092879256965944 0.6 0.6092879256965944 0.611904761904762 0.6099071207430341 0.6178571428571429 0.6142414860681115 0.6273809523809524 0.6291021671826625 0.6464285714285715 0.6495356037151703 0.6464285714285715 0.653250773993808 0.6452380952380953 0.6668730650154798 0.6273809523809524 0.6681114551083591 0.625 0.6681114551083591 0.6071428571428571 0.6674922600619195 0.6 0.6582043343653251 0.5738095238095238 0.6575851393188854 0.5726190476190476 0.6557275541795665 0.5714285714285714 0.6390092879256966 0.5714285714285714 
20 0.5702786377708978 0.5714285714285714 0.5696594427244582 0.5726190476190476 0.5696594427244582 0.6178571428571429 0.5795665634674922 0.7130952380952381 0.5894736842105263 0.7797619047619048 0.6037151702786377 0.7797619047619048 0.6080495356037152 0.7702380952380953 0.6086687306501548 0.7642857142857142 0.6136222910216719 0.7 0.6136222910216719 0.5904761904761905 0.6080495356037152 0.5714285714285714 0.5702786377708978 0.5714285714285714 
21 0.5547987616099072 0.5714285714285714 0.5498452012383901 0.580952380952381 0.5498452012383901 0.7130952380952381 0.5547987616099072 0.7607142857142857 0.5647058823529412 0.7797619047619048 0.5684210526315789 0.7797619047619048 0.5690402476780185 0.7785714285714286 0.5739938080495356 0.7607142857142857 0.5789473684210527 0.7130952380952381 0.5789473684210527 0.6142857142857143 0.5739938080495356 0.5726190476190476 0.573374613003096 0.5714285714285714 0.5547987616099072 0.5714285714285714 
22 0.530030959752322 0.5714285714285714 0.525077399380805 0.5821428571428572 0.525077399380805 0.7797619047619048 0.530030959752322 0.7988095238095239 0.5436532507739938 0.7988095238095239 0.5442724458204334 0.7964285714285714 0.5492260061919505 0.7690476190476191 0.5541795665634675 0.6916666666666667 0.5541795665634675 0.5845238095238096 0.5535603715170279 0.580952380952381 0.5486068111455108 0.5714285714285714 0.530030959752322 0.5714285714285714 
23 0.5058823529411764 0.580952380952381 0.5052631578947369 0.5857142857142857 0.5052631578947369 0.675 0.5102167182662539 0.7785714285714286 0.5145510835913313 0.7797619047619048 0.5195046439628483 0.7690476190476191 0.5294117647058824 0.7011904761904761 0.5294117647058824 0.580952380952381 0.5058823529411764 0.580952380952381 
24 0.4904024767801858 0.5904761904761905 0.4904024767801858 0.694047619047619 0.4953560371517028 0.7404761904761905 0.5009287925696595 0.7511904761904762 0.5046439628482973 0.7511904761904762 0.5095975232198142 0.7416666666666667 0.5145510835913313 0.6523809523809524 0.5145510835913313 0.6309523809523809 0.5095975232198142 0.5916666666666667 0.508359133126935 0.5904761904761905 0.4904024767801858 0.5904761904761905 
25 0.47554179566563465 0.6 0.47554179566563465 0.7178571428571429 0.4761609907120743 0.7226190476190476 0.4804953560371517 0.7416666666666667 0.48978328173374613 0.7416666666666667 0.49411764705882355 0.7321428571428571 0.49473684210526314 0.7297619047619047 0.4996904024767802 0.7023809523809523 0.4996904024767802 0.6869047619047619 0.49473684210526314 0.6011904761904762 0.49411764705882355 0.6 0.47554179566563465 0.6 
26 0.45572755417956656 0.5904761904761905 0.45572755417956656 0.6845238095238095 0.46068111455108357 0.7214285714285714 0.46563467492260063 0.7416666666666667 0.47368421052631576 0.7416666666666667 0.47492260061919506 0.7404761904761905 0.47987616099071206 0.7023809523809523 0.47987616099071206 0.5904761904761905 0.45572755417956656 0.5904761904761905 
27 0.43653250773993807 0.580952380952381 0.4359133126934985 0.5821428571428572 0.4309597523219814 0.6011904761904762 0.4309597523219814 0.7511904761904762 0.4359133126934985 0.7797619047619048 0.4408668730650155 0.7988095238095239 0.4544891640866873 0.7988095238095239 0.4551083591331269 0.7976190476190477 0.460061919504644 0.7797619047619048 0.460061919504644 0.6 0.4544891640866873 0.580952380952381 0.43653250773993807 0.580952380952381 
28 0.4173374613003096 0.5714285714285714 0.41609907120743034 0.5726190476190476 0.41114551083591333 0.5821428571428572 0.41114551083591333 0.7892857142857143 0.41919504643962846 0.7892857142857143 0.42538699690402476 0.7785714285714286 0.43034055727554177 0.7511904761904762 0.43529411764705883 0.7202380952380952 0.44024767801857584 0.6083333333333333 0.44024767801857584 0.5916666666666667 0.43529411764705883 0.5714285714285714 0.4173374613003096 0.5714285714285714 
29 0.3888544891640867 0.5619047619047619 0.3863777089783282 0.5630952380952381 0.3764705882352941 0.5726190476190476 0.3764705882352941 0.6166666666666667 0.3814241486068111 0.7476190476190476 0.38204334365325077 0.7535714285714286 0.3863777089783282 0.7785714285714286 0.38823529411764707 0.7797619047619048 0.3956656346749226 0.7797619047619048 0.4 0.7702380952380953 0.4006191950464396 0.7678571428571429 0.4055727554179567 0.7416666666666667 0.4154798761609907 0.6261904761904762 0.4154798761609907 0.5821428571428572 0.4055727554179567 0.5630952380952381 0.4037151702786378 0.5619047619047619 0.3888544891640867 0.5619047619047619 
31 0.30712074303405573 0.5428571428571428 0.3021671826625387 0.5535714285714286 0.26811145510835915 0.6666666666666666 0.2674922600619195 0.6702380952380952 0.2674922600619195 0.6773809523809524 0.26811145510835915 0.6845238095238095 0.28297213622291023 0.7130952380952381 0.29040247678018577 0.7130952380952381 0.31145510835913315 0.7035714285714286 0.3411764705882353 0.6464285714285715 0.3455108359133127 0.6369047619047619 0.3461300309597523 0.6345238095238095 0.3510835913312694 0.6083333333333333 0.3510835913312694 0.580952380952381 0.3411764705882353 0.5630952380952381 0.3256965944272446 0.5428571428571428 0.30712074303405573 0.5428571428571428 