2 0.2631578947368421 0.3904761904761905 0.248297213622291 0.4 0.2476780185758514 0.4023809523809524 0.2476780185758514 0.5797619047619048 0.27925696594427246 0.5892857142857143 0.28606811145510835 0.5892857142857143 0.29659442724458207 0.5797619047619048 0.29659442724458207 0.4785714285714286 0.286687306501548 0.4095238095238095 0.28173374613003094 0.39166666666666666 0.2804953560371517 0.3904761904761905 0.2631578947368421 0.3904761904761905 
3 0.28297213622291023 0.3904761904761905 0.2823529411764706 0.39285714285714285 0.2823529411764706 0.4523809523809524 0.29226006191950465 0.5702380952380952 0.2978328173374613 0.5785714285714286 0.30030959752321984 0.5797619047619048 0.31640866873065016 0.5797619047619048 0.33622291021671824 0.569047619047619 0.3455108359133127 0.5607142857142857 0.3461300309597523 0.5595238095238095 0.3461300309597523 0.4976190476190476 0.33126934984520123 0.4392857142857143 0.3263157894736842 0.42023809523809524 0.32074303405572757 0.4 0.31640866873065016 0.39166666666666666 0.3151702786377709 0.3904761904761905 0.28297213622291023 0.3904761904761905 
4 0.3318885448916409 0.37142857142857144 0.3318885448916409 0.41785714285714287 0.3368421052631579 0.5023809523809524 0.34179566563467495 0.5607142857142857 0.34674922600619196 0.5666666666666667 0.3498452012383901 0.5702380952380952 0.3560371517027864 0.5702380952380952 0.3696594427244582 0.5607142857142857 0.38080495356037153 0.5511904761904762 0.38080495356037153 0.5142857142857142 0.3510835913312694 0.38095238095238093 0.3461300309597523 0.37142857142857144 0.3318885448916409 0.37142857142857144 
5 0.35356037151702785 0.3619047619047619 0.3523219814241486 0.3630952380952381 0.35170278637770896 0.36547619047619045 0.35170278637770896 0.40714285714285714 0.356656346749226 0.475 0.3715170278637771 0.5511904761904762 0.3907120743034056 0.5511904761904762 0.4006191950464396 0.5416666666666666 0.4055727554179567 0.530952380952381 0.4055727554179567 0.4857142857142857 0.37089783281733746 0.3726190476190476 0.3702786377708978 0.37142857142857144 0.36470588235294116 0.3619047619047619 0.35356037151702785 0.3619047619047619 
6 0.3715170278637771 0.3142857142857143 0.3715170278637771 0.40476190476190477 0.3913312693498452 0.5416666666666666 0.4154798761609907 0.5416666666666666 0.42043343653250775 0.5392857142857143 0.4297213622291022 0.5321428571428571 0.43034055727554177 0.5297619047619048 0.43034055727554177 0.46190476190476193 0.4297213622291022 0.4595238095238095 0.3907120743034056 0.3273809523809524 0.38080495356037153 0.3142857142857143 0.3715170278637771 0.3142857142857143 
7 0.42105263157894735 0.3238095238095238 0.42105263157894735 0.3880952380952381 0.4260061919504644 0.5202380952380953 0.426625386996904 0.5226190476190476 0.4309597523219814 0.5321428571428571 0.4501547987616099 0.5321428571428571 0.4544891640866873 0.5226190476190476 0.4551083591331269 0.5202380952380953 0.4551083591331269 0.45714285714285713 0.4452012383900929 0.3726190476190476 0.43962848297213625 0.3333333333333333 0.43529411764705883 0.3238095238095238 0.42105263157894735 0.3238095238095238 
8 0.46068111455108357 0.3238095238095238 0.45572755417956656 0.3333333333333333 0.45077399380804956 0.4392857142857143 0.45077399380804956 0.5226190476190476 0.4842105263157895 0.5226190476190476 0.48978328173374613 0.5119047619047619 0.48978328173374613 0.47619047619047616 0.47987616099071206 0.3523809523809524 0.47492260061919506 0.3333333333333333 0.469969040247678 0.325 0.46873065015479876 0.3238095238095238 0.46068111455108357 0.3238095238095238 
9 0.5015479876160991 0.3047619047619048 0.5003095975232198 0.305952380952381 0.49597523219814244 0.3142857142857143 0.4953560371517028 0.31666666666666665 0.4904024767801858 0.34404761904761905 0.4854489164086687 0.45714285714285713 0.4854489164086687 0.5321428571428571 0.5244582043343653 0.5321428571428571 0.5244582043343653 0.35595238095238096 0.5195046439628483 0.325 0.5145510835913313 0.3142857142857143 0.5095975232198142 0.3047619047619048 0.5015479876160991 0.3047619047619048 
10 0.5306501547987617 0.3333333333333333 0.530030959752322 0.3357142857142857 0.5201238390092879 0.39285714285714285 0.5201238390092879 0.5226190476190476 0.525077399380805 0.5321428571428571 0.5479876160990712 0.5321428571428571 0.5541795665634675 0.5214285714285715 0.5541795665634675 0.3821428571428571 0.5442724458204334 0.3333333333333333 0.5306501547987617 0.3333333333333333 
11 0.5752321981424149 0.3142857142857143 0.5702786377708978 0.3238095238095238 0.5647058823529412 0.34404761904761905 0.5547987616099072 0.4 0.5498452012383901 0.4392857142857143 0.5498452012383901 0.530952380952381 0.5547987616099072 0.5404761904761904 0.5560371517027863 0.5416666666666666 0.58328173374613 0.5416666666666666 0.5839009287925696 0.5404761904761904 0.5888544891640867 0.5226190476190476 0.5938080495356037 0.4654761904761905 0.5938080495356037 0.34285714285714286 0.5888544891640867 0.3142857142857143 0.5752321981424149 0.3142857142857143 
12 0.5993808049535604 0.3523809523809524 0.5944272445820433 0.3619047619047619 0.5894736842105263 0.4 0.5746130030959752 0.5345238095238095 0.5746130030959752 0.5404761904761904 0.5801857585139318 0.5511904761904762 0.5857585139318885 0.5607142857142857 0.5987616099071208 0.5607142857142857 0.6086687306501548 0.5404761904761904 0.6136222910216719 0.513095238095238 0.6185758513931888 0.475 0.6235294117647059 0.4226190476190476 0.6235294117647059 0.3630952380952381 0.6185758513931888 0.3523809523809524 0.5993808049535604 0.3523809523809524 
13 0.6297213622291021 0.3619047619047619 0.6241486068111455 0.37142857142857144 0.6198142414860681 0.38095238095238093 0.6191950464396285 0.38333333333333336 0.6142414860681115 0.42142857142857143 0.5993808049535604 0.5369047619047619 0.5993808049535604 0.5607142857142857 0.6328173374613003 0.5607142857142857 0.6334365325077399 0.5595238095238095 0.6377708978328174 0.5416666666666666 0.643343653250774 0.5107142857142857 0.643343653250774 0.38333333333333336 0.638390092879257 0.3619047619047619 0.6297213622291021 0.3619047619047619 
14 0.6755417956656347 0.3523809523809524 0.6736842105263158 0.3535714285714286 0.6637770897832818 0.37142857142857144 0.6538699690402476 0.3904761904761905 0.6489164086687307 0.4011904761904762 0.6390092879256966 0.4297619047619048 0.6291021671826625 0.5357142857142857 0.6291021671826625 0.5511904761904762 0.6346749226006192 0.5607142857142857 0.6588235294117647 0.5702380952380952 0.6829721362229102 0.5702380952380952 0.6879256965944273 0.5511904761904762 0.7027863777089783 0.4154761904761905 0.7027863777089783 0.38095238095238093 0.6928792569659443 0.3619047619047619 0.6873065015479877 0.3523809523809524 0.6755417956656347 0.3523809523809524 
15 0.713312693498452 0.3738095238095238 0.7034055727554179 0.38095238095238093 0.698452012383901 0.3904761904761905 0.6885448916408669 0.41904761904761906 0.6835913312693499 0.44761904761904764 0.6786377708978328 0.5452380952380952 0.6786377708978328 0.5511904761904762 0.6835913312693499 0.5702380952380952 0.7176470588235294 0.5702380952380952 0.7325077399380805 0.5607142857142857 0.7374613003095976 0.44166666666666665 0.7374613003095976 0.3904761904761905 0.7176470588235294 0.3738095238095238 0.713312693498452 0.3738095238095238 
18 0.6606811145510836 0.580952380952381 0.6588235294117647 0.5821428571428572 0.6588235294117647 0.625 0.6687306501547987 0.6928571428571428 0.6786377708978328 0.7226190476190476 0.6934984520123839 0.7511904761904762 0.6990712074303406 0.7595238095238095 0.7003095975232199 0.7607142857142857 0.7126934984520124 0.7607142857142857 0.7226006191950465 0.7404761904761905 0.7226006191950465 0.638095238095238 0.7176470588235294 0.580952380952381 0.6606811145510836 0.580952380952381 
19 0.614860681114551 0.5714285714285714 0.604953560371517 0.580952380952381 0.6043343653250774 0.5833333333333334 0.6043343653250774 0.6369047619047619 0.6092879256965944 0.6928571428571428 0.614860681114551 0.7226190476190476 0.6191950464396285 0.7404761904761905 0.6241486068111455 0.7607142857142857 0.6340557275541796 0.7880952380952381 0.6346749226006192 0.7892857142857143 0.6476780185758514 0.7892857142857143 0.6668730650154798 0.7797619047619048 0.6681114551083591 0.7773809523809524 0.6681114551083591 0.6190476190476191 0.6631578947368421 0.580952380952381 0.653250773993808 0.5714285714285714 0.614860681114551 0.5714285714285714 
20 0.5708978328173374 0.5714285714285714 0.5696594427244582 0.5726190476190476 0.5696594427244582 0.6428571428571429 0.5746130030959752 0.6726190476190477 0.5894736842105263 0.7607142857142857 0.5944272445820433 0.7785714285714286 0.5993808049535604 0.7892857142857143 0.6086687306501548 0.7892857142857143 0.6136222910216719 0.7797619047619048 0.6136222910216719 0.5821428571428572 0.6080495356037152 0.5714285714285714 0.5708978328173374 0.5714285714285714 
21 0.5504643962848297 0.5523809523809524 0.544891640866873 0.5630952380952381 0.544891640866873 0.7702380952380953 0.5504643962848297 0.7797619047619048 0.5684210526315789 0.7797619047619048 0.5690402476780185 0.7785714285714286 0.5739938080495356 0.7511904761904762 0.5789473684210527 0.7023809523809523 0.5789473684210527 0.5642857142857143 0.5739938080495356 0.5535714285714286 0.5721362229102167 0.5523809523809524 0.5504643962848297 0.5523809523809524 
22 0.5201238390092879 0.5333333333333333 0.5201238390092879 0.7511904761904762 0.525077399380805 0.7702380952380953 0.5386996904024768 0.7702380952380953 0.5393188854489164 0.7678571428571429 0.5442724458204334 0.736904761904762 0.5492260061919505 0.7035714285714286 0.5541795665634675 0.5678571428571428 0.5541795665634675 0.544047619047619 0.5535603715170279 0.5428571428571428 0.5424148606811146 0.5333333333333333 0.5201238390092879 0.5333333333333333 
23 0.5058823529411764 0.5333333333333333 0.5003095975232198 0.544047619047619 0.4953560371517028 0.5821428571428572 0.4953560371517028 0.7226190476190476 0.5003095975232198 0.7321428571428571 0.508359133126935 0.7321428571428571 0.5145510835913313 0.7226190476190476 0.5195046439628483 0.7011904761904761 0.5244582043343653 0.6226190476190476 0.5244582043343653 0.5428571428571428 0.5195046439628483 0.5333333333333333 0.5058823529411764 0.5333333333333333 
24 0.4873065015479876 0.5428571428571428 0.48606811145510836 0.544047619047619 0.4854489164086687 0.5452380952380952 0.4854489164086687 0.7119047619047619 0.48606811145510836 0.7130952380952381 0.49102167182662537 0.7214285714285714 0.49226006191950467 0.7226190476190476 0.4984520123839009 0.7226190476190476 0.4996904024767802 0.7202380952380952 0.5095975232198142 0.5511904761904762 0.5095975232198142 0.544047619047619 0.508359133126935 0.5428571428571428 0.4873065015479876 0.5428571428571428 
25 0.4662538699690402 0.5523809523809524 0.46563467492260063 0.5535714285714286 0.46563467492260063 0.6202380952380953 0.47058823529411764 0.7226190476190476 0.47554179566563465 0.7321428571428571 0.4823529411764706 0.7321428571428571 0.4848297213622291 0.7309523809523809 0.4848297213622291 0.5523809523809524 0.4662538699690402 0.5523809523809524 
26 0.45572755417956656 0.5333333333333333 0.4458204334365325 0.5428571428571428 0.4458204334365325 0.6178571428571429 0.45077399380804956 0.6904761904761905 0.45572755417956656 0.7404761904761905 0.4569659442724458 0.7416666666666667 0.469969040247678 0.7416666666666667 0.47492260061919506 0.6845238095238095 0.47492260061919506 0.6226190476190476 0.469969040247678 0.5345238095238095 0.4681114551083591 0.5333333333333333 0.45572755417956656 0.5333333333333333 
27 0.4309597523219814 0.5333333333333333 0.421671826625387 0.5428571428571428 0.4179566563467492 0.5619047619047619 0.41609907120743034 0.5738095238095238 0.41609907120743034 0.5761904761904761 0.42105263157894735 0.705952380952381 0.421671826625387 0.7154761904761905 0.4260061919504644 0.7583333333333333 0.426625386996904 0.7607142857142857 0.4452012383900929 0.7607142857142857 0.4501547987616099 0.7345238095238096 0.4551083591331269 0.6845238095238095 0.4551083591331269 0.6095238095238096 0.4501547987616099 0.5452380952380952 0.44953560371517026 0.5428571428571428 0.4452012383900929 0.5345238095238095 0.443343653250774 0.5333333333333333 0.4309597523219814 0.5333333333333333 
28 0.4018575851393189 0.5523809523809524 0.39628482972136225 0.5619047619047619 0.39195046439628484 0.5726190476190476 0.3913312693498452 0.575 0.3913312693498452 0.6464285714285715 0.39628482972136225 0.736904761904762 0.39690402476780184 0.7416666666666667 0.4018575851393189 0.7607142857142857 0.4068111455108359 0.7702380952380953 0.4154798761609907 0.7702380952380953 0.42043343653250775 0.7607142857142857 0.4247678018575851 0.7321428571428571 0.42538699690402476 0.6833333333333333 0.42538699690402476 0.575 0.4247678018575851 0.5619047619047619 0.42043343653250775 0.5535714285714286 0.4173374613003096 0.5523809523809524 0.4018575851393189 0.5523809523809524 
29 0.3671826625386997 0.5714285714285714 0.36160990712074303 0.5821428571428572 0.36160990712074303 0.6261904761904762 0.3715170278637771 0.75 0.3764705882352941 0.7702380952380953 0.3907120743034056 0.7702380952380953 0.3956656346749226 0.7321428571428571 0.4006191950464396 0.675 0.4006191950464396 0.5726190476190476 0.39876160990712073 0.5714285714285714 0.3671826625386997 0.5714285714285714 
31 0.2773993808049536 0.5904761904761905 0.26811145510835915 0.6 0.2625386996904025 0.6190476190476191 0.2625386996904025 0.7309523809523809 0.2674922600619195 0.7595238095238095 0.27801857585139317 0.7702380952380953 0.2848297213622291 0.7702380952380953 0.286687306501548 0.7690476190476191 0.291640866873065 0.7583333333333333 0.3108359133126935 0.7130952380952381 0.3157894736842105 0.694047619047619 0.32136222910216716 0.6547619047619048 0.32136222910216716 0.6107142857142858 0.31145510835913315 0.5904761904761905 0.2773993808049536 0.5904761904761905 