2 0.3318885448916409 0.37142857142857144 0.3269349845201238 0.38095238095238093 0.3219814241486068 0.4023809523809524 0.3170278637770898 0.4297619047619048 0.3170278637770898 0.48333333333333334 0.32260061919504646 0.49404761904761907 0.3318885448916409 0.5023809523809524 0.33560371517027865 0.5035714285714286 0.3411764705882353 0.5035714285714286 0.3560371517027864 0.49404761904761907 0.3609907120743034 0.4845238095238095 0.36594427244582045 0.4630952380952381 0.36594427244582045 0.38333333333333336 0.3653250773993808 0.38095238095238093 0.3609907120743034 0.3726190476190476 0.35789473684210527 0.37142857142857144 0.3318885448916409 0.37142857142857144 
3 0.3690402476780186 0.41904761904761906 0.36656346749226004 0.42023809523809524 0.36160990712074303 0.42857142857142855 0.34179566563467495 0.525 0.34179566563467495 0.5404761904761904 0.34674922600619196 0.5761904761904761 0.3473684210526316 0.5785714285714286 0.3523219814241486 0.5880952380952381 0.3541795665634675 0.5892857142857143 0.38575851393188854 0.5892857142857143 0.3907120743034056 0.5678571428571428 0.3907120743034056 0.42023809523809524 0.39009287925696595 0.41904761904761906 0.3690402476780186 0.41904761904761906 
4 0.39628482972136225 0.4095238095238095 0.3863777089783282 0.42857142857142855 0.3863777089783282 0.5035714285714286 0.3913312693498452 0.5226190476190476 0.4006191950464396 0.5214285714285715 0.41424148606811145 0.513095238095238 0.42538699690402476 0.5035714285714286 0.42538699690402476 0.4107142857142857 0.4241486068111455 0.4095238095238095 0.39628482972136225 0.4095238095238095 
5 0.42105263157894735 0.4 0.41609907120743034 0.4095238095238095 0.41114551083591333 0.49523809523809526 0.41114551083591333 0.5285714285714286 0.4117647058823529 0.5321428571428571 0.41671826625387 0.5416666666666666 0.4235294117647059 0.5416666666666666 0.42538699690402476 0.5404761904761904 0.44024767801857584 0.5226190476190476 0.44458204334365325 0.513095238095238 0.4452012383900929 0.5107142857142857 0.4452012383900929 0.4773809523809524 0.43529411764705883 0.4095238095238095 0.43034055727554177 0.4 0.42105263157894735 0.4 
6 0.4371517027863777 0.3333333333333333 0.4359133126934985 0.3345238095238095 0.4309597523219814 0.34285714285714286 0.4260061919504644 0.3880952380952381 0.4260061919504644 0.4154761904761905 0.4309597523219814 0.45476190476190476 0.4359133126934985 0.475 0.4408668730650155 0.48333333333333334 0.4421052631578947 0.4845238095238095 0.460061919504644 0.4845238095238095 0.465015479876161 0.4654761904761905 0.465015479876161 0.4011904761904762 0.460061919504644 0.37142857142857144 0.4551083591331269 0.34285714285714286 0.44953560371517026 0.3333333333333333 0.4371517027863777 0.3333333333333333 
7 0.4613003095975232 0.4095238095238095 0.46068111455108357 0.4107142857142857 0.4458204334365325 0.47619047619047616 0.4458204334365325 0.5119047619047619 0.45077399380804956 0.5321428571428571 0.4563467492260062 0.5416666666666666 0.47987616099071206 0.5416666666666666 0.47987616099071206 0.45714285714285713 0.47492260061919506 0.41309523809523807 0.47368421052631576 0.4107142857142857 0.4724458204334365 0.4095238095238095 0.4613003095975232 0.4095238095238095 
8 0.4854489164086687 0.42857142857142855 0.48111455108359136 0.4392857142857143 0.4804953560371517 0.44166666666666665 0.47554179566563465 0.4666666666666667 0.47554179566563465 0.6083333333333333 0.4804953560371517 0.6154761904761905 0.48297213622291024 0.6178571428571429 0.5046439628482973 0.6178571428571429 0.5095975232198142 0.6071428571428571 0.5095975232198142 0.49523809523809526 0.5046439628482973 0.44761904761904764 0.4996904024767802 0.42857142857142855 0.4854489164086687 0.42857142857142855 
9 0.525077399380805 0.42857142857142855 0.5207430340557275 0.4380952380952381 0.5151702786377709 0.47023809523809523 0.5052631578947369 0.5523809523809524 0.5052631578947369 0.5797619047619048 0.5102167182662539 0.6178571428571429 0.5287925696594428 0.6178571428571429 0.5442724458204334 0.6083333333333333 0.5442724458204334 0.4380952380952381 0.5386996904024768 0.42857142857142855 0.525077399380805 0.42857142857142855 
10 0.544891640866873 0.44761904761904764 0.5399380804953561 0.46785714285714286 0.5399380804953561 0.5404761904761904 0.5411764705882353 0.5416666666666666 0.5591331269349845 0.5416666666666666 0.5634674922600619 0.5404761904761904 0.5690402476780185 0.5297619047619048 0.5690402476780185 0.47619047619047616 0.5591331269349845 0.45714285714285713 0.5535603715170279 0.44761904761904764 0.544891640866873 0.44761904761904764 
11 0.5597523219814241 0.34285714285714286 0.5547987616099072 0.3630952380952381 0.5498452012383901 0.4095238095238095 0.5498452012383901 0.4642857142857143 0.5547987616099072 0.475 0.5647058823529412 0.49404761904761907 0.5690402476780185 0.4928571428571429 0.5789473684210527 0.48333333333333334 0.5839009287925696 0.4654761904761905 0.5839009287925696 0.3535714285714286 0.578328173374613 0.34285714285714286 0.5597523219814241 0.34285714285714286 
12 0.5851393188854489 0.38095238095238093 0.5801857585139318 0.3904761904761905 0.5795665634674922 0.39404761904761904 0.5746130030959752 0.45714285714285713 0.5746130030959752 0.5011904761904762 0.5752321981424149 0.5035714285714286 0.5845201238390093 0.530952380952381 0.5863777089783282 0.5321428571428571 0.6030959752321982 0.5321428571428571 0.6086687306501548 0.5226190476190476 0.6086687306501548 0.4523809523809524 0.6037151702786377 0.4 0.5987616099071208 0.3821428571428571 0.5981424148606811 0.38095238095238093 0.5851393188854489 0.38095238095238093 
13 0.6099071207430341 0.38095238095238093 0.6043343653250774 0.3904761904761905 0.6 0.4 0.5993808049535604 0.4035714285714286 0.5993808049535604 0.4523809523809524 0.6043343653250774 0.4928571428571429 0.6092879256965944 0.5035714285714286 0.614860681114551 0.513095238095238 0.6278637770897832 0.513095238095238 0.628482972136223 0.5119047619047619 0.6328173374613003 0.49404761904761907 0.6334365325077399 0.49047619047619045 0.6334365325077399 0.41904761904761906 0.628482972136223 0.3904761904761905 0.6235294117647059 0.3821428571428571 0.6222910216718266 0.38095238095238093 0.6099071207430341 0.38095238095238093 
14 0.6340557275541796 0.4 0.6291021671826625 0.4297619047619048 0.6291021671826625 0.5678571428571428 0.6297213622291021 0.5702380952380952 0.6352941176470588 0.5797619047619048 0.6582043343653251 0.5797619047619048 0.6712074303405573 0.5702380952380952 0.6730650154798762 0.5666666666666667 0.6730650154798762 0.5059523809523809 0.6582043343653251 0.4297619047619048 0.653250773993808 0.4095238095238095 0.648297213622291 0.4011904761904762 0.6464396284829721 0.4 0.6340557275541796 0.4 
15 0.6637770897832818 0.38095238095238093 0.6544891640866873 0.4 0.6538699690402476 0.4035714285714286 0.6538699690402476 0.46190476190476193 0.6588235294117647 0.475 0.6637770897832818 0.48333333333333334 0.6650154798761609 0.4845238095238095 0.6879256965944273 0.4845238095238095 0.6978328173374613 0.4654761904761905 0.6978328173374613 0.4357142857142857 0.6928792569659443 0.4095238095238095 0.6879256965944273 0.3904761904761905 0.6823529411764706 0.38095238095238093 0.6637770897832818 0.38095238095238093 
18 0.7089783281733746 0.6190476190476191 0.6941176470588235 0.638095238095238 0.6885448916408669 0.6476190476190476 0.6842105263157895 0.6571428571428571 0.6835913312693499 0.6595238095238095 0.6835913312693499 0.6833333333333333 0.6934984520123839 0.7226190476190476 0.698452012383901 0.7321428571428571 0.7263157894736842 0.7321428571428571 0.7275541795665634 0.7309523809523809 0.7325077399380805 0.7226190476190476 0.7374613003095976 0.7130952380952381 0.7374613003095976 0.6797619047619048 0.7275541795665634 0.6285714285714286 0.7226006191950465 0.6190476190476191 0.7089783281733746 0.6190476190476191 
19 0.6588235294117647 0.5904761904761905 0.6538699690402476 0.5916666666666667 0.6390092879256966 0.6 0.6291021671826625 0.6095238095238096 0.6291021671826625 0.6547619047619048 0.6538699690402476 0.75 0.6588235294117647 0.7607142857142857 0.6650154798761609 0.7702380952380953 0.6773993808049535 0.7702380952380953 0.6972136222910217 0.7416666666666667 0.6978328173374613 0.7380952380952381 0.6978328173374613 0.7047619047619048 0.6928792569659443 0.6785714285714286 0.6780185758513931 0.6023809523809524 0.6773993808049535 0.6 0.6724458204334365 0.5904761904761905 0.6588235294117647 0.5904761904761905 
20 0.6235294117647059 0.7142857142857143 0.614860681114551 0.7238095238095238 0.6142414860681115 0.725 0.6142414860681115 0.7702380952380953 0.6191950464396285 0.7976190476190477 0.6291021671826625 0.8261904761904761 0.6303405572755418 0.8273809523809523 0.643343653250774 0.8273809523809523 0.648297213622291 0.8178571428571428 0.648297213622291 0.725 0.6476780185758514 0.7238095238095238 0.638390092879257 0.7142857142857143 0.6235294117647059 0.7142857142857143 
21 0.5845201238390093 0.7142857142857143 0.5795665634674922 0.7261904761904762 0.5795665634674922 0.8142857142857143 0.5801857585139318 0.8178571428571428 0.5845201238390093 0.8273809523809523 0.5894736842105263 0.8369047619047619 0.6037151702786377 0.8369047619047619 0.6130030959752322 0.8273809523809523 0.6136222910216719 0.825 0.6136222910216719 0.7535714285714286 0.6130030959752322 0.7428571428571429 0.6086687306501548 0.7238095238095238 0.6037151702786377 0.7154761904761905 0.6024767801857586 0.7142857142857143 0.5845201238390093 0.7142857142857143 
22 0.5597523219814241 0.7714285714285715 0.5547987616099072 0.780952380952381 0.5547987616099072 0.8369047619047619 0.5647058823529412 0.8714285714285714 0.5659442724458205 0.875 0.5696594427244582 0.8833333333333333 0.5752321981424149 0.8940476190476191 0.5845201238390093 0.9035714285714286 0.5938080495356037 0.9035714285714286 0.5987616099071208 0.8928571428571429 0.5987616099071208 0.8392857142857143 0.5938080495356037 0.819047619047619 0.5839009287925696 0.7821428571428571 0.578328173374613 0.7714285714285715 0.5597523219814241 0.7714285714285715 
23 0.5306501547987617 0.6666666666666666 0.530030959752322 0.669047619047619 0.530030959752322 0.7607142857142857 0.5399380804953561 0.8273809523809523 0.5455108359133127 0.8369047619047619 0.5541795665634675 0.8369047619047619 0.5585139318885449 0.8273809523809523 0.5591331269349845 0.8238095238095238 0.5591331269349845 0.6892857142857143 0.5585139318885449 0.6857142857142857 0.5492260061919505 0.6666666666666666 0.5306501547987617 0.6666666666666666 
24 0.5102167182662539 0.6285714285714286 0.5102167182662539 0.6916666666666667 0.5151702786377709 0.7880952380952381 0.5201238390092879 0.8083333333333333 0.5244582043343653 0.8083333333333333 0.5275541795665635 0.8071428571428572 0.5343653250773994 0.7988095238095239 0.5343653250773994 0.6297619047619047 0.5337461300309597 0.6285714285714286 0.5102167182662539 0.6285714285714286 
25 0.4904024767801858 0.6285714285714286 0.4904024767801858 0.675 0.49102167182662537 0.6845238095238095 0.4953560371517028 0.7309523809523809 0.5003095975232198 0.7702380952380953 0.5052631578947369 0.7988095238095239 0.5195046439628483 0.7988095238095239 0.5195046439628483 0.6952380952380952 0.5145510835913313 0.6285714285714286 0.4904024767801858 0.6285714285714286 
26 0.4712074303405573 0.6476190476190476 0.47058823529411764 0.6488095238095238 0.47058823529411764 0.7238095238095238 0.47554179566563465 0.7797619047619048 0.4804953560371517 0.8071428571428572 0.4823529411764706 0.8083333333333333 0.49473684210526314 0.8083333333333333 0.4996904024767802 0.7797619047619048 0.4996904024767802 0.6785714285714286 0.49473684210526314 0.65 0.49411764705882355 0.6488095238095238 0.49287925696594426 0.6476190476190476 0.4712074303405573 0.6476190476190476 
27 0.46068111455108357 0.7714285714285715 0.45077399380804956 0.780952380952381 0.4458204334365325 0.7916666666666666 0.4408668730650155 0.8095238095238095 0.4359133126934985 0.8488095238095238 0.4359133126934985 0.8940476190476191 0.44148606811145513 0.9035714285714286 0.46439628482972134 0.9035714285714286 0.469969040247678 0.8940476190476191 0.47492260061919506 0.8845238095238095 0.47987616099071206 0.8630952380952381 0.47987616099071206 0.7821428571428571 0.4743034055727554 0.7714285714285715 0.46068111455108357 0.7714285714285715 
28 0.421671826625387 0.7238095238095238 0.41609907120743034 0.7535714285714286 0.41609907120743034 0.8261904761904761 0.42105263157894735 0.8369047619047619 0.4260061919504644 0.8464285714285714 0.44024767801857584 0.8464285714285714 0.4452012383900929 0.8369047619047619 0.44953560371517026 0.8178571428571428 0.4501547987616099 0.8130952380952381 0.4501547987616099 0.7345238095238096 0.4452012383900929 0.7238095238095238 0.421671826625387 0.7238095238095238 
29 0.3814241486068111 0.7238095238095238 0.3764705882352941 0.7333333333333333 0.3764705882352941 0.8178571428571428 0.3814241486068111 0.8369047619047619 0.39195046439628484 0.8464285714285714 0.40495356037151703 0.8464285714285714 0.4105263157894737 0.8369047619047619 0.4105263157894737 0.7333333333333333 0.3894736842105263 0.7238095238095238 0.3814241486068111 0.7238095238095238 
30 0.34674922600619196 0.6095238095238096 0.34241486068111454 0.6190476190476191 0.34179566563467495 0.6214285714285714 0.3269349845201238 0.7273809523809524 0.3269349845201238 0.7702380952380953 0.35170278637770896 0.7797619047619048 0.3603715170278638 0.7797619047619048 0.3702786377708978 0.7702380952380953 0.37585139318885447 0.7607142857142857 0.38575851393188854 0.7226190476190476 0.3956656346749226 0.675 0.3956656346749226 0.6202380952380953 0.38575851393188854 0.6095238095238096 0.34674922600619196 0.6095238095238096 
31 0.2978328173374613 0.6476190476190476 0.29226006191950465 0.6571428571428571 0.2873065015479876 0.6857142857142857 0.2873065015479876 0.7404761904761905 0.28792569659442724 0.7416666666666667 0.30712074303405573 0.7607142857142857 0.32136222910216716 0.7607142857142857 0.33622291021671824 0.7321428571428571 0.3411764705882353 0.7107142857142857 0.3411764705882353 0.6666666666666666 0.33622291021671824 0.6583333333333333 0.3263157894736842 0.6476190476190476 0.2978328173374613 0.6476190476190476 
A 0.3888544891640867 0.4857142857142857 0.3863777089783282 0.4869047619047619 0.3814241486068111 0.575 0.3814241486068111 0.594047619047619 0.38204334365325077 0.5964285714285714 0.38390092879256965 0.5988095238095238 0.4018575851393189 0.6083333333333333 0.4154798761609907 0.6083333333333333 0.42043343653250775 0.5976190476190476 0.42043343653250775 0.5333333333333333 0.4154798761609907 0.5047619047619047 0.3907120743034056 0.4857142857142857 0.3888544891640867 0.4857142857142857 
B 0.42724458204334365 0.5142857142857142 0.41114551083591333 0.5238095238095238 0.41114551083591333 0.6083333333333333 0.42105263157894735 0.6166666666666667 0.42291021671826623 0.6178571428571429 0.4390092879256966 0.6178571428571429 0.44458204334365325 0.6083333333333333 0.4452012383900929 0.6071428571428571 0.4452012383900929 0.5345238095238095 0.43962848297213625 0.5142857142857142 0.42724458204334365 0.5142857142857142 
C 0.4408668730650155 0.47619047619047616 0.4359133126934985 0.5154761904761904 0.4359133126934985 0.5404761904761904 0.4408668730650155 0.6071428571428571 0.44148606811145513 0.6083333333333333 0.465015479876161 0.6083333333333333 0.465015479876161 0.5345238095238095 0.4501547987616099 0.4773809523809524 0.44953560371517026 0.47619047619047616 0.4408668730650155 0.47619047619047616 
D 0.46068111455108357 0.5333333333333333 0.46068111455108357 0.6083333333333333 0.4786377708978328 0.6083333333333333 0.47987616099071206 0.6071428571428571 0.47987616099071206 0.5642857142857143 0.47492260061919506 0.5345238095238095 0.4743034055727554 0.5333333333333333 0.46068111455108357 0.5333333333333333 
G 0.5399380804953561 0.5333333333333333 0.5399380804953561 0.5988095238095238 0.544891640866873 0.6083333333333333 0.5591331269349845 0.6083333333333333 0.5591331269349845 0.544047619047619 0.5541795665634675 0.5345238095238095 0.5504643962848297 0.5333333333333333 0.5399380804953561 0.5333333333333333 
H 0.5653250773993808 0.49523809523809526 0.5647058823529412 0.4976190476190476 0.5597523219814241 0.5238095238095238 0.5547987616099072 0.5523809523809524 0.5547987616099072 0.5988095238095238 0.5603715170278638 0.6083333333333333 0.5820433436532507 0.6083333333333333 0.5839009287925696 0.6071428571428571 0.5839009287925696 0.5714285714285714 0.5789473684210527 0.49523809523809526 0.5653250773993808 0.49523809523809526 
I 0.5795665634674922 0.5047619047619047 0.5752321981424149 0.5142857142857142 0.5746130030959752 0.5178571428571429 0.5746130030959752 0.5416666666666666 0.5795665634674922 0.5976190476190476 0.5801857585139318 0.5988095238095238 0.6086687306501548 0.5988095238095238 0.6086687306501548 0.5619047619047619 0.6037151702786377 0.5142857142857142 0.5888544891640867 0.5047619047619047 0.5795665634674922 0.5047619047619047 
J 0.6328173374613003 0.4785714285714286 0.604953560371517 0.4857142857142857 0.6043343653250774 0.4880952380952381 0.5993808049535604 0.5142857142857142 0.5993808049535604 0.569047619047619 0.6043343653250774 0.5988095238095238 0.628482972136223 0.5988095238095238 0.638390092879257 0.5892857142857143 0.638390092879257 0.5619047619047619 0.6334365325077399 0.4785714285714286 0.6328173374613003 0.4785714285714286 
K 0.590092879256966 0.6190476190476191 0.5894736842105263 0.6202380952380953 0.5894736842105263 0.6738095238095239 0.5993808049535604 0.7214285714285714 0.604953560371517 0.7416666666666667 0.6130030959752322 0.7416666666666667 0.643343653250774 0.7321428571428571 0.643343653250774 0.705952380952381 0.638390092879257 0.6476190476190476 0.6334365325077399 0.6190476190476191 0.590092879256966 0.6190476190476191 
L 0.5708978328173374 0.6285714285714286 0.5696594427244582 0.6297619047619047 0.5647058823529412 0.6392857142857142 0.5647058823529412 0.6702380952380952 0.5696594427244582 0.7488095238095238 0.5702786377708978 0.7511904761904762 0.5839009287925696 0.7511904761904762 0.6074303405572755 0.7321428571428571 0.6086687306501548 0.7309523809523809 0.6086687306501548 0.7154761904761905 0.6037151702786377 0.6869047619047619 0.5931888544891641 0.6285714285714286 0.5708978328173374 0.6285714285714286 
M 0.5547987616099072 0.638095238095238 0.5498452012383901 0.6607142857142857 0.5498452012383901 0.6833333333333333 0.5597523219814241 0.7666666666666667 0.5603715170278638 0.7702380952380953 0.5653250773993808 0.7785714285714286 0.56656346749226 0.7797619047619048 0.5789473684210527 0.7797619047619048 0.5789473684210527 0.7428571428571429 0.5739938080495356 0.6678571428571428 0.5690402476780185 0.638095238095238 0.5547987616099072 0.638095238095238 
R 0.4520123839009288 0.6476190476190476 0.45077399380804956 0.6488095238095238 0.4470588235294118 0.6571428571428571 0.4458204334365325 0.6607142857142857 0.4458204334365325 0.6928571428571428 0.45077399380804956 0.7690476190476191 0.45572755417956656 0.7880952380952381 0.4563467492260062 0.7892857142857143 0.45944272445820433 0.7892857142857143 0.4693498452012384 0.7797619047619048 0.469969040247678 0.7785714285714286 0.469969040247678 0.6488095238095238 0.4693498452012384 0.6476190476190476 0.4520123839009288 0.6476190476190476 
S 0.421671826625387 0.638095238095238 0.42105263157894735 0.6404761904761904 0.42105263157894735 0.7309523809523809 0.42229102167182664 0.7321428571428571 0.44148606811145513 0.7416666666666667 0.44953560371517026 0.7416666666666667 0.4501547987616099 0.7392857142857143 0.4551083591331269 0.7035714285714286 0.460061919504644 0.6488095238095238 0.460061919504644 0.6476190476190476 0.4551083591331269 0.638095238095238 0.421671826625387 0.638095238095238 
T 0.40123839009287926 0.6190476190476191 0.3913312693498452 0.6285714285714286 0.3814241486068111 0.6857142857142857 0.3814241486068111 0.7321428571428571 0.38699690402476783 0.7416666666666667 0.4117647058823529 0.7511904761904762 0.4247678018575851 0.7511904761904762 0.43034055727554177 0.7321428571428571 0.43034055727554177 0.6309523809523809 0.4297213622291022 0.6285714285714286 0.42043343653250775 0.6190476190476191 0.40123839009287926 0.6190476190476191 