1 0.2631578947368421 0.3904761904761905 0.2625386996904025 0.39166666666666666 0.2476780185758514 0.47619047619047616 0.2476780185758514 0.5321428571428571 0.2625386996904025 0.5607142857142857 0.2712074303405573 0.5607142857142857 0.27678018575851393 0.5511904761904762 0.286687306501548 0.5321428571428571 0.291640866873065 0.48333333333333334 0.291640866873065 0.4392857142857143 0.286687306501548 0.40476190476190477 0.28606811145510835 0.4011904761904762 0.28173374613003094 0.39166666666666666 0.28111455108359135 0.3904761904761905 0.2631578947368421 0.3904761904761905 
2 0.29226006191950465 0.3904761904761905 0.2873065015479876 0.4 0.2773993808049536 0.525 0.2773993808049536 0.5511904761904762 0.2823529411764706 0.5797619047619048 0.2978328173374613 0.5892857142857143 0.31640866873065016 0.5892857142857143 0.32136222910216716 0.5785714285714286 0.3263157894736842 0.5595238095238095 0.3263157894736842 0.44761904761904764 0.32136222910216716 0.42023809523809524 0.3065015479876161 0.3904761904761905 0.29226006191950465 0.3904761904761905 
3 0.3281733746130031 0.4 0.3269349845201238 0.4011904761904762 0.3219814241486068 0.4095238095238095 0.3170278637770898 0.49523809523809526 0.3170278637770898 0.5416666666666666 0.3219814241486068 0.5892857142857143 0.3318885448916409 0.5976190476190476 0.33374613003095976 0.5988095238095238 0.334984520123839 0.5988095238095238 0.3585139318885449 0.5892857142857143 0.3609907120743034 0.5880952380952381 0.37089783281733746 0.5702380952380952 0.37089783281733746 0.5428571428571428 0.3609907120743034 0.45 0.3560371517027864 0.42857142857142855 0.3510835913312694 0.4095238095238095 0.33622291021671824 0.4 0.3281733746130031 0.4 
4 0.36656346749226004 0.38095238095238093 0.36160990712074303 0.3904761904761905 0.36160990712074303 0.5333333333333333 0.3622291021671827 0.5404761904761904 0.36656346749226004 0.5785714285714286 0.3721362229102167 0.5892857142857143 0.3894736842105263 0.5892857142857143 0.3907120743034056 0.5880952380952381 0.39504643962848296 0.5797619047619048 0.3956656346749226 0.5773809523809523 0.3956656346749226 0.5142857142857142 0.3907120743034056 0.47023809523809523 0.38575851393188854 0.42857142857142855 0.37585139318885447 0.3821428571428571 0.3746130030959752 0.38095238095238093 0.36656346749226004 0.38095238095238093 
5 0.38204334365325077 0.3904761904761905 0.3814241486068111 0.39166666666666666 0.3814241486068111 0.4369047619047619 0.3913312693498452 0.5607142857142857 0.4018575851393189 0.5797619047619048 0.42043343653250775 0.5797619047619048 0.42538699690402476 0.5702380952380952 0.42538699690402476 0.5142857142857142 0.4 0.4 0.39504643962848296 0.3904761904761905 0.38204334365325077 0.3904761904761905 
6 0.41671826625387 0.3523809523809524 0.41609907120743034 0.3535714285714286 0.41114551083591333 0.3738095238095238 0.41114551083591333 0.48333333333333334 0.42105263157894735 0.5785714285714286 0.421671826625387 0.5797619047619048 0.43157894736842106 0.5892857142857143 0.43529411764705883 0.5892857142857143 0.4452012383900929 0.569047619047619 0.4452012383900929 0.4380952380952381 0.43529411764705883 0.37142857142857144 0.43034055727554177 0.3523809523809524 0.41671826625387 0.3523809523809524 
7 0.45572755417956656 0.37142857142857144 0.45077399380804956 0.39166666666666666 0.4408668730650155 0.4869047619047619 0.4408668730650155 0.5571428571428572 0.44148606811145513 0.5607142857142857 0.44643962848297214 0.5702380952380952 0.46439628482972134 0.5702380952380952 0.469969040247678 0.5595238095238095 0.47492260061919506 0.45595238095238094 0.47492260061919506 0.3904761904761905 0.469969040247678 0.37142857142857144 0.45572755417956656 0.37142857142857144 
8 0.47554179566563465 0.38095238095238093 0.47058823529411764 0.4238095238095238 0.46563467492260063 0.4869047619047619 0.46563467492260063 0.5607142857142857 0.47058823529411764 0.5785714285714286 0.4712074303405573 0.5797619047619048 0.4978328173374613 0.5797619047619048 0.4996904024767802 0.5785714285714286 0.4996904024767802 0.49642857142857144 0.49473684210526314 0.4107142857142857 0.48978328173374613 0.38333333333333336 0.4891640866873065 0.38095238095238093 0.47554179566563465 0.38095238095238093 
9 0.5102167182662539 0.38095238095238093 0.5003095975232198 0.3904761904761905 0.4953560371517028 0.4119047619047619 0.4953560371517028 0.5785714285714286 0.49597523219814244 0.5797619047619048 0.5287925696594428 0.5797619047619048 0.5294117647058824 0.5785714285714286 0.5294117647058824 0.5238095238095238 0.5244582043343653 0.4488095238095238 0.5195046439628483 0.39166666666666666 0.5145510835913313 0.38095238095238093 0.5102167182662539 0.38095238095238093 
10 0.525077399380805 0.3904761904761905 0.5201238390092879 0.42857142857142855 0.5201238390092879 0.5321428571428571 0.525077399380805 0.5678571428571428 0.5256965944272446 0.5702380952380952 0.5510835913312694 0.5702380952380952 0.5541795665634675 0.569047619047619 0.5541795665634675 0.5059523809523809 0.5492260061919505 0.4583333333333333 0.5393188854489164 0.39285714285714285 0.5386996904024768 0.3904761904761905 0.525077399380805 0.3904761904761905 
11 0.5554179566563467 0.3523809523809524 0.544891640866873 0.39166666666666666 0.544891640866873 0.5035714285714286 0.5498452012383901 0.5488095238095239 0.5547987616099072 0.5702380952380952 0.5647058823529412 0.5880952380952381 0.5659442724458205 0.5892857142857143 0.573374613003096 0.5892857142857143 0.5789473684210527 0.5797619047619048 0.5839009287925696 0.5511904761904762 0.5839009287925696 0.5261904761904762 0.5789473684210527 0.4595238095238095 0.5690402476780185 0.36666666666666664 0.5684210526315789 0.3619047619047619 0.5634674922600619 0.3535714285714286 0.5622291021671827 0.3523809523809524 0.5554179566563467 0.3523809523809524 
12 0.5944272445820433 0.3904761904761905 0.5746130030959752 0.4773809523809524 0.5696594427244582 0.5726190476190476 0.5696594427244582 0.5797619047619048 0.5845201238390093 0.5892857142857143 0.5987616099071208 0.5892857142857143 0.6030959752321982 0.5785714285714286 0.6037151702786377 0.5761904761904761 0.6086687306501548 0.5404761904761904 0.6136222910216719 0.475 0.6136222910216719 0.39166666666666666 0.6123839009287926 0.3904761904761905 0.5944272445820433 0.3904761904761905 
13 0.6247678018575852 0.38095238095238093 0.6191950464396285 0.3904761904761905 0.6142414860681115 0.4 0.6092879256965944 0.42023809523809524 0.6043343653250774 0.4666666666666667 0.5993808049535604 0.5357142857142857 0.5993808049535604 0.5773809523809523 0.6 0.5797619047619048 0.604953560371517 0.5892857142857143 0.628482972136223 0.5892857142857143 0.6328173374613003 0.5797619047619048 0.6334365325077399 0.5761904761904761 0.6334365325077399 0.38095238095238093 0.6247678018575852 0.38095238095238093 
14 0.6495356037151703 0.4 0.6439628482972136 0.4095238095238095 0.6390092879256966 0.41904761904761906 0.6340557275541796 0.44761904761904764 0.6291021671826625 0.5059523809523809 0.6291021671826625 0.5785714285714286 0.6340557275541796 0.5892857142857143 0.6390092879256966 0.5976190476190476 0.6421052631578947 0.5988095238095238 0.643343653250774 0.5988095238095238 0.6730650154798762 0.5892857142857143 0.6773993808049535 0.5797619047619048 0.6780185758513931 0.5773809523809523 0.6780185758513931 0.4297619047619048 0.6730650154798762 0.4095238095238095 0.6575851393188854 0.4 0.6495356037151703 0.4 
15 0.6953560371517028 0.4 0.6934984520123839 0.4011904761904762 0.6835913312693499 0.41904761904761906 0.6786377708978328 0.42857142857142855 0.6736842105263158 0.45714285714285713 0.6736842105263158 0.5595238095238095 0.6786377708978328 0.5797619047619048 0.6842105263157895 0.5892857142857143 0.7065015479876161 0.5892857142857143 0.7170278637770898 0.5797619047619048 0.7226006191950465 0.5702380952380952 0.7226006191950465 0.5238095238095238 0.7176470588235294 0.4107142857142857 0.7126934984520124 0.4 0.6953560371517028 0.4 
16 0.7281733746130031 0.3904761904761905 0.718266253869969 0.4095238095238095 0.713312693498452 0.430952380952381 0.713312693498452 0.513095238095238 0.718266253869969 0.5511904761904762 0.7238390092879257 0.5702380952380952 0.746749226006192 0.5702380952380952 0.7523219814241486 0.5595238095238095 0.7572755417956656 0.5416666666666666 0.7572755417956656 0.49642857142857144 0.7473684210526316 0.39166666666666666 0.746749226006192 0.3904761904761905 0.7281733746130031 0.3904761904761905 
17 0.7139318885448916 0.5904761904761905 0.708359133126935 0.6 0.7034055727554179 0.6095238095238096 0.7034055727554179 0.7392857142857143 0.7040247678018576 0.7416666666666667 0.713312693498452 0.7607142857142857 0.7517027863777089 0.7607142857142857 0.7523219814241486 0.7595238095238095 0.7572755417956656 0.6714285714285714 0.7572755417956656 0.6095238095238096 0.7411764705882353 0.6 0.7219814241486068 0.5904761904761905 0.7139318885448916 0.5904761904761905 
18 0.6594427244582043 0.5904761904761905 0.6588235294117647 0.5916666666666667 0.6538699690402476 0.6095238095238096 0.6538699690402476 0.655952380952381 0.6687306501547987 0.7321428571428571 0.6736842105263158 0.75 0.6786377708978328 0.7607142857142857 0.6835913312693499 0.7702380952380953 0.7040247678018576 0.7797619047619048 0.7126934984520124 0.7797619047619048 0.7176470588235294 0.7702380952380953 0.7176470588235294 0.7440476190476191 0.7077399380804954 0.6011904761904762 0.7071207430340557 0.6 0.7021671826625387 0.5916666666666667 0.7009287925696595 0.5904761904761905 0.6594427244582043 0.5904761904761905 
19 0.6111455108359133 0.5904761904761905 0.6092879256965944 0.5916666666666667 0.6092879256965944 0.6452380952380953 0.6142414860681115 0.6833333333333333 0.6241486068111455 0.75 0.6291021671826625 0.7690476190476191 0.6346749226006192 0.7797619047619048 0.6681114551083591 0.7797619047619048 0.6681114551083591 0.7154761904761905 0.6631578947368421 0.6035714285714285 0.6625386996904025 0.6 0.6575851393188854 0.5904761904761905 0.6111455108359133 0.5904761904761905 
20 0.5845201238390093 0.5904761904761905 0.5795665634674922 0.6 0.5795665634674922 0.6547619047619048 0.5993808049535604 0.7797619047619048 0.6043343653250774 0.7988095238095239 0.6136222910216719 0.7988095238095239 0.6179566563467492 0.7892857142857143 0.6185758513931888 0.7869047619047619 0.6185758513931888 0.6392857142857142 0.6136222910216719 0.6023809523809524 0.6130030959752322 0.6 0.6018575851393189 0.5904761904761905 0.5845201238390093 0.5904761904761905 
21 0.5647058823529412 0.580952380952381 0.5597523219814241 0.5904761904761905 0.5547987616099072 0.6011904761904762 0.5547987616099072 0.6547619047619048 0.5597523219814241 0.7226190476190476 0.5647058823529412 0.7559523809523809 0.5653250773993808 0.7595238095238095 0.5746130030959752 0.7988095238095239 0.5820433436532507 0.7988095238095239 0.5839009287925696 0.7976190476190477 0.5839009287925696 0.5916666666666667 0.5789473684210527 0.580952380952381 0.5647058823529412 0.580952380952381 
22 0.5455108359133127 0.5714285714285714 0.5399380804953561 0.580952380952381 0.5356037151702786 0.5904761904761905 0.534984520123839 0.5952380952380952 0.534984520123839 0.675 0.544891640866873 0.7761904761904762 0.5455108359133127 0.7797619047619048 0.5498452012383901 0.7988095238095239 0.5585139318885449 0.7988095238095239 0.5591331269349845 0.7976190476190477 0.5640866873065016 0.7702380952380953 0.5640866873065016 0.6666666666666666 0.5591331269349845 0.5916666666666667 0.5492260061919505 0.5726190476190476 0.5479876160990712 0.5714285714285714 0.5455108359133127 0.5714285714285714 
23 0.5201238390092879 0.5904761904761905 0.5102167182662539 0.6 0.5102167182662539 0.6166666666666667 0.5201238390092879 0.7690476190476191 0.5207430340557275 0.7702380952380953 0.5331269349845201 0.7702380952380953 0.5343653250773994 0.7690476190476191 0.5393188854489164 0.6714285714285714 0.5393188854489164 0.5904761904761905 0.5201238390092879 0.5904761904761905 
24 0.5009287925696595 0.5904761904761905 0.4953560371517028 0.6 0.4953560371517028 0.7226190476190476 0.5003095975232198 0.7797619047619048 0.5139318885448917 0.7797619047619048 0.5195046439628483 0.7702380952380953 0.5195046439628483 0.6 0.5145510835913313 0.5904761904761905 0.5009287925696595 0.5904761904761905 
25 0.4761609907120743 0.6 0.47554179566563465 0.6035714285714285 0.47554179566563465 0.655952380952381 0.4854489164086687 0.7380952380952381 0.48606811145510836 0.7416666666666667 0.49411764705882355 0.7416666666666667 0.49473684210526314 0.7404761904761905 0.4996904024767802 0.6833333333333333 0.4996904024767802 0.6 0.4761609907120743 0.6 
26 0.4662538699690402 0.5904761904761905 0.46068111455108357 0.6 0.46068111455108357 0.7226190476190476 0.46563467492260063 0.7404761904761905 0.4712074303405573 0.7511904761904762 0.47987616099071206 0.7511904761904762 0.47987616099071206 0.5904761904761905 0.4662538699690402 0.5904761904761905 
27 0.4458204334365325 0.5904761904761905 0.4408668730650155 0.6 0.4359133126934985 0.6190476190476191 0.4359133126934985 0.7988095238095239 0.44148606811145513 0.8083333333333333 0.4538699690402477 0.8083333333333333 0.4551083591331269 0.8071428571428572 0.460061919504644 0.7892857142857143 0.465015479876161 0.7321428571428571 0.465015479876161 0.6 0.45944272445820433 0.5904761904761905 0.4458204334365325 0.5904761904761905 
28 0.421671826625387 0.6 0.4117647058823529 0.6190476190476191 0.41114551083591333 0.6214285714285714 0.41114551083591333 0.6821428571428572 0.41609907120743034 0.7880952380952381 0.42105263157894735 0.7988095238095239 0.43034055727554177 0.7988095238095239 0.43529411764705883 0.7880952380952381 0.44024767801857584 0.7595238095238095 0.4452012383900929 0.6845238095238095 0.4452012383900929 0.6571428571428571 0.44024767801857584 0.6095238095238096 0.43529411764705883 0.6 0.421671826625387 0.6 
29 0.3913312693498452 0.6 0.3863777089783282 0.6107142857142858 0.3814241486068111 0.638095238095238 0.3814241486068111 0.7892857142857143 0.3913312693498452 0.8166666666666667 0.3931888544891641 0.8178571428571428 0.3938080495356037 0.8178571428571428 0.3956656346749226 0.8166666666666667 0.4006191950464396 0.8083333333333333 0.4055727554179567 0.7702380952380953 0.42043343653250775 0.6273809523809524 0.42043343653250775 0.6202380952380953 0.4148606811145511 0.6095238095238096 0.4055727554179567 0.6 0.3913312693498452 0.6 
30 0.35789473684210527 0.5904761904761905 0.34241486068111454 0.6 0.34179566563467495 0.6011904761904762 0.3318885448916409 0.7142857142857143 0.3318885448916409 0.7892857142857143 0.37089783281733746 0.7892857142857143 0.3746130030959752 0.7797619047619048 0.37585139318885447 0.7761904761904762 0.38080495356037153 0.7607142857142857 0.3907120743034056 0.6464285714285715 0.3907120743034056 0.6095238095238096 0.3851393188854489 0.6 0.36594427244582045 0.5916666666666667 0.3628482972136223 0.5904761904761905 0.35789473684210527 0.5904761904761905 
31 0.29721362229102166 0.5904761904761905 0.29287925696594425 0.6 0.29226006191950465 0.6023809523809524 0.2873065015479876 0.7166666666666667 0.2873065015479876 0.7511904761904762 0.30712074303405573 0.7702380952380953 0.3263157894736842 0.7702380952380953 0.33126934984520123 0.7595238095238095 0.33622291021671824 0.7321428571428571 0.3461300309597523 0.6535714285714286 0.3461300309597523 0.6095238095238096 0.339938080495356 0.6 0.3108359133126935 0.5904761904761905 0.29721362229102166 0.5904761904761905 
32 0.2786377708978328 0.6 0.25758513931888544 0.6107142857142858 0.243343653250774 0.6297619047619047 0.24272445820433436 0.6309523809523809 0.24272445820433436 0.6547619047619048 0.2476780185758514 0.7607142857142857 0.29102167182662536 0.7607142857142857 0.291640866873065 0.7583333333333333 0.29659442724458207 0.6630952380952381 0.29659442724458207 0.6285714285714286 0.291640866873065 0.6011904761904762 0.29102167182662536 0.6 0.2786377708978328 0.6 