2 0.29226006191950465 0.23809523809523808 0.2873065015479876 0.25952380952380955 0.2674922600619195 0.3821428571428571 0.2674922600619195 0.40476190476190477 0.26811145510835915 0.40714285714285714 0.2724458204334365 0.41785714285714287 0.2823529411764706 0.42738095238095236 0.29721362229102166 0.4369047619047619 0.3108359133126935 0.4369047619047619 0.31640866873065016 0.4261904761904762 0.32136222910216716 0.4083333333333333 0.33126934984520123 0.3476190476190476 0.33622291021671824 0.3119047619047619 0.33622291021671824 0.25952380952380955 0.33560371517027865 0.2571428571428571 0.3263157894736842 0.23809523809523808 0.29226006191950465 0.23809523809523808 
3 0.3318885448916409 0.2761904761904762 0.3269349845201238 0.30714285714285716 0.31207430340557274 0.4011904761904762 0.31207430340557274 0.45595238095238094 0.33746130030959753 0.4845238095238095 0.3504643962848297 0.4845238095238095 0.3609907120743034 0.475 0.36594427244582045 0.44642857142857145 0.37585139318885447 0.35 0.37585139318885447 0.3238095238095238 0.36470588235294116 0.3047619047619048 0.3411764705882353 0.2761904761904762 0.3318885448916409 0.2761904761904762 
4 0.38204334365325077 0.3047619047619048 0.3764705882352941 0.31547619047619047 0.3715170278637771 0.3333333333333333 0.36160990712074303 0.3904761904761905 0.35170278637770896 0.4666666666666667 0.35170278637770896 0.48333333333333334 0.3622291021671827 0.5035714285714286 0.3715170278637771 0.513095238095238 0.3851393188854489 0.513095238095238 0.3956656346749226 0.5035714285714286 0.4006191950464396 0.4654761904761905 0.4006191950464396 0.3142857142857143 0.3956656346749226 0.3047619047619048 0.38204334365325077 0.3047619047619048 
6 0.3975232198142415 0.26666666666666666 0.39628482972136225 0.26785714285714285 0.3925696594427245 0.2761904761904762 0.3913312693498452 0.2976190476190476 0.3913312693498452 0.5202380952380953 0.39195046439628484 0.5226190476190476 0.40123839009287926 0.5416666666666666 0.4346749226006192 0.5416666666666666 0.43529411764705883 0.5380952380952381 0.44024767801857584 0.5035714285714286 0.44024767801857584 0.4226190476190476 0.4154798761609907 0.26666666666666666 0.3975232198142415 0.26666666666666666 
7 0.4359133126934985 0.4 0.4309597523219814 0.49523809523809526 0.4309597523219814 0.5416666666666666 0.4359133126934985 0.5511904761904762 0.45077399380804956 0.5607142857142857 0.4693498452012384 0.5607142857142857 0.469969040247678 0.5595238095238095 0.47492260061919506 0.5321428571428571 0.47492260061919506 0.49523809523809526 0.469969040247678 0.4095238095238095 0.465015479876161 0.4 0.4359133126934985 0.4 
8 0.47058823529411764 0.26666666666666666 0.46563467492260063 0.2761904761904762 0.46068111455108357 0.38452380952380955 0.46068111455108357 0.41785714285714287 0.46563467492260063 0.5678571428571428 0.4662538699690402 0.5702380952380952 0.503405572755418 0.5702380952380952 0.5046439628482973 0.5678571428571428 0.5046439628482973 0.42142857142857143 0.48978328173374613 0.26666666666666666 0.47058823529411764 0.26666666666666666 
9 0.5114551083591331 0.4095238095238095 0.5102167182662539 0.4107142857142857 0.5058823529411764 0.41904761904761906 0.5003095975232198 0.4392857142857143 0.5003095975232198 0.5702380952380952 0.5386996904024768 0.5702380952380952 0.5393188854489164 0.569047619047619 0.5442724458204334 0.49404761904761907 0.5442724458204334 0.42857142857142855 0.5337461300309597 0.4095238095238095 0.5114551083591331 0.4095238095238095 
10 0.534984520123839 0.2761904761904762 0.534984520123839 0.5571428571428572 0.5356037151702786 0.5595238095238095 0.5362229102167183 0.5607142857142857 0.544891640866873 0.569047619047619 0.5467492260061919 0.5702380952380952 0.5684210526315789 0.5702380952380952 0.5739938080495356 0.5595238095238095 0.5739938080495356 0.47619047619047616 0.5640866873065016 0.325 0.5591331269349845 0.2869047619047619 0.5585139318885449 0.2857142857142857 0.5535603715170279 0.2773809523809524 0.5523219814241486 0.2761904761904762 0.534984520123839 0.2761904761904762 
11 0.5702786377708978 0.41904761904761906 0.5647058823529412 0.4380952380952381 0.5647058823529412 0.48333333333333334 0.5696594427244582 0.5595238095238095 0.5702786377708978 0.5607142857142857 0.5931888544891641 0.5607142857142857 0.5987616099071208 0.5511904761904762 0.6037151702786377 0.5404761904761904 0.6037151702786377 0.5071428571428571 0.5987616099071208 0.42857142857142855 0.5938080495356037 0.41904761904761906 0.5702786377708978 0.41904761904761906 
12 0.5851393188854489 0.2857142857142857 0.5845201238390093 0.28809523809523807 0.5845201238390093 0.3488095238095238 0.5894736842105263 0.43452380952380953 0.5944272445820433 0.5107142857142857 0.5993808049535604 0.5416666666666666 0.6260061919504644 0.5416666666666666 0.628482972136223 0.5404761904761904 0.628482972136223 0.48928571428571427 0.6136222910216719 0.34285714285714286 0.6037151702786377 0.2857142857142857 0.5851393188854489 0.2857142857142857 
13 0.6191950464396285 0.2761904761904762 0.6142414860681115 0.29523809523809524 0.6099071207430341 0.3142857142857143 0.6092879256965944 0.319047619047619 0.6092879256965944 0.4142857142857143 0.6191950464396285 0.49404761904761907 0.6241486068111455 0.5214285714285715 0.6253869969040248 0.5226190476190476 0.643343653250774 0.5226190476190476 0.6526315789473685 0.513095238095238 0.653250773993808 0.5119047619047619 0.653250773993808 0.4595238095238095 0.638390092879257 0.2869047619047619 0.6334365325077399 0.2761904761904762 0.6191950464396285 0.2761904761904762 
14 0.6507739938080496 0.3047619047619048 0.6495356037151703 0.305952380952381 0.6445820433436532 0.3142857142857143 0.6346749226006192 0.3333333333333333 0.6340557275541796 0.33690476190476193 0.6340557275541796 0.3892857142857143 0.6390092879256966 0.4452380952380952 0.6495356037151703 0.49404761904761907 0.6538699690402476 0.5035714285714286 0.6718266253869969 0.5035714285714286 0.6730650154798762 0.5023809523809524 0.6780185758513931 0.49404761904761907 0.6879256965944273 0.475 0.6928792569659443 0.4642857142857143 0.6928792569659443 0.444047619047619 0.6829721362229102 0.325 0.6780185758513931 0.3142857142857143 0.6674922600619195 0.3047619047619048 0.6507739938080496 0.3047619047619048 
15 0.679876160990712 0.26666666666666666 0.6786377708978328 0.26785714285714285 0.6687306501547987 0.3142857142857143 0.6687306501547987 0.32142857142857145 0.6786377708978328 0.41785714285714287 0.6835913312693499 0.44642857142857145 0.6891640866873066 0.45595238095238094 0.7058823529411765 0.45595238095238094 0.7077399380804954 0.45476190476190476 0.7269349845201238 0.4369047619047619 0.7275541795665634 0.4357142857142857 0.7275541795665634 0.38333333333333336 0.7176470588235294 0.3047619047619048 0.7126934984520124 0.2869047619047619 0.7077399380804954 0.2761904761904762 0.6922600619195046 0.26666666666666666 0.679876160990712 0.26666666666666666 
18 0.7003095975232199 0.44761904761904764 0.698452012383901 0.4488095238095238 0.6786377708978328 0.4666666666666667 0.6736842105263158 0.47619047619047616 0.6736842105263158 0.513095238095238 0.6885448916408669 0.55 0.708359133126935 0.5892857142857143 0.7232198142414861 0.6178571428571429 0.7417956656346749 0.6178571428571429 0.7671826625386997 0.5797619047619048 0.7671826625386997 0.5428571428571428 0.7616099071207431 0.5238095238095238 0.7523219814241486 0.5047619047619047 0.7226006191950465 0.44761904761904764 0.7003095975232199 0.44761904761904764 
19 0.6538699690402476 0.49523809523809526 0.6340557275541796 0.5142857142857142 0.6340557275541796 0.55 0.6538699690402476 0.6178571428571429 0.6687306501547987 0.655952380952381 0.6835913312693499 0.6833333333333333 0.6848297213622291 0.6845238095238095 0.6928792569659443 0.6845238095238095 0.7170278637770898 0.6273809523809524 0.7176470588235294 0.6226190476190476 0.7176470588235294 0.6095238095238096 0.7071207430340557 0.5726190476190476 0.6978328173374613 0.544047619047619 0.6879256965944273 0.5142857142857142 0.6780185758513931 0.49523809523809526 0.6538699690402476 0.49523809523809526 
20 0.6241486068111455 0.5142857142857142 0.604953560371517 0.5333333333333333 0.6043343653250774 0.5345238095238095 0.6043343653250774 0.5607142857142857 0.6241486068111455 0.6357142857142857 0.6439628482972136 0.6845238095238095 0.6544891640866873 0.7035714285714286 0.6631578947368421 0.7035714285714286 0.6681114551083591 0.6916666666666667 0.6681114551083591 0.6785714285714286 0.6582043343653251 0.6095238095238096 0.643343653250774 0.5428571428571428 0.638390092879257 0.5238095238095238 0.6328173374613003 0.5142857142857142 0.6241486068111455 0.5142857142857142 
21 0.5913312693498453 0.5428571428571428 0.590092879256966 0.544047619047619 0.5851393188854489 0.5523809523809524 0.5845201238390093 0.5547619047619048 0.5845201238390093 0.6166666666666667 0.5894736842105263 0.6464285714285715 0.5944272445820433 0.675 0.5993808049535604 0.7011904761904761 0.6 0.7035714285714286 0.6099071207430341 0.7321428571428571 0.628482972136223 0.7321428571428571 0.628482972136223 0.6452380952380953 0.6235294117647059 0.5857142857142857 0.6229102167182663 0.580952380952381 0.6130030959752322 0.5523809523809524 0.6086687306501548 0.5428571428571428 0.5913312693498453 0.5428571428571428 
22 0.5547987616099072 0.5619047619047619 0.5498452012383901 0.5714285714285714 0.5498452012383901 0.655952380952381 0.5597523219814241 0.6928571428571428 0.5851393188854489 0.7416666666666667 0.6030959752321982 0.7416666666666667 0.6037151702786377 0.736904761904762 0.6037151702786377 0.7047619047619048 0.5987616099071208 0.6571428571428571 0.5938080495356037 0.6202380952380953 0.5888544891640867 0.5904761904761905 0.5839009287925696 0.5714285714285714 0.5739938080495356 0.5619047619047619 0.5547987616099072 0.5619047619047619 
23 0.5256965944272446 0.580952380952381 0.525077399380805 0.5845238095238096 0.525077399380805 0.675 0.530030959752322 0.7011904761904761 0.534984520123839 0.7214285714285714 0.5405572755417957 0.7321428571428571 0.5529411764705883 0.7321428571428571 0.5541795665634675 0.7297619047619047 0.5591331269349845 0.680952380952381 0.5591331269349845 0.6404761904761904 0.5541795665634675 0.5821428571428572 0.5535603715170279 0.580952380952381 0.5256965944272446 0.580952380952381 
24 0.5003095975232198 0.5904761904761905 0.5003095975232198 0.6845238095238095 0.5052631578947369 0.7035714285714286 0.5108359133126935 0.7226190476190476 0.5238390092879257 0.7226190476190476 0.5244582043343653 0.7214285714285714 0.5294117647058824 0.7035714285714286 0.5294117647058824 0.6095238095238096 0.5244582043343653 0.5928571428571429 0.5226006191950464 0.5904761904761905 0.5003095975232198 0.5904761904761905 
25 0.4718266253869969 0.580952380952381 0.47058823529411764 0.5821428571428572 0.47058823529411764 0.6738095238095239 0.47554179566563465 0.7107142857142857 0.48173374613003095 0.7226190476190476 0.4996904024767802 0.7226190476190476 0.5040247678018576 0.7130952380952381 0.5046439628482973 0.7107142857142857 0.5046439628482973 0.6107142857142858 0.4996904024767802 0.5916666666666667 0.49473684210526314 0.580952380952381 0.4718266253869969 0.580952380952381 
26 0.44643962848297214 0.5714285714285714 0.4458204334365325 0.5726190476190476 0.4359133126934985 0.6 0.42105263157894735 0.6857142857142857 0.42105263157894735 0.7309523809523809 0.421671826625387 0.7321428571428571 0.44458204334365325 0.7321428571428571 0.4501547987616099 0.7226190476190476 0.465015479876161 0.6928571428571428 0.469969040247678 0.675 0.47492260061919506 0.655952380952381 0.47987616099071206 0.5869047619047619 0.47987616099071206 0.580952380952381 0.4743034055727554 0.5714285714285714 0.44643962848297214 0.5714285714285714 
27 0.42105263157894735 0.5428571428571428 0.41114551083591333 0.5523809523809524 0.40123839009287926 0.5821428571428572 0.39628482972136225 0.6095238095238096 0.3913312693498452 0.638095238095238 0.3913312693498452 0.7023809523809523 0.39628482972136225 0.7214285714285714 0.39876160990712073 0.7226190476190476 0.4154798761609907 0.7226190476190476 0.4501547987616099 0.5988095238095238 0.4501547987616099 0.5523809523809524 0.4452012383900929 0.5428571428571428 0.42105263157894735 0.5428571428571428 
28 0.3876160990712074 0.5047619047619047 0.3863777089783282 0.5059523809523809 0.3764705882352941 0.5238095238095238 0.3721362229102167 0.5333333333333333 0.36160990712074303 0.5630952380952381 0.36160990712074303 0.6654761904761904 0.3801857585139319 0.6654761904761904 0.38575851393188854 0.655952380952381 0.3907120743034056 0.6452380952380953 0.4006191950464396 0.6178571428571429 0.4105263157894737 0.5892857142857143 0.4154798761609907 0.569047619047619 0.4154798761609907 0.5357142857142857 0.4148606811145511 0.5333333333333333 0.39442724458204337 0.5047619047619047 0.3876160990712074 0.5047619047619047 
30 0.33869969040247677 0.4666666666666667 0.3368421052631579 0.46785714285714286 0.32755417956656346 0.47619047619047616 0.3219814241486068 0.49523809523809526 0.3021671826625387 0.5630952380952381 0.29721362229102166 0.5833333333333334 0.29721362229102166 0.6178571428571429 0.3021671826625387 0.6261904761904762 0.32321981424148605 0.6523809523809524 0.3263157894736842 0.655952380952381 0.34055727554179566 0.655952380952381 0.3609907120743034 0.6166666666666667 0.37585139318885447 0.5607142857142857 0.38575851393188854 0.5214285714285715 0.38575851393188854 0.5071428571428571 0.3851393188854489 0.5047619047619047 0.3609907120743034 0.47619047619047616 0.3504643962848297 0.4666666666666667 0.33869969040247677 0.4666666666666667 
31 0.28792569659442724 0.42857142857142855 0.2773993808049536 0.4392857142857143 0.24272445820433436 0.5333333333333333 0.24272445820433436 0.5595238095238095 0.248297213622291 0.5702380952380952 0.27987616099071205 0.5988095238095238 0.291640866873065 0.5988095238095238 0.30092879256965943 0.5892857142857143 0.3108359133126935 0.5702380952380952 0.32136222910216716 0.5416666666666666 0.3411764705882353 0.48333333333333334 0.3411764705882353 0.4666666666666667 0.33622291021671824 0.45714285714285713 0.33126934984520123 0.4488095238095238 0.31145510835913315 0.42857142857142855 0.28792569659442724 0.42857142857142855 