2 0.3021671826625387 0.37142857142857144 0.29226006191950465 0.38095238095238093 0.2873065015479876 0.4011904761904762 0.2823529411764706 0.4380952380952381 0.2773993808049536 0.5333333333333333 0.2773993808049536 0.5511904761904762 0.2823529411764706 0.5607142857142857 0.29721362229102166 0.5702380952380952 0.31640866873065016 0.5702380952380952 0.32074303405572757 0.5607142857142857 0.32136222910216716 0.5583333333333333 0.32136222910216716 0.49523809523809526 0.31640866873065016 0.38452380952380955 0.3157894736842105 0.38095238095238093 0.3108359133126935 0.37142857142857144 0.3021671826625387 0.37142857142857144 
3 0.34241486068111454 0.37142857142857144 0.3368421052631579 0.38095238095238093 0.3219814241486068 0.4095238095238095 0.3170278637770898 0.5047619047619047 0.3170278637770898 0.55 0.3219814241486068 0.5607142857142857 0.3269349845201238 0.569047619047619 0.3368421052631579 0.5702380952380952 0.3653250773993808 0.5702380952380952 0.36594427244582045 0.569047619047619 0.36594427244582045 0.49523809523809526 0.3609907120743034 0.4 0.3560371517027864 0.3726190476190476 0.3541795665634675 0.37142857142857144 0.34241486068111454 0.37142857142857144 
4 0.373374613003096 0.37142857142857144 0.3715170278637771 0.3726190476190476 0.3671826625386997 0.38095238095238093 0.36656346749226004 0.38571428571428573 0.36160990712074303 0.5047619047619047 0.36160990712074303 0.5583333333333333 0.3622291021671827 0.5607142857142857 0.3671826625386997 0.5702380952380952 0.3907120743034056 0.5702380952380952 0.3956656346749226 0.5595238095238095 0.3956656346749226 0.5142857142857142 0.3907120743034056 0.39285714285714285 0.39009287925696595 0.3904761904761905 0.38575851393188854 0.38095238095238093 0.38080495356037153 0.3726190476190476 0.37894736842105264 0.37142857142857144 0.373374613003096 0.37142857142857144 
5 0.39195046439628484 0.3619047619047619 0.3913312693498452 0.3630952380952381 0.3863777089783282 0.5059523809523809 0.3863777089783282 0.5190476190476191 0.3913312693498452 0.5702380952380952 0.40990712074303404 0.5702380952380952 0.42043343653250775 0.5607142857142857 0.43034055727554177 0.5511904761904762 0.43034055727554177 0.5166666666666667 0.4154798761609907 0.4095238095238095 0.4105263157894737 0.38095238095238093 0.4055727554179567 0.3630952380952381 0.4043343653250774 0.3619047619047619 0.39195046439628484 0.3619047619047619 
6 0.42229102167182664 0.34285714285714286 0.42105263157894735 0.34404761904761905 0.41609907120743034 0.39285714285714285 0.41609907120743034 0.513095238095238 0.42105263157894735 0.5595238095238095 0.421671826625387 0.5607142857142857 0.443343653250774 0.5607142857142857 0.4544891640866873 0.55 0.4551083591331269 0.5464285714285714 0.4551083591331269 0.5166666666666667 0.4501547987616099 0.44047619047619047 0.4452012383900929 0.4 0.44024767801857584 0.3630952380952381 0.4346749226006192 0.34404761904761905 0.43343653250773995 0.34285714285714286 0.42229102167182664 0.34285714285714286 
7 0.4569659442724458 0.37142857142857144 0.45572755417956656 0.3726190476190476 0.45139318885448915 0.3904761904761905 0.4458204334365325 0.5059523809523809 0.4458204334365325 0.5214285714285715 0.45139318885448915 0.5416666666666666 0.45572755417956656 0.55 0.4569659442724458 0.5511904761904762 0.4792569659442725 0.5511904761904762 0.47987616099071206 0.5488095238095239 0.47987616099071206 0.4857142857142857 0.47492260061919506 0.38333333333333336 0.4743034055727554 0.38095238095238093 0.469969040247678 0.37142857142857144 0.4569659442724458 0.37142857142857144 
8 0.4804953560371517 0.34285714285714286 0.47554179566563465 0.3619047619047619 0.47554179566563465 0.5595238095238095 0.4761609907120743 0.5607142857142857 0.5040247678018576 0.5607142857142857 0.5046439628482973 0.5595238095238095 0.5046439628482973 0.45714285714285713 0.4996904024767802 0.3619047619047619 0.49473684210526314 0.34285714285714286 0.4804953560371517 0.34285714285714286 
9 0.5052631578947369 0.3333333333333333 0.4953560371517028 0.42857142857142855 0.4953560371517028 0.46785714285714286 0.5003095975232198 0.5607142857142857 0.5275541795665635 0.5607142857142857 0.5294117647058824 0.5583333333333333 0.5337461300309597 0.5511904761904762 0.5343653250773994 0.5488095238095239 0.5343653250773994 0.5154761904761904 0.5244582043343653 0.3333333333333333 0.5052631578947369 0.3333333333333333 
10 0.5399380804953561 0.41904761904761906 0.534984520123839 0.42142857142857143 0.530030959752322 0.4297619047619048 0.525077399380805 0.4392857142857143 0.525077399380805 0.5511904761904762 0.5492260061919505 0.5511904761904762 0.5541795665634675 0.49404761904761907 0.5541795665634675 0.4392857142857143 0.5492260061919505 0.42142857142857143 0.5486068111455108 0.42023809523809524 0.5473684210526316 0.41904761904761906 0.5399380804953561 0.41904761904761906 
11 0.5647058823529412 0.3523809523809524 0.5597523219814241 0.3619047619047619 0.5498452012383901 0.4392857142857143 0.544891640866873 0.4988095238095238 0.544891640866873 0.5678571428571428 0.5455108359133127 0.5702380952380952 0.5547987616099072 0.5797619047619048 0.5777089783281734 0.5797619047619048 0.5789473684210527 0.5773809523809523 0.5839009287925696 0.5607142857142857 0.5839009287925696 0.4773809523809524 0.5789473684210527 0.3523809523809524 0.5647058823529412 0.3523809523809524 
12 0.5894736842105263 0.3619047619047619 0.5845201238390093 0.3726190476190476 0.5795665634674922 0.4 0.5746130030959752 0.44285714285714284 0.5746130030959752 0.5702380952380952 0.5857585139318885 0.5797619047619048 0.6030959752321982 0.5797619047619048 0.6086687306501548 0.569047619047619 0.6099071207430341 0.5607142857142857 0.6099071207430341 0.5428571428571428 0.6080495356037152 0.4 0.6037151702786377 0.3738095238095238 0.5987616099071208 0.3619047619047619 0.5894736842105263 0.3619047619047619 
15 0.6445820433436532 0.3904761904761905 0.6340557275541796 0.42857142857142855 0.6291021671826625 0.45714285714285713 0.6241486068111455 0.4869047619047619 0.6241486068111455 0.5702380952380952 0.6297213622291021 0.5797619047619048 0.6780185758513931 0.5797619047619048 0.6780185758513931 0.4666666666666667 0.6631578947368421 0.39166666666666666 0.6625386996904025 0.3904761904761905 0.6445820433436532 0.3904761904761905 
16 0.6897832817337461 0.37142857142857144 0.6885448916408669 0.3726190476190476 0.6786377708978328 0.3904761904761905 0.6687306501547987 0.4095238095238095 0.6687306501547987 0.5392857142857143 0.6736842105263158 0.5702380952380952 0.6786377708978328 0.5797619047619048 0.6978328173374613 0.5797619047619048 0.7176470588235294 0.5702380952380952 0.7226006191950465 0.5607142857142857 0.7226006191950465 0.5333333333333333 0.7176470588235294 0.39166666666666666 0.7077399380804954 0.37142857142857144 0.6897832817337461 0.37142857142857144 
18 0.6637770897832818 0.5714285714285714 0.6538699690402476 0.580952380952381 0.6538699690402476 0.6357142857142857 0.6637770897832818 0.6833333333333333 0.6687306501547987 0.7023809523809523 0.6792569659442724 0.7321428571428571 0.698452012383901 0.7690476190476191 0.7009287925696595 0.7702380952380953 0.7077399380804954 0.7702380952380953 0.7325077399380805 0.7416666666666667 0.7374613003095976 0.7321428571428571 0.7374613003095976 0.6857142857142857 0.7126934984520124 0.5916666666666667 0.7077399380804954 0.580952380952381 0.7021671826625387 0.5714285714285714 0.6637770897832818 0.5714285714285714 
19 0.6037151702786377 0.5904761904761905 0.6006191950464397 0.594047619047619 0.5993808049535604 0.5976190476190476 0.5993808049535604 0.6464285714285715 0.6142414860681115 0.7285714285714285 0.6191950464396285 0.75 0.6247678018575852 0.7702380952380953 0.6340557275541796 0.7892857142857143 0.6396284829721363 0.7988095238095239 0.643343653250774 0.7988095238095239 0.6823529411764706 0.7797619047619048 0.6829721362229102 0.7773809523809524 0.6829721362229102 0.736904761904762 0.6780185758513931 0.7047619047619048 0.6730650154798762 0.6761904761904762 0.6582043343653251 0.594047619047619 0.653250773993808 0.5904761904761905 0.6037151702786377 0.5904761904761905 
20 0.5795665634674922 0.580952380952381 0.5696594427244582 0.6 0.5696594427244582 0.6369047619047619 0.5795665634674922 0.694047619047619 0.5894736842105263 0.7321428571428571 0.5944272445820433 0.75 0.5993808049535604 0.7607142857142857 0.6092879256965944 0.7797619047619048 0.614860681114551 0.7892857142857143 0.6235294117647059 0.7892857142857143 0.628482972136223 0.7785714285714286 0.628482972136223 0.7535714285714286 0.6086687306501548 0.5916666666666667 0.6030959752321982 0.580952380952381 0.5795665634674922 0.580952380952381 
21 0.5554179566563467 0.580952380952381 0.544891640866873 0.6 0.544891640866873 0.6369047619047619 0.5498452012383901 0.6726190476190477 0.5647058823529412 0.7309523809523809 0.5845201238390093 0.7976190476190477 0.5857585139318885 0.7988095238095239 0.5987616099071208 0.7988095238095239 0.5987616099071208 0.7619047619047619 0.5839009287925696 0.580952380952381 0.5554179566563467 0.580952380952381 
22 0.534984520123839 0.6 0.525077399380805 0.6190476190476191 0.525077399380805 0.6547619047619048 0.530030959752322 0.7130952380952381 0.5498452012383901 0.7892857142857143 0.5597523219814241 0.8178571428571428 0.573374613003096 0.8178571428571428 0.5739938080495356 0.8142857142857143 0.5739938080495356 0.7714285714285715 0.5690402476780185 0.7047619047619048 0.5492260061919505 0.6 0.534984520123839 0.6 
23 0.5157894736842106 0.5714285714285714 0.5151702786377709 0.5726190476190476 0.5102167182662539 0.638095238095238 0.5102167182662539 0.7583333333333333 0.5108359133126935 0.7607142857142857 0.5188854489164086 0.7607142857142857 0.5244582043343653 0.75 0.5294117647058824 0.7321428571428571 0.5393188854489164 0.694047619047619 0.5442724458204334 0.6071428571428571 0.5442724458204334 0.5821428571428572 0.5393188854489164 0.5714285714285714 0.5157894736842106 0.5714285714285714 
24 0.4953560371517028 0.5714285714285714 0.4953560371517028 0.75 0.496594427244582 0.7511904761904762 0.503405572755418 0.7511904761904762 0.5046439628482973 0.75 0.5095975232198142 0.7416666666666667 0.5145510835913313 0.7309523809523809 0.5195046439628483 0.7 0.5195046439628483 0.5714285714285714 0.4953560371517028 0.5714285714285714 
25 0.48606811145510836 0.5714285714285714 0.4854489164086687 0.5726190476190476 0.4804953560371517 0.5916666666666667 0.47554179566563465 0.6333333333333333 0.47554179566563465 0.6452380952380953 0.4804953560371517 0.7416666666666667 0.49226006191950467 0.7416666666666667 0.49411764705882355 0.7392857142857143 0.49473684210526314 0.736904761904762 0.49907120743034056 0.7035714285714286 0.4996904024767802 0.6964285714285714 0.4996904024767802 0.5726190476190476 0.4984520123839009 0.5714285714285714 0.48606811145510836 0.5714285714285714 
26 0.46563467492260063 0.5714285714285714 0.46068111455108357 0.6511904761904762 0.46068111455108357 0.7392857142857143 0.4662538699690402 0.7607142857142857 0.47492260061919506 0.7607142857142857 0.47987616099071206 0.7511904761904762 0.48978328173374613 0.5988095238095238 0.48978328173374613 0.5714285714285714 0.46563467492260063 0.5714285714285714 
27 0.4458204334365325 0.580952380952381 0.4408668730650155 0.5916666666666667 0.42105263157894735 0.763095238095238 0.42105263157894735 0.8083333333333333 0.44024767801857584 0.8083333333333333 0.44458204334365325 0.7892857142857143 0.460061919504644 0.7107142857142857 0.465015479876161 0.6833333333333333 0.469969040247678 0.6452380952380953 0.469969040247678 0.5821428571428572 0.4693498452012384 0.580952380952381 0.4458204334365325 0.580952380952381 
28 0.41609907120743034 0.580952380952381 0.4117647058823529 0.6 0.41114551083591333 0.6035714285714285 0.41114551083591333 0.7785714285714286 0.4117647058823529 0.7797619047619048 0.4247678018575851 0.7797619047619048 0.42538699690402476 0.7785714285714286 0.43034055727554177 0.7607142857142857 0.43529411764705883 0.7404761904761905 0.44024767801857584 0.6964285714285714 0.4452012383900929 0.6464285714285715 0.4452012383900929 0.594047619047619 0.44458204334365325 0.5904761904761905 0.44024767801857584 0.580952380952381 0.41609907120743034 0.580952380952381 
29 0.3863777089783282 0.580952380952381 0.3814241486068111 0.5916666666666667 0.3764705882352941 0.65 0.3764705882352941 0.7511904761904762 0.3814241486068111 0.7690476190476191 0.3826625386996904 0.7702380952380953 0.3907120743034056 0.7702380952380953 0.3956656346749226 0.7595238095238095 0.4006191950464396 0.7416666666666667 0.4105263157894737 0.6845238095238095 0.42043343653250775 0.6083333333333333 0.42043343653250775 0.5916666666666667 0.4154798761609907 0.580952380952381 0.3863777089783282 0.580952380952381 
30 0.3430340557275542 0.5714285714285714 0.3318885448916409 0.580952380952381 0.3219814241486068 0.6571428571428571 0.3219814241486068 0.7607142857142857 0.35170278637770896 0.7702380952380953 0.36594427244582045 0.7702380952380953 0.37089783281733746 0.7583333333333333 0.37585139318885447 0.7321428571428571 0.38575851393188854 0.6333333333333333 0.38575851393188854 0.5821428571428572 0.38080495356037153 0.5714285714285714 0.3430340557275542 0.5714285714285714 
31 0.29287925696594425 0.5619047619047619 0.2873065015479876 0.5714285714285714 0.2724458204334365 0.6797619047619048 0.2724458204334365 0.7511904761904762 0.30526315789473685 0.7511904761904762 0.31145510835913315 0.7404761904761905 0.31640866873065016 0.7297619047619047 0.3263157894736842 0.6928571428571428 0.33622291021671824 0.6369047619047619 0.33622291021671824 0.5821428571428572 0.33126934984520123 0.5714285714285714 0.31021671826625385 0.5619047619047619 0.29287925696594425 0.5619047619047619 