2 0.24396284829721362 0.37142857142857144 0.23281733746130032 0.38095238095238093 0.21795665634674924 0.42023809523809524 0.20804953560371517 0.44761904761904764 0.20804953560371517 0.5107142857142857 0.2130030959752322 0.5214285714285715 0.2235294117647059 0.5321428571428571 0.25077399380804954 0.5321428571428571 0.2520123839009288 0.530952380952381 0.25696594427244585 0.5214285714285715 0.26191950464396285 0.49166666666666664 0.26191950464396285 0.39285714285714285 0.2563467492260062 0.37142857142857144 0.24396284829721362 0.37142857142857144 
3 0.2835913312693498 0.3619047619047619 0.2823529411764706 0.3630952380952381 0.27306501547987616 0.38095238095238093 0.2674922600619195 0.4 0.2625386996904025 0.42023809523809524 0.25263157894736843 0.5047619047619047 0.25263157894736843 0.5404761904761904 0.25758513931888544 0.5511904761904762 0.2625386996904025 0.5607142857142857 0.2736842105263158 0.5702380952380952 0.286687306501548 0.5702380952380952 0.3157894736842105 0.5607142857142857 0.31640866873065016 0.5595238095238095 0.31640866873065016 0.49523809523809526 0.3065015479876161 0.4 0.3015479876160991 0.3821428571428571 0.29659442724458207 0.37142857142857144 0.291640866873065 0.3619047619047619 0.2835913312693498 0.3619047619047619 
4 0.3170278637770898 0.3523809523809524 0.31207430340557274 0.3619047619047619 0.31207430340557274 0.5321428571428571 0.3219814241486068 0.5511904761904762 0.3455108359133127 0.5511904761904762 0.3510835913312694 0.5416666666666666 0.3560371517027864 0.5321428571428571 0.3560371517027864 0.5071428571428571 0.33622291021671824 0.3761904761904762 0.33560371517027865 0.3726190476190476 0.33126934984520123 0.3535714285714286 0.32941176470588235 0.3523809523809524 0.3170278637770898 0.3523809523809524 
5 0.35170278637770896 0.3619047619047619 0.34674922600619196 0.3726190476190476 0.34179566563467495 0.4095238095238095 0.3368421052631579 0.4583333333333333 0.3368421052631579 0.4738095238095238 0.34179566563467495 0.48333333333333334 0.3430340557275542 0.4845238095238095 0.38080495356037153 0.4845238095238095 0.38080495356037153 0.38095238095238093 0.3752321981424149 0.37142857142857144 0.3591331269349845 0.3619047619047619 0.35170278637770896 0.3619047619047619 
6 0.3814241486068111 0.3047619047619048 0.3715170278637771 0.4857142857142857 0.3715170278637771 0.513095238095238 0.37708978328173376 0.5321428571428571 0.3814241486068111 0.5416666666666666 0.3913312693498452 0.5511904761904762 0.4043343653250774 0.5511904761904762 0.4154798761609907 0.5416666666666666 0.42043343653250775 0.530952380952381 0.42043343653250775 0.45714285714285713 0.4154798761609907 0.38333333333333336 0.4055727554179567 0.3345238095238095 0.4006191950464396 0.31547619047619047 0.3956656346749226 0.3047619047619048 0.3814241486068111 0.3047619047619048 
7 0.44643962848297214 0.3142857142857143 0.44148606811145513 0.3238095238095238 0.4359133126934985 0.34285714285714286 0.43157894736842106 0.3619047619047619 0.4260061919504644 0.39166666666666666 0.41609907120743034 0.4666666666666667 0.41609907120743034 0.5035714285714286 0.42105263157894735 0.5226190476190476 0.4260061919504644 0.530952380952381 0.42724458204334365 0.5321428571428571 0.4588235294117647 0.5321428571428571 0.460061919504644 0.530952380952381 0.465015479876161 0.44642857142857145 0.465015479876161 0.33095238095238094 0.460061919504644 0.3142857142857143 0.44643962848297214 0.3142857142857143 
8 0.4854489164086687 0.3238095238095238 0.4804953560371517 0.3345238095238095 0.47554179566563465 0.3535714285714286 0.47058823529411764 0.3738095238095238 0.46563467492260063 0.4 0.46068111455108357 0.4380952380952381 0.4563467492260062 0.47619047619047616 0.45572755417956656 0.48333333333333334 0.45572755417956656 0.5321428571428571 0.5046439628482973 0.5321428571428571 0.5046439628482973 0.3238095238095238 0.4854489164086687 0.3238095238095238 
9 0.5263157894736842 0.34285714285714286 0.525077399380805 0.34404761904761905 0.5151702786377709 0.38095238095238093 0.5102167182662539 0.4035714285714286 0.5052631578947369 0.42857142857142855 0.5003095975232198 0.46785714285714286 0.5003095975232198 0.5297619047619048 0.5009287925696595 0.5321428571428571 0.5120743034055728 0.5416666666666666 0.5436532507739938 0.5416666666666666 0.5541795665634675 0.5214285714285715 0.5541795665634675 0.37142857142857144 0.5492260061919505 0.3523809523809524 0.5442724458204334 0.34285714285714286 0.5263157894736842 0.34285714285714286 
10 0.5702786377708978 0.3238095238095238 0.5647058823529412 0.34404761904761905 0.5597523219814241 0.37142857142857144 0.5547987616099072 0.4011904761904762 0.5498452012383901 0.44285714285714284 0.5498452012383901 0.4845238095238095 0.5653250773993808 0.49404761904761907 0.5839009287925696 0.49404761904761907 0.5882352941176471 0.475 0.5888544891640867 0.4714285714285714 0.5888544891640867 0.3333333333333333 0.5839009287925696 0.325 0.5826625386996904 0.3238095238095238 0.5702786377708978 0.3238095238095238 
11 0.614860681114551 0.3238095238095238 0.6092879256965944 0.34285714285714286 0.5845201238390093 0.4583333333333333 0.5845201238390093 0.5214285714285715 0.590092879256966 0.5416666666666666 0.5944272445820433 0.5511904761904762 0.6136222910216719 0.5511904761904762 0.6185758513931888 0.5416666666666666 0.628482972136223 0.48333333333333334 0.6334365325077399 0.4261904761904762 0.6334365325077399 0.3333333333333333 0.6278637770897832 0.3238095238095238 0.614860681114551 0.3238095238095238 
13 0.669969040247678 0.3523809523809524 0.6687306501547987 0.3535714285714286 0.6637770897832818 0.3630952380952381 0.6588235294117647 0.38095238095238093 0.6390092879256966 0.4773809523809524 0.6390092879256966 0.5297619047619048 0.6414860681114551 0.5321428571428571 0.6730650154798762 0.5321428571428571 0.6780185758513931 0.5226190476190476 0.6829721362229102 0.44642857142857145 0.6829721362229102 0.3523809523809524 0.669969040247678 0.3523809523809524 
14 0.6990712074303406 0.38095238095238093 0.698452012383901 0.3821428571428571 0.6736842105263158 0.47619047619047616 0.6736842105263158 0.5392857142857143 0.6743034055727554 0.5416666666666666 0.6990712074303406 0.5511904761904762 0.7226006191950465 0.5511904761904762 0.7275541795665634 0.5416666666666666 0.7325077399380805 0.45595238095238094 0.7325077399380805 0.39880952380952384 0.7318885448916409 0.3904761904761905 0.7126934984520124 0.38095238095238093 0.6990712074303406 0.38095238095238093 
15 0.7380804953560371 0.3619047619047619 0.7232198142414861 0.4785714285714286 0.7232198142414861 0.5404761904761904 0.7244582043343654 0.5416666666666666 0.7572755417956656 0.5416666666666666 0.7715170278637771 0.5321428571428571 0.7721362229102167 0.530952380952381 0.7721362229102167 0.47619047619047616 0.7622291021671826 0.3904761904761905 0.7572755417956656 0.37142857142857144 0.7517027863777089 0.3619047619047619 0.7380804953560371 0.3619047619047619 
16 0.7727554179566564 0.3619047619047619 0.7678018575851393 0.38095238095238093 0.7628482972136222 0.4107142857142857 0.7628482972136222 0.48333333333333334 0.773374613003096 0.5035714285714286 0.7814241486068112 0.5035714285714286 0.7919504643962848 0.48333333333333334 0.8018575851393189 0.44642857142857145 0.8018575851393189 0.41309523809523807 0.7969040247678019 0.3738095238095238 0.7956656346749226 0.37142857142857144 0.7863777089783281 0.3619047619047619 0.7727554179566564 0.3619047619047619 
17 0.7690402476780186 0.5238095238095238 0.7678018575851393 0.525 0.7628482972136222 0.5345238095238095 0.7628482972136222 0.5964285714285714 0.7678018575851393 0.6464285714285715 0.7826625386996904 0.675 0.8018575851393189 0.675 0.8111455108359134 0.6654761904761904 0.8117647058823529 0.6642857142857143 0.81671826625387 0.5988095238095238 0.81671826625387 0.544047619047619 0.8117647058823529 0.5333333333333333 0.7919504643962848 0.5238095238095238 0.7690402476780186 0.5238095238095238 
18 0.7430340557275542 0.5333333333333333 0.7034055727554179 0.5428571428571428 0.7034055727554179 0.5773809523809523 0.718266253869969 0.6535714285714286 0.7281733746130031 0.6845238095238095 0.7380804953560371 0.7035714285714286 0.7616099071207431 0.7035714285714286 0.7863777089783281 0.694047619047619 0.7869969040247679 0.6928571428571428 0.7869969040247679 0.6678571428571428 0.7671826625386997 0.5535714285714286 0.756656346749226 0.5333333333333333 0.7430340557275542 0.5333333333333333 
20 0.6346749226006192 0.5428571428571428 0.6291021671826625 0.5523809523809524 0.6291021671826625 0.5892857142857143 0.6439628482972136 0.7119047619047619 0.6489164086687307 0.7226190476190476 0.6619195046439629 0.7226190476190476 0.6631578947368421 0.7202380952380952 0.6674922600619195 0.7035714285714286 0.6730650154798762 0.655952380952381 0.6730650154798762 0.5535714285714286 0.6674922600619195 0.5428571428571428 0.6346749226006192 0.5428571428571428 
21 0.6092879256965944 0.5333333333333333 0.5944272445820433 0.5619047619047619 0.5944272445820433 0.5845238095238096 0.6043343653250774 0.675 0.6092879256965944 0.7107142857142857 0.6142414860681115 0.7309523809523809 0.614860681114551 0.7321428571428571 0.6321981424148607 0.7321428571428571 0.6334365325077399 0.7309523809523809 0.6334365325077399 0.5523809523809524 0.6309597523219814 0.5428571428571428 0.6229102167182663 0.5333333333333333 0.6092879256965944 0.5333333333333333 
23 0.5362229102167183 0.5428571428571428 0.534984520123839 0.544047619047619 0.5306501547987617 0.5523809523809524 0.530030959752322 0.5547619047619048 0.530030959752322 0.5666666666666667 0.534984520123839 0.6357142857142857 0.5399380804953561 0.6845238095238095 0.544891640866873 0.7130952380952381 0.5498452012383901 0.7226190476190476 0.5585139318885449 0.7226190476190476 0.5640866873065016 0.7119047619047619 0.5640866873065016 0.5523809523809524 0.5585139318885449 0.5428571428571428 0.5362229102167183 0.5428571428571428 
24 0.5003095975232198 0.5428571428571428 0.5003095975232198 0.5797619047619048 0.5052631578947369 0.6178571428571429 0.5151702786377709 0.675 0.5201238390092879 0.694047619047619 0.5256965944272446 0.7130952380952381 0.5386996904024768 0.7130952380952381 0.5393188854489164 0.7107142857142857 0.5393188854489164 0.6059523809523809 0.5343653250773994 0.5428571428571428 0.5003095975232198 0.5428571428571428 
25 0.4953560371517028 0.5428571428571428 0.4761609907120743 0.5523809523809524 0.47554179566563465 0.5535714285714286 0.47554179566563465 0.5988095238095238 0.4854489164086687 0.655952380952381 0.4904024767801858 0.6821428571428572 0.4953560371517028 0.7035714285714286 0.5145510835913313 0.7035714285714286 0.5145510835913313 0.6583333333333333 0.5046439628482973 0.544047619047619 0.5040247678018576 0.5428571428571428 0.4953560371517028 0.5428571428571428 
26 0.45139318885448915 0.5428571428571428 0.4458204334365325 0.5535714285714286 0.4458204334365325 0.5869047619047619 0.45077399380804956 0.6273809523809524 0.45572755417956656 0.6654761904761904 0.4613003095975232 0.7035714285714286 0.46563467492260063 0.7130952380952381 0.4792569659442725 0.7130952380952381 0.4842105263157895 0.7035714285714286 0.4848297213622291 0.7011904761904761 0.4848297213622291 0.6190476190476191 0.47987616099071206 0.5428571428571428 0.45139318885448915 0.5428571428571428 
27 0.41609907120743034 0.5428571428571428 0.41114551083591333 0.5642857142857143 0.41114551083591333 0.6535714285714286 0.41609907120743034 0.7309523809523809 0.42105263157894735 0.75 0.421671826625387 0.7511904761904762 0.4284829721362229 0.7511904761904762 0.43034055727554177 0.75 0.43529411764705883 0.7404761904761905 0.44024767801857584 0.7130952380952381 0.4452012383900929 0.6833333333333333 0.4501547987616099 0.6369047619047619 0.4501547987616099 0.5619047619047619 0.4452012383900929 0.5428571428571428 0.41609907120743034 0.5428571428571428 
28 0.38204334365325077 0.5428571428571428 0.3764705882352941 0.5523809523809524 0.3715170278637771 0.5619047619047619 0.3715170278637771 0.6071428571428571 0.3764705882352941 0.655952380952381 0.3814241486068111 0.694047619047619 0.3863777089783282 0.7214285714285714 0.3913312693498452 0.7416666666666667 0.3993808049535604 0.7416666666666667 0.4006191950464396 0.7404761904761905 0.4055727554179567 0.7321428571428571 0.4105263157894737 0.7119047619047619 0.42043343653250775 0.569047619047619 0.42043343653250775 0.555952380952381 0.4198142414860681 0.5523809523809524 0.40495356037151703 0.5428571428571428 0.38204334365325077 0.5428571428571428 
29 0.3523219814241486 0.5428571428571428 0.33746130030959753 0.5523809523809524 0.3368421052631579 0.5535714285714286 0.3368421052631579 0.6083333333333333 0.35170278637770896 0.7226190476190476 0.36470588235294116 0.7226190476190476 0.36594427244582045 0.7214285714285714 0.37089783281733746 0.7119047619047619 0.37585139318885447 0.6928571428571428 0.38080495356037153 0.6178571428571429 0.38080495356037153 0.5535714285714286 0.37585139318885447 0.5428571428571428 0.3523219814241486 0.5428571428571428 