2 0.31207430340557274 0.3047619047619048 0.29721362229102166 0.3142857142857143 0.29287925696594425 0.3238095238095238 0.29226006191950465 0.3273809523809524 0.2873065015479876 0.4392857142857143 0.2873065015479876 0.4928571428571429 0.2885448916408669 0.49404761904761907 0.31207430340557274 0.513095238095238 0.330030959752322 0.513095238095238 0.33126934984520123 0.5119047619047619 0.33622291021671824 0.5035714285714286 0.3411764705882353 0.3345238095238095 0.3411764705882353 0.3333333333333333 0.33622291021671824 0.3238095238095238 0.31640866873065016 0.3047619047619048 0.31207430340557274 0.3047619047619048 
3 0.34674922600619196 0.34285714285714286 0.34179566563467495 0.36428571428571427 0.3318885448916409 0.44761904761904764 0.3269349845201238 0.49523809523809526 0.3269349845201238 0.5202380952380953 0.3318885448916409 0.5416666666666666 0.35170278637770896 0.5607142857142857 0.36594427244582045 0.5607142857142857 0.37089783281733746 0.5511904761904762 0.37585139318885447 0.5404761904761904 0.37585139318885447 0.4297619047619048 0.37089783281733746 0.3619047619047619 0.3609907120743034 0.34404761904761905 0.3591331269349845 0.34285714285714286 0.34674922600619196 0.34285714285714286 
4 0.3876160990712074 0.38095238095238093 0.3863777089783282 0.3821428571428571 0.3764705882352941 0.4 0.3715170278637771 0.44285714285714284 0.3715170278637771 0.5607142857142857 0.3907120743034056 0.5607142857142857 0.4006191950464396 0.5321428571428571 0.40495356037151703 0.513095238095238 0.4055727554179567 0.5095238095238095 0.4055727554179567 0.44761904761904764 0.4006191950464396 0.38452380952380955 0.3993808049535604 0.38095238095238093 0.3876160990712074 0.38095238095238093 
5 0.4068111455108359 0.37142857142857144 0.40619195046439627 0.3726190476190476 0.40123839009287926 0.42023809523809524 0.3913312693498452 0.5273809523809524 0.3913312693498452 0.5595238095238095 0.39628482972136225 0.5702380952380952 0.4148606811145511 0.5702380952380952 0.42043343653250775 0.5607142857142857 0.42538699690402476 0.5416666666666666 0.42538699690402476 0.38095238095238093 0.42043343653250775 0.37142857142857144 0.4068111455108359 0.37142857142857144 
6 0.426625386996904 0.38095238095238093 0.4260061919504644 0.3821428571428571 0.42105263157894735 0.4011904761904762 0.41609907120743034 0.5333333333333333 0.41609907120743034 0.5416666666666666 0.42105263157894735 0.5702380952380952 0.426625386996904 0.5797619047619048 0.43962848297213625 0.5797619047619048 0.4452012383900929 0.5702380952380952 0.44953560371517026 0.5607142857142857 0.4501547987616099 0.5583333333333333 0.4501547987616099 0.4988095238095238 0.4452012383900929 0.4392857142857143 0.44024767801857584 0.38452380952380955 0.43962848297213625 0.38095238095238093 0.426625386996904 0.38095238095238093 
7 0.45139318885448915 0.3523809523809524 0.4458204334365325 0.3619047619047619 0.4458204334365325 0.569047619047619 0.45077399380804956 0.5785714285714286 0.45325077399380803 0.5797619047619048 0.4693498452012384 0.5797619047619048 0.469969040247678 0.5785714285714286 0.47492260061919506 0.5607142857142857 0.47492260061919506 0.5273809523809524 0.465015479876161 0.3630952380952381 0.460061919504644 0.3535714285714286 0.4588235294117647 0.3523809523809524 0.45139318885448915 0.3523809523809524 
8 0.47554179566563465 0.3619047619047619 0.47058823529411764 0.36547619047619045 0.46563467492260063 0.4857142857142857 0.46563467492260063 0.5321428571428571 0.47058823529411764 0.5773809523809523 0.4712074303405573 0.5797619047619048 0.4996904024767802 0.5797619047619048 0.4996904024767802 0.4523809523809524 0.49411764705882355 0.4095238095238095 0.48978328173374613 0.38333333333333336 0.4891640866873065 0.38095238095238093 0.47987616099071206 0.3619047619047619 0.47554179566563465 0.3619047619047619 
9 0.5065015479876162 0.3619047619047619 0.5052631578947369 0.3630952380952381 0.5003095975232198 0.37142857142857144 0.4953560371517028 0.4023809523809524 0.4953560371517028 0.5880952380952381 0.4972136222910217 0.5892857142857143 0.5188854489164086 0.5892857142857143 0.5281733746130031 0.5797619047619048 0.5294117647058824 0.5773809523809523 0.5294117647058824 0.5166666666666667 0.5244582043343653 0.44761904761904764 0.5195046439628483 0.39166666666666666 0.5145510835913313 0.3726190476190476 0.5095975232198142 0.3619047619047619 0.5065015479876162 0.3619047619047619 
10 0.5256965944272446 0.37142857142857144 0.525077399380805 0.3726190476190476 0.5201238390092879 0.3904761904761905 0.5201238390092879 0.4988095238095238 0.525077399380805 0.569047619047619 0.5256965944272446 0.5702380952380952 0.5486068111455108 0.5702380952380952 0.5492260061919505 0.569047619047619 0.5492260061919505 0.45714285714285713 0.5442724458204334 0.4095238095238095 0.5393188854489164 0.37142857142857144 0.5256965944272446 0.37142857142857144 
11 0.5547987616099072 0.37142857142857144 0.5498452012383901 0.3964285714285714 0.544891640866873 0.45 0.544891640866873 0.5297619047619048 0.5498452012383901 0.5607142857142857 0.5547987616099072 0.5702380952380952 0.5597523219814241 0.5785714285714286 0.5628482972136223 0.5797619047619048 0.5678018575851393 0.5797619047619048 0.5690402476780185 0.5785714285714286 0.573374613003096 0.5607142857142857 0.5739938080495356 0.5571428571428572 0.5789473684210527 0.4083333333333333 0.5789473684210527 0.3726190476190476 0.5777089783281734 0.37142857142857144 0.5547987616099072 0.37142857142857144 
12 0.5845201238390093 0.3523809523809524 0.5795665634674922 0.3619047619047619 0.5746130030959752 0.3821428571428571 0.5702786377708978 0.4 0.5647058823529412 0.4297619047619048 0.5647058823529412 0.55 0.5801857585139318 0.5797619047619048 0.5888544891640867 0.5797619047619048 0.5987616099071208 0.5595238095238095 0.6037151702786377 0.5321428571428571 0.6037151702786377 0.4 0.5987616099071208 0.3619047619047619 0.5938080495356037 0.3535714285714286 0.5925696594427244 0.3523809523809524 0.5845201238390093 0.3523809523809524 
13 0.6142414860681115 0.3619047619047619 0.6092879256965944 0.37142857142857144 0.5993808049535604 0.4119047619047619 0.5944272445820433 0.5166666666666667 0.5944272445820433 0.5511904761904762 0.6043343653250774 0.5702380952380952 0.6179566563467492 0.5702380952380952 0.6185758513931888 0.569047619047619 0.6278637770897832 0.5416666666666666 0.628482972136223 0.5369047619047619 0.628482972136223 0.4880952380952381 0.6235294117647059 0.3821428571428571 0.6185758513931888 0.3630952380952381 0.6179566563467492 0.3619047619047619 0.6142414860681115 0.3619047619047619 
14 0.6439628482972136 0.3238095238095238 0.6390092879256966 0.3333333333333333 0.6241486068111455 0.3904761904761905 0.6191950464396285 0.41309523809523807 0.6191950464396285 0.4928571428571429 0.6204334365325077 0.5416666666666666 0.6241486068111455 0.55 0.6247678018575852 0.5511904761904762 0.6297213622291021 0.5595238095238095 0.631578947368421 0.5607142857142857 0.648297213622291 0.5607142857142857 0.6681114551083591 0.5404761904761904 0.6681114551083591 0.45 0.6582043343653251 0.3523809523809524 0.6526315789473685 0.3333333333333333 0.6476780185758514 0.3238095238095238 0.6439628482972136 0.3238095238095238 
15 0.6817337461300309 0.3047619047619048 0.6736842105263158 0.305952380952381 0.6687306501547987 0.31547619047619047 0.6637770897832818 0.3464285714285714 0.6588235294117647 0.3904761904761905 0.6588235294117647 0.42738095238095236 0.6637770897832818 0.5035714285714286 0.6687306501547987 0.5226190476190476 0.6749226006191951 0.5321428571428571 0.691640866873065 0.5321428571428571 0.6928792569659443 0.530952380952381 0.7071207430340557 0.5119047619047619 0.7126934984520124 0.5023809523809524 0.7170278637770898 0.49404761904761907 0.7176470588235294 0.49166666666666664 0.7176470588235294 0.4488095238095238 0.6879256965944273 0.325 0.6829721362229102 0.3047619047619048 0.6817337461300309 0.3047619047619048 
16 0.7089783281733746 0.3047619047619048 0.6835913312693499 0.3238095238095238 0.6835913312693499 0.3595238095238095 0.6934984520123839 0.3976190476190476 0.698452012383901 0.4083333333333333 0.7176470588235294 0.4083333333333333 0.7318885448916409 0.37976190476190474 0.7325077399380805 0.3761904761904762 0.7325077399380805 0.33690476190476193 0.7318885448916409 0.3333333333333333 0.7275541795665634 0.3238095238095238 0.7176470588235294 0.305952380952381 0.7164086687306501 0.3047619047619048 0.7089783281733746 0.3047619047619048 
17 0.7430340557275542 0.5333333333333333 0.7331269349845201 0.5428571428571428 0.718266253869969 0.5714285714285714 0.718266253869969 0.5785714285714286 0.7232198142414861 0.6059523809523809 0.7281733746130031 0.6261904761904762 0.7331269349845201 0.6369047619047619 0.7473684210526316 0.6369047619047619 0.7622291021671826 0.6083333333333333 0.7671826625386997 0.5976190476190476 0.7671826625386997 0.5630952380952381 0.7523219814241486 0.5345238095238095 0.7430340557275542 0.5333333333333333 
18 0.6941176470588235 0.5333333333333333 0.669969040247678 0.5523809523809524 0.6643962848297214 0.5619047619047619 0.6637770897832818 0.5642857142857143 0.6637770897832818 0.6166666666666667 0.6736842105263158 0.6464285714285715 0.6885448916408669 0.6821428571428572 0.6934984520123839 0.6928571428571428 0.7188854489164087 0.7416666666666667 0.7325077399380805 0.7416666666666667 0.7473684210526316 0.7119047619047619 0.7523219814241486 0.6845238095238095 0.7523219814241486 0.6666666666666666 0.7226006191950465 0.5535714285714286 0.7176470588235294 0.5428571428571428 0.7120743034055728 0.5333333333333333 0.6941176470588235 0.5333333333333333 
19 0.6390092879256966 0.5714285714285714 0.6092879256965944 0.5904761904761905 0.6092879256965944 0.6357142857142857 0.6291021671826625 0.7214285714285714 0.6439628482972136 0.7797619047619048 0.6489164086687307 0.7880952380952381 0.6588235294117647 0.7988095238095239 0.6780185758513931 0.7988095238095239 0.6978328173374613 0.7797619047619048 0.6978328173374613 0.7261904761904762 0.6928792569659443 0.6952380952380952 0.6681114551083591 0.5714285714285714 0.6390092879256966 0.5714285714285714 
20 0.5962848297213622 0.5904761904761905 0.5944272445820433 0.5916666666666667 0.5894736842105263 0.6 0.5845201238390093 0.6095238095238096 0.5801857585139318 0.6202380952380953 0.5795665634674922 0.6238095238095238 0.5795665634674922 0.6357142857142857 0.5894736842105263 0.7214285714285714 0.5944272445820433 0.75 0.6043343653250774 0.7988095238095239 0.6185758513931888 0.7988095238095239 0.6229102167182663 0.7892857142857143 0.6235294117647059 0.7845238095238095 0.6235294117647059 0.6428571428571429 0.6229102167182663 0.638095238095238 0.6136222910216719 0.6011904761904762 0.6130030959752322 0.6 0.6037151702786377 0.5904761904761905 0.5962848297213622 0.5904761904761905 
21 0.5708978328173374 0.5904761904761905 0.5597523219814241 0.6011904761904762 0.5597523219814241 0.675 0.5647058823529412 0.7595238095238095 0.5696594427244582 0.7988095238095239 0.5746130030959752 0.8178571428571428 0.58328173374613 0.8178571428571428 0.5888544891640867 0.8083333333333333 0.5938080495356037 0.7214285714285714 0.5938080495356037 0.6488095238095238 0.5888544891640867 0.6 0.5839009287925696 0.5904761904761905 0.5708978328173374 0.5904761904761905 
22 0.5498452012383901 0.580952380952381 0.544891640866873 0.5916666666666667 0.5356037151702786 0.6190476190476191 0.534984520123839 0.6226190476190476 0.530030959752322 0.725 0.530030959752322 0.8452380952380952 0.534984520123839 0.8559523809523809 0.5436532507739938 0.8559523809523809 0.5541795665634675 0.8464285714285714 0.5591331269349845 0.8273809523809523 0.5690402476780185 0.6928571428571428 0.5690402476780185 0.6678571428571428 0.5640866873065016 0.6 0.5591331269349845 0.580952380952381 0.5498452012383901 0.580952380952381 
23 0.5201238390092879 0.6 0.5151702786377709 0.6107142857142858 0.5003095975232198 0.7619047619047619 0.5003095975232198 0.7892857142857143 0.5232198142414861 0.7892857142857143 0.5244582043343653 0.7880952380952381 0.5343653250773994 0.75 0.5393188854489164 0.7119047619047619 0.5442724458204334 0.625 0.5442724458204334 0.6107142857142858 0.5393188854489164 0.6 0.5201238390092879 0.6 
24 0.5164086687306502 0.6095238095238096 0.5009287925696595 0.6190476190476191 0.5003095975232198 0.6202380952380953 0.4953560371517028 0.6857142857142857 0.4953560371517028 0.7678571428571429 0.49597523219814244 0.7702380952380953 0.5009287925696595 0.7797619047619048 0.5040247678018576 0.7797619047619048 0.5095975232198142 0.7690476190476191 0.5145510835913313 0.7416666666666667 0.5195046439628483 0.7035714285714286 0.5195046439628483 0.6130952380952381 0.5188854489164086 0.6095238095238096 0.5164086687306502 0.6095238095238096 
25 0.48111455108359136 0.6190476190476191 0.4804953560371517 0.6273809523809524 0.4804953560371517 0.7797619047619048 0.48978328173374613 0.7797619047619048 0.4996904024767802 0.7226190476190476 0.4996904024767802 0.6190476190476191 0.48111455108359136 0.6190476190476191 
26 0.45572755417956656 0.6 0.45572755417956656 0.6166666666666667 0.46068111455108357 0.775 0.4613003095975232 0.7797619047619048 0.47492260061919506 0.7797619047619048 0.4786377708978328 0.7607142857142857 0.47987616099071206 0.7535714285714286 0.4848297213622291 0.694047619047619 0.4848297213622291 0.6190476190476191 0.4693498452012384 0.6 0.45572755417956656 0.6 
27 0.44148606811145513 0.5904761904761905 0.4359133126934985 0.6202380952380953 0.4359133126934985 0.7892857142857143 0.4408668730650155 0.8178571428571428 0.4458204334365325 0.8261904761904761 0.4470588235294118 0.8273809523809523 0.4544891640866873 0.8273809523809523 0.460061919504644 0.8178571428571428 0.465015479876161 0.6916666666666667 0.465015479876161 0.6107142857142858 0.460061919504644 0.5928571428571429 0.4588235294117647 0.5904761904761905 0.44148606811145513 0.5904761904761905 
28 0.41609907120743034 0.5904761904761905 0.41114551083591333 0.6 0.41114551083591333 0.7988095238095239 0.43034055727554177 0.7988095238095239 0.44024767801857584 0.6821428571428572 0.44024767801857584 0.6 0.43529411764705883 0.5904761904761905 0.41609907120743034 0.5904761904761905 
29 0.3913312693498452 0.5904761904761905 0.3863777089783282 0.6 0.3814241486068111 0.7238095238095238 0.3814241486068111 0.8083333333333333 0.3907120743034056 0.8083333333333333 0.3956656346749226 0.7988095238095239 0.4006191950464396 0.7880952380952381 0.4055727554179567 0.7678571428571429 0.4154798761609907 0.6845238095238095 0.42043343653250775 0.6273809523809524 0.42043343653250775 0.6011904761904762 0.4154798761609907 0.5904761904761905 0.3913312693498452 0.5904761904761905 
30 0.34179566563467495 0.5714285714285714 0.31207430340557274 0.7345238095238096 0.31207430340557274 0.7607142857142857 0.3368421052631579 0.7892857142857143 0.35541795665634673 0.7892857142857143 0.37089783281733746 0.7607142857142857 0.37585139318885447 0.7416666666666667 0.38575851393188854 0.6845238095238095 0.3907120743034056 0.6357142857142857 0.3907120743034056 0.5904761904761905 0.3653250773993808 0.5714285714285714 0.34179566563467495 0.5714285714285714 
31 0.30712074303405573 0.5333333333333333 0.3027863777089783 0.5428571428571428 0.2773993808049536 0.6285714285714286 0.2674922600619195 0.6678571428571428 0.2674922600619195 0.7 0.2693498452012384 0.7035714285714286 0.29226006191950465 0.7416666666666667 0.3058823529411765 0.7416666666666667 0.31145510835913315 0.7309523809523809 0.3461300309597523 0.6154761904761905 0.3461300309597523 0.5726190476190476 0.33622291021671824 0.5523809523809524 0.32136222910216716 0.5369047619047619 0.31640866873065016 0.5345238095238095 0.30835913312693497 0.5333333333333333 0.30712074303405573 0.5333333333333333 
32 0.2625386996904025 0.5523809523809524 0.25758513931888544 0.5630952380952381 0.25758513931888544 0.5892857142857143 0.2674922600619195 0.6273809523809524 0.27306501547987616 0.6369047619047619 0.286687306501548 0.6369047619047619 0.291640866873065 0.6273809523809524 0.291640866873065 0.5904761904761905 0.28173374613003094 0.5547619047619048 0.27987616099071205 0.5523809523809524 0.2625386996904025 0.5523809523809524 