3 0.356656346749226 0.47619047619047616 0.3318885448916409 0.4773809523809524 0.3269349845201238 0.4869047619047619 0.3269349845201238 0.5321428571428571 0.3318885448916409 0.55 0.33250773993808047 0.5511904761904762 0.3523219814241486 0.5607142857142857 0.37089783281733746 0.5607142857142857 0.37089783281733746 0.4857142857142857 0.35975232198142415 0.47619047619047616 0.356656346749226 0.47619047619047616 
4 0.3721362229102167 0.3619047619047619 0.3715170278637771 0.36428571428571427 0.3671826625386997 0.45714285714285713 0.36656346749226004 0.525 0.36656346749226004 0.5511904761904762 0.3715170278637771 0.5607142857142857 0.37708978328173376 0.5702380952380952 0.3888544891640867 0.5702380952380952 0.3907120743034056 0.569047619047619 0.4006191950464396 0.5595238095238095 0.4006191950464396 0.49642857142857144 0.38575851393188854 0.37142857142857144 0.38080495356037153 0.3619047619047619 0.3721362229102167 0.3619047619047619 
5 0.41114551083591333 0.5047619047619047 0.40619195046439627 0.5059523809523809 0.39628482972136225 0.5142857142857142 0.39628482972136225 0.5583333333333333 0.39690402476780184 0.5607142857142857 0.4148606811145511 0.5607142857142857 0.43034055727554177 0.5511904761904762 0.43034055727554177 0.525 0.42538699690402476 0.5059523809523809 0.4247678018575851 0.5047619047619047 0.41114551083591333 0.5047619047619047 
6 0.4179566563467492 0.34285714285714286 0.41609907120743034 0.34404761904761905 0.41609907120743034 0.4142857142857143 0.42105263157894735 0.530952380952381 0.4260061919504644 0.55 0.426625386996904 0.5511904761904762 0.45263157894736844 0.5511904761904762 0.4551083591331269 0.55 0.460061919504644 0.5404761904761904 0.460061919504644 0.5345238095238095 0.4551083591331269 0.47619047619047616 0.4452012383900929 0.38095238095238093 0.44024767801857584 0.3547619047619048 0.43962848297213625 0.3523809523809524 0.43034055727554177 0.34285714285714286 0.4179566563467492 0.34285714285714286 
7 0.44953560371517026 0.3345238095238095 0.4359133126934985 0.34285714285714286 0.4359133126934985 0.37976190476190474 0.4408668730650155 0.44642857142857145 0.45077399380804956 0.5404761904761904 0.45139318885448915 0.5416666666666666 0.4743034055727554 0.5416666666666666 0.47987616099071206 0.530952380952381 0.47987616099071206 0.49523809523809526 0.4551083591331269 0.3535714285714286 0.4501547987616099 0.3345238095238095 0.44953560371517026 0.3345238095238095 
8 0.4761609907120743 0.3238095238095238 0.47554179566563465 0.325 0.47058823529411764 0.4857142857142857 0.47058823529411764 0.5023809523809524 0.47554179566563465 0.5416666666666666 0.4996904024767802 0.5416666666666666 0.5089783281733746 0.5321428571428571 0.5095975232198142 0.530952380952381 0.5095975232198142 0.4869047619047619 0.4996904024767802 0.3726190476190476 0.49473684210526314 0.3333333333333333 0.48978328173374613 0.3238095238095238 0.4761609907120743 0.3238095238095238 
9 0.5151702786377709 0.3333333333333333 0.5102167182662539 0.34285714285714286 0.5052631578947369 0.3619047619047619 0.5003095975232198 0.42857142857142855 0.5003095975232198 0.49404761904761907 0.5052631578947369 0.5404761904761904 0.5065015479876162 0.5416666666666666 0.5362229102167183 0.5416666666666666 0.5380804953560372 0.5404761904761904 0.5393188854489164 0.5392857142857143 0.5393188854489164 0.4773809523809524 0.5343653250773994 0.34404761904761905 0.5294117647058824 0.3345238095238095 0.5281733746130031 0.3333333333333333 0.5151702786377709 0.3333333333333333 
10 0.5547987616099072 0.3523809523809524 0.5498452012383901 0.36428571428571427 0.544891640866873 0.3904761904761905 0.534984520123839 0.4607142857142857 0.534984520123839 0.5226190476190476 0.5399380804953561 0.5321428571428571 0.5640866873065016 0.5321428571428571 0.5690402476780185 0.4642857142857143 0.5690402476780185 0.38095238095238093 0.5640866873065016 0.3523809523809524 0.5547987616099072 0.3523809523809524 
11 0.5801857585139318 0.3142857142857143 0.5696594427244582 0.34285714285714286 0.5647058823529412 0.3738095238095238 0.5597523219814241 0.4583333333333333 0.5597523219814241 0.5321428571428571 0.5653250773993808 0.5416666666666666 0.58328173374613 0.5416666666666666 0.5888544891640867 0.530952380952381 0.5938080495356037 0.49404761904761907 0.5987616099071208 0.3595238095238095 0.5987616099071208 0.325 0.5938080495356037 0.3142857142857143 0.5801857585139318 0.3142857142857143 
12 0.6099071207430341 0.3523809523809524 0.6043343653250774 0.3630952380952381 0.5993808049535604 0.38095238095238093 0.5944272445820433 0.4 0.5894736842105263 0.4297619047619048 0.5845201238390093 0.4857142857142857 0.5845201238390093 0.5321428571428571 0.5894736842105263 0.5416666666666666 0.6080495356037152 0.5416666666666666 0.6136222910216719 0.5321428571428571 0.6185758513931888 0.5035714285714286 0.6235294117647059 0.4369047619047619 0.6235294117647059 0.3547619047619048 0.6222910216718266 0.3523809523809524 0.6099071207430341 0.3523809523809524 
13 0.6198142414860681 0.44761904761904764 0.6142414860681115 0.4583333333333333 0.6092879256965944 0.49523809523809526 0.6092879256965944 0.5392857142857143 0.6099071207430341 0.5416666666666666 0.643343653250774 0.5416666666666666 0.643343653250774 0.4595238095238095 0.6427244582043343 0.45714285714285713 0.6377708978328174 0.44761904761904764 0.6198142414860681 0.44761904761904764 
14 0.6452012383900929 0.44761904761904764 0.6439628482972136 0.4488095238095238 0.6390092879256966 0.45714285714285713 0.6390092879256966 0.5404761904761904 0.6402476780185758 0.5416666666666666 0.6724458204334365 0.5416666666666666 0.6780185758513931 0.5297619047619048 0.6780185758513931 0.5059523809523809 0.676780185758514 0.49523809523809526 0.6730650154798762 0.46785714285714286 0.6681114551083591 0.45714285714285713 0.6631578947368421 0.4488095238095238 0.6619195046439629 0.44761904761904764 0.6452012383900929 0.44761904761904764 
15 0.7089783281733746 0.34285714285714286 0.6990712074303406 0.3523809523809524 0.6885448916408669 0.37142857142857144 0.6842105263157895 0.38095238095238093 0.6736842105263158 0.41309523809523807 0.6693498452012384 0.42857142857142855 0.6637770897832818 0.45476190476190476 0.6637770897832818 0.475 0.6736842105263158 0.5416666666666666 0.6904024767801857 0.5416666666666666 0.6928792569659443 0.5404761904761904 0.7077399380804954 0.5321428571428571 0.7126934984520124 0.5226190476190476 0.7275541795665634 0.4083333333333333 0.7275541795665634 0.36428571428571427 0.7269349845201238 0.3619047619047619 0.7226006191950465 0.3523809523809524 0.7176470588235294 0.34285714285714286 0.7089783281733746 0.34285714285714286 
18 0.6687306501547987 0.5238095238095238 0.6421052631578947 0.5333333333333333 0.6402476780185758 0.5345238095238095 0.6390092879256966 0.5357142857142857 0.6390092879256966 0.5797619047619048 0.6439628482972136 0.6059523809523809 0.6489164086687307 0.6261904761904762 0.6693498452012384 0.675 0.6736842105263158 0.6845238095238095 0.6835913312693499 0.694047619047619 0.6928792569659443 0.694047619047619 0.7126934984520124 0.675 0.7176470588235294 0.6642857142857143 0.7176470588235294 0.6488095238095238 0.6873065015479877 0.5333333333333333 0.676780185758514 0.5238095238095238 0.6687306501547987 0.5238095238095238 
19 0.5857585139318885 0.5238095238095238 0.5845201238390093 0.525 0.5795665634674922 0.5333333333333333 0.5795665634674922 0.5404761904761904 0.5845201238390093 0.569047619047619 0.5993808049535604 0.6464285714285715 0.6099071207430341 0.6845238095238095 0.6191950464396285 0.7130952380952381 0.6291021671826625 0.7226190476190476 0.638390092879257 0.7226190476190476 0.6619195046439629 0.7035714285714286 0.6631578947368421 0.7023809523809523 0.6631578947368421 0.669047619047619 0.643343653250774 0.5333333333333333 0.5931888544891641 0.5238095238095238 0.5857585139318885 0.5238095238095238 
20 0.5560371517027863 0.5333333333333333 0.5547987616099072 0.5345238095238095 0.5498452012383901 0.544047619047619 0.5498452012383901 0.55 0.5647058823529412 0.625 0.5746130030959752 0.6726190476190477 0.5795665634674922 0.694047619047619 0.5845201238390093 0.7119047619047619 0.5894736842105263 0.7226190476190476 0.6080495356037152 0.7226190476190476 0.6086687306501548 0.7202380952380952 0.6086687306501548 0.7023809523809523 0.6080495356037152 0.6952380952380952 0.5938080495356037 0.5630952380952381 0.5888544891640867 0.544047619047619 0.58328173374613 0.5333333333333333 0.5560371517027863 0.5333333333333333 
21 0.534984520123839 0.5428571428571428 0.534984520123839 0.5880952380952381 0.5399380804953561 0.6464285714285715 0.544891640866873 0.6928571428571428 0.5498452012383901 0.7130952380952381 0.5634674922600619 0.7130952380952381 0.5690402476780185 0.7035714285714286 0.5690402476780185 0.5630952380952381 0.5640866873065016 0.5523809523809524 0.5591331269349845 0.5452380952380952 0.5578947368421052 0.544047619047619 0.5560371517027863 0.5428571428571428 0.534984520123839 0.5428571428571428 
22 0.5157894736842106 0.5428571428571428 0.5151702786377709 0.5476190476190477 0.5151702786377709 0.675 0.5201238390092879 0.7035714285714286 0.5256965944272446 0.7321428571428571 0.5306501547987617 0.7511904761904762 0.5442724458204334 0.7511904761904762 0.5492260061919505 0.7476190476190476 0.5492260061919505 0.6571428571428571 0.5442724458204334 0.580952380952381 0.5393188854489164 0.5535714285714286 0.5294117647058824 0.5428571428571428 0.5157894736842106 0.5428571428571428 
23 0.5003095975232198 0.5523809523809524 0.4953560371517028 0.611904761904762 0.4953560371517028 0.6261904761904762 0.5003095975232198 0.7130952380952381 0.5058823529411764 0.7226190476190476 0.5145510835913313 0.7226190476190476 0.5195046439628483 0.7130952380952381 0.5195046439628483 0.5523809523809524 0.5003095975232198 0.5523809523809524 
24 0.486687306501548 0.5523809523809524 0.4854489164086687 0.5535714285714286 0.4804953560371517 0.594047619047619 0.4804953560371517 0.5976190476190476 0.4904024767801858 0.694047619047619 0.49907120743034056 0.694047619047619 0.5046439628482973 0.675 0.5046439628482973 0.5535714285714286 0.5040247678018576 0.5523809523809524 0.486687306501548 0.5523809523809524 
25 0.47058823529411764 0.5523809523809524 0.47058823529411764 0.6273809523809524 0.47554179566563465 0.6833333333333333 0.4761609907120743 0.6845238095238095 0.48359133126934983 0.6845238095238095 0.4848297213622291 0.6833333333333333 0.4891640866873065 0.6654761904761904 0.48978328173374613 0.6619047619047619 0.48978328173374613 0.6011904761904762 0.4848297213622291 0.5535714285714286 0.48359133126934983 0.5523809523809524 0.47058823529411764 0.5523809523809524 
26 0.45758513931888545 0.5523809523809524 0.45572755417956656 0.5535714285714286 0.45572755417956656 0.7035714285714286 0.4613003095975232 0.7119047619047619 0.46439628482972134 0.7130952380952381 0.469969040247678 0.7130952380952381 0.47492260061919506 0.7035714285714286 0.47492260061919506 0.5821428571428572 0.469969040247678 0.5523809523809524 0.45758513931888545 0.5523809523809524 
27 0.4359133126934985 0.5523809523809524 0.4309597523219814 0.5630952380952381 0.4309597523219814 0.655952380952381 0.4359133126934985 0.7416666666666667 0.44953560371517026 0.7416666666666667 0.4551083591331269 0.7309523809523809 0.460061919504644 0.6261904761904762 0.460061919504644 0.5714285714285714 0.4551083591331269 0.5523809523809524 0.4359133126934985 0.5523809523809524 
28 0.4068111455108359 0.5619047619047619 0.40619195046439627 0.5642857142857143 0.40619195046439627 0.7 0.4068111455108359 0.7035714285714286 0.41114551083591333 0.7226190476190476 0.4297213622291022 0.7226190476190476 0.43034055727554177 0.7202380952380952 0.43529411764705883 0.5988095238095238 0.43529411764705883 0.5619047619047619 0.4068111455108359 0.5619047619047619 
29 0.3913312693498452 0.5523809523809524 0.3863777089783282 0.5619047619047619 0.38204334365325077 0.5714285714285714 0.3814241486068111 0.575 0.3814241486068111 0.7214285714285714 0.38699690402476783 0.7321428571428571 0.40309597523219814 0.7321428571428571 0.40495356037151703 0.7309523809523809 0.4055727554179567 0.7297619047619047 0.4105263157894737 0.6178571428571429 0.4105263157894737 0.5654761904761905 0.40990712074303404 0.5619047619047619 0.4043343653250774 0.5523809523809524 0.3913312693498452 0.5523809523809524 
30 0.3479876160990712 0.5619047619047619 0.34674922600619196 0.5630952380952381 0.34241486068111454 0.5714285714285714 0.34179566563467495 0.5738095238095238 0.34179566563467495 0.6178571428571429 0.3523219814241486 0.6369047619047619 0.3702786377708978 0.6369047619047619 0.38080495356037153 0.6273809523809524 0.38575851393188854 0.6178571428571429 0.3907120743034056 0.5797619047619048 0.3907120743034056 0.5714285714285714 0.3851393188854489 0.5619047619047619 0.3479876160990712 0.5619047619047619 