3 0.35170278637770896 0.41904761904761906 0.34674922600619196 0.42857142857142855 0.3368421052631579 0.5333333333333333 0.3368421052631579 0.5988095238095238 0.38080495356037153 0.5988095238095238 0.38575851393188854 0.5892857142857143 0.38575851393188854 0.5523809523809524 0.38080495356037153 0.46785714285714286 0.37089783281733746 0.42857142857142855 0.36594427244582045 0.41904761904761906 0.35170278637770896 0.41904761904761906 
4 0.37708978328173376 0.42857142857142855 0.3764705882352941 0.4297619047619048 0.3764705882352941 0.48214285714285715 0.3814241486068111 0.5595238095238095 0.38204334365325077 0.5607142857142857 0.39009287925696595 0.5607142857142857 0.40495356037151703 0.5416666666666666 0.4055727554179567 0.5392857142857143 0.4055727554179567 0.4869047619047619 0.4006191950464396 0.45714285714285713 0.3956656346749226 0.4297619047619048 0.39442724458204337 0.42857142857142855 0.37708978328173376 0.42857142857142855 
5 0.40123839009287926 0.3904761904761905 0.40123839009287926 0.5892857142857143 0.4247678018575851 0.5892857142857143 0.43529411764705883 0.5797619047619048 0.44024767801857584 0.569047619047619 0.44024767801857584 0.5071428571428571 0.43034055727554177 0.44761904761904764 0.4154798761609907 0.3904761904761905 0.40123839009287926 0.3904761904761905 
6 0.4260061919504644 0.35 0.42105263157894735 0.3523809523809524 0.42105263157894735 0.45357142857142857 0.4309597523219814 0.5869047619047619 0.4321981424148607 0.5892857142857143 0.4439628482972136 0.5892857142857143 0.4452012383900929 0.5880952380952381 0.4501547987616099 0.5773809523809523 0.4551083591331269 0.5488095238095239 0.4551083591331269 0.4773809523809524 0.4452012383900929 0.4035714285714286 0.44024767801857584 0.3726190476190476 0.43529411764705883 0.3535714285714286 0.4340557275541796 0.3523809523809524 0.43034055727554177 0.35 0.4260061919504644 0.35 
7 0.45572755417956656 0.4095238095238095 0.45077399380804956 0.4297619047619048 0.4458204334365325 0.544047619047619 0.4458204334365325 0.5511904761904762 0.45077399380804956 0.5702380952380952 0.4743034055727554 0.5702380952380952 0.47492260061919506 0.569047619047619 0.47492260061919506 0.49523809523809526 0.469969040247678 0.4392857142857143 0.465015479876161 0.4107142857142857 0.46439628482972134 0.4095238095238095 0.45572755417956656 0.4095238095238095 
8 0.47554179566563465 0.4857142857142857 0.4712074303405573 0.49523809523809526 0.47058823529411764 0.4976190476190476 0.47058823529411764 0.5511904761904762 0.47554179566563465 0.5607142857142857 0.4996904024767802 0.5607142857142857 0.5046439628482973 0.5511904761904762 0.5046439628482973 0.5261904761904762 0.4996904024767802 0.5047619047619047 0.49473684210526314 0.49523809523809526 0.4885448916408669 0.4857142857142857 0.47554179566563465 0.4857142857142857 
9 0.5151702786377709 0.38095238095238093 0.5102167182662539 0.4 0.5052631578947369 0.42142857142857143 0.5003095975232198 0.45 0.4953560371517028 0.5059523809523809 0.4953560371517028 0.5607142857142857 0.5244582043343653 0.5607142857142857 0.5294117647058824 0.4261904761904762 0.5294117647058824 0.3821428571428571 0.5281733746130031 0.38095238095238093 0.5151702786377709 0.38095238095238093 
10 0.5399380804953561 0.3904761904761905 0.534984520123839 0.4011904761904762 0.5312693498452012 0.42023809523809524 0.5306501547987617 0.4238095238095238 0.530030959752322 0.42857142857142855 0.525077399380805 0.46785714285714286 0.525077399380805 0.5595238095238095 0.5256965944272446 0.5607142857142857 0.5492260061919505 0.5607142857142857 0.5541795665634675 0.4261904761904762 0.5541795665634675 0.4011904761904762 0.5492260061919505 0.3904761904761905 0.5399380804953561 0.3904761904761905 
11 0.5702786377708978 0.3619047619047619 0.5647058823529412 0.37142857142857144 0.5547987616099072 0.42857142857142855 0.5498452012383901 0.4666666666666667 0.5498452012383901 0.5607142857142857 0.5597523219814241 0.5785714285714286 0.5634674922600619 0.5797619047619048 0.5671826625386996 0.5797619047619048 0.5690402476780185 0.5785714285714286 0.5739938080495356 0.5702380952380952 0.5839009287925696 0.4845238095238095 0.5839009287925696 0.37142857142857144 0.5789473684210527 0.3630952380952381 0.5770897832817338 0.3619047619047619 0.5702786377708978 0.3619047619047619 
12 0.5944272445820433 0.3904761904761905 0.5845201238390093 0.4011904761904762 0.5795665634674922 0.4107142857142857 0.5696594427244582 0.5059523809523809 0.5696594427244582 0.569047619047619 0.5746130030959752 0.5797619047619048 0.5987616099071208 0.5797619047619048 0.6037151702786377 0.45357142857142857 0.6037151702786377 0.3904761904761905 0.5944272445820433 0.3904761904761905 
13 0.6068111455108359 0.4 0.6043343653250774 0.4011904761904762 0.5993808049535604 0.4095238095238095 0.5944272445820433 0.44761904761904764 0.5944272445820433 0.5702380952380952 0.5993808049535604 0.5797619047619048 0.6142414860681115 0.5892857142857143 0.6185758513931888 0.5892857142857143 0.6235294117647059 0.5785714285714286 0.6235294117647059 0.4857142857142857 0.6185758513931888 0.4 0.6068111455108359 0.4 
14 0.6352941176470588 0.4 0.6340557275541796 0.4011904761904762 0.6241486068111455 0.41904761904761906 0.6191950464396285 0.44761904761904764 0.6191950464396285 0.5785714285714286 0.6204334365325077 0.5797619047619048 0.653250773993808 0.5797619047619048 0.6625386996904025 0.5607142857142857 0.6631578947368421 0.5511904761904762 0.6631578947368421 0.5357142857142857 0.6582043343653251 0.42857142857142855 0.653250773993808 0.4107142857142857 0.648297213622291 0.4 0.6352941176470588 0.4 
15 0.6736842105263158 0.38095238095238093 0.6588235294117647 0.4095238095238095 0.6538699690402476 0.4392857142857143 0.6538699690402476 0.5511904761904762 0.6588235294117647 0.569047619047619 0.6594427244582043 0.5702380952380952 0.686687306501548 0.5702380952380952 0.6978328173374613 0.5511904761904762 0.6978328173374613 0.5238095238095238 0.6928792569659443 0.38333333333333336 0.6922600619195046 0.38095238095238093 0.6736842105263158 0.38095238095238093 
19 0.6092879256965944 0.6 0.6 0.6095238095238096 0.5993808049535604 0.6107142857142858 0.5993808049535604 0.6369047619047619 0.6241486068111455 0.7309523809523809 0.6291021671826625 0.7416666666666667 0.6346749226006192 0.7511904761904762 0.6439628482972136 0.7607142857142857 0.6575851393188854 0.7607142857142857 0.6674922600619195 0.7511904761904762 0.6681114551083591 0.75 0.6681114551083591 0.7047619047619048 0.653250773993808 0.6 0.6092879256965944 0.6 
20 0.5845201238390093 0.6 0.5752321981424149 0.6095238095238096 0.5746130030959752 0.6142857142857143 0.5746130030959752 0.6345238095238095 0.5795665634674922 0.655952380952381 0.5993808049535604 0.7404761904761905 0.6043343653250774 0.7595238095238095 0.6092879256965944 0.7702380952380953 0.6235294117647059 0.7702380952380953 0.6235294117647059 0.7154761904761905 0.6185758513931888 0.6761904761904762 0.6136222910216719 0.6416666666666667 0.6130030959752322 0.638095238095238 0.6037151702786377 0.6107142857142858 0.6030959752321982 0.6095238095238096 0.5931888544891641 0.6 0.5845201238390093 0.6 
22 0.5405572755417957 0.6 0.5399380804953561 0.6011904761904762 0.5399380804953561 0.6738095238095239 0.544891640866873 0.7380952380952381 0.5498452012383901 0.7797619047619048 0.5547987616099072 0.7976190476190477 0.5554179566563467 0.7988095238095239 0.5678018575851393 0.7988095238095239 0.5684210526315789 0.7976190476190477 0.5739938080495356 0.7797619047619048 0.5739938080495356 0.7333333333333333 0.5690402476780185 0.6666666666666666 0.5640866873065016 0.611904761904762 0.5634674922600619 0.6095238095238096 0.5591331269349845 0.6 0.5405572755417957 0.6 
23 0.5201238390092879 0.6 0.5201238390092879 0.719047619047619 0.5207430340557275 0.7226190476190476 0.525077399380805 0.7416666666666667 0.5306501547987617 0.7607142857142857 0.5380804953560372 0.7607142857142857 0.5393188854489164 0.7595238095238095 0.5393188854489164 0.6 0.5201238390092879 0.6 
24 0.5009287925696595 0.6 0.5003095975232198 0.6011904761904762 0.5003095975232198 0.6654761904761904 0.5052631578947369 0.7119047619047619 0.5102167182662539 0.7511904761904762 0.518266253869969 0.7511904761904762 0.5195046439628483 0.75 0.5244582043343653 0.694047619047619 0.5244582043343653 0.6 0.5009287925696595 0.6 
25 0.4804953560371517 0.5904761904761905 0.4804953560371517 0.6071428571428571 0.4854489164086687 0.725 0.48606811145510836 0.7321428571428571 0.4904024767801858 0.75 0.49102167182662537 0.7511904761904762 0.5040247678018576 0.7511904761904762 0.5046439628482973 0.7488095238095238 0.5046439628482973 0.6 0.4848297213622291 0.5904761904761905 0.4804953560371517 0.5904761904761905 
26 0.47058823529411764 0.6 0.46068111455108357 0.6095238095238096 0.46068111455108357 0.6345238095238095 0.47058823529411764 0.7297619047619047 0.47554179566563465 0.7511904761904762 0.4848297213622291 0.7511904761904762 0.4848297213622291 0.6 0.47058823529411764 0.6 
27 0.44643962848297214 0.6 0.4408668730650155 0.6095238095238096 0.4408668730650155 0.7976190476190477 0.44148606811145513 0.7988095238095239 0.4551083591331269 0.7988095238095239 0.460061919504644 0.7785714285714286 0.465015479876161 0.7321428571428571 0.469969040247678 0.655952380952381 0.469969040247678 0.6285714285714286 0.46439628482972134 0.6095238095238096 0.460061919504644 0.6 0.44643962848297214 0.6 
28 0.41671826625387 0.6095238095238096 0.41114551083591333 0.6202380952380953 0.41114551083591333 0.675 0.41609907120743034 0.7511904761904762 0.42105263157894735 0.7785714285714286 0.4260061919504644 0.7892857142857143 0.42910216718266253 0.7892857142857143 0.44024767801857584 0.7702380952380953 0.44458204334365325 0.7511904761904762 0.4452012383900929 0.7452380952380953 0.4452012383900929 0.6202380952380953 0.44024767801857584 0.6095238095238096 0.41671826625387 0.6095238095238096 
29 0.3925696594427245 0.6190476190476191 0.3913312693498452 0.6202380952380953 0.3863777089783282 0.6297619047619047 0.3863777089783282 0.675 0.39628482972136225 0.8071428571428572 0.3975232198142415 0.8083333333333333 0.41424148606811145 0.8083333333333333 0.4154798761609907 0.8071428571428572 0.42043343653250775 0.6928571428571428 0.42043343653250775 0.6702380952380952 0.4154798761609907 0.6202380952380953 0.4148606811145511 0.6190476190476191 0.3925696594427245 0.6190476190476191 
30 0.356656346749226 0.6190476190476191 0.356656346749226 0.8071428571428572 0.35975232198142415 0.8083333333333333 0.37585139318885447 0.8083333333333333 0.3907120743034056 0.6738095238095239 0.3907120743034056 0.6309523809523809 0.38575851393188854 0.6202380952380953 0.3845201238390093 0.6190476190476191 0.356656346749226 0.6190476190476191 
31 0.3176470588235294 0.6095238095238096 0.3170278637770898 0.6130952380952381 0.3170278637770898 0.7892857142857143 0.32755417956656346 0.8083333333333333 0.34055727554179566 0.8083333333333333 0.3411764705882353 0.8071428571428572 0.3461300309597523 0.7785714285714286 0.3609907120743034 0.6833333333333333 0.3609907120743034 0.6297619047619047 0.3510835913312694 0.6095238095238096 0.3176470588235294 0.6095238095238096 