1 0.25758513931888544 0.38095238095238093 0.25263157894736843 0.42023809523809524 0.2476780185758514 0.4857142857142857 0.2476780185758514 0.513095238095238 0.25758513931888544 0.5321428571428571 0.2674922600619195 0.5416666666666666 0.286687306501548 0.5416666666666666 0.291640866873065 0.5226190476190476 0.291640866873065 0.4380952380952381 0.286687306501548 0.4095238095238095 0.2718266253869969 0.38095238095238093 0.25758513931888544 0.38095238095238093 
2 0.2934984520123839 0.37142857142857144 0.29226006191950465 0.3726190476190476 0.2873065015479876 0.4095238095238095 0.2823529411764706 0.5154761904761904 0.2823529411764706 0.5416666666666666 0.29226006191950465 0.5607142857142857 0.3256965944272446 0.5607142857142857 0.3263157894736842 0.5595238095238095 0.3263157894736842 0.48928571428571427 0.31640866873065016 0.4035714285714286 0.31145510835913315 0.375 0.3065015479876161 0.37142857142857144 0.2934984520123839 0.37142857142857144 
4 0.37708978328173376 0.38095238095238093 0.3764705882352941 0.3821428571428571 0.3715170278637771 0.42857142857142855 0.36656346749226004 0.5083333333333333 0.36656346749226004 0.5404761904761904 0.3721362229102167 0.5511904761904762 0.4055727554179567 0.5511904761904762 0.4055727554179567 0.4928571428571429 0.40495356037151703 0.4857142857142857 0.3956656346749226 0.4 0.3907120743034056 0.3821428571428571 0.39009287925696595 0.38095238095238093 0.37708978328173376 0.38095238095238093 
5 0.4068111455108359 0.3619047619047619 0.40123839009287926 0.37142857142857144 0.39628482972136225 0.4 0.39628482972136225 0.4738095238095238 0.40123839009287926 0.5511904761904762 0.41609907120743034 0.5607142857142857 0.4346749226006192 0.5607142857142857 0.44024767801857584 0.55 0.4439628482972136 0.5416666666666666 0.4452012383900929 0.5369047619047619 0.4452012383900929 0.5166666666666667 0.42043343653250775 0.3904761904761905 0.4154798761609907 0.3726190476190476 0.4105263157894737 0.3619047619047619 0.4068111455108359 0.3619047619047619 
6 0.426625386996904 0.3333333333333333 0.4260061919504644 0.3345238095238095 0.42105263157894735 0.3523809523809524 0.42105263157894735 0.3607142857142857 0.4260061919504644 0.4369047619047619 0.4309597523219814 0.5119047619047619 0.4359133126934985 0.5511904761904762 0.4408668730650155 0.5607142857142857 0.4458204334365325 0.5678571428571428 0.45077399380804956 0.5702380952380952 0.4588235294117647 0.5702380952380952 0.465015479876161 0.5607142857142857 0.47492260061919506 0.5416666666666666 0.47492260061919506 0.5238095238095238 0.465015479876161 0.4380952380952381 0.4551083591331269 0.38333333333333336 0.44458204334365325 0.34285714285714286 0.44024767801857584 0.3333333333333333 0.426625386996904 0.3333333333333333 
8 0.46563467492260063 0.3523809523809524 0.46563467492260063 0.5416666666666666 0.4712074303405573 0.5511904761904762 0.49907120743034056 0.5511904761904762 0.4996904024767802 0.5488095238095239 0.4996904024767802 0.4773809523809524 0.49473684210526314 0.3726190476190476 0.48978328173374613 0.3523809523809524 0.46563467492260063 0.3523809523809524 
9 0.5201238390092879 0.3333333333333333 0.5151702786377709 0.3535714285714286 0.5108359133126935 0.37142857142857144 0.5003095975232198 0.42023809523809524 0.4953560371517028 0.4857142857142857 0.4953560371517028 0.5511904761904762 0.5287925696594428 0.5511904761904762 0.5343653250773994 0.5416666666666666 0.5393188854489164 0.513095238095238 0.5393188854489164 0.3904761904761905 0.5343653250773994 0.3345238095238095 0.5331269349845201 0.3333333333333333 0.5201238390092879 0.3333333333333333 
10 0.5609907120743034 0.34285714285714286 0.5597523219814241 0.34404761904761905 0.5504643962848297 0.3619047619047619 0.544891640866873 0.38095238095238093 0.534984520123839 0.4297619047619048 0.530030959752322 0.5059523809523809 0.530030959752322 0.5297619047619048 0.5306501547987617 0.5321428571428571 0.5356037151702786 0.5416666666666666 0.5640866873065016 0.5416666666666666 0.5739938080495356 0.38571428571428573 0.5739938080495356 0.3547619047619048 0.573374613003096 0.3523809523809524 0.5690402476780185 0.34285714285714286 0.5609907120743034 0.34285714285714286 
11 0.5894736842105263 0.3238095238095238 0.5845201238390093 0.3333333333333333 0.5795665634674922 0.34404761904761905 0.5746130030959752 0.3619047619047619 0.5696594427244582 0.3904761904761905 0.5647058823529412 0.430952380952381 0.5597523219814241 0.47619047619047616 0.5597523219814241 0.5226190476190476 0.5647058823529412 0.5404761904761904 0.5708978328173374 0.5511904761904762 0.5777089783281734 0.5511904761904762 0.5938080495356037 0.5416666666666666 0.5987616099071208 0.5321428571428571 0.5987616099071208 0.3261904761904762 0.5975232198142415 0.3238095238095238 0.5894736842105263 0.3238095238095238 
12 0.604953560371517 0.3333333333333333 0.6 0.34285714285714286 0.5993808049535604 0.34523809523809523 0.5944272445820433 0.44761904761904764 0.5944272445820433 0.5321428571428571 0.6235294117647059 0.5321428571428571 0.6235294117647059 0.4392857142857143 0.6185758513931888 0.3333333333333333 0.604953560371517 0.3333333333333333 
13 0.6352941176470588 0.34285714285714286 0.6291021671826625 0.3523809523809524 0.6191950464396285 0.4666666666666667 0.6191950464396285 0.530952380952381 0.6198142414860681 0.5321428571428571 0.6377708978328174 0.5321428571428571 0.648297213622291 0.5226190476190476 0.653250773993808 0.5119047619047619 0.653250773993808 0.3630952380952381 0.6476780185758514 0.34285714285714286 0.6352941176470588 0.34285714285714286 
14 0.6637770897832818 0.37142857142857144 0.6588235294117647 0.39166666666666666 0.6439628482972136 0.5047619047619047 0.6439628482972136 0.5297619047619048 0.6445820433436532 0.5321428571428571 0.6873065015479877 0.5321428571428571 0.6928792569659443 0.5214285714285715 0.6978328173374613 0.4452380952380952 0.6978328173374613 0.37142857142857144 0.6637770897832818 0.37142857142857144 
16 0.7430340557275542 0.3523809523809524 0.7331269349845201 0.37142857142857144 0.7232198142414861 0.41904761904761906 0.718266253869969 0.44761904761904764 0.718266253869969 0.5226190476190476 0.7393188854489164 0.5226190476190476 0.7424148606811145 0.5214285714285715 0.7622291021671826 0.5035714285714286 0.7622291021671826 0.4666666666666667 0.7572755417956656 0.3523809523809524 0.7430340557275542 0.3523809523809524 
17 0.7479876160990712 0.49523809523809526 0.7188854489164087 0.5142857142857142 0.718266253869969 0.5178571428571429 0.718266253869969 0.5416666666666666 0.7232198142414861 0.569047619047619 0.7486068111455109 0.6273809523809524 0.7529411764705882 0.6369047619047619 0.7628482972136222 0.6464285714285715 0.7764705882352941 0.6464285714285715 0.7869969040247679 0.6166666666666667 0.7869969040247679 0.5726190476190476 0.7721362229102167 0.49523809523809526 0.7479876160990712 0.49523809523809526 
18 0.698452012383901 0.5142857142857142 0.6761609907120743 0.5238095238095238 0.6743034055727554 0.530952380952381 0.6736842105263158 0.5428571428571428 0.6736842105263158 0.55 0.6786377708978328 0.5702380952380952 0.708359133126935 0.675 0.713312693498452 0.6845238095238095 0.7269349845201238 0.6845238095238095 0.7374613003095976 0.6654761904761904 0.7374613003095976 0.6226190476190476 0.7275541795665634 0.5428571428571428 0.7226006191950465 0.5154761904761904 0.7219814241486068 0.5142857142857142 0.698452012383901 0.5142857142857142 
19 0.6365325077399381 0.5238095238095238 0.6346749226006192 0.530952380952381 0.6340557275541796 0.5345238095238095 0.6340557275541796 0.569047619047619 0.6489164086687307 0.6654761904761904 0.6594427244582043 0.694047619047619 0.6718266253869969 0.694047619047619 0.6928792569659443 0.675 0.6928792569659443 0.6476190476190476 0.6829721362229102 0.5428571428571428 0.676780185758514 0.5273809523809524 0.6736842105263158 0.5238095238095238 0.6365325077399381 0.5238095238095238 
20 0.6043343653250774 0.5238095238095238 0.6043343653250774 0.5845238095238096 0.604953560371517 0.5880952380952381 0.6092879256965944 0.6059523809523809 0.6099071207430341 0.6083333333333333 0.6241486068111455 0.655952380952381 0.6340557275541796 0.6821428571428572 0.6390092879256966 0.694047619047619 0.6445820433436532 0.7035714285714286 0.6464396284829721 0.7035714285714286 0.648297213622291 0.7023809523809523 0.653250773993808 0.694047619047619 0.653250773993808 0.6571428571428571 0.643343653250774 0.525 0.6427244582043343 0.5238095238095238 0.6043343653250774 0.5238095238095238 
21 0.590092879256966 0.5238095238095238 0.5758513931888545 0.5333333333333333 0.5746130030959752 0.5357142857142857 0.5746130030959752 0.5452380952380952 0.5752321981424149 0.5511904761904762 0.5795665634674922 0.5761904761904761 0.5944272445820433 0.655952380952381 0.6043343653250774 0.6928571428571428 0.6092879256965944 0.7023809523809523 0.6105263157894737 0.7035714285714286 0.6235294117647059 0.7035714285714286 0.6235294117647059 0.6571428571428571 0.6086687306501548 0.5333333333333333 0.6037151702786377 0.5238095238095238 0.590092879256966 0.5238095238095238 
22 0.5547987616099072 0.5333333333333333 0.5547987616099072 0.5988095238095238 0.5597523219814241 0.6273809523809524 0.5746130030959752 0.7035714285714286 0.5894736842105263 0.7321428571428571 0.6037151702786377 0.7321428571428571 0.6037151702786377 0.6857142857142857 0.5888544891640867 0.5738095238095238 0.5839009287925696 0.5428571428571428 0.573374613003096 0.5333333333333333 0.5547987616099072 0.5333333333333333 
23 0.5306501547987617 0.5333333333333333 0.530030959752322 0.5345238095238095 0.530030959752322 0.569047619047619 0.534984520123839 0.6083333333333333 0.5399380804953561 0.6440476190476191 0.544891640866873 0.675 0.5498452012383901 0.694047619047619 0.5547987616099072 0.7035714285714286 0.5690402476780185 0.7035714285714286 0.5690402476780185 0.6476190476190476 0.5640866873065016 0.5904761904761905 0.5591331269349845 0.5357142857142857 0.5585139318885449 0.5333333333333333 0.5306501547987617 0.5333333333333333 
24 0.5263157894736842 0.5333333333333333 0.5102167182662539 0.5428571428571428 0.5102167182662539 0.6071428571428571 0.530030959752322 0.6833333333333333 0.534984520123839 0.694047619047619 0.5486068111455108 0.694047619047619 0.5492260061919505 0.6928571428571428 0.5492260061919505 0.6416666666666667 0.5343653250773994 0.5333333333333333 0.5263157894736842 0.5333333333333333 
25 0.4854489164086687 0.5428571428571428 0.4854489164086687 0.5666666666666667 0.4904024767801858 0.5976190476190476 0.4953560371517028 0.6261904761904762 0.5003095975232198 0.6464285714285715 0.5151702786377709 0.7035714285714286 0.5201238390092879 0.7119047619047619 0.5213622291021672 0.7130952380952381 0.5281733746130031 0.7130952380952381 0.5294117647058824 0.7119047619047619 0.5294117647058824 0.6678571428571428 0.5287925696594428 0.6571428571428571 0.5244582043343653 0.6107142857142858 0.5145510835913313 0.544047619047619 0.5139318885448917 0.5428571428571428 0.4854489164086687 0.5428571428571428 
26 0.46563467492260063 0.5392857142857143 0.4613003095975232 0.5428571428571428 0.46068111455108357 0.5464285714285714 0.46068111455108357 0.569047619047619 0.4662538699690402 0.5988095238095238 0.4712074303405573 0.6178571428571429 0.4953560371517028 0.7035714285714286 0.5003095975232198 0.7130952380952381 0.5052631578947369 0.7214285714285714 0.5077399380804953 0.7226190476190476 0.508359133126935 0.7226190476190476 0.5095975232198142 0.7214285714285714 0.5095975232198142 0.6523809523809524 0.49473684210526314 0.5619047619047619 0.48978328173374613 0.544047619047619 0.4885448916408669 0.5428571428571428 0.469969040247678 0.5392857142857143 0.46563467492260063 0.5392857142857143 
27 0.4501547987616099 0.5523809523809524 0.4470588235294118 0.555952380952381 0.4408668730650155 0.5726190476190476 0.43653250773993807 0.5904761904761905 0.4359133126934985 0.6357142857142857 0.4359133126934985 0.6369047619047619 0.45077399380804956 0.7690476190476191 0.45572755417956656 0.7976190476190477 0.4563467492260062 0.7988095238095239 0.46873065015479876 0.7988095238095239 0.469969040247678 0.7976190476190477 0.47492260061919506 0.7892857142857143 0.47987616099071206 0.7785714285714286 0.4848297213622291 0.7607142857142857 0.4848297213622291 0.6928571428571428 0.47987616099071206 0.6214285714285714 0.4743034055727554 0.5904761904761905 0.469969040247678 0.5714285714285714 0.460061919504644 0.5523809523809524 0.4501547987616099 0.5523809523809524 
28 0.41609907120743034 0.5523809523809524 0.41114551083591333 0.5619047619047619 0.40619195046439627 0.6761904761904762 0.40619195046439627 0.7297619047619047 0.4068111455108359 0.7309523809523809 0.40928792569659445 0.7321428571428571 0.42043343653250775 0.7321428571428571 0.42538699690402476 0.7226190476190476 0.4452012383900929 0.6464285714285715 0.4452012383900929 0.5642857142857143 0.44024767801857584 0.5523809523809524 0.41609907120743034 0.5523809523809524 
29 0.3863777089783282 0.5428571428571428 0.3814241486068111 0.6761904761904762 0.3814241486068111 0.7392857142857143 0.38204334365325077 0.7416666666666667 0.3956656346749226 0.7416666666666667 0.4 0.7321428571428571 0.4105263157894737 0.694047619047619 0.43034055727554177 0.5607142857142857 0.43034055727554177 0.5535714285714286 0.42043343653250775 0.5428571428571428 0.3863777089783282 0.5428571428571428 
30 0.35170278637770896 0.5333333333333333 0.3368421052631579 0.5428571428571428 0.3269349845201238 0.6988095238095238 0.3269349845201238 0.7321428571428571 0.3603715170278638 0.7321428571428571 0.37089783281733746 0.7226190476190476 0.37585139318885447 0.7130952380952381 0.38575851393188854 0.6833333333333333 0.39009287925696595 0.6464285714285715 0.3907120743034056 0.6404761904761904 0.3907120743034056 0.5428571428571428 0.37089783281733746 0.5333333333333333 0.35170278637770896 0.5333333333333333 
31 0.2873065015479876 0.5428571428571428 0.2773993808049536 0.6488095238095238 0.2773993808049536 0.7023809523809523 0.2873065015479876 0.7226190476190476 0.29659442724458207 0.7226190476190476 0.3058823529411765 0.7130952380952381 0.31145510835913315 0.694047619047619 0.33622291021671824 0.6071428571428571 0.3411764705882353 0.5892857142857143 0.3411764705882353 0.55 0.339938080495356 0.5464285714285714 0.3368421052631579 0.5428571428571428 0.2873065015479876 0.5428571428571428 
32 0.2476780185758514 0.5047619047619047 0.23777089783281732 0.5238095238095238 0.23281733746130032 0.5345238095238095 0.22291021671826625 0.6130952380952381 0.22291021671826625 0.675 0.2563467492260062 0.675 0.2718266253869969 0.6464285714285715 0.27678018575851393 0.6357142857142857 0.291640866873065 0.5988095238095238 0.29659442724458207 0.5488095238095239 0.29659442724458207 0.5452380952380952 0.2959752321981424 0.5428571428571428 0.286687306501548 0.5238095238095238 0.2563467492260062 0.5047619047619047 0.2476780185758514 0.5047619047619047 