1 0.2284829721362229 0.45714285714285713 0.22291021671826625 0.4666666666666667 0.21795665634674924 0.4773809523809524 0.21362229102167182 0.49523809523809526 0.2130030959752322 0.5 0.2130030959752322 0.6071428571428571 0.21795665634674924 0.6166666666666667 0.21981424148606812 0.6178571428571429 0.2513931888544892 0.6178571428571429 0.25696594427244585 0.6083333333333333 0.25696594427244585 0.5619047619047619 0.2520123839009288 0.4666666666666667 0.24705882352941178 0.45714285714285713 0.2284829721362229 0.45714285714285713 
2 0.25758513931888544 0.42857142857142855 0.25263157894736843 0.4380952380952381 0.2476780185758514 0.5535714285714286 0.2476780185758514 0.5702380952380952 0.25263157894736843 0.6071428571428571 0.2582043343653251 0.6178571428571429 0.2724458204334365 0.6273809523809524 0.2897832817337461 0.6273809523809524 0.29102167182662536 0.6261904761904762 0.2959752321981424 0.6178571428571429 0.29659442724458207 0.6166666666666667 0.3015479876160991 0.5988095238095238 0.3015479876160991 0.5630952380952381 0.291640866873065 0.4857142857142857 0.286687306501548 0.45714285714285713 0.28173374613003094 0.4380952380952381 0.27678018575851393 0.42857142857142855 0.25758513931888544 0.42857142857142855 
3 0.3077399380804954 0.42857142857142855 0.28792569659442724 0.4380952380952381 0.2873065015479876 0.44047619047619047 0.2873065015479876 0.49404761904761907 0.29721362229102166 0.6142857142857143 0.2978328173374613 0.6178571428571429 0.3021671826625387 0.6261904761904762 0.3040247678018576 0.6273809523809524 0.3411764705882353 0.6273809523809524 0.3510835913312694 0.6178571428571429 0.3510835913312694 0.5535714285714286 0.3411764705882353 0.49523809523809526 0.33560371517027865 0.47619047619047616 0.3263157894736842 0.44761904761904764 0.31640866873065016 0.4297619047619048 0.3151702786377709 0.42857142857142855 0.3077399380804954 0.42857142857142855 
5 0.36160990712074303 0.42857142857142855 0.356656346749226 0.5083333333333333 0.356656346749226 0.6083333333333333 0.36656346749226004 0.6273809523809524 0.3993808049535604 0.6273809523809524 0.4006191950464396 0.6214285714285714 0.4006191950464396 0.5238095238095238 0.38575851393188854 0.42857142857142855 0.36160990712074303 0.42857142857142855 
6 0.40804953560371515 0.37142857142857144 0.40619195046439627 0.3726190476190476 0.39628482972136225 0.39166666666666666 0.3913312693498452 0.41904761904761906 0.3863777089783282 0.4928571428571429 0.3863777089783282 0.5035714285714286 0.39628482972136225 0.6166666666666667 0.39690402476780184 0.6178571428571429 0.42538699690402476 0.6178571428571429 0.43529411764705883 0.5988095238095238 0.43529411764705883 0.580952380952381 0.42538699690402476 0.3821428571428571 0.4198142414860681 0.37142857142857144 0.40804953560371515 0.37142857142857144 
7 0.43157894736842106 0.4 0.4309597523219814 0.4011904761904762 0.4260061919504644 0.44761904761904764 0.4260061919504644 0.5833333333333334 0.426625386996904 0.5892857142857143 0.4309597523219814 0.5988095238095238 0.4359133126934985 0.6083333333333333 0.465015479876161 0.6083333333333333 0.465015479876161 0.46785714285714286 0.460061919504644 0.430952380952381 0.4551083591331269 0.4011904761904762 0.4538699690402477 0.4 0.43157894736842106 0.4 
8 0.47554179566563465 0.3904761904761905 0.47058823529411764 0.4011904761904762 0.4662538699690402 0.4107142857142857 0.46068111455108357 0.44166666666666665 0.46068111455108357 0.6071428571428571 0.4613003095975232 0.6083333333333333 0.49473684210526314 0.6083333333333333 0.4996904024767802 0.5988095238095238 0.4996904024767802 0.4988095238095238 0.49473684210526314 0.4392857142857143 0.48978328173374613 0.4 0.4848297213622291 0.39166666666666666 0.48297213622291024 0.3904761904761905 0.47554179566563465 0.3904761904761905 
9 0.5058823529411764 0.3904761904761905 0.5052631578947369 0.39166666666666666 0.5003095975232198 0.4107142857142857 0.4953560371517028 0.47619047619047616 0.4953560371517028 0.5880952380952381 0.5003095975232198 0.5976190476190476 0.5021671826625387 0.5988095238095238 0.5294117647058824 0.5988095238095238 0.5343653250773994 0.5892857142857143 0.5343653250773994 0.5273809523809524 0.5294117647058824 0.45714285714285713 0.5244582043343653 0.4095238095238095 0.5195046439628483 0.39166666666666666 0.518266253869969 0.3904761904761905 0.5058823529411764 0.3904761904761905 
10 0.5455108359133127 0.3904761904761905 0.5399380804953561 0.4 0.534984520123839 0.4297619047619048 0.530030959752322 0.4857142857142857 0.530030959752322 0.5869047619047619 0.5306501547987617 0.5892857142857143 0.5356037151702786 0.5988095238095238 0.5634674922600619 0.5988095238095238 0.5640866873065016 0.5976190476190476 0.5690402476780185 0.5797619047619048 0.5690402476780185 0.41904761904761906 0.5640866873065016 0.3904761904761905 0.5455108359133127 0.3904761904761905 
11 0.590092879256966 0.3619047619047619 0.5845201238390093 0.3726190476190476 0.5702786377708978 0.4380952380952381 0.5647058823529412 0.4785714285714286 0.5647058823529412 0.5976190476190476 0.5752321981424149 0.6178571428571429 0.5987616099071208 0.6178571428571429 0.6030959752321982 0.6083333333333333 0.6037151702786377 0.6047619047619047 0.6037151702786377 0.3630952380952381 0.6030959752321982 0.3619047619047619 0.590092879256966 0.3619047619047619 
12 0.614860681114551 0.4095238095238095 0.6092879256965944 0.41904761904761906 0.6043343653250774 0.42857142857142855 0.6 0.4380952380952381 0.5993808049535604 0.44047619047619047 0.5944272445820433 0.5238095238095238 0.5894736842105263 0.611904761904762 0.5894736842105263 0.6178571428571429 0.6173374613003096 0.6273809523809524 0.628482972136223 0.6273809523809524 0.638390092879257 0.6083333333333333 0.638390092879257 0.4297619047619048 0.6334365325077399 0.4107142857142857 0.6321981424148607 0.4095238095238095 0.614860681114551 0.4095238095238095 
14 0.6835913312693499 0.42857142857142855 0.6736842105263158 0.4392857142857143 0.6687306501547987 0.4488095238095238 0.6637770897832818 0.4666666666666667 0.6588235294117647 0.4857142857142857 0.6439628482972136 0.544047619047619 0.6439628482972136 0.6083333333333333 0.6538699690402476 0.6261904761904762 0.6551083591331269 0.6273809523809524 0.6786377708978328 0.6369047619047619 0.691640866873065 0.6369047619047619 0.6978328173374613 0.6273809523809524 0.7021671826625387 0.6178571428571429 0.7027863777089783 0.6142857142857143 0.7126934984520124 0.5119047619047619 0.7126934984520124 0.44761904761904764 0.7027863777089783 0.42857142857142855 0.6835913312693499 0.42857142857142855 
15 0.7188854489164087 0.42857142857142855 0.708359133126935 0.4380952380952381 0.698452012383901 0.5238095238095238 0.698452012383901 0.6154761904761905 0.6990712074303406 0.6178571428571429 0.7040247678018576 0.6273809523809524 0.7275541795665634 0.6273809523809524 0.746749226006192 0.6178571428571429 0.7473684210526316 0.6154761904761905 0.7523219814241486 0.5011904761904762 0.7523219814241486 0.4666666666666667 0.7374613003095976 0.4380952380952381 0.7318885448916409 0.42857142857142855 0.7188854489164087 0.42857142857142855 
16 0.7628482972136222 0.42857142857142855 0.7529411764705882 0.44761904761904764 0.7486068111455109 0.4666666666666667 0.7430340557275542 0.49523809523809526 0.7430340557275542 0.5988095238095238 0.7479876160990712 0.6083333333333333 0.7814241486068112 0.6083333333333333 0.7913312693498452 0.5988095238095238 0.7969040247678019 0.5892857142857143 0.7969040247678019 0.5666666666666667 0.7863777089783281 0.45714285714285713 0.7820433436532508 0.42857142857142855 0.7628482972136222 0.42857142857142855 
17 0.7777089783281734 0.5904761904761905 0.7535603715170278 0.6 0.7430340557275542 0.6095238095238096 0.7430340557275542 0.669047619047619 0.7436532507739938 0.675 0.7727554179566564 0.7416666666666667 0.7777089783281734 0.7511904761904762 0.7832817337461301 0.7607142857142857 0.7925696594427245 0.7702380952380953 0.8105263157894737 0.7702380952380953 0.8117647058823529 0.7690476190476191 0.81671826625387 0.7511904761904762 0.81671826625387 0.7047619047619048 0.8068111455108359 0.611904761904762 0.8061919504643963 0.6095238095238096 0.7962848297213623 0.5904761904761905 0.7777089783281734 0.5904761904761905 
18 0.7238390092879257 0.6095238095238096 0.6947368421052632 0.6190476190476191 0.6934984520123839 0.6202380952380953 0.6835913312693499 0.6392857142857142 0.6835913312693499 0.655952380952381 0.6885448916408669 0.6916666666666667 0.6891640866873066 0.694047619047619 0.7089783281733746 0.7416666666666667 0.7331269349845201 0.7988095238095239 0.7380804953560371 0.8083333333333333 0.7517027863777089 0.8083333333333333 0.76656346749226 0.7988095238095239 0.7671826625386997 0.7976190476190477 0.7671826625386997 0.7583333333333333 0.7622291021671826 0.7166666666666667 0.7572755417956656 0.6880952380952381 0.746749226006192 0.6285714285714286 0.7424148606811145 0.6095238095238096 0.7238390092879257 0.6095238095238096 
19 0.6687306501547987 0.6095238095238096 0.6346749226006192 0.6190476190476191 0.6340557275541796 0.6202380952380953 0.6340557275541796 0.6630952380952381 0.6390092879256966 0.7226190476190476 0.6439628482972136 0.7607142857142857 0.6489164086687307 0.7797619047619048 0.6588235294117647 0.8083333333333333 0.6736842105263158 0.8273809523809523 0.6879256965944273 0.8273809523809523 0.7176470588235294 0.8083333333333333 0.7176470588235294 0.7714285714285715 0.6928792569659443 0.6297619047619047 0.6922600619195046 0.6285714285714286 0.6773993808049535 0.6095238095238096 0.6687306501547987 0.6095238095238096 
20 0.6099071207430341 0.6190476190476191 0.6043343653250774 0.6285714285714286 0.6043343653250774 0.675 0.6092879256965944 0.75 0.6142414860681115 0.7773809523809524 0.6191950464396285 0.7988095238095239 0.6241486068111455 0.805952380952381 0.6340557275541796 0.8178571428571428 0.643343653250774 0.8178571428571428 0.643343653250774 0.6571428571428571 0.638390092879257 0.6202380952380953 0.6377708978328174 0.6190476190476191 0.6099071207430341 0.6190476190476191 
21 0.5857585139318885 0.6095238095238096 0.5845201238390093 0.6107142857142858 0.5746130030959752 0.6297619047619047 0.5746130030959752 0.675 0.5845201238390093 0.7976190476190477 0.590092879256966 0.8083333333333333 0.6037151702786377 0.8083333333333333 0.6086687306501548 0.7976190476190477 0.6136222910216719 0.719047619047619 0.6136222910216719 0.6190476190476191 0.6086687306501548 0.6107142857142858 0.6074303405572755 0.6095238095238096 0.5857585139318885 0.6095238095238096 
22 0.5498452012383901 0.6 0.544891640866873 0.6190476190476191 0.544891640866873 0.7119047619047619 0.5498452012383901 0.8083333333333333 0.5547987616099072 0.8178571428571428 0.5690402476780185 0.8178571428571428 0.578328173374613 0.7988095238095239 0.5789473684210527 0.794047619047619 0.5839009287925696 0.7011904761904761 0.5839009287925696 0.6107142857142858 0.58328173374613 0.6095238095238096 0.5727554179566563 0.6 0.5498452012383901 0.6 
23 0.5306501547987617 0.6095238095238096 0.525077399380805 0.6190476190476191 0.5201238390092879 0.6773809523809524 0.5201238390092879 0.6833333333333333 0.525077399380805 0.7583333333333333 0.530030959752322 0.7702380952380953 0.5386996904024768 0.7702380952380953 0.5393188854489164 0.7690476190476191 0.5442724458204334 0.7392857142857143 0.5492260061919505 0.694047619047619 0.5492260061919505 0.6107142857142858 0.5479876160990712 0.6095238095238096 0.5306501547987617 0.6095238095238096 
24 0.5058823529411764 0.6095238095238096 0.5052631578947369 0.611904761904762 0.5052631578947369 0.7511904761904762 0.5102167182662539 0.7607142857142857 0.5219814241486068 0.7607142857142857 0.5232198142414861 0.7595238095238095 0.5244582043343653 0.7571428571428571 0.5294117647058824 0.694047619047619 0.5294117647058824 0.6107142857142858 0.5287925696594428 0.6095238095238096 0.5058823529411764 0.6095238095238096 
25 0.4804953560371517 0.6095238095238096 0.4804953560371517 0.655952380952381 0.4904024767801858 0.7511904761904762 0.5040247678018576 0.7511904761904762 0.5046439628482973 0.75 0.5046439628482973 0.6107142857142858 0.5040247678018576 0.6095238095238096 0.4804953560371517 0.6095238095238096 
26 0.4613003095975232 0.6190476190476191 0.45572755417956656 0.6297619047619047 0.45572755417956656 0.6821428571428572 0.47058823529411764 0.7583333333333333 0.4761609907120743 0.7797619047619048 0.48978328173374613 0.7797619047619048 0.48978328173374613 0.7095238095238096 0.4848297213622291 0.6285714285714286 0.47987616099071206 0.6190476190476191 0.4613003095975232 0.6190476190476191 
27 0.4408668730650155 0.6 0.4309597523219814 0.6190476190476191 0.4260061919504644 0.638095238095238 0.4260061919504644 0.7238095238095238 0.4309597523219814 0.7976190476190477 0.4359133126934985 0.8178571428571428 0.44148606811145513 0.8273809523809523 0.4501547987616099 0.8273809523809523 0.4544891640866873 0.8166666666666667 0.460061919504644 0.7976190476190477 0.465015479876161 0.7642857142857142 0.465015479876161 0.6761904761904762 0.460061919504644 0.6226190476190476 0.45944272445820433 0.6190476190476191 0.4551083591331269 0.6 0.4408668730650155 0.6 
28 0.3913312693498452 0.6190476190476191 0.3913312693498452 0.6630952380952381 0.40123839009287926 0.8083333333333333 0.4068111455108359 0.8178571428571428 0.4105263157894737 0.8178571428571428 0.42043343653250775 0.7988095238095239 0.42538699690402476 0.7583333333333333 0.43034055727554177 0.7035714285714286 0.43034055727554177 0.6285714285714286 0.4247678018575851 0.6190476190476191 0.3913312693498452 0.6190476190476191 
29 0.36160990712074303 0.6190476190476191 0.36160990712074303 0.8083333333333333 0.3671826625386997 0.8166666666666667 0.3702786377708978 0.8178571428571428 0.37089783281733746 0.8178571428571428 0.38080495356037153 0.8083333333333333 0.4006191950464396 0.7321428571428571 0.4006191950464396 0.6607142857142857 0.3956656346749226 0.6297619047619047 0.3907120743034056 0.6190476190476191 0.36160990712074303 0.6190476190476191 
30 0.3170278637770898 0.6190476190476191 0.3077399380804954 0.6285714285714286 0.30712074303405573 0.6297619047619047 0.29226006191950465 0.7523809523809524 0.29226006191950465 0.8071428571428572 0.29287925696594425 0.8083333333333333 0.3219814241486068 0.8273809523809523 0.3393188854489164 0.8273809523809523 0.34055727554179566 0.8261904761904761 0.3455108359133127 0.8178571428571428 0.3461300309597523 0.8166666666666667 0.3510835913312694 0.7976190476190477 0.3560371517027864 0.7678571428571429 0.3609907120743034 0.7321428571428571 0.36594427244582045 0.6928571428571428 0.36594427244582045 0.6297619047619047 0.3653250773993808 0.6285714285714286 0.33126934984520123 0.6190476190476191 0.3170278637770898 0.6190476190476191 
31 0.2693498452012384 0.6095238095238096 0.2674922600619195 0.6107142857142858 0.25758513931888544 0.6285714285714286 0.2476780185758514 0.6892857142857143 0.24272445820433436 0.7345238095238096 0.24272445820433436 0.8083333333333333 0.248297213622291 0.8178571428571428 0.26687306501547986 0.8178571428571428 0.2718266253869969 0.8071428571428572 0.29040247678018577 0.7607142857142857 0.30092879256965943 0.7321428571428571 0.31145510835913315 0.694047619047619 0.31145510835913315 0.6297619047619047 0.3065015479876161 0.6190476190476191 0.3015479876160991 0.6107142857142858 0.2996904024767802 0.6095238095238096 0.2693498452012384 0.6095238095238096 
32 0.2130030959752322 0.6 0.20804953560371517 0.6107142857142858 0.1931888544891641 0.705952380952381 0.1931888544891641 0.7404761904761905 0.2235294117647059 0.7607142857142857 0.2371517027863777 0.7607142857142857 0.24210526315789474 0.7511904761904762 0.24705882352941178 0.7404761904761905 0.26191950464396285 0.6738095238095239 0.26191950464396285 0.6190476190476191 0.2563467492260062 0.6095238095238096 0.221671826625387 0.6 0.2130030959752322 0.6 