2 0.25882352941176473 0.4095238095238095 0.25758513931888544 0.4119047619047619 0.25263157894736843 0.42857142857142855 0.2476780185758514 0.45714285714285713 0.23777089783281732 0.5238095238095238 0.23777089783281732 0.5702380952380952 0.24272445820433436 0.5880952380952381 0.2476780185758514 0.5988095238095238 0.25882352941176473 0.5988095238095238 0.26191950464396285 0.5976190476190476 0.28173374613003094 0.5892857142857143 0.291640866873065 0.5797619047619048 0.291640866873065 0.5071428571428571 0.28173374613003094 0.41904761904761906 0.27678018575851393 0.4095238095238095 0.25882352941176473 0.4095238095238095 
3 0.30712074303405573 0.4095238095238095 0.2823529411764706 0.41904761904761906 0.2823529411764706 0.4642857142857143 0.2873065015479876 0.5702380952380952 0.29287925696594425 0.5785714285714286 0.3170278637770898 0.5797619047619048 0.34055727554179566 0.5797619047619048 0.3461300309597523 0.569047619047619 0.3461300309597523 0.5166666666666667 0.3455108359133127 0.5142857142857142 0.3157894736842105 0.4095238095238095 0.30712074303405573 0.4095238095238095 
4 0.34241486068111454 0.3619047619047619 0.34179566563467495 0.36428571428571427 0.3368421052631579 0.39166666666666666 0.3368421052631579 0.5226190476190476 0.34179566563467495 0.5797619047619048 0.3609907120743034 0.5797619047619048 0.3752321981424149 0.569047619047619 0.37585139318885447 0.5678571428571428 0.37585139318885447 0.5083333333333333 0.3609907120743034 0.38333333333333336 0.3560371517027864 0.3630952380952381 0.35479876160990714 0.3619047619047619 0.34241486068111454 0.3619047619047619 
5 0.3764705882352941 0.37142857142857144 0.3715170278637771 0.4869047619047619 0.3715170278637771 0.569047619047619 0.373374613003096 0.5702380952380952 0.3956656346749226 0.5702380952380952 0.4006191950464396 0.5607142857142857 0.4055727554179567 0.55 0.4055727554179567 0.5047619047619047 0.3956656346749226 0.38452380952380955 0.39504643962848296 0.38095238095238093 0.3894736842105263 0.37142857142857144 0.3764705882352941 0.37142857142857144 
6 0.40619195046439627 0.3523809523809524 0.4018575851393189 0.3619047619047619 0.40123839009287926 0.36666666666666664 0.40123839009287926 0.530952380952381 0.41114551083591333 0.5785714285714286 0.4117647058823529 0.5797619047619048 0.43034055727554177 0.5797619047619048 0.43962848297213625 0.5702380952380952 0.44024767801857584 0.569047619047619 0.44458204334365325 0.5511904761904762 0.4452012383900929 0.5464285714285714 0.4452012383900929 0.5047619047619047 0.4247678018575851 0.375 0.42043343653250775 0.3523809523809524 0.40619195046439627 0.3523809523809524 
7 0.43653250773993807 0.37142857142857144 0.4309597523219814 0.38095238095238093 0.4309597523219814 0.475 0.4408668730650155 0.5511904761904762 0.45077399380804956 0.569047619047619 0.4520123839009288 0.5702380952380952 0.4693498452012384 0.5702380952380952 0.4743034055727554 0.5607142857142857 0.47492260061919506 0.5583333333333333 0.47492260061919506 0.49642857142857144 0.469969040247678 0.46904761904761905 0.4501547987616099 0.38095238095238093 0.4452012383900929 0.37142857142857144 0.43653250773993807 0.37142857142857144 
8 0.47554179566563465 0.3619047619047619 0.46563467492260063 0.38095238095238093 0.46068111455108357 0.46785714285714286 0.46068111455108357 0.4738095238095238 0.47058823529411764 0.569047619047619 0.4761609907120743 0.5797619047619048 0.5089783281733746 0.5797619047619048 0.5095975232198142 0.5785714285714286 0.5095975232198142 0.49523809523809526 0.4996904024767802 0.39166666666666666 0.49473684210526314 0.37142857142857144 0.48978328173374613 0.3619047619047619 0.47554179566563465 0.3619047619047619 
9 0.5399380804953561 0.3523809523809524 0.5306501547987617 0.3630952380952381 0.5201238390092879 0.38095238095238093 0.5052631578947369 0.47619047619047616 0.5052631578947369 0.5595238095238095 0.5108359133126935 0.5702380952380952 0.5436532507739938 0.5702380952380952 0.5492260061919505 0.5607142857142857 0.5541795665634675 0.4452380952380952 0.5541795665634675 0.3535714285714286 0.5535603715170279 0.3523809523809524 0.5399380804953561 0.3523809523809524 
10 0.5659442724458205 0.38095238095238093 0.5647058823529412 0.3821428571428571 0.5597523219814241 0.39166666666666666 0.5547987616099072 0.4095238095238095 0.5498452012383901 0.42857142857142855 0.544891640866873 0.4666666666666667 0.544891640866873 0.5595238095238095 0.5498452012383901 0.5702380952380952 0.5727554179566563 0.5702380952380952 0.5739938080495356 0.569047619047619 0.5789473684210527 0.5607142857142857 0.5789473684210527 0.38333333333333336 0.578328173374613 0.38095238095238093 0.5659442724458205 0.38095238095238093 
11 0.6006191950464397 0.34285714285714286 0.5944272445820433 0.3523809523809524 0.5894736842105263 0.3738095238095238 0.5795665634674922 0.42023809523809524 0.5752321981424149 0.45476190476190476 0.5746130030959752 0.4666666666666667 0.5746130030959752 0.5607142857142857 0.5851393188854489 0.5797619047619048 0.6037151702786377 0.5797619047619048 0.6086687306501548 0.5702380952380952 0.6136222910216719 0.5511904761904762 0.6136222910216719 0.3523809523809524 0.6086687306501548 0.34285714285714286 0.6006191950464397 0.34285714285714286 
12 0.6247678018575852 0.38095238095238093 0.6191950464396285 0.3904761904761905 0.614860681114551 0.4 0.6092879256965944 0.42142857142857143 0.6043343653250774 0.5452380952380952 0.6043343653250774 0.5785714285714286 0.604953560371517 0.5797619047619048 0.638390092879257 0.5797619047619048 0.638390092879257 0.48095238095238096 0.6334365325077399 0.38095238095238093 0.6247678018575852 0.38095238095238093 
14 0.6848297213622291 0.4380952380952381 0.6835913312693499 0.4392857142857143 0.6792569659442724 0.44761904761904764 0.6643962848297214 0.49523809523809526 0.6588235294117647 0.5142857142857142 0.6538699690402476 0.5345238095238095 0.6489164086687307 0.5619047619047619 0.6489164086687307 0.5869047619047619 0.6495356037151703 0.5892857142857143 0.6544891640866873 0.5988095238095238 0.6637770897832818 0.6083333333333333 0.6965944272445821 0.6083333333333333 0.6978328173374613 0.6071428571428571 0.7027863777089783 0.5988095238095238 0.7077399380804954 0.5607142857142857 0.7077399380804954 0.4380952380952381 0.6848297213622291 0.4380952380952381 
15 0.7238390092879257 0.41904761904761906 0.713312693498452 0.4488095238095238 0.708359133126935 0.47619047619047616 0.7034055727554179 0.5142857142857142 0.698452012383901 0.5535714285714286 0.698452012383901 0.5892857142857143 0.7089783281733746 0.6083333333333333 0.7424148606811145 0.6083333333333333 0.746749226006192 0.5988095238095238 0.7473684210526316 0.5964285714285714 0.7473684210526316 0.544047619047619 0.7424148606811145 0.44047619047619047 0.7368421052631579 0.41904761904761906 0.7238390092879257 0.41904761904761906 
18 0.6792569659442724 0.6190476190476191 0.6786377708978328 0.6202380952380953 0.6736842105263158 0.6309523809523809 0.6736842105263158 0.655952380952381 0.6835913312693499 0.7130952380952381 0.6941176470588235 0.7416666666666667 0.7188854489164087 0.7988095238095239 0.7368421052631579 0.7988095238095239 0.7424148606811145 0.7892857142857143 0.7424148606811145 0.7238095238095238 0.7325077399380805 0.6190476190476191 0.6792569659442724 0.6190476190476191 
19 0.6390092879256966 0.6190476190476191 0.6346749226006192 0.6285714285714286 0.6340557275541796 0.6333333333333333 0.6340557275541796 0.6440476190476191 0.6439628482972136 0.7476190476190476 0.6489164086687307 0.7892857142857143 0.6538699690402476 0.7988095238095239 0.6705882352941176 0.7988095238095239 0.6718266253869969 0.7976190476190477 0.6730650154798762 0.7952380952380952 0.6780185758513931 0.7595238095238095 0.6829721362229102 0.694047619047619 0.6829721362229102 0.6202380952380953 0.6817337461300309 0.6190476190476191 0.6390092879256966 0.6190476190476191 
20 0.604953560371517 0.6095238095238096 0.6043343653250774 0.6107142857142858 0.6043343653250774 0.694047619047619 0.6142414860681115 0.7607142857142857 0.6191950464396285 0.7880952380952381 0.6247678018575852 0.8083333333333333 0.638390092879257 0.8083333333333333 0.643343653250774 0.7690476190476191 0.648297213622291 0.6261904761904762 0.648297213622291 0.6095238095238096 0.604953560371517 0.6095238095238096 
21 0.5857585139318885 0.5904761904761905 0.5845201238390093 0.5916666666666667 0.5801857585139318 0.6 0.5795665634674922 0.6023809523809524 0.5795665634674922 0.7107142857142857 0.5894736842105263 0.7892857142857143 0.6086687306501548 0.7892857142857143 0.6086687306501548 0.5904761904761905 0.5857585139318885 0.5904761904761905 
22 0.5554179566563467 0.5714285714285714 0.544891640866873 0.5845238095238096 0.544891640866873 0.6178571428571429 0.5498452012383901 0.6928571428571428 0.5547987616099072 0.7488095238095238 0.5597523219814241 0.7988095238095239 0.5647058823529412 0.8083333333333333 0.5739938080495356 0.8083333333333333 0.5789473684210527 0.7988095238095239 0.5839009287925696 0.7130952380952381 0.5839009287925696 0.6190476190476191 0.5789473684210527 0.5833333333333334 0.578328173374613 0.580952380952381 0.5690402476780185 0.5714285714285714 0.5554179566563467 0.5714285714285714 
23 0.5256965944272446 0.580952380952381 0.5201238390092879 0.5904761904761905 0.5201238390092879 0.6511904761904762 0.525077399380805 0.7 0.530030959752322 0.7476190476190476 0.5306501547987617 0.7511904761904762 0.534984520123839 0.7607142857142857 0.5411764705882353 0.7607142857142857 0.5436532507739938 0.7595238095238095 0.5442724458204334 0.7583333333333333 0.5492260061919505 0.7321428571428571 0.5492260061919505 0.580952380952381 0.5256965944272446 0.580952380952381 
24 0.5052631578947369 0.5714285714285714 0.5052631578947369 0.719047619047619 0.5102167182662539 0.7416666666666667 0.518266253869969 0.7416666666666667 0.5244582043343653 0.7321428571428571 0.5244582043343653 0.5714285714285714 0.5052631578947369 0.5714285714285714 
25 0.4854489164086687 0.5714285714285714 0.4854489164086687 0.7202380952380952 0.4904024767801858 0.7404761904761905 0.49102167182662537 0.7416666666666667 0.5040247678018576 0.7416666666666667 0.5046439628482973 0.7404761904761905 0.5095975232198142 0.6845238095238095 0.5095975232198142 0.6095238095238096 0.5046439628482973 0.5714285714285714 0.4854489164086687 0.5714285714285714 
26 0.46068111455108357 0.5714285714285714 0.46068111455108357 0.6535714285714286 0.46563467492260063 0.7607142857142857 0.47492260061919506 0.7607142857142857 0.4848297213622291 0.7404761904761905 0.48978328173374613 0.7035714285714286 0.48978328173374613 0.5714285714285714 0.46068111455108357 0.5714285714285714 
27 0.44148606811145513 0.5714285714285714 0.4260061919504644 0.6 0.4260061919504644 0.7797619047619048 0.4309597523219814 0.7976190476190477 0.4328173374613003 0.7988095238095239 0.44024767801857584 0.7988095238095239 0.4452012383900929 0.7880952380952381 0.4501547987616099 0.7702380952380953 0.4551083591331269 0.7416666666666667 0.460061919504644 0.7083333333333334 0.465015479876161 0.655952380952381 0.465015479876161 0.5928571428571429 0.460061919504644 0.5714285714285714 0.44148606811145513 0.5714285714285714 
28 0.40123839009287926 0.5904761904761905 0.39628482972136225 0.6011904761904762 0.39628482972136225 0.675 0.40619195046439627 0.7488095238095238 0.41114551083591333 0.7785714285714286 0.41238390092879257 0.7797619047619048 0.42043343653250775 0.7797619047619048 0.42538699690402476 0.7607142857142857 0.43034055727554177 0.6607142857142857 0.43034055727554177 0.5928571428571429 0.4297213622291022 0.5904761904761905 0.40123839009287926 0.5904761904761905 
29 0.3715170278637771 0.5904761904761905 0.36160990712074303 0.6011904761904762 0.36160990712074303 0.6630952380952381 0.36656346749226004 0.8083333333333333 0.37585139318885447 0.8083333333333333 0.38080495356037153 0.7976190476190477 0.39009287925696595 0.7511904761904762 0.3907120743034056 0.7476190476190476 0.4006191950464396 0.6630952380952381 0.4055727554179567 0.6083333333333333 0.4055727554179567 0.6011904761904762 0.4006191950464396 0.5904761904761905 0.3715170278637771 0.5904761904761905 
30 0.3176470588235294 0.6 0.3077399380804954 0.6095238095238096 0.30712074303405573 0.6107142857142858 0.3021671826625387 0.7357142857142858 0.3021671826625387 0.7964285714285714 0.3027863777089783 0.7988095238095239 0.34055727554179566 0.7988095238095239 0.3455108359133127 0.7892857142857143 0.3510835913312694 0.7702380952380953 0.3560371517027864 0.7404761904761905 0.36594427244582045 0.6726190476190477 0.36594427244582045 0.6023809523809524 0.3653250773993808 0.6 0.3176470588235294 0.6 
31 0.2625386996904025 0.6 0.25758513931888544 0.6107142857142858 0.2476780185758514 0.7333333333333333 0.2476780185758514 0.7892857142857143 0.2761609907120743 0.7892857142857143 0.28173374613003094 0.7797619047619048 0.286687306501548 0.7690476190476191 0.29659442724458207 0.7404761904761905 0.31145510835913315 0.6642857142857143 0.31640866873065016 0.6178571428571429 0.31640866873065016 0.6095238095238096 0.28173374613003094 0.6 0.2625386996904025 0.6 