1 0.2873065015479876 0.3238095238095238 0.27801857585139317 0.3333333333333333 0.2724458204334365 0.3547619047619048 0.2724458204334365 0.37023809523809526 0.2773993808049536 0.3976190476190476 0.2823529411764706 0.4142857142857143 0.2835913312693498 0.4166666666666667 0.2848297213622291 0.41785714285714287 0.31145510835913315 0.41785714285714287 0.31640866873065016 0.4083333333333333 0.32136222910216716 0.3892857142857143 0.32136222910216716 0.34285714285714286 0.31640866873065016 0.3238095238095238 0.2873065015479876 0.3238095238095238 
2 0.3170278637770898 0.34285714285714286 0.2873065015479876 0.4666666666666667 0.2873065015479876 0.49166666666666664 0.29226006191950465 0.5119047619047619 0.3027863777089783 0.5321428571428571 0.32074303405572757 0.5321428571428571 0.33126934984520123 0.5226190476190476 0.33622291021671824 0.48333333333333334 0.33622291021671824 0.36904761904761907 0.33560371517027865 0.3630952380952381 0.33126934984520123 0.3535714285714286 0.3256965944272446 0.34285714285714286 0.3170278637770898 0.34285714285714286 
3 0.34241486068111454 0.37142857142857144 0.3368421052631579 0.3821428571428571 0.3269349845201238 0.47619047619047616 0.3269349845201238 0.5404761904761904 0.3318885448916409 0.5511904761904762 0.33746130030959753 0.5607142857142857 0.3609907120743034 0.5607142857142857 0.3752321981424149 0.5511904761904762 0.37585139318885447 0.55 0.37585139318885447 0.5238095238095238 0.37089783281733746 0.4 0.36594427244582045 0.3821428571428571 0.35541795665634673 0.37142857142857144 0.34241486068111454 0.37142857142857144 
4 0.38390092879256965 0.4 0.3814241486068111 0.4095238095238095 0.3764705882352941 0.4380952380952381 0.3715170278637771 0.4857142857142857 0.3715170278637771 0.5452380952380952 0.3721362229102167 0.5488095238095239 0.37275541795665634 0.5511904761904762 0.3764705882352941 0.5607142857142857 0.3894736842105263 0.5607142857142857 0.3907120743034056 0.5595238095238095 0.4006191950464396 0.5416666666666666 0.4006191950464396 0.5142857142857142 0.3956656346749226 0.4 0.38390092879256965 0.4 
5 0.4068111455108359 0.3619047619047619 0.40123839009287926 0.37142857142857144 0.39628482972136225 0.43333333333333335 0.3913312693498452 0.4976190476190476 0.3913312693498452 0.569047619047619 0.39628482972136225 0.5797619047619048 0.4105263157894737 0.5797619047619048 0.42538699690402476 0.5702380952380952 0.42538699690402476 0.3904761904761905 0.42043343653250775 0.37142857142857144 0.4148606811145511 0.3619047619047619 0.4068111455108359 0.3619047619047619 
6 0.41671826625387 0.3523809523809524 0.41609907120743034 0.3535714285714286 0.41609907120743034 0.5702380952380952 0.42105263157894735 0.5892857142857143 0.43529411764705883 0.5892857142857143 0.43962848297213625 0.5797619047619048 0.4452012383900929 0.5607142857142857 0.4452012383900929 0.4785714285714286 0.44024767801857584 0.42023809523809524 0.43529411764705883 0.3761904761904762 0.4346749226006192 0.37142857142857144 0.43034055727554177 0.3523809523809524 0.41671826625387 0.3523809523809524 
7 0.4359133126934985 0.37142857142857144 0.4359133126934985 0.5892857142857143 0.460061919504644 0.5892857142857143 0.465015479876161 0.5797619047619048 0.465015479876161 0.47619047619047616 0.4551083591331269 0.3904761904761905 0.4501547987616099 0.375 0.44891640866873067 0.3726190476190476 0.4476780185758514 0.37142857142857144 0.4359133126934985 0.37142857142857144 
8 0.4569659442724458 0.3904761904761905 0.45572755417956656 0.39166666666666666 0.45077399380804956 0.4095238095238095 0.4408668730650155 0.580952380952381 0.4408668730650155 0.5880952380952381 0.4458204334365325 0.5988095238095238 0.469969040247678 0.5988095238095238 0.4743034055727554 0.5892857142857143 0.47492260061919506 0.5869047619047619 0.47492260061919506 0.4380952380952381 0.469969040247678 0.4 0.465015479876161 0.3904761904761905 0.4569659442724458 0.3904761904761905 
9 0.4978328173374613 0.38095238095238093 0.4953560371517028 0.3821428571428571 0.4904024767801858 0.39166666666666666 0.48606811145510836 0.4095238095238095 0.4804953560371517 0.4392857142857143 0.47554179566563465 0.47619047619047616 0.47058823529411764 0.5428571428571428 0.47058823529411764 0.5892857142857143 0.47554179566563465 0.5976190476190476 0.4773993808049536 0.5988095238095238 0.5040247678018576 0.5988095238095238 0.5095975232198142 0.5892857142857143 0.5095975232198142 0.5238095238095238 0.5046439628482973 0.38095238095238093 0.4978328173374613 0.38095238095238093 
10 0.5102167182662539 0.38095238095238093 0.5003095975232198 0.4 0.5003095975232198 0.475 0.5052631578947369 0.5321428571428571 0.5102167182662539 0.5785714285714286 0.5108359133126935 0.5797619047619048 0.5380804953560372 0.5797619047619048 0.5393188854489164 0.5785714285714286 0.5393188854489164 0.525 0.5145510835913313 0.3821428571428571 0.513312693498452 0.38095238095238093 0.5102167182662539 0.38095238095238093 
11 0.541795665634675 0.3345238095238095 0.5356037151702786 0.34285714285714286 0.5306501547987617 0.3523809523809524 0.530030959752322 0.3547619047619048 0.530030959752322 0.5178571428571429 0.5306501547987617 0.5214285714285715 0.5498452012383901 0.5785714285714286 0.5547987616099072 0.5892857142857143 0.5640866873065016 0.5892857142857143 0.5690402476780185 0.5702380952380952 0.5690402476780185 0.5333333333333333 0.5591331269349845 0.38452380952380955 0.5541795665634675 0.3523809523809524 0.5492260061919505 0.34285714285714286 0.5442724458204334 0.3345238095238095 0.541795665634675 0.3345238095238095 
12 0.5597523219814241 0.3523809523809524 0.5554179566563467 0.3630952380952381 0.5547987616099072 0.3678571428571429 0.5547987616099072 0.49404761904761907 0.5597523219814241 0.5416666666666666 0.5647058823529412 0.5595238095238095 0.5696594427244582 0.569047619047619 0.5715170278637771 0.5702380952380952 0.5882352941176471 0.5702380952380952 0.5938080495356037 0.5607142857142857 0.5938080495356037 0.5178571428571429 0.5882352941176471 0.42857142857142855 0.5839009287925696 0.38095238095238093 0.5739938080495356 0.3523809523809524 0.5597523219814241 0.3523809523809524 
13 0.595046439628483 0.38095238095238093 0.5894736842105263 0.3904761904761905 0.5845201238390093 0.4095238095238095 0.5845201238390093 0.5202380952380953 0.5894736842105263 0.5488095238095239 0.590092879256966 0.5511904761904762 0.5993808049535604 0.5607142857142857 0.6179566563467492 0.5607142857142857 0.6235294117647059 0.5511904761904762 0.6235294117647059 0.5238095238095238 0.6136222910216719 0.4095238095238095 0.6086687306501548 0.39166666666666666 0.6037151702786377 0.38095238095238093 0.595046439628483 0.38095238095238093 
14 0.6291021671826625 0.37142857142857144 0.6241486068111455 0.38095238095238093 0.6198142414860681 0.4 0.6191950464396285 0.4035714285714286 0.6142414860681115 0.4880952380952381 0.6142414860681115 0.530952380952381 0.6191950464396285 0.5511904761904762 0.6247678018575852 0.5607142857142857 0.638390092879257 0.5607142857142857 0.6662538699690402 0.5511904761904762 0.6674922600619195 0.55 0.6681114551083591 0.5488095238095239 0.6681114551083591 0.4857142857142857 0.6582043343653251 0.38095238095238093 0.638390092879257 0.37142857142857144 0.6291021671826625 0.37142857142857144 
15 0.6736842105263158 0.3619047619047619 0.6637770897832818 0.4023809523809524 0.6588235294117647 0.4857142857142857 0.6588235294117647 0.49404761904761907 0.6637770897832818 0.5321428571428571 0.6736842105263158 0.5404761904761904 0.676780185758514 0.5416666666666666 0.6879256965944273 0.5416666666666666 0.6972136222910217 0.5321428571428571 0.7071207430340557 0.5214285714285715 0.7120743034055728 0.513095238095238 0.7126934984520124 0.5119047619047619 0.7126934984520124 0.4773809523809524 0.6879256965944273 0.3619047619047619 0.6736842105263158 0.3619047619047619 
16 0.6885448916408669 0.3333333333333333 0.6835913312693499 0.34404761904761905 0.6835913312693499 0.41785714285714287 0.6941176470588235 0.4369047619047619 0.698452012383901 0.444047619047619 0.7009287925696595 0.44642857142857145 0.701547987616099 0.44642857142857145 0.7170278637770898 0.4369047619047619 0.7226006191950465 0.42738095238095236 0.7325077399380805 0.4083333333333333 0.7325077399380805 0.38095238095238093 0.7226006191950465 0.34404761904761905 0.7176470588235294 0.3333333333333333 0.6885448916408669 0.3333333333333333 
18 0.698452012383901 0.5523809523809524 0.6687306501547987 0.580952380952381 0.6687306501547987 0.6178571428571429 0.6743034055727554 0.6369047619047619 0.6941176470588235 0.6845238095238095 0.698452012383901 0.694047619047619 0.7188854489164087 0.7321428571428571 0.7325077399380805 0.7321428571428571 0.7473684210526316 0.7023809523809523 0.7473684210526316 0.6857142857142857 0.7176470588235294 0.5714285714285714 0.7071207430340557 0.5523809523809524 0.698452012383901 0.5523809523809524 
19 0.6650154798761609 0.6190476190476191 0.6359133126934985 0.6285714285714286 0.6340557275541796 0.6297619047619047 0.6340557275541796 0.6547619047619048 0.6439628482972136 0.7130952380952381 0.6489164086687307 0.7321428571428571 0.6588235294117647 0.7690476190476191 0.6594427244582043 0.7702380952380953 0.6972136222910217 0.7702380952380953 0.7021671826625387 0.7607142857142857 0.7027863777089783 0.7583333333333333 0.7027863777089783 0.7261904761904762 0.6928792569659443 0.6666666666666666 0.6829721362229102 0.6297619047619047 0.6773993808049535 0.6190476190476191 0.6650154798761609 0.6190476190476191 
20 0.611764705882353 0.6 0.6092879256965944 0.6011904761904762 0.6043343653250774 0.6190476190476191 0.6043343653250774 0.6642857142857143 0.6142414860681115 0.7297619047619047 0.6241486068111455 0.7785714285714286 0.6297213622291021 0.7892857142857143 0.6421052631578947 0.7892857142857143 0.643343653250774 0.7880952380952381 0.643343653250774 0.6285714285714286 0.6359133126934985 0.6095238095238096 0.628482972136223 0.6 0.611764705882353 0.6 
21 0.5851393188854489 0.6095238095238096 0.5795665634674922 0.6202380952380953 0.5795665634674922 0.7702380952380953 0.5845201238390093 0.7988095238095239 0.5894736842105263 0.8083333333333333 0.595046439628483 0.8178571428571428 0.6080495356037152 0.8178571428571428 0.6086687306501548 0.8166666666666667 0.6086687306501548 0.6190476190476191 0.6030959752321982 0.6095238095238096 0.5851393188854489 0.6095238095238096 
22 0.5696594427244582 0.6 0.5603715170278638 0.6095238095238096 0.5554179566563467 0.6190476190476191 0.5547987616099072 0.6214285714285714 0.5547987616099072 0.7976190476190477 0.5597523219814241 0.8178571428571428 0.5739938080495356 0.8178571428571428 0.578328173374613 0.7988095238095239 0.5789473684210527 0.794047619047619 0.5839009287925696 0.7309523809523809 0.5839009287925696 0.6107142857142858 0.5789473684210527 0.6 0.5696594427244582 0.6 
23 0.5362229102167183 0.6095238095238096 0.534984520123839 0.6107142857142858 0.530030959752322 0.6226190476190476 0.525077399380805 0.7154761904761905 0.525077399380805 0.7797619047619048 0.530030959752322 0.7988095238095239 0.5442724458204334 0.7988095238095239 0.5591331269349845 0.6654761904761904 0.5591331269349845 0.6202380952380953 0.5585139318885449 0.6190476190476191 0.5529411764705883 0.6095238095238096 0.5362229102167183 0.6095238095238096 
24 0.5058823529411764 0.6095238095238096 0.5052631578947369 0.611904761904762 0.5052631578947369 0.6738095238095239 0.5102167182662539 0.7654761904761904 0.5108359133126935 0.7702380952380953 0.5151702786377709 0.7892857142857143 0.5294117647058824 0.7892857142857143 0.5343653250773994 0.6904761904761905 0.5343653250773994 0.6190476190476191 0.5294117647058824 0.6095238095238096 0.5058823529411764 0.6095238095238096 
25 0.4854489164086687 0.6095238095238096 0.4804953560371517 0.6202380952380953 0.4804953560371517 0.6642857142857143 0.4854489164086687 0.7773809523809524 0.4904024767801858 0.7988095238095239 0.49907120743034056 0.7988095238095239 0.4996904024767802 0.7976190476190477 0.5046439628482973 0.7797619047619048 0.5095975232198142 0.6619047619047619 0.5095975232198142 0.6107142857142858 0.5089783281733746 0.6095238095238096 0.4854489164086687 0.6095238095238096 
26 0.4569659442724458 0.6095238095238096 0.45572755417956656 0.611904761904762 0.45572755417956656 0.6714285714285714 0.46563467492260063 0.7869047619047619 0.47058823529411764 0.7988095238095239 0.4842105263157895 0.7988095238095239 0.4848297213622291 0.7976190476190477 0.4848297213622291 0.6095238095238096 0.4569659442724458 0.6095238095238096 
27 0.43653250773993807 0.6095238095238096 0.4309597523219814 0.6309523809523809 0.4309597523219814 0.7035714285714286 0.4359133126934985 0.7797619047619048 0.4408668730650155 0.8083333333333333 0.44643962848297214 0.8273809523809523 0.4563467492260062 0.8464285714285714 0.460061919504644 0.8464285714285714 0.465015479876161 0.8357142857142857 0.469969040247678 0.8166666666666667 0.469969040247678 0.7714285714285715 0.465015479876161 0.6666666666666666 0.460061919504644 0.6297619047619047 0.44953560371517026 0.6095238095238096 0.43653250773993807 0.6095238095238096 
28 0.41609907120743034 0.6095238095238096 0.41114551083591333 0.6202380952380953 0.40619195046439627 0.6392857142857142 0.40619195046439627 0.694047619047619 0.41114551083591333 0.8178571428571428 0.4154798761609907 0.8178571428571428 0.4247678018575851 0.8083333333333333 0.42538699690402476 0.8071428571428572 0.43034055727554177 0.7797619047619048 0.43529411764705883 0.6916666666666667 0.43529411764705883 0.6297619047619047 0.42538699690402476 0.6095238095238096 0.41609907120743034 0.6095238095238096 
29 0.3863777089783282 0.6 0.3814241486068111 0.6107142857142858 0.3715170278637771 0.7547619047619047 0.3715170278637771 0.7892857142857143 0.38575851393188854 0.7892857142857143 0.3907120743034056 0.7797619047619048 0.3956656346749226 0.7690476190476191 0.4006191950464396 0.7404761904761905 0.4154798761609907 0.6464285714285715 0.4154798761609907 0.6095238095238096 0.40990712074303404 0.6 0.3863777089783282 0.6 
30 0.34179566563467495 0.6095238095238096 0.3269349845201238 0.6952380952380952 0.3269349845201238 0.7690476190476191 0.3281733746130031 0.7702380952380953 0.34241486068111454 0.7797619047619048 0.35975232198142415 0.7797619047619048 0.3609907120743034 0.7785714285714286 0.3653250773993808 0.7702380952380953 0.37089783281733746 0.7511904761904762 0.38575851393188854 0.6547619047619048 0.38575851393188854 0.6190476190476191 0.3801857585139319 0.6095238095238096 0.34179566563467495 0.6095238095238096 
31 0.31207430340557274 0.5523809523809524 0.3021671826625387 0.5726190476190476 0.2823529411764706 0.6583333333333333 0.2823529411764706 0.7035714285714286 0.2978328173374613 0.7226190476190476 0.31145510835913315 0.7226190476190476 0.32136222910216716 0.7130952380952381 0.3263157894736842 0.7011904761904761 0.3461300309597523 0.6369047619047619 0.3510835913312694 0.6178571428571429 0.3510835913312694 0.5821428571428572 0.3504643962848297 0.580952380952381 0.33560371517027865 0.5619047619047619 0.32507739938080493 0.5523809523809524 0.31207430340557274 0.5523809523809524 