2 0.23839009287925697 0.2857142857142857 0.23777089783281732 0.2869047619047619 0.2130030959752322 0.42142857142857143 0.2130030959752322 0.45595238095238094 0.21795665634674924 0.475 0.22291021671826625 0.48333333333333334 0.2241486068111455 0.4845238095238095 0.23777089783281732 0.49404761904761907 0.26191950464396285 0.49404761904761907 0.26625386996904027 0.4845238095238095 0.26687306501547986 0.4797619047619048 0.2718266253869969 0.41785714285714287 0.2718266253869969 0.3726190476190476 0.26687306501547986 0.3142857142857143 0.26191950464396285 0.29523809523809524 0.24643962848297213 0.2857142857142857 0.23839009287925697 0.2857142857142857 
3 0.28297213622291023 0.2857142857142857 0.27306501547987616 0.29523809523809524 0.2674922600619195 0.3047619047619048 0.2625386996904025 0.42857142857142855 0.2625386996904025 0.49404761904761907 0.26873065015479874 0.5035714285714286 0.32136222910216716 0.5035714285714286 0.32136222910216716 0.4583333333333333 0.31640866873065016 0.38095238095238093 0.31145510835913315 0.3535714285714286 0.3015479876160991 0.3047619047619048 0.29659442724458207 0.2869047619047619 0.2953560371517028 0.2857142857142857 0.28297213622291023 0.2857142857142857 
4 0.32755417956656346 0.3047619047619048 0.3269349845201238 0.305952380952381 0.3219814241486068 0.3333333333333333 0.3170278637770898 0.4107142857142857 0.3170278637770898 0.5119047619047619 0.3188854489164087 0.513095238095238 0.3448916408668731 0.513095238095238 0.3461300309597523 0.5119047619047619 0.3510835913312694 0.5035714285714286 0.3560371517027864 0.4928571428571429 0.3560371517027864 0.39285714285714285 0.3510835913312694 0.3523809523809524 0.3461300309597523 0.31785714285714284 0.3455108359133127 0.3142857142857143 0.3411764705882353 0.305952380952381 0.339938080495356 0.3047619047619048 0.32755417956656346 0.3047619047619048 
5 0.36656346749226004 0.2857142857142857 0.356656346749226 0.29523809523809524 0.3523219814241486 0.3142857142857143 0.34674922600619196 0.4869047619047619 0.34674922600619196 0.5023809523809524 0.35170278637770896 0.513095238095238 0.356656346749226 0.5226190476190476 0.37089783281733746 0.5226190476190476 0.38575851393188854 0.5035714285714286 0.3907120743034056 0.4928571428571429 0.3907120743034056 0.3738095238095238 0.38575851393188854 0.3142857142857143 0.38080495356037153 0.2869047619047619 0.3801857585139319 0.2857142857142857 0.36656346749226004 0.2857142857142857 
6 0.4024767801857585 0.22857142857142856 0.40123839009287926 0.22976190476190475 0.39690402476780184 0.23809523809523808 0.39628482972136225 0.24285714285714285 0.3913312693498452 0.29642857142857143 0.3814241486068111 0.4869047619047619 0.3814241486068111 0.4928571428571429 0.3913312693498452 0.530952380952381 0.39195046439628484 0.5321428571428571 0.4105263157894737 0.5321428571428571 0.4154798761609907 0.5214285714285715 0.42538699690402476 0.49404761904761907 0.42538699690402476 0.25833333333333336 0.42043343653250775 0.23809523809523808 0.4154798761609907 0.22857142857142856 0.4024767801857585 0.22857142857142856 
7 0.43653250773993807 0.29523809523809524 0.4359133126934985 0.2976190476190476 0.4309597523219814 0.34404761904761905 0.42105263157894735 0.4666666666666667 0.42105263157894735 0.4797619047619048 0.421671826625387 0.4845238095238095 0.4260061919504644 0.5119047619047619 0.426625386996904 0.513095238095238 0.465015479876161 0.513095238095238 0.465015479876161 0.3238095238095238 0.460061919504644 0.3047619047619048 0.4551083591331269 0.29523809523809524 0.43653250773993807 0.29523809523809524 
8 0.4804953560371517 0.2857142857142857 0.47554179566563465 0.29523809523809524 0.46068111455108357 0.4488095238095238 0.46068111455108357 0.5202380952380953 0.4613003095975232 0.5226190476190476 0.46563467492260063 0.5321428571428571 0.5095975232198142 0.5321428571428571 0.5108359133126935 0.5226190476190476 0.5108359133126935 0.45714285714285713 0.5095975232198142 0.325 0.5046439628482973 0.29523809523809524 0.4996904024767802 0.2857142857142857 0.4804953560371517 0.2857142857142857 
9 0.5356037151702786 0.26666666666666666 0.530030959752322 0.2761904761904762 0.525077399380805 0.29523809523809524 0.5052631578947369 0.49047619047619045 0.5052631578947369 0.5166666666666667 0.5058823529411764 0.5226190476190476 0.5368421052631579 0.5416666666666666 0.5442724458204334 0.5416666666666666 0.5591331269349845 0.5321428571428571 0.5591331269349845 0.3142857142857143 0.5541795665634675 0.2761904761904762 0.5486068111455108 0.26666666666666666 0.5356037151702786 0.26666666666666666 
10 0.5814241486068111 0.2857142857142857 0.5795665634674922 0.2869047619047619 0.5746130030959752 0.29642857142857143 0.5696594427244582 0.3142857142857143 0.5597523219814241 0.45714285714285713 0.5597523219814241 0.5297619047619048 0.5603715170278638 0.5321428571428571 0.5888544891640867 0.5321428571428571 0.5938080495356037 0.5202380952380953 0.5938080495356037 0.37142857142857144 0.5888544891640867 0.2857142857142857 0.5814241486068111 0.2857142857142857 
11 0.6340557275541796 0.26666666666666666 0.6241486068111455 0.2857142857142857 0.6191950464396285 0.3047619047619048 0.6092879256965944 0.34523809523809523 0.6043343653250774 0.37142857142857144 0.5993808049535604 0.4023809523809524 0.5894736842105263 0.4976190476190476 0.5894736842105263 0.5226190476190476 0.6043343653250774 0.5511904761904762 0.628482972136223 0.5511904761904762 0.6334365325077399 0.5416666666666666 0.6377708978328174 0.513095238095238 0.638390092879257 0.5083333333333333 0.643343653250774 0.43333333333333335 0.643343653250774 0.26666666666666666 0.6340557275541796 0.26666666666666666 
12 0.6544891640866873 0.3238095238095238 0.6538699690402476 0.325 0.6390092879256966 0.38095238095238093 0.6340557275541796 0.430952380952381 0.6291021671826625 0.5059523809523809 0.6291021671826625 0.5214285714285715 0.6396284829721363 0.5416666666666666 0.6681114551083591 0.5416666666666666 0.6730650154798762 0.4369047619047619 0.6730650154798762 0.325 0.6724458204334365 0.3238095238095238 0.6544891640866873 0.3238095238095238 
13 0.6835913312693499 0.3333333333333333 0.6786377708978328 0.34285714285714286 0.6687306501547987 0.3904761904761905 0.6637770897832818 0.42857142857142855 0.6637770897832818 0.5321428571428571 0.6743034055727554 0.5416666666666666 0.6928792569659443 0.5416666666666666 0.6978328173374613 0.5321428571428571 0.6978328173374613 0.49642857142857144 0.6928792569659443 0.3345238095238095 0.691640866873065 0.3333333333333333 0.6835913312693499 0.3333333333333333 
14 0.7188854489164087 0.3142857142857143 0.713312693498452 0.325 0.708359133126935 0.3535714285714286 0.6885448916408669 0.4857142857142857 0.6885448916408669 0.5023809523809524 0.6934984520123839 0.5214285714285715 0.6990712074303406 0.5321428571428571 0.7368421052631579 0.5321428571428571 0.7473684210526316 0.5119047619047619 0.7473684210526316 0.44761904761904764 0.7424148606811145 0.35714285714285715 0.7417956656346749 0.3523809523809524 0.7374613003095976 0.325 0.7368421052631579 0.3238095238095238 0.7312693498452012 0.3142857142857143 0.7188854489164087 0.3142857142857143 
15 0.7578947368421053 0.29523809523809524 0.7529411764705882 0.305952380952381 0.7486068111455109 0.3238095238095238 0.7479876160990712 0.32857142857142857 0.7430340557275542 0.4392857142857143 0.7430340557275542 0.5119047619047619 0.7479876160990712 0.5226190476190476 0.76656346749226 0.5226190476190476 0.7845201238390093 0.513095238095238 0.7913312693498452 0.5035714285714286 0.7919504643962848 0.5023809523809524 0.7919504643962848 0.44761904761904764 0.7869969040247679 0.39285714285714285 0.7814241486068112 0.3619047619047619 0.7721362229102167 0.31666666666666665 0.7671826625386997 0.29642857142857143 0.7653250773993808 0.29523809523809524 0.7578947368421053 0.29523809523809524 
18 0.718266253869969 0.5238095238095238 0.713312693498452 0.5345238095238095 0.713312693498452 0.5595238095238095 0.718266253869969 0.5892857142857143 0.7430340557275542 0.7035714285714286 0.7529411764705882 0.7226190476190476 0.7721362229102167 0.7226190476190476 0.7820433436532508 0.7023809523809523 0.7820433436532508 0.6357142857142857 0.7814241486068112 0.6285714285714286 0.7721362229102167 0.525 0.7715170278637771 0.5238095238095238 0.718266253869969 0.5238095238095238 
19 0.6637770897832818 0.5238095238095238 0.6575851393188854 0.5333333333333333 0.6575851393188854 0.5511904761904762 0.6588235294117647 0.5952380952380952 0.6736842105263158 0.7023809523809523 0.6786377708978328 0.7214285714285714 0.698452012383901 0.7607142857142857 0.7077399380804954 0.7607142857142857 0.7312693498452012 0.7416666666666667 0.7318885448916409 0.7404761904761905 0.7325077399380805 0.7380952380952381 0.7325077399380805 0.705952380952381 0.7176470588235294 0.5333333333333333 0.7120743034055728 0.5238095238095238 0.6637770897832818 0.5238095238095238 
20 0.6253869969040248 0.5333333333333333 0.6241486068111455 0.5345238095238095 0.6167182662538699 0.5428571428571428 0.614860681114551 0.55 0.6142414860681115 0.5726190476190476 0.6142414860681115 0.5797619047619048 0.6390092879256966 0.7702380952380953 0.6582043343653251 0.7702380952380953 0.6631578947368421 0.6202380952380953 0.6631578947368421 0.544047619047619 0.6575851393188854 0.5333333333333333 0.6253869969040248 0.5333333333333333 
21 0.6 0.5428571428571428 0.590092879256966 0.5523809523809524 0.5845201238390093 0.5619047619047619 0.5845201238390093 0.5761904761904761 0.5894736842105263 0.6369047619047619 0.5944272445820433 0.6821428571428572 0.6043343653250774 0.7595238095238095 0.6099071207430341 0.7702380952380953 0.6235294117647059 0.7702380952380953 0.628482972136223 0.7511904761904762 0.628482972136223 0.5821428571428572 0.6179566563467492 0.5523809523809524 0.6136222910216719 0.5428571428571428 0.6 0.5428571428571428 
22 0.5647058823529412 0.5428571428571428 0.5597523219814241 0.5523809523809524 0.5547987616099072 0.5630952380952381 0.5547987616099072 0.75 0.5597523219814241 0.7690476190476191 0.5603715170278638 0.7702380952380953 0.5684210526315789 0.7702380952380953 0.5789473684210527 0.7607142857142857 0.58328173374613 0.75 0.5888544891640867 0.7309523809523809 0.5938080495356037 0.7107142857142857 0.5938080495356037 0.5523809523809524 0.5876160990712074 0.5428571428571428 0.5647058823529412 0.5428571428571428 
23 0.5263157894736842 0.5428571428571428 0.5201238390092879 0.5523809523809524 0.5151702786377709 0.6107142857142858 0.5151702786377709 0.7321428571428571 0.5294117647058824 0.7321428571428571 0.5343653250773994 0.7226190476190476 0.5585139318885449 0.5988095238095238 0.5591331269349845 0.5952380952380952 0.5591331269349845 0.5535714285714286 0.5585139318885449 0.5523809523809524 0.5492260061919505 0.5428571428571428 0.5263157894736842 0.5428571428571428 
24 0.4904024767801858 0.5428571428571428 0.4904024767801858 0.694047619047619 0.49597523219814244 0.7035714285714286 0.49907120743034056 0.7035714285714286 0.5046439628482973 0.694047619047619 0.5095975232198142 0.6726190476190477 0.5145510835913313 0.6464285714285715 0.5195046439628483 0.6178571428571429 0.5244582043343653 0.5773809523809523 0.5244582043343653 0.5428571428571428 0.4904024767801858 0.5428571428571428 
25 0.46253869969040246 0.5333333333333333 0.46068111455108357 0.5345238095238095 0.46068111455108357 0.7035714285714286 0.46873065015479876 0.7035714285714286 0.47492260061919506 0.694047619047619 0.47987616099071206 0.6738095238095239 0.48978328173374613 0.6261904761904762 0.49473684210526314 0.5964285714285714 0.49473684210526314 0.544047619047619 0.49411764705882355 0.5428571428571428 0.4724458204334365 0.5333333333333333 0.46253869969040246 0.5333333333333333 
26 0.4421052631578947 0.5333333333333333 0.4309597523219814 0.5428571428571428 0.4309597523219814 0.7023809523809523 0.4359133126934985 0.7119047619047619 0.4371517027863777 0.7130952380952381 0.44458204334365325 0.7130952380952381 0.4501547987616099 0.7023809523809523 0.4551083591331269 0.6845238095238095 0.460061919504644 0.6535714285714286 0.465015479876161 0.6083333333333333 0.465015479876161 0.5452380952380952 0.46439628482972134 0.5428571428571428 0.460061919504644 0.5333333333333333 0.4421052631578947 0.5333333333333333 
27 0.41609907120743034 0.5238095238095238 0.4024767801857585 0.5333333333333333 0.40123839009287926 0.5345238095238095 0.39628482972136225 0.5523809523809524 0.3913312693498452 0.5726190476190476 0.3814241486068111 0.6714285714285714 0.3814241486068111 0.7702380952380953 0.3851393188854489 0.7702380952380953 0.3907120743034056 0.7595238095238095 0.4198142414860681 0.655952380952381 0.43034055727554177 0.6178571428571429 0.43034055727554177 0.544047619047619 0.4297213622291022 0.5357142857142857 0.42910216718266253 0.5333333333333333 0.42538699690402476 0.5238095238095238 0.41609907120743034 0.5238095238095238 
28 0.3764705882352941 0.5142857142857142 0.3671826625386997 0.5238095238095238 0.36160990712074303 0.5333333333333333 0.356656346749226 0.7047619047619048 0.356656346749226 0.7392857142857143 0.3572755417956656 0.7416666666666667 0.3702786377708978 0.7416666666666667 0.3752321981424149 0.7321428571428571 0.38080495356037153 0.7107142857142857 0.3956656346749226 0.5976190476190476 0.3956656346749226 0.5357142857142857 0.3907120743034056 0.5238095238095238 0.38575851393188854 0.5154761904761904 0.3845201238390093 0.5142857142857142 0.3764705882352941 0.5142857142857142 
29 0.34179566563467495 0.5047619047619047 0.3269349845201238 0.5142857142857142 0.3269349845201238 0.7321428571428571 0.33436532507739936 0.7321428571428571 0.33622291021671824 0.7309523809523809 0.34055727554179566 0.7130952380952381 0.3461300309597523 0.6845238095238095 0.36594427244582045 0.5785714285714286 0.36594427244582045 0.525 0.3603715170278638 0.5142857142857142 0.3510835913312694 0.5047619047619047 0.34179566563467495 0.5047619047619047 
30 0.27306501547987616 0.5047619047619047 0.2724458204334365 0.5059523809523809 0.25263157894736843 0.6761904761904762 0.25263157894736843 0.7202380952380952 0.2532507739938081 0.7226190476190476 0.291640866873065 0.7226190476190476 0.3015479876160991 0.7035714285714286 0.3065015479876161 0.6845238095238095 0.33126934984520123 0.5595238095238095 0.33126934984520123 0.5238095238095238 0.3263157894736842 0.5142857142857142 0.3157894736842105 0.5047619047619047 0.27306501547987616 0.5047619047619047 
31 0.22786377708978328 0.4857142857142857 0.22291021671826625 0.49523809523809526 0.20804953560371517 0.5904761904761905 0.20804953560371517 0.6654761904761904 0.22291021671826625 0.6845238095238095 0.22972136222910217 0.6845238095238095 0.23219814241486067 0.6833333333333333 0.24705882352941178 0.6464285714285715 0.26191950464396285 0.5892857142857143 0.2718266253869969 0.55 0.2718266253869969 0.5059523809523809 0.26687306501547986 0.49642857142857144 0.2656346749226006 0.49523809523809526 0.2520123839009288 0.4857142857142857 0.22786377708978328 0.4857142857142857 