4 0.29411764705882354 0.4 0.29226006191950465 0.4011904761904762 0.29226006191950465 0.4357142857142857 0.30712074303405573 0.5321428571428571 0.31207430340557274 0.5511904761904762 0.33436532507739936 0.5511904761904762 0.3504643962848297 0.5416666666666666 0.3510835913312694 0.5404761904761904 0.3510835913312694 0.5154761904761904 0.3461300309597523 0.47619047619047616 0.32136222910216716 0.4095238095238095 0.31640866873065016 0.4011904761904762 0.3151702786377709 0.4 0.29411764705882354 0.4 
5 0.3368421052631579 0.42857142857142855 0.3368421052631579 0.4654761904761905 0.34179566563467495 0.5226190476190476 0.3473684210526316 0.5321428571428571 0.36780185758513934 0.5321428571428571 0.3702786377708978 0.530952380952381 0.37585139318885447 0.5226190476190476 0.38080495356037153 0.513095238095238 0.38080495356037153 0.47619047619047616 0.37585139318885447 0.45714285714285713 0.37089783281733746 0.4392857142857143 0.36594427244582045 0.42857142857142855 0.3368421052631579 0.42857142857142855 
6 0.36160990712074303 0.3333333333333333 0.36160990712074303 0.41785714285714287 0.36656346749226004 0.4654761904761905 0.3764705882352941 0.513095238095238 0.40495356037151703 0.513095238095238 0.4148606811145511 0.5035714285714286 0.4154798761609907 0.5023809523809524 0.4154798761609907 0.4880952380952381 0.4105263157894737 0.4297619047619048 0.4055727554179567 0.4 0.38575851393188854 0.3523809523809524 0.37585139318885447 0.3333333333333333 0.36160990712074303 0.3333333333333333 
7 0.41609907120743034 0.41904761904761906 0.4068111455108359 0.42857142857142855 0.40619195046439627 0.4297619047619048 0.40619195046439627 0.4928571428571429 0.40804953560371515 0.49404761904761907 0.4501547987616099 0.49404761904761907 0.4501547987616099 0.42023809523809524 0.44953560371517026 0.41904761904761906 0.41609907120743034 0.41904761904761906 
8 0.4823529411764706 0.2857142857142857 0.4804953560371517 0.2869047619047619 0.4712074303405573 0.29523809523809524 0.4458204334365325 0.4107142857142857 0.4458204334365325 0.49166666666666664 0.44643962848297214 0.49404761904761907 0.45572755417956656 0.5035714285714286 0.49907120743034056 0.5035714285714286 0.4996904024767802 0.5023809523809524 0.4996904024767802 0.42857142857142855 0.49473684210526314 0.34404761904761905 0.48978328173374613 0.29523809523809524 0.4842105263157895 0.2857142857142857 0.4823529411764706 0.2857142857142857 
9 0.5554179566563467 0.3238095238095238 0.544891640866873 0.34285714285714286 0.5052631578947369 0.41904761904761906 0.49597523219814244 0.4380952380952381 0.4953560371517028 0.44047619047619047 0.4953560371517028 0.49404761904761907 0.5009287925696595 0.5035714285714286 0.5095975232198142 0.513095238095238 0.5201238390092879 0.5226190476190476 0.5436532507739938 0.5226190476190476 0.5535603715170279 0.513095238095238 0.5541795665634675 0.5119047619047619 0.5789473684210527 0.36904761904761907 0.5789473684210527 0.325 0.5777089783281734 0.3238095238095238 0.5554179566563467 0.3238095238095238 
10 0.6006191950464397 0.34285714285714286 0.5993808049535604 0.34404761904761905 0.5944272445820433 0.3523809523809524 0.5894736842105263 0.3619047619047619 0.5845201238390093 0.3726190476190476 0.5498452012383901 0.46785714285714286 0.5498452012383901 0.513095238095238 0.5597523219814241 0.5321428571428571 0.5888544891640867 0.5321428571428571 0.5987616099071208 0.513095238095238 0.6037151702786377 0.49166666666666664 0.6185758513931888 0.3976190476190476 0.6185758513931888 0.34404761904761905 0.6179566563467492 0.34285714285714286 0.6006191950464397 0.34285714285714286 
11 0.648297213622291 0.4 0.6396284829721363 0.4095238095238095 0.6198142414860681 0.4380952380952381 0.6043343653250774 0.4666666666666667 0.5944272445820433 0.4869047619047619 0.5894736842105263 0.5047619047619047 0.5894736842105263 0.5285714285714286 0.590092879256966 0.5321428571428571 0.5993808049535604 0.5511904761904762 0.6043343653250774 0.5595238095238095 0.6074303405572755 0.5607142857142857 0.6235294117647059 0.5607142857142857 0.6334365325077399 0.5392857142857143 0.653250773993808 0.4738095238095238 0.6582043343653251 0.44642857142857145 0.6582043343653251 0.4011904761904762 0.648297213622291 0.4 
12 0.6340557275541796 0.49523809523809526 0.6241486068111455 0.5333333333333333 0.6241486068111455 0.5595238095238095 0.6291021671826625 0.5702380952380952 0.6390092879256966 0.5892857142857143 0.6526315789473685 0.5892857142857143 0.6631578947368421 0.5702380952380952 0.6674922600619195 0.5607142857142857 0.6730650154798762 0.5416666666666666 0.6730650154798762 0.49523809523809526 0.6340557275541796 0.49523809523809526 
14 0.6842105263157895 0.45714285714285713 0.6736842105263158 0.47619047619047616 0.6687306501547987 0.4857142857142857 0.6495356037151703 0.5714285714285714 0.6489164086687307 0.575 0.6489164086687307 0.5880952380952381 0.6588235294117647 0.6083333333333333 0.6637770897832818 0.6178571428571429 0.6693498452012384 0.6273809523809524 0.701547987616099 0.6273809523809524 0.7071207430340557 0.6178571428571429 0.7077399380804954 0.6166666666666667 0.7226006191950465 0.5 0.7226006191950465 0.4595238095238095 0.7219814241486068 0.45714285714285713 0.6842105263157895 0.45714285714285713 
15 0.2086687306501548 0.23809523809523808 0.20804953560371517 0.24166666666666667 0.20804953560371517 0.24523809523809523 0.2086687306501548 0.24642857142857144 0.713312693498452 0.6452380952380953 0.7176470588235294 0.6452380952380953 0.7473684210526316 0.6369047619047619 0.7523219814241486 0.625 0.7671826625386997 0.5035714285714286 0.7671826625386997 0.4869047619047619 0.76656346749226 0.4857142857142857 0.21238390092879256 0.23809523809523808 0.2086687306501548 0.23809523809523808 
21 0.595046439628483 0.5904761904761905 0.5944272445820433 0.5916666666666667 0.5845201238390093 0.7238095238095238 0.5845201238390093 0.7988095238095239 0.5931888544891641 0.7988095238095239 0.5987616099071208 0.7892857142857143 0.6086687306501548 0.7595238095238095 0.6136222910216719 0.7416666666666667 0.6185758513931888 0.7226190476190476 0.628482972136223 0.655952380952381 0.628482972136223 0.6 0.6222910216718266 0.5904761904761905 0.595046439628483 0.5904761904761905 
22 0.5746130030959752 0.580952380952381 0.5715170278637771 0.5821428571428572 0.5597523219814241 0.5904761904761905 0.5547987616099072 0.6595238095238095 0.5547987616099072 0.7511904761904762 0.5634674922600619 0.7511904761904762 0.5690402476780185 0.7416666666666667 0.5789473684210527 0.7226190476190476 0.5987616099071208 0.6357142857142857 0.5987616099071208 0.6011904761904762 0.5981424148606811 0.594047619047619 0.5962848297213622 0.5904761904761905 0.5857585139318885 0.580952380952381 0.5746130030959752 0.580952380952381 
23 0.530030959752322 0.580952380952381 0.525077399380805 0.6190476190476191 0.525077399380805 0.7321428571428571 0.5393188854489164 0.7321428571428571 0.5585139318885449 0.6654761904761904 0.5591331269349845 0.6630952380952381 0.5640866873065016 0.6357142857142857 0.5690402476780185 0.5976190476190476 0.5690402476780185 0.580952380952381 0.530030959752322 0.580952380952381 
24 0.49287925696594426 0.5714285714285714 0.4904024767801858 0.5726190476190476 0.4904024767801858 0.7321428571428571 0.5046439628482973 0.7321428571428571 0.508359133126935 0.7226190476190476 0.5244582043343653 0.675 0.5343653250773994 0.625 0.5343653250773994 0.580952380952381 0.5244582043343653 0.5714285714285714 0.49287925696594426 0.5714285714285714 
25 0.45572755417956656 0.5714285714285714 0.45077399380804956 0.5928571428571429 0.45077399380804956 0.6452380952380953 0.45572755417956656 0.6642857142857143 0.46068111455108357 0.675 0.4891640866873065 0.675 0.49473684210526314 0.6642857142857143 0.49473684210526314 0.5714285714285714 0.45572755417956656 0.5714285714285714 
26 0.4235294117647059 0.5619047619047619 0.421671826625387 0.5630952380952381 0.42105263157894735 0.5678571428571428 0.41671826625387 0.6190476190476191 0.41609907120743034 0.705952380952381 0.41609907120743034 0.7107142857142857 0.42105263157894735 0.7309523809523809 0.42229102167182664 0.7321428571428571 0.44024767801857584 0.7321428571428571 0.4551083591331269 0.6464285714285715 0.4551083591331269 0.5630952380952381 0.4538699690402477 0.5619047619047619 0.4235294117647059 0.5619047619047619 
27 0.39195046439628484 0.5619047619047619 0.3913312693498452 0.5642857142857143 0.3863777089783282 0.6190476190476191 0.3863777089783282 0.7226190476190476 0.3913312693498452 0.7702380952380953 0.40495356037151703 0.7702380952380953 0.4105263157894737 0.7607142857142857 0.4148606811145511 0.7404761904761905 0.4154798761609907 0.736904761904762 0.42043343653250775 0.6928571428571428 0.42538699690402476 0.6083333333333333 0.42538699690402476 0.6 0.4247678018575851 0.569047619047619 0.4241486068111455 0.5666666666666667 0.42043343653250775 0.5619047619047619 0.39195046439628484 0.5619047619047619 
28 0.37956656346749224 0.5714285714285714 0.36160990712074303 0.580952380952381 0.35170278637770896 0.5916666666666667 0.35170278637770896 0.6464285714285715 0.36656346749226004 0.7702380952380953 0.3801857585139319 0.7702380952380953 0.38575851393188854 0.7607142857142857 0.3907120743034056 0.7226190476190476 0.3956656346749226 0.6238095238095238 0.3956656346749226 0.5904761904761905 0.3907120743034056 0.5714285714285714 0.37956656346749224 0.5714285714285714 
29 0.33869969040247677 0.5904761904761905 0.30712074303405573 0.6 0.29721362229102166 0.6095238095238096 0.29721362229102166 0.6261904761904762 0.3021671826625387 0.655952380952381 0.30712074303405573 0.6654761904761904 0.3126934984520124 0.6738095238095239 0.31455108359133127 0.675 0.3492260061919505 0.675 0.3510835913312694 0.6738095238095239 0.3609907120743034 0.6654761904761904 0.3609907120743034 0.6392857142857142 0.3560371517027864 0.5904761904761905 0.33869969040247677 0.5904761904761905 
30 0.2631578947368421 0.5904761904761905 0.25263157894736843 0.6 0.23281733746130032 0.7142857142857143 0.23281733746130032 0.7452380952380953 0.23343653250773994 0.7511904761904762 0.23839009287925697 0.7607142857142857 0.26006191950464397 0.7702380952380953 0.2656346749226006 0.7702380952380953 0.26687306501547986 0.7690476190476191 0.28173374613003094 0.75 0.286687306501548 0.7416666666666667 0.2959752321981424 0.7226190476190476 0.3015479876160991 0.7023809523809523 0.3065015479876161 0.6738095238095239 0.3065015479876161 0.6 0.2897832817337461 0.5904761904761905 0.2631578947368421 0.5904761904761905 