1 0.18390092879256967 0.44761904761904764 0.1585139318885449 0.4666666666666667 0.15356037151702787 0.5535714285714286 0.15356037151702787 0.5797619047619048 0.16842105263157894 0.6083333333333333 0.17337461300309598 0.6166666666666667 0.17461300309597524 0.6178571428571429 0.1826625386996904 0.6178571428571429 0.21114551083591332 0.6083333333333333 0.21238390092879256 0.6071428571428571 0.21238390092879256 0.5083333333333333 0.20743034055727555 0.4773809523809524 0.20247678018575851 0.45714285714285713 0.19690402476780186 0.44761904761904764 0.18390092879256967 0.44761904761904764 
2 0.2130030959752322 0.41904761904761906 0.20804953560371517 0.42857142857142855 0.20804953560371517 0.5988095238095238 0.21857585139318886 0.6178571428571429 0.24272445820433436 0.6273809523809524 0.25510835913312696 0.6273809523809524 0.25696594427244585 0.625 0.26191950464396285 0.6178571428571429 0.26687306501547986 0.6083333333333333 0.26687306501547986 0.5523809523809524 0.26191950464396285 0.5142857142857142 0.25696594427244585 0.4785714285714286 0.24643962848297213 0.4380952380952381 0.24210526315789474 0.42857142857142855 0.221671826625387 0.41904761904761906 0.2130030959752322 0.41904761904761906 
3 0.2743034055727554 0.4095238095238095 0.24891640866873066 0.42857142857142855 0.2476780185758514 0.4297619047619048 0.2476780185758514 0.4726190476190476 0.2625386996904025 0.5869047619047619 0.2674922600619195 0.6083333333333333 0.2736842105263158 0.6178571428571429 0.31145510835913315 0.6178571428571429 0.32074303405572757 0.6083333333333333 0.3263157894736842 0.5976190476190476 0.3263157894736842 0.5547619047619048 0.31640866873065016 0.49642857142857144 0.3065015479876161 0.4583333333333333 0.286687306501548 0.41904761904761906 0.28173374613003094 0.4095238095238095 0.2743034055727554 0.4095238095238095 
4 0.30835913312693497 0.42857142857142855 0.30712074303405573 0.4297619047619048 0.3021671826625387 0.4380952380952381 0.3021671826625387 0.45595238095238094 0.31207430340557274 0.5416666666666666 0.3219814241486068 0.6142857142857143 0.32321981424148605 0.6166666666666667 0.32445820433436534 0.6178571428571429 0.3560371517027864 0.6178571428571429 0.3609907120743034 0.6083333333333333 0.3609907120743034 0.5714285714285714 0.3560371517027864 0.5333333333333333 0.3461300309597523 0.49523809523809526 0.32136222910216716 0.44047619047619047 0.31640866873065016 0.4297619047619048 0.3157894736842105 0.42857142857142855 0.30835913312693497 0.42857142857142855 
5 0.3430340557275542 0.42857142857142855 0.34179566563467495 0.4297619047619048 0.3368421052631579 0.4380952380952381 0.3368421052631579 0.4845238095238095 0.34179566563467495 0.5202380952380953 0.356656346749226 0.6154761904761905 0.3572755417956656 0.6178571428571429 0.3801857585139319 0.6178571428571429 0.39504643962848296 0.6083333333333333 0.3956656346749226 0.6023809523809524 0.3956656346749226 0.5714285714285714 0.38080495356037153 0.5047619047619047 0.36594427244582045 0.4595238095238095 0.3609907120743034 0.4488095238095238 0.3510835913312694 0.4297619047619048 0.3492260061919505 0.42857142857142855 0.3430340557275542 0.42857142857142855 
6 0.36656346749226004 0.38095238095238093 0.36656346749226004 0.4154761904761905 0.3764705882352941 0.5380952380952381 0.3913312693498452 0.6178571428571429 0.42043343653250775 0.6178571428571429 0.42538699690402476 0.6083333333333333 0.42538699690402476 0.5523809523809524 0.4105263157894737 0.4666666666666667 0.4055727554179567 0.44047619047619047 0.40495356037151703 0.4380952380952381 0.3956656346749226 0.4107142857142857 0.3851393188854489 0.38095238095238093 0.36656346749226004 0.38095238095238093 
7 0.421671826625387 0.3904761904761905 0.42105263157894735 0.39166666666666666 0.42105263157894735 0.5892857142857143 0.426625386996904 0.5988095238095238 0.44024767801857584 0.5988095238095238 0.45944272445820433 0.5892857142857143 0.465015479876161 0.5785714285714286 0.465015479876161 0.5726190476190476 0.4551083591331269 0.4583333333333333 0.4501547987616099 0.4297619047619048 0.44024767801857584 0.39166666666666666 0.43962848297213625 0.3904761904761905 0.421671826625387 0.3904761904761905 
8 0.4780185758513932 0.38095238095238093 0.47678018575851394 0.3821428571428571 0.47058823529411764 0.3904761904761905 0.46563467492260063 0.41309523809523807 0.46068111455108357 0.525 0.46068111455108357 0.5607142857142857 0.46563467492260063 0.5988095238095238 0.5095975232198142 0.5988095238095238 0.5095975232198142 0.5345238095238095 0.5046439628482973 0.4714285714285714 0.4996904024767802 0.42857142857142855 0.49473684210526314 0.3904761904761905 0.48978328173374613 0.38333333333333336 0.48792569659442725 0.38095238095238093 0.4780185758513932 0.38095238095238093 
9 0.5510835913312694 0.3904761904761905 0.544891640866873 0.39285714285714285 0.5356037151702786 0.4 0.534984520123839 0.4011904761904762 0.525077399380805 0.4297619047619048 0.5102167182662539 0.49642857142857144 0.5052631578947369 0.5333333333333333 0.5052631578947369 0.5880952380952381 0.5102167182662539 0.594047619047619 0.5151702786377709 0.5976190476190476 0.525077399380805 0.5988095238095238 0.5442724458204334 0.5988095238095238 0.5492260061919505 0.5880952380952381 0.5640866873065016 0.475 0.5640866873065016 0.41904761904761906 0.5591331269349845 0.4011904761904762 0.5535603715170279 0.3904761904761905 0.5510835913312694 0.3904761904761905 
10 0.5752321981424149 0.4095238095238095 0.5647058823529412 0.4380952380952381 0.5597523219814241 0.45714285714285713 0.5547987616099072 0.4857142857142857 0.544891640866873 0.5619047619047619 0.544891640866873 0.5988095238095238 0.5789473684210527 0.5988095238095238 0.5888544891640867 0.5416666666666666 0.5888544891640867 0.4095238095238095 0.5752321981424149 0.4095238095238095 
11 0.614860681114551 0.38095238095238093 0.6092879256965944 0.39166666666666666 0.5993808049535604 0.42857142857142855 0.5944272445820433 0.45 0.5795665634674922 0.5345238095238095 0.5795665634674922 0.5892857142857143 0.5851393188854489 0.5988095238095238 0.6130030959752322 0.5988095238095238 0.6179566563467492 0.5892857142857143 0.6235294117647059 0.55 0.6235294117647059 0.38095238095238093 0.614860681114551 0.38095238095238093 
12 0.6390092879256966 0.41904761904761906 0.6346749226006192 0.42857142857142855 0.6291021671826625 0.4583333333333333 0.6191950464396285 0.5142857142857142 0.6142414860681115 0.5428571428571428 0.6142414860681115 0.5880952380952381 0.6241486068111455 0.5976190476190476 0.643343653250774 0.5976190476190476 0.648297213622291 0.5797619047619048 0.653250773993808 0.5023809523809524 0.653250773993808 0.41904761904761906 0.6390092879256966 0.41904761904761906 
13 0.6736842105263158 0.42857142857142855 0.6643962848297214 0.44761904761904764 0.6588235294117647 0.4666666666666667 0.6445820433436532 0.5428571428571428 0.6439628482972136 0.5464285714285714 0.6439628482972136 0.5952380952380952 0.6445820433436532 0.5976190476190476 0.6489164086687307 0.6083333333333333 0.6582043343653251 0.6083333333333333 0.6674922600619195 0.5988095238095238 0.6681114551083591 0.5976190476190476 0.6730650154798762 0.5773809523809523 0.6829721362229102 0.4845238095238095 0.6829721362229102 0.42857142857142855 0.6736842105263158 0.42857142857142855 
14 0.7114551083591332 0.4095238095238095 0.708359133126935 0.4107142857142857 0.6941176470588235 0.41904761904761906 0.6934984520123839 0.42023809523809524 0.6885448916408669 0.4380952380952381 0.6786377708978328 0.49642857142857144 0.6687306501547987 0.5619047619047619 0.6687306501547987 0.5892857142857143 0.6736842105263158 0.6083333333333333 0.7170278637770898 0.6083333333333333 0.7176470588235294 0.6071428571428571 0.7226006191950465 0.5226190476190476 0.7226006191950465 0.42142857142857143 0.7219814241486068 0.41904761904761906 0.7176470588235294 0.4095238095238095 0.7114551083591332 0.4095238095238095 
15 0.7337461300309598 0.4095238095238095 0.7281733746130031 0.41904761904761906 0.7232198142414861 0.44761904761904764 0.718266253869969 0.4773809523809524 0.713312693498452 0.5333333333333333 0.713312693498452 0.5976190476190476 0.718266253869969 0.6083333333333333 0.7238390092879257 0.6178571428571429 0.7572755417956656 0.6178571428571429 0.7622291021671826 0.6071428571428571 0.7622291021671826 0.41904761904761906 0.7572755417956656 0.4095238095238095 0.7337461300309598 0.4095238095238095 
16 0.7678018575851393 0.44761904761904764 0.7578947368421053 0.4666666666666667 0.7529411764705882 0.5238095238095238 0.7529411764705882 0.5511904761904762 0.7578947368421053 0.6071428571428571 0.7585139318885449 0.6083333333333333 0.7678018575851393 0.6178571428571429 0.7913312693498452 0.6178571428571429 0.8068111455108359 0.6083333333333333 0.8068111455108359 0.5619047619047619 0.7919504643962848 0.45714285714285713 0.7869969040247679 0.44761904761904764 0.7678018575851393 0.44761904761904764 
18 0.708359133126935 0.6095238095238096 0.7034055727554179 0.6202380952380953 0.7034055727554179 0.6738095238095239 0.7089783281733746 0.694047619047619 0.7281733746130031 0.7607142857142857 0.7380804953560371 0.7785714285714286 0.7436532507739938 0.7797619047619048 0.7455108359133127 0.7797619047619048 0.7473684210526316 0.7785714285714286 0.7671826625386997 0.7607142857142857 0.7671826625386997 0.7166666666666667 0.7572755417956656 0.6321428571428571 0.756656346749226 0.6285714285714286 0.7517027863777089 0.6095238095238096 0.708359133126935 0.6095238095238096 
19 0.6594427244582043 0.6 0.6538699690402476 0.6095238095238096 0.6538699690402476 0.6654761904761904 0.6637770897832818 0.7416666666666667 0.6693498452012384 0.7607142857142857 0.6786377708978328 0.7880952380952381 0.6835913312693499 0.7988095238095239 0.6928792569659443 0.7988095238095239 0.7176470588235294 0.7892857142857143 0.7176470588235294 0.7428571428571429 0.7077399380804954 0.6095238095238096 0.6928792569659443 0.6 0.6594427244582043 0.6 
20 0.6340557275541796 0.5904761904761905 0.6247678018575852 0.6 0.6241486068111455 0.6011904761904762 0.6241486068111455 0.6452380952380953 0.6439628482972136 0.7785714285714286 0.6538699690402476 0.7976190476190477 0.6551083591331269 0.7988095238095239 0.6631578947368421 0.7988095238095239 0.6631578947368421 0.6571428571428571 0.6582043343653251 0.6 0.6526315789473685 0.5904761904761905 0.6340557275541796 0.5904761904761905 
21 0.6142414860681115 0.580952380952381 0.5969040247678019 0.5904761904761905 0.595046439628483 0.5916666666666667 0.5944272445820433 0.594047619047619 0.5944272445820433 0.6309523809523809 0.6043343653250774 0.7404761904761905 0.6092879256965944 0.7797619047619048 0.614860681114551 0.7976190476190477 0.6160990712074303 0.7988095238095239 0.6266253869969041 0.7988095238095239 0.628482972136223 0.7976190476190477 0.628482972136223 0.5821428571428572 0.6266253869969041 0.580952380952381 0.6142414860681115 0.580952380952381 
22 0.5746130030959752 0.580952380952381 0.5653250773993808 0.5904761904761905 0.5647058823529412 0.5916666666666667 0.5647058823529412 0.7119047619047619 0.5696594427244582 0.7690476190476191 0.5746130030959752 0.8083333333333333 0.5795665634674922 0.8261904761904761 0.5808049535603715 0.8273809523809523 0.5876160990712074 0.8273809523809523 0.5888544891640867 0.8261904761904761 0.5938080495356037 0.8166666666666667 0.5987616099071208 0.6726190476190477 0.5987616099071208 0.5916666666666667 0.5981424148606811 0.5904761904761905 0.5888544891640867 0.580952380952381 0.5746130030959752 0.580952380952381 
23 0.5356037151702786 0.5904761904761905 0.534984520123839 0.5916666666666667 0.534984520123839 0.6333333333333333 0.544891640866873 0.7511904761904762 0.5504643962848297 0.7702380952380953 0.5547987616099072 0.7797619047619048 0.5640866873065016 0.7797619047619048 0.5684210526315789 0.7702380952380953 0.5690402476780185 0.7666666666666667 0.5690402476780185 0.5928571428571429 0.5684210526315789 0.5904761904761905 0.5356037151702786 0.5904761904761905 
24 0.5108359133126935 0.5904761904761905 0.5102167182662539 0.5916666666666667 0.5102167182662539 0.6654761904761904 0.5201238390092879 0.7607142857142857 0.525077399380805 0.7702380952380953 0.5343653250773994 0.7702380952380953 0.5393188854489164 0.7607142857142857 0.5393188854489164 0.5904761904761905 0.5108359133126935 0.5904761904761905 
25 0.48111455108359136 0.5904761904761905 0.4804953560371517 0.5916666666666667 0.4804953560371517 0.6178571428571429 0.5003095975232198 0.7583333333333333 0.5065015479876162 0.7607142857142857 0.5139318885448917 0.7607142857142857 0.5145510835913313 0.7571428571428571 0.5145510835913313 0.5904761904761905 0.48111455108359136 0.5904761904761905 
26 0.4458204334365325 0.5904761904761905 0.4458204334365325 0.6083333333333333 0.45572755417956656 0.6654761904761904 0.4712074303405573 0.7511904761904762 0.47554179566563465 0.7678571428571429 0.4761609907120743 0.7690476190476191 0.4773993808049536 0.7702380952380953 0.49411764705882355 0.7702380952380953 0.49473684210526314 0.7678571428571429 0.49473684210526314 0.7071428571428572 0.48978328173374613 0.6142857142857143 0.4891640866873065 0.6095238095238096 0.4848297213622291 0.5904761904761905 0.4458204334365325 0.5904761904761905 
27 0.42105263157894735 0.5904761904761905 0.41114551083591333 0.6107142857142858 0.41114551083591333 0.655952380952381 0.4408668730650155 0.8178571428571428 0.44643962848297214 0.8261904761904761 0.448297213622291 0.8273809523809523 0.460061919504644 0.8273809523809523 0.465015479876161 0.8166666666666667 0.469969040247678 0.7869047619047619 0.469969040247678 0.7428571428571429 0.4501547987616099 0.5928571428571429 0.44953560371517026 0.5904761904761905 0.42105263157894735 0.5904761904761905 
28 0.38204334365325077 0.6 0.3764705882352941 0.6095238095238096 0.3764705882352941 0.675 0.3814241486068111 0.805952380952381 0.38204334365325077 0.8083333333333333 0.3863777089783282 0.8166666666666667 0.3876160990712074 0.8178571428571428 0.4006191950464396 0.8178571428571428 0.4105263157894737 0.7964285714285714 0.4154798761609907 0.7666666666666667 0.4154798761609907 0.6285714285714286 0.40990712074303404 0.6107142857142858 0.40928792569659445 0.6095238095238096 0.3956656346749226 0.6011904761904762 0.3925696594427245 0.6 0.38204334365325077 0.6 
29 0.34674922600619196 0.6095238095238096 0.34179566563467495 0.6190476190476191 0.3368421052631579 0.6309523809523809 0.3368421052631579 0.6928571428571428 0.34179566563467495 0.8166666666666667 0.34674922600619196 0.8273809523809523 0.3609907120743034 0.8273809523809523 0.36594427244582045 0.8166666666666667 0.37089783281733746 0.7976190476190477 0.38080495356037153 0.7226190476190476 0.38575851393188854 0.680952380952381 0.38575851393188854 0.6761904761904762 0.38080495356037153 0.6095238095238096 0.34674922600619196 0.6095238095238096 
30 0.28792569659442724 0.6095238095238096 0.2873065015479876 0.6107142857142858 0.2773993808049536 0.7440476190476191 0.2773993808049536 0.7976190476190477 0.2823529411764706 0.8083333333333333 0.3256965944272446 0.8083333333333333 0.3263157894736842 0.8071428571428572 0.33126934984520123 0.7892857142857143 0.3411764705882353 0.75 0.3461300309597523 0.7035714285714286 0.3461300309597523 0.6095238095238096 0.28792569659442724 0.6095238095238096 
31 0.23343653250773994 0.6095238095238096 0.22291021671826625 0.6476190476190476 0.2130030959752322 0.7440476190476191 0.2130030959752322 0.7797619047619048 0.21795665634674924 0.7892857142857143 0.24272445820433436 0.8083333333333333 0.2501547987616099 0.8083333333333333 0.2520123839009288 0.805952380952381 0.25696594427244585 0.7988095238095239 0.2718266253869969 0.7607142857142857 0.291640866873065 0.6833333333333333 0.291640866873065 0.6190476190476191 0.24705882352941178 0.6095238095238096 0.23343653250773994 0.6095238095238096 
32 0.16904024767801856 0.6190476190476191 0.16408668730650156 0.6285714285714286 0.1634674922600619 0.6309523809523809 0.1634674922600619 0.7488095238095238 0.16408668730650156 0.7511904761904762 0.16904024767801856 0.7607142857142857 0.18885448916408668 0.7797619047619048 0.19752321981424148 0.7797619047619048 0.2068111455108359 0.7607142857142857 0.21238390092879256 0.7392857142857143 0.22724458204334366 0.675 0.22724458204334366 0.6190476190476191 0.16904024767801856 0.6190476190476191 