2 0.33250773993808047 0.4 0.3318885448916409 0.4023809523809524 0.3170278637770898 0.4666666666666667 0.31207430340557274 0.5238095238095238 0.31207430340557274 0.5666666666666667 0.3126934984520124 0.5702380952380952 0.3176470588235294 0.5797619047619048 0.32755417956656346 0.5892857142857143 0.3498452012383901 0.5892857142857143 0.3510835913312694 0.5880952380952381 0.3560371517027864 0.5702380952380952 0.3560371517027864 0.49523809523809526 0.3510835913312694 0.41904761904761906 0.3461300309597523 0.4095238095238095 0.3411764705882353 0.4011904761904762 0.339938080495356 0.4 0.33250773993808047 0.4 
3 0.3473684210526316 0.41904761904761906 0.34674922600619196 0.42142857142857143 0.34674922600619196 0.48333333333333334 0.35170278637770896 0.5785714285714286 0.3572755417956656 0.5892857142857143 0.37708978328173376 0.5988095238095238 0.3907120743034056 0.5988095238095238 0.4006191950464396 0.5785714285714286 0.4006191950464396 0.5464285714285714 0.3956656346749226 0.49523809523809526 0.3907120743034056 0.45714285714285713 0.38575851393188854 0.4392857142857143 0.38080495356037153 0.4297619047619048 0.37956656346749224 0.42857142857142855 0.3560371517027864 0.41904761904761906 0.3473684210526316 0.41904761904761906 
4 0.4018575851393189 0.44761904761904764 0.3975232198142415 0.45714285714285713 0.3913312693498452 0.47619047619047616 0.3913312693498452 0.5797619047619048 0.39628482972136225 0.5892857142857143 0.4198142414860681 0.5892857142857143 0.42043343653250775 0.5869047619047619 0.42043343653250775 0.4595238095238095 0.4198142414860681 0.45714285714285713 0.4148606811145511 0.44761904761904764 0.4018575851393189 0.44761904761904764 
5 0.43343653250773995 0.44761904761904764 0.4309597523219814 0.4488095238095238 0.4260061919504644 0.45714285714285713 0.41609907120743034 0.49523809523809526 0.41609907120743034 0.5892857142857143 0.44953560371517026 0.5892857142857143 0.4551083591331269 0.5797619047619048 0.4551083591331269 0.5547619047619048 0.4452012383900929 0.4583333333333333 0.44024767801857584 0.44761904761904764 0.43343653250773995 0.44761904761904764 
6 0.45077399380804956 0.45714285714285713 0.4470588235294118 0.4666666666666667 0.4458204334365325 0.47023809523809523 0.4408668730650155 0.49523809523809526 0.4408668730650155 0.5988095238095238 0.465015479876161 0.5988095238095238 0.469969040247678 0.5797619047619048 0.469969040247678 0.5523809523809524 0.460061919504644 0.4666666666666667 0.4551083591331269 0.45714285714285713 0.45077399380804956 0.45714285714285713 
7 0.4724458204334365 0.4666666666666667 0.4712074303405573 0.46785714285714286 0.47058823529411764 0.4714285714285714 0.46068111455108357 0.5726190476190476 0.46068111455108357 0.6083333333333333 0.4848297213622291 0.6083333333333333 0.4848297213622291 0.4666666666666667 0.4724458204334365 0.4666666666666667 
8 0.4904024767801858 0.45714285714285713 0.4854489164086687 0.5059523809523809 0.4804953560371517 0.580952380952381 0.4804953560371517 0.6083333333333333 0.5145510835913313 0.6083333333333333 0.5145510835913313 0.5619047619047619 0.5095975232198142 0.5047619047619047 0.5046439628482973 0.4785714285714286 0.4996904024767802 0.4666666666666667 0.49473684210526314 0.45714285714285713 0.4904024767801858 0.45714285714285713 
9 0.5201238390092879 0.4666666666666667 0.5151702786377709 0.49642857142857144 0.5102167182662539 0.5333333333333333 0.5102167182662539 0.6059523809523809 0.5108359133126935 0.6083333333333333 0.525077399380805 0.6178571428571429 0.5393188854489164 0.6178571428571429 0.5393188854489164 0.4857142857142857 0.5343653250773994 0.46785714285714286 0.5337461300309597 0.4666666666666667 0.5201238390092879 0.4666666666666667 
10 0.5467492260061919 0.4666666666666667 0.544891640866873 0.46785714285714286 0.5399380804953561 0.4880952380952381 0.534984520123839 0.5619047619047619 0.534984520123839 0.6071428571428571 0.5356037151702786 0.6083333333333333 0.5634674922600619 0.6083333333333333 0.5640866873065016 0.6071428571428571 0.5640866873065016 0.5619047619047619 0.5541795665634675 0.4785714285714286 0.5535603715170279 0.47619047619047616 0.5492260061919505 0.4666666666666667 0.5467492260061919 0.4666666666666667 
11 0.5647058823529412 0.44761904761904764 0.5597523219814241 0.4583333333333333 0.5597523219814241 0.6059523809523809 0.5603715170278638 0.6083333333333333 0.5839009287925696 0.6083333333333333 0.5839009287925696 0.5452380952380952 0.5789473684210527 0.4666666666666667 0.5739938080495356 0.4488095238095238 0.5727554179566563 0.44761904761904764 0.5647058823529412 0.44761904761904764 
12 0.5845201238390093 0.45714285714285713 0.5795665634674922 0.4880952380952381 0.5795665634674922 0.5892857142857143 0.5845201238390093 0.6083333333333333 0.5925696594427244 0.6083333333333333 0.5938080495356037 0.6071428571428571 0.6080495356037152 0.5892857142857143 0.6086687306501548 0.5880952380952381 0.6086687306501548 0.4773809523809524 0.5987616099071208 0.45714285714285713 0.5845201238390093 0.45714285714285713 
13 0.6092879256965944 0.44761904761904764 0.6043343653250774 0.45714285714285713 0.5993808049535604 0.580952380952381 0.5993808049535604 0.5892857142857143 0.6043343653250774 0.5988095238095238 0.628482972136223 0.5988095238095238 0.6334365325077399 0.5880952380952381 0.6334365325077399 0.5428571428571428 0.628482972136223 0.47619047619047616 0.6235294117647059 0.4511904761904762 0.6185758513931888 0.44761904761904764 0.6092879256965944 0.44761904761904764 
14 0.6297213622291021 0.45714285714285713 0.6241486068111455 0.4857142857142857 0.6241486068111455 0.5226190476190476 0.6291021671826625 0.5892857142857143 0.6340557275541796 0.5988095238095238 0.6619195046439629 0.5988095238095238 0.6631578947368421 0.5976190476190476 0.6681114551083591 0.5892857142857143 0.6681114551083591 0.5345238095238095 0.6631578947368421 0.4857142857142857 0.6582043343653251 0.4583333333333333 0.6575851393188854 0.45714285714285713 0.6297213622291021 0.45714285714285713 
15 0.6687306501547987 0.4095238095238095 0.6643962848297214 0.41904761904761906 0.6637770897832818 0.42142857142857143 0.6637770897832818 0.5892857142857143 0.6687306501547987 0.5988095238095238 0.6773993808049535 0.5988095238095238 0.6978328173374613 0.5797619047619048 0.7021671826625387 0.5607142857142857 0.7027863777089783 0.555952380952381 0.7027863777089783 0.5380952380952381 0.7021671826625387 0.5333333333333333 0.6879256965944273 0.4297619047619048 0.6829721362229102 0.4095238095238095 0.6687306501547987 0.4095238095238095 
18 0.6755417956656347 0.5904761904761905 0.6736842105263158 0.5916666666666667 0.6637770897832818 0.6 0.6588235294117647 0.6095238095238096 0.6588235294117647 0.655952380952381 0.6736842105263158 0.7130952380952381 0.6885448916408669 0.75 0.6934984520123839 0.7595238095238095 0.713312693498452 0.7797619047619048 0.7219814241486068 0.7797619047619048 0.7368421052631579 0.7702380952380953 0.7374613003095976 0.7690476190476191 0.7374613003095976 0.7333333333333333 0.7275541795665634 0.6869047619047619 0.7077399380804954 0.6 0.7027863777089783 0.5904761904761905 0.6755417956656347 0.5904761904761905 
19 0.6346749226006192 0.6095238095238096 0.6198142414860681 0.6190476190476191 0.6142414860681115 0.6285714285714286 0.6142414860681115 0.6535714285714286 0.6340557275541796 0.7595238095238095 0.6439628482972136 0.7869047619047619 0.6538699690402476 0.8083333333333333 0.6724458204334365 0.8083333333333333 0.6922600619195046 0.7892857142857143 0.6928792569659443 0.7880952380952381 0.6928792569659443 0.7571428571428571 0.6829721362229102 0.705952380952381 0.6631578947368421 0.6107142857142858 0.6619195046439629 0.6095238095238096 0.6346749226006192 0.6095238095238096 
20 0.595046439628483 0.6285714285714286 0.5894736842105263 0.6511904761904762 0.5894736842105263 0.6714285714285714 0.6191950464396285 0.8047619047619048 0.6241486068111455 0.8166666666666667 0.6253869969040248 0.8178571428571428 0.6421052631578947 0.8178571428571428 0.643343653250774 0.8166666666666667 0.643343653250774 0.7714285714285715 0.6334365325077399 0.6964285714285714 0.6235294117647059 0.6297619047619047 0.6229102167182663 0.6285714285714286 0.595046439628483 0.6285714285714286 
21 0.5746130030959752 0.6285714285714286 0.5647058823529412 0.638095238095238 0.5647058823529412 0.655952380952381 0.5696594427244582 0.7035714285714286 0.5801857585139318 0.7690476190476191 0.5845201238390093 0.7880952380952381 0.590092879256966 0.8083333333333333 0.6037151702786377 0.8083333333333333 0.6037151702786377 0.7726190476190476 0.5987616099071208 0.6309523809523809 0.5975232198142415 0.6285714285714286 0.5746130030959752 0.6285714285714286 
22 0.544891640866873 0.638095238095238 0.544891640866873 0.6928571428571428 0.5547987616099072 0.7761904761904762 0.5597523219814241 0.8083333333333333 0.5653250773993808 0.8178571428571428 0.5789473684210527 0.8178571428571428 0.5789473684210527 0.7523809523809524 0.5690402476780185 0.6392857142857142 0.5678018575851393 0.638095238095238 0.544891640866873 0.638095238095238 
23 0.530030959752322 0.6476190476190476 0.530030959752322 0.7380952380952381 0.5399380804953561 0.7702380952380953 0.5492260061919505 0.7702380952380953 0.5492260061919505 0.6476190476190476 0.530030959752322 0.6476190476190476 
24 0.5157894736842106 0.6476190476190476 0.5151702786377709 0.65 0.5151702786377709 0.7511904761904762 0.5201238390092879 0.7607142857142857 0.5244582043343653 0.7607142857142857 0.5337461300309597 0.7511904761904762 0.5343653250773994 0.75 0.5343653250773994 0.6476190476190476 0.5157894736842106 0.6476190476190476 
25 0.4953560371517028 0.6476190476190476 0.4953560371517028 0.7583333333333333 0.49597523219814244 0.7607142857142857 0.5095975232198142 0.7607142857142857 0.5145510835913313 0.6916666666666667 0.5145510835913313 0.6476190476190476 0.4953560371517028 0.6476190476190476 
26 0.4773993808049536 0.638095238095238 0.47554179566563465 0.6392857142857142 0.4712074303405573 0.7047619047619048 0.4712074303405573 0.7511904761904762 0.47554179566563465 0.7607142857142857 0.4848297213622291 0.7607142857142857 0.4891640866873065 0.7511904761904762 0.48978328173374613 0.7476190476190476 0.4996904024767802 0.675 0.4996904024767802 0.65 0.4984520123839009 0.6476190476190476 0.4848297213622291 0.638095238095238 0.4773993808049536 0.638095238095238 
27 0.4551083591331269 0.638095238095238 0.4520123839009288 0.6416666666666667 0.45077399380804956 0.6452380952380953 0.4458204334365325 0.7642857142857142 0.4458204334365325 0.7702380952380953 0.44643962848297214 0.7797619047619048 0.45944272445820433 0.7797619047619048 0.465015479876161 0.7702380952380953 0.469969040247678 0.7488095238095238 0.47492260061919506 0.6928571428571428 0.47492260061919506 0.6392857142857142 0.4743034055727554 0.638095238095238 0.4551083591331269 0.638095238095238 
28 0.426625386996904 0.6285714285714286 0.4260061919504644 0.6297619047619047 0.41609907120743034 0.7535714285714286 0.41609907120743034 0.7976190476190477 0.41857585139318887 0.7988095238095239 0.4198142414860681 0.7988095238095239 0.43034055727554177 0.7952380952380952 0.44024767801857584 0.7797619047619048 0.4452012383900929 0.7511904761904762 0.4551083591331269 0.6654761904761904 0.4551083591331269 0.6392857142857142 0.4538699690402477 0.638095238095238 0.43343653250773995 0.6285714285714286 0.426625386996904 0.6285714285714286 
29 0.39628482972136225 0.6190476190476191 0.3814241486068111 0.7714285714285715 0.3814241486068111 0.8083333333333333 0.4 0.8083333333333333 0.4055727554179567 0.7988095238095239 0.4105263157894737 0.7773809523809524 0.43034055727554177 0.6654761904761904 0.43034055727554177 0.6285714285714286 0.4148606811145511 0.6190476190476191 0.39628482972136225 0.6190476190476191 
30 0.35170278637770896 0.6095238095238096 0.3269349845201238 0.7523809523809524 0.3269349845201238 0.7880952380952381 0.32755417956656346 0.7892857142857143 0.3479876160990712 0.8083333333333333 0.3603715170278638 0.8083333333333333 0.37585139318885447 0.7797619047619048 0.38080495356037153 0.7702380952380953 0.4055727554179567 0.6464285714285715 0.4055727554179567 0.6285714285714286 0.4006191950464396 0.6190476190476191 0.38080495356037153 0.6095238095238096 0.35170278637770896 0.6095238095238096 
31 0.3126934984520124 0.5904761904761905 0.30712074303405573 0.6011904761904762 0.2823529411764706 0.7333333333333333 0.2823529411764706 0.7797619047619048 0.3065015479876161 0.7797619047619048 0.3263157894736842 0.7511904761904762 0.3306501547987616 0.7416666666666667 0.3560371517027864 0.655952380952381 0.3560371517027864 0.6095238095238096 0.3510835913312694 0.6011904761904762 0.3498452012383901 0.6 0.33560371517027865 0.5916666666666667 0.3331269349845201 0.5904761904761905 0.3126934984520124 0.5904761904761905 
32 0.2743034055727554 0.5619047619047619 0.27306501547987616 0.5630952380952381 0.23281733746130032 0.6869047619047619 0.23281733746130032 0.7214285714285714 0.25263157894736843 0.7511904761904762 0.2656346749226006 0.7511904761904762 0.28606811145510835 0.7321428571428571 0.291640866873065 0.7226190476190476 0.29659442724458207 0.7107142857142857 0.3065015479876161 0.675 0.31145510835913315 0.6440476190476191 0.31640866873065016 0.6083333333333333 0.31640866873065016 0.5916666666666667 0.3157894736842105 0.5904761904761905 0.29659442724458207 0.5714285714285714 0.28173374613003094 0.5619047619047619 0.2743034055727554 0.5619047619047619 