9 0.5151702786377709 0.4095238095238095 0.5102167182662539 0.41904761904761906 0.5058823529411764 0.4380952380952381 0.4854489164086687 0.544047619047619 0.4854489164086687 0.6083333333333333 0.518266253869969 0.6083333333333333 0.5195046439628483 0.6071428571428571 0.5244582043343653 0.5988095238095238 0.5294117647058824 0.4928571428571429 0.5294117647058824 0.42023809523809524 0.5244582043343653 0.4095238095238095 0.5151702786377709 0.4095238095238095 
10 0.5411764705882353 0.4380952380952381 0.5399380804953561 0.4392857142857143 0.534984520123839 0.44761904761904764 0.525077399380805 0.4857142857142857 0.5207430340557275 0.5047619047619047 0.5201238390092879 0.5083333333333333 0.5201238390092879 0.5488095238095239 0.5207430340557275 0.5511904761904762 0.525077399380805 0.5607142857142857 0.5492260061919505 0.5607142857142857 0.5591331269349845 0.4845238095238095 0.5591331269349845 0.4488095238095238 0.5541795665634675 0.4380952380952381 0.5411764705882353 0.4380952380952381 
11 0.5696594427244582 0.42857142857142855 0.5647058823529412 0.4380952380952381 0.5597523219814241 0.4511904761904762 0.544891640866873 0.5166666666666667 0.544891640866873 0.5583333333333333 0.5455108359133127 0.5607142857142857 0.5572755417956656 0.5607142857142857 0.5777089783281734 0.5511904761904762 0.5789473684210527 0.55 0.5839009287925696 0.5416666666666666 0.5839009287925696 0.4297619047619048 0.5826625386996904 0.42857142857142855 0.5696594427244582 0.42857142857142855 
20 0.5993808049535604 0.6571428571428571 0.5944272445820433 0.6666666666666666 0.5944272445820433 0.7392857142857143 0.5993808049535604 0.75 0.6006191950464397 0.7511904761904762 0.6185758513931888 0.7511904761904762 0.628482972136223 0.7130952380952381 0.628482972136223 0.6583333333333333 0.6272445820433437 0.6571428571428571 0.5993808049535604 0.6571428571428571 
21 0.5839009287925696 0.638095238095238 0.5795665634674922 0.6392857142857142 0.5702786377708978 0.6476190476190476 0.5696594427244582 0.65 0.5647058823529412 0.6857142857142857 0.5647058823529412 0.7226190476190476 0.5696594427244582 0.8178571428571428 0.578328173374613 0.8178571428571428 0.5839009287925696 0.7988095238095239 0.5888544891640867 0.7785714285714286 0.5938080495356037 0.7511904761904762 0.5987616099071208 0.7214285714285714 0.6037151702786377 0.6738095238095239 0.6037151702786377 0.6392857142857142 0.6012383900928793 0.638095238095238 0.5839009287925696 0.638095238095238 
22 0.5455108359133127 0.6285714285714286 0.5399380804953561 0.6392857142857142 0.5399380804953561 0.8178571428571428 0.5578947368421052 0.8178571428571428 0.5591331269349845 0.8166666666666667 0.5640866873065016 0.8083333333333333 0.5690402476780185 0.7892857142857143 0.5739938080495356 0.694047619047619 0.5739938080495356 0.6309523809523809 0.573374613003096 0.6285714285714286 0.5455108359133127 0.6285714285714286 
23 0.5312693498452012 0.6285714285714286 0.5151702786377709 0.638095238095238 0.5151702786377709 0.7309523809523809 0.5207430340557275 0.7416666666666667 0.5287925696594428 0.7416666666666667 0.5393188854489164 0.7226190476190476 0.5442724458204334 0.7035714285714286 0.5442724458204334 0.638095238095238 0.5393188854489164 0.6285714285714286 0.5312693498452012 0.6285714285714286 
24 0.4953560371517028 0.638095238095238 0.4953560371517028 0.7392857142857143 0.49597523219814244 0.7416666666666667 0.5145510835913313 0.7416666666666667 0.5195046439628483 0.7321428571428571 0.5195046439628483 0.638095238095238 0.4953560371517028 0.638095238095238 
25 0.47554179566563465 0.638095238095238 0.47058823529411764 0.6761904761904762 0.47058823529411764 0.7226190476190476 0.47554179566563465 0.75 0.4761609907120743 0.7511904761904762 0.4842105263157895 0.7511904761904762 0.49411764705882355 0.7416666666666667 0.49473684210526314 0.7404761904761905 0.49907120743034056 0.7130952380952381 0.4996904024767802 0.705952380952381 0.4996904024767802 0.6404761904761904 0.49907120743034056 0.638095238095238 0.47554179566563465 0.638095238095238 
26 0.4563467492260062 0.638095238095238 0.45077399380804956 0.6488095238095238 0.4458204334365325 0.669047619047619 0.4458204334365325 0.6904761904761905 0.45077399380804956 0.7202380952380952 0.45139318885448915 0.7226190476190476 0.4743034055727554 0.7226190476190476 0.47492260061919506 0.7214285714285714 0.47987616099071206 0.6845238095238095 0.47987616099071206 0.6476190476190476 0.4743034055727554 0.638095238095238 0.4563467492260062 0.638095238095238 
27 0.42105263157894735 0.6285714285714286 0.41609907120743034 0.65 0.41114551083591333 0.6857142857142857 0.41114551083591333 0.6928571428571428 0.42105263157894735 0.7702380952380953 0.4260061919504644 0.7976190476190477 0.4309597523219814 0.8083333333333333 0.43653250773993807 0.8178571428571428 0.43962848297213625 0.8178571428571428 0.4452012383900929 0.8083333333333333 0.44953560371517026 0.7988095238095239 0.4501547987616099 0.7952380952380952 0.460061919504644 0.655952380952381 0.460061919504644 0.6416666666666667 0.45944272445820433 0.638095238095238 0.4551083591331269 0.6285714285714286 0.42105263157894735 0.6285714285714286 
28 0.3863777089783282 0.6285714285714286 0.3863777089783282 0.6642857142857143 0.39628482972136225 0.7880952380952381 0.4018575851393189 0.7988095238095239 0.41857585139318887 0.7988095238095239 0.42043343653250775 0.7976190476190477 0.42538699690402476 0.6547619047619048 0.42538699690402476 0.6285714285714286 0.3863777089783282 0.6285714285714286 
29 0.35789473684210527 0.6285714285714286 0.356656346749226 0.6297619047619047 0.3523219814241486 0.638095238095238 0.35170278637770896 0.6404761904761904 0.35170278637770896 0.6738095238095239 0.3715170278637771 0.7988095238095239 0.3814241486068111 0.8178571428571428 0.38575851393188854 0.8178571428571428 0.3956656346749226 0.8083333333333333 0.4 0.7988095238095239 0.4006191950464396 0.7952380952380952 0.4006191950464396 0.6666666666666666 0.3907120743034056 0.6285714285714286 0.35789473684210527 0.6285714285714286 