2 0.2625386996904025 0.3142857142857143 0.2625386996904025 0.3488095238095238 0.2631578947368421 0.35119047619047616 0.2674922600619195 0.3607142857142857 0.2724458204334365 0.37023809523809526 0.2823529411764706 0.37976190476190474 0.30092879256965943 0.37976190476190474 0.3015479876160991 0.3773809523809524 0.3015479876160991 0.3523809523809524 0.2959752321981424 0.3333333333333333 0.291640866873065 0.3238095238095238 0.28173374613003094 0.3142857142857143 0.2625386996904025 0.3142857142857143 
3 0.3027863777089783 0.3142857142857143 0.3021671826625387 0.319047619047619 0.3021671826625387 0.3964285714285714 0.3027863777089783 0.39880952380952384 0.30712074303405573 0.4083333333333333 0.3176470588235294 0.41785714285714287 0.3560371517027864 0.41785714285714287 0.3560371517027864 0.3821428571428571 0.3510835913312694 0.34285714285714286 0.3461300309597523 0.3333333333333333 0.33560371517027865 0.3142857142857143 0.3027863777089783 0.3142857142857143 
4 0.3696594427244582 0.3523809523809524 0.36656346749226004 0.3535714285714286 0.356656346749226 0.37142857142857144 0.35170278637770896 0.3821428571428571 0.35170278637770896 0.4083333333333333 0.35975232198142415 0.4083333333333333 0.37585139318885447 0.39880952380952384 0.38575851393188854 0.37976190476190474 0.38575851393188854 0.3523809523809524 0.3696594427244582 0.3523809523809524 
5 0.37894736842105264 0.37142857142857144 0.37708978328173376 0.37857142857142856 0.3764705882352941 0.38452380952380955 0.3764705882352941 0.4083333333333333 0.38204334365325077 0.41785714285714287 0.38699690402476783 0.4261904761904762 0.3888544891640867 0.42738095238095236 0.4055727554179567 0.42738095238095236 0.4055727554179567 0.37142857142857144 0.37894736842105264 0.37142857142857144 
6 0.4241486068111455 0.2761904761904762 0.41114551083591333 0.2857142857142857 0.4068111455108359 0.29523809523809524 0.40619195046439627 0.3 0.40619195046439627 0.4630952380952381 0.41114551083591333 0.48333333333333334 0.421671826625387 0.5035714285714286 0.4297213622291022 0.5035714285714286 0.4346749226006192 0.49404761904761907 0.4501547987616099 0.45595238095238094 0.4501547987616099 0.41309523809523807 0.44024767801857584 0.31666666666666665 0.43529411764705883 0.29523809523809524 0.42538699690402476 0.2761904761904762 0.4241486068111455 0.2761904761904762 
7 0.44148606811145513 0.3142857142857143 0.4359133126934985 0.3345238095238095 0.4309597523219814 0.4666666666666667 0.4309597523219814 0.48333333333333334 0.43157894736842106 0.4845238095238095 0.43962848297213625 0.4845238095238095 0.4693498452012384 0.4654761904761905 0.469969040247678 0.4642857142857143 0.469969040247678 0.3726190476190476 0.465015479876161 0.3345238095238095 0.460061919504644 0.3238095238095238 0.4551083591331269 0.3142857142857143 0.44148606811145513 0.3142857142857143 
8 0.4662538699690402 0.3047619047619048 0.46068111455108357 0.325 0.46068111455108357 0.37976190476190474 0.46563467492260063 0.45476190476190476 0.4674922600619195 0.45595238095238094 0.4885448916408669 0.45595238095238094 0.48978328173374613 0.45476190476190476 0.49473684210526314 0.44642857142857145 0.4996904024767802 0.4357142857142857 0.4996904024767802 0.3904761904761905 0.49473684210526314 0.35595238095238096 0.48978328173374613 0.3333333333333333 0.4842105263157895 0.3142857142857143 0.4792569659442725 0.3047619047619048 0.4662538699690402 0.3047619047619048 
9 0.5108359133126935 0.3047619047619048 0.5052631578947369 0.3238095238095238 0.5003095975232198 0.3619047619047619 0.4953560371517028 0.4107142857142857 0.4953560371517028 0.4845238095238095 0.5003095975232198 0.49404761904761907 0.5114551083591331 0.5035714285714286 0.5287925696594428 0.5035714285714286 0.5294117647058824 0.5011904761904762 0.5343653250773994 0.3880952380952381 0.5343653250773994 0.33690476190476193 0.5337461300309597 0.3333333333333333 0.5287925696594428 0.3142857142857143 0.5238390092879257 0.3047619047619048 0.5108359133126935 0.3047619047619048 
11 0.5702786377708978 0.2857142857142857 0.5647058823529412 0.29642857142857143 0.5498452012383901 0.39404761904761904 0.5498452012383901 0.47023809523809523 0.5504643962848297 0.475 0.5547987616099072 0.4928571428571429 0.5597523219814241 0.5023809523809524 0.561609907120743 0.5035714285714286 0.5770897832817338 0.5035714285714286 0.5789473684210527 0.5023809523809524 0.5839009287925696 0.49404761904761907 0.5888544891640867 0.4166666666666667 0.5888544891640867 0.30714285714285716 0.5882352941176471 0.3047619047619048 0.5789473684210527 0.2869047619047619 0.5777089783281734 0.2857142857142857 0.5702786377708978 0.2857142857142857 
12 0.595046439628483 0.3047619047619048 0.590092879256966 0.3142857142857143 0.5845201238390093 0.3333333333333333 0.5746130030959752 0.42857142857142855 0.5746130030959752 0.4738095238095238 0.5795665634674922 0.49404761904761907 0.5931888544891641 0.49404761904761907 0.6136222910216719 0.4845238095238095 0.6185758513931888 0.40595238095238095 0.6185758513931888 0.3333333333333333 0.6130030959752322 0.3142857142857143 0.6080495356037152 0.3047619047619048 0.595046439628483 0.3047619047619048 
13 0.6198142414860681 0.3142857142857143 0.6191950464396285 0.31547619047619047 0.6142414860681115 0.3261904761904762 0.6092879256965944 0.4035714285714286 0.6092879256965944 0.49404761904761907 0.6247678018575852 0.5035714285714286 0.6427244582043343 0.5035714285714286 0.648297213622291 0.49404761904761907 0.648297213622291 0.3345238095238095 0.638390092879257 0.3142857142857143 0.6198142414860681 0.3142857142857143 
19 0.6346749226006192 0.5714285714285714 0.6191950464396285 0.580952380952381 0.6092879256965944 0.5904761904761905 0.6092879256965944 0.6273809523809524 0.6142414860681115 0.6547619047619048 0.6247678018575852 0.6654761904761904 0.6371517027863777 0.6654761904761904 0.6724458204334365 0.6369047619047619 0.6780185758513931 0.6273809523809524 0.6780185758513931 0.6 0.6730650154798762 0.5904761904761905 0.6625386996904025 0.5714285714285714 0.6346749226006192 0.5714285714285714 
21 0.5702786377708978 0.5904761904761905 0.5696594427244582 0.5916666666666667 0.5647058823529412 0.6285714285714286 0.5647058823529412 0.6738095238095239 0.5702786377708978 0.6845238095238095 0.5839009287925696 0.6845238095238095 0.5888544891640867 0.6654761904761904 0.5931888544891641 0.6464285714285715 0.5938080495356037 0.6416666666666667 0.5938080495356037 0.5904761904761905 0.5702786377708978 0.5904761904761905 
22 0.5405572755417957 0.49523809523809526 0.534984520123839 0.5047619047619047 0.530030959752322 0.5142857142857142 0.530030959752322 0.5702380952380952 0.5399380804953561 0.6369047619047619 0.5498452012383901 0.6821428571428572 0.5547987616099072 0.7035714285714286 0.5678018575851393 0.7035714285714286 0.5690402476780185 0.7023809523809523 0.5690402476780185 0.5166666666666667 0.5640866873065016 0.49523809523809526 0.5405572755417957 0.49523809523809526 
23 0.5157894736842106 0.5047619047619047 0.5108359133126935 0.5142857142857142 0.5102167182662539 0.5202380952380953 0.5102167182662539 0.5404761904761904 0.5151702786377709 0.6083333333333333 0.5201238390092879 0.6547619047619048 0.525077399380805 0.6845238095238095 0.530030959752322 0.7023809523809523 0.5306501547987617 0.7035714285714286 0.5436532507739938 0.7035714285714286 0.5442724458204334 0.7011904761904761 0.5442724458204334 0.6595238095238095 0.5393188854489164 0.5619047619047619 0.5343653250773994 0.5059523809523809 0.5337461300309597 0.5047619047619047 0.5157894736842106 0.5047619047619047 
24 0.49597523219814244 0.5142857142857142 0.4953560371517028 0.5154761904761904 0.4953560371517028 0.6178571428571429 0.5003095975232198 0.655952380952381 0.5052631578947369 0.6654761904761904 0.5139318885448917 0.6654761904761904 0.5145510835913313 0.6642857142857143 0.5195046439628483 0.6452380952380953 0.5195046439628483 0.5333333333333333 0.5145510835913313 0.5142857142857142 0.49597523219814244 0.5142857142857142 
25 0.4773993808049536 0.5047619047619047 0.47554179566563465 0.5059523809523809 0.47554179566563465 0.5880952380952381 0.4804953560371517 0.6535714285714286 0.4854489164086687 0.675 0.49473684210526314 0.675 0.4996904024767802 0.6642857142857143 0.4996904024767802 0.5059523809523809 0.4978328173374613 0.5047619047619047 0.4773993808049536 0.5047619047619047 
26 0.45572755417956656 0.49523809523809526 0.45572755417956656 0.6273809523809524 0.46068111455108357 0.680952380952381 0.4613003095975232 0.6845238095238095 0.46563467492260063 0.694047619047619 0.4792569659442725 0.694047619047619 0.47987616099071206 0.6916666666666667 0.4848297213622291 0.5988095238095238 0.4848297213622291 0.49523809523809526 0.45572755417956656 0.49523809523809526 
27 0.4309597523219814 0.4857142857142857 0.4260061919504644 0.5059523809523809 0.42105263157894735 0.5630952380952381 0.42105263157894735 0.694047619047619 0.4260061919504644 0.7011904761904761 0.4284829721362229 0.7023809523809523 0.43157894736842106 0.7035714285714286 0.44458204334365325 0.7035714285714286 0.4501547987616099 0.694047619047619 0.4544891640866873 0.6833333333333333 0.4551083591331269 0.680952380952381 0.460061919504644 0.6607142857142857 0.460061919504644 0.544047619047619 0.45944272445820433 0.5142857142857142 0.4551083591331269 0.49642857142857144 0.4501547987616099 0.4869047619047619 0.44891640866873067 0.4857142857142857 0.4309597523219814 0.4857142857142857 
28 0.39628482972136225 0.5714285714285714 0.3913312693498452 0.5821428571428572 0.3913312693498452 0.6238095238095238 0.39195046439628484 0.655952380952381 0.39628482972136225 0.6642857142857143 0.39814241486068114 0.6654761904761904 0.4154798761609907 0.6654761904761904 0.42043343653250775 0.6547619047619048 0.42043343653250775 0.5714285714285714 0.39628482972136225 0.5714285714285714 
29 0.3622291021671827 0.580952380952381 0.36160990712074303 0.5833333333333334 0.36160990712074303 0.6273809523809524 0.36656346749226004 0.6452380952380953 0.3715170278637771 0.655952380952381 0.38390092879256965 0.655952380952381 0.3851393188854489 0.6547619047619048 0.39009287925696595 0.6464285714285715 0.3956656346749226 0.6273809523809524 0.3956656346749226 0.5916666666666667 0.39504643962848296 0.5904761904761905 0.39009287925696595 0.5821428571428572 0.3876160990712074 0.580952380952381 0.3622291021671827 0.580952380952381 
30 0.32755417956656346 0.5619047619047619 0.3219814241486068 0.5714285714285714 0.31207430340557274 0.6 0.31207430340557274 0.6273809523809524 0.3170278637770898 0.6369047619047619 0.34055727554179566 0.6369047619047619 0.3510835913312694 0.6178571428571429 0.3560371517027864 0.6083333333333333 0.3603715170278638 0.5988095238095238 0.3609907120743034 0.5952380952380952 0.3609907120743034 0.5726190476190476 0.3560371517027864 0.5630952380952381 0.35479876160990714 0.5619047619047619 0.32755417956656346 0.5619047619047619 