2 0.28792569659442724 0.44761904761904764 0.2873065015479876 0.4511904761904762 0.2873065015479876 0.6178571428571429 0.29226006191950465 0.6273809523809524 0.3027863777089783 0.6369047619047619 0.3256965944272446 0.6369047619047619 0.33126934984520123 0.6261904761904762 0.33126934984520123 0.5845238095238096 0.32136222910216716 0.49523809523809526 0.3058823529411765 0.44761904761904764 0.28792569659442724 0.44761904761904764 
3 0.3219814241486068 0.45714285714285713 0.3219814241486068 0.49404761904761907 0.3318885448916409 0.6261904761904762 0.3331269349845201 0.6273809523809524 0.356656346749226 0.6369047619047619 0.37089783281733746 0.6369047619047619 0.37585139318885447 0.6261904761904762 0.37585139318885447 0.544047619047619 0.37089783281733746 0.49523809523809526 0.36594427244582045 0.47619047619047616 0.35541795665634673 0.45714285714285713 0.3219814241486068 0.45714285714285713 
4 0.3863777089783282 0.42857142857142855 0.3764705882352941 0.4773809523809524 0.3715170278637771 0.5333333333333333 0.3715170278637771 0.6369047619047619 0.39009287925696595 0.6369047619047619 0.4006191950464396 0.6261904761904762 0.4055727554179567 0.4845238095238095 0.4055727554179567 0.44761904761904764 0.4006191950464396 0.42857142857142855 0.3863777089783282 0.42857142857142855 
5 0.40123839009287926 0.4380952380952381 0.39628482972136225 0.5238095238095238 0.39628482972136225 0.6261904761904762 0.4018575851393189 0.6369047619047619 0.4154798761609907 0.6369047619047619 0.42538699690402476 0.6261904761904762 0.43034055727554177 0.6178571428571429 0.43034055727554177 0.5619047619047619 0.42043343653250775 0.4785714285714286 0.4154798761609907 0.4380952380952381 0.40123839009287926 0.4380952380952381 
6 0.426625386996904 0.4095238095238095 0.42105263157894735 0.41904761904761906 0.41609907120743034 0.44047619047619047 0.41609907120743034 0.4845238095238095 0.42105263157894735 0.6273809523809524 0.4260061919504644 0.6369047619047619 0.43529411764705883 0.6369047619047619 0.4452012383900929 0.6178571428571429 0.4452012383900929 0.5535714285714286 0.44024767801857584 0.44166666666666665 0.43529411764705883 0.4095238095238095 0.426625386996904 0.4095238095238095 
7 0.45572755417956656 0.44761904761904764 0.45139318885448915 0.45714285714285713 0.45077399380804956 0.46190476190476193 0.4408668730650155 0.5619047619047619 0.4408668730650155 0.5952380952380952 0.44148606811145513 0.5988095238095238 0.4458204334365325 0.6178571428571429 0.45077399380804956 0.6273809523809524 0.46377708978328175 0.6273809523809524 0.469969040247678 0.6178571428571429 0.469969040247678 0.5428571428571428 0.465015479876161 0.44761904761904764 0.45572755417956656 0.44761904761904764 
8 0.47554179566563465 0.44761904761904764 0.47058823529411764 0.45714285714285713 0.47058823529411764 0.6345238095238095 0.4712074303405573 0.6369047619047619 0.49907120743034056 0.6369047619047619 0.4996904024767802 0.6357142857142857 0.4996904024767802 0.5547619047619048 0.49473684210526314 0.5083333333333333 0.48978328173374613 0.47023809523809523 0.4891640866873065 0.4666666666666667 0.4848297213622291 0.44761904761904764 0.47554179566563465 0.44761904761904764 
9 0.5009287925696595 0.4380952380952381 0.4953560371517028 0.45714285714285713 0.4953560371517028 0.6273809523809524 0.5238390092879257 0.6273809523809524 0.5244582043343653 0.6261904761904762 0.5244582043343653 0.5535714285714286 0.5195046439628483 0.4773809523809524 0.5145510835913313 0.4488095238095238 0.5095975232198142 0.4380952380952381 0.5009287925696595 0.4380952380952381 
10 0.5102167182662539 0.44761904761904764 0.5102167182662539 0.48333333333333334 0.5201238390092879 0.6059523809523809 0.5207430340557275 0.6083333333333333 0.5442724458204334 0.6083333333333333 0.5486068111455108 0.5988095238095238 0.5492260061919505 0.5964285714285714 0.5492260061919505 0.5452380952380952 0.5442724458204334 0.5154761904761904 0.5244582043343653 0.44761904761904764 0.5102167182662539 0.44761904761904764 
11 0.5510835913312694 0.3904761904761905 0.5498452012383901 0.39166666666666666 0.5399380804953561 0.47619047619047616 0.5399380804953561 0.5476190476190477 0.544891640866873 0.6083333333333333 0.5498452012383901 0.6178571428571429 0.5640866873065016 0.6178571428571429 0.5690402476780185 0.6083333333333333 0.5739938080495356 0.5976190476190476 0.5739938080495356 0.5047619047619047 0.5690402476780185 0.4297619047619048 0.5640866873065016 0.39166666666666666 0.561609907120743 0.3904761904761905 0.5510835913312694 0.3904761904761905 
12 0.5752321981424149 0.42857142857142855 0.5746130030959752 0.430952380952381 0.5696594427244582 0.4666666666666667 0.5647058823529412 0.5083333333333333 0.5647058823529412 0.6083333333333333 0.5851393188854489 0.6178571428571429 0.5938080495356037 0.6178571428571429 0.5981424148606811 0.6083333333333333 0.5987616099071208 0.6047619047619047 0.5987616099071208 0.5535714285714286 0.5938080495356037 0.4595238095238095 0.5888544891640867 0.42857142857142855 0.5752321981424149 0.42857142857142855 
13 0.6043343653250774 0.42857142857142855 0.5993808049535604 0.4380952380952381 0.5944272445820433 0.45714285714285713 0.5894736842105263 0.5119047619047619 0.5894736842105263 0.6166666666666667 0.590092879256966 0.6178571428571429 0.6030959752321982 0.6178571428571429 0.621671826625387 0.6083333333333333 0.6235294117647059 0.6071428571428571 0.6235294117647059 0.5428571428571428 0.6185758513931888 0.4666666666666667 0.6136222910216719 0.4297619047619048 0.6130030959752322 0.42857142857142855 0.6043343653250774 0.42857142857142855 
14 0.6297213622291021 0.41904761904761906 0.6241486068111455 0.42857142857142855 0.6198142414860681 0.4380952380952381 0.6142414860681115 0.4595238095238095 0.6142414860681115 0.6178571428571429 0.648297213622291 0.6178571428571429 0.653250773993808 0.6083333333333333 0.6575851393188854 0.5988095238095238 0.6582043343653251 0.5964285714285714 0.6674922600619195 0.5035714285714286 0.6681114551083591 0.49642857142857144 0.6681114551083591 0.44642857142857145 0.6674922600619195 0.4380952380952381 0.6631578947368421 0.41904761904761906 0.6297213622291021 0.41904761904761906 
15 0.6749226006191951 0.41904761904761906 0.6643962848297214 0.42857142857142855 0.6637770897832818 0.4297619047619048 0.6538699690402476 0.5238095238095238 0.6538699690402476 0.5821428571428572 0.6551083591331269 0.5892857142857143 0.6588235294117647 0.6071428571428571 0.6637770897832818 0.6178571428571429 0.6773993808049535 0.6178571428571429 0.6922600619195046 0.6083333333333333 0.6978328173374613 0.5988095238095238 0.7021671826625387 0.5892857142857143 0.7027863777089783 0.5869047619047619 0.7027863777089783 0.4297619047619048 0.6972136222910217 0.41904761904761906 0.6749226006191951 0.41904761904761906 
18 0.6544891640866873 0.6285714285714286 0.6445820433436532 0.638095238095238 0.6439628482972136 0.6392857142857142 0.6439628482972136 0.7226190476190476 0.6538699690402476 0.7797619047619048 0.6637770897832818 0.7988095238095239 0.6687306501547987 0.8071428571428572 0.669969040247678 0.8083333333333333 0.6829721362229102 0.8083333333333333 0.7126934984520124 0.7988095238095239 0.7126934984520124 0.7845238095238095 0.6928792569659443 0.6392857142857142 0.6879256965944273 0.6297619047619047 0.686687306501548 0.6285714285714286 0.6544891640866873 0.6285714285714286 
19 0.604953560371517 0.638095238095238 0.5894736842105263 0.6476190476190476 0.5894736842105263 0.6845238095238095 0.6043343653250774 0.7690476190476191 0.6142414860681115 0.7976190476190477 0.6340557275541796 0.8357142857142857 0.6352941176470588 0.8369047619047619 0.6476780185758514 0.8369047619047619 0.6674922600619195 0.8273809523809523 0.6730650154798762 0.8166666666666667 0.6730650154798762 0.7916666666666666 0.648297213622291 0.6476190476190476 0.643343653250774 0.638095238095238 0.604953560371517 0.638095238095238 
20 0.5795665634674922 0.638095238095238 0.5696594427244582 0.6666666666666666 0.5696594427244582 0.675 0.5894736842105263 0.7988095238095239 0.595046439628483 0.8226190476190476 0.5956656346749226 0.8238095238095238 0.5981424148606811 0.8273809523809523 0.6136222910216719 0.8273809523809523 0.6136222910216719 0.8 0.6080495356037152 0.7357142857142858 0.5987616099071208 0.6392857142857142 0.5981424148606811 0.638095238095238 0.5795665634674922 0.638095238095238 
21 0.5653250773993808 0.638095238095238 0.5547987616099072 0.6571428571428571 0.5547987616099072 0.7023809523809523 0.5597523219814241 0.7797619047619048 0.5647058823529412 0.8273809523809523 0.5789473684210527 0.8273809523809523 0.5839009287925696 0.7702380952380953 0.5839009287925696 0.6476190476190476 0.5789473684210527 0.638095238095238 0.5653250773993808 0.638095238095238 
22 0.534984520123839 0.638095238095238 0.530030959752322 0.6476190476190476 0.530030959752322 0.675 0.5399380804953561 0.7880952380952381 0.5455108359133127 0.8178571428571428 0.5547987616099072 0.8369047619047619 0.5690402476780185 0.8369047619047619 0.5690402476780185 0.8119047619047619 0.5640866873065016 0.6964285714285714 0.5591331269349845 0.65 0.5585139318885449 0.6476190476190476 0.5541795665634675 0.6392857142857142 0.5523219814241486 0.638095238095238 0.534984520123839 0.638095238095238 
23 0.5207430340557275 0.6476190476190476 0.5151702786377709 0.6583333333333333 0.5151702786377709 0.7654761904761904 0.5201238390092879 0.8083333333333333 0.5256965944272446 0.8166666666666667 0.5269349845201239 0.8178571428571428 0.5343653250773994 0.8178571428571428 0.5393188854489164 0.7607142857142857 0.5393188854489164 0.6666666666666666 0.5343653250773994 0.6476190476190476 0.5207430340557275 0.6476190476190476 
24 0.5009287925696595 0.6476190476190476 0.5003095975232198 0.6488095238095238 0.5003095975232198 0.7571428571428571 0.5052631578947369 0.7892857142857143 0.5145510835913313 0.7892857142857143 0.5195046439628483 0.7785714285714286 0.5195046439628483 0.6488095238095238 0.5188854489164086 0.6476190476190476 0.5009287925696595 0.6476190476190476 
25 0.486687306501548 0.6476190476190476 0.4854489164086687 0.6488095238095238 0.4854489164086687 0.7595238095238095 0.4904024767801858 0.7916666666666666 0.491640866873065 0.7952380952380952 0.49473684210526314 0.7988095238095239 0.5040247678018576 0.7988095238095239 0.5046439628482973 0.7964285714285714 0.5046439628482973 0.6476190476190476 0.486687306501548 0.6476190476190476 
26 0.47554179566563465 0.6476190476190476 0.4662538699690402 0.6571428571428571 0.46563467492260063 0.6583333333333333 0.46563467492260063 0.7690476190476191 0.47058823529411764 0.825 0.4718266253869969 0.8273809523809523 0.47987616099071206 0.8273809523809523 0.4848297213622291 0.8166666666666667 0.48978328173374613 0.8047619047619048 0.48978328173374613 0.65 0.4891640866873065 0.6476190476190476 0.47554179566563465 0.6476190476190476 
27 0.45077399380804956 0.6571428571428571 0.4458204334365325 0.6666666666666666 0.4408668730650155 0.6964285714285714 0.4408668730650155 0.8559523809523809 0.4551083591331269 0.8559523809523809 0.460061919504644 0.8357142857142857 0.469969040247678 0.7797619047619048 0.469969040247678 0.6773809523809524 0.465015479876161 0.6571428571428571 0.45077399380804956 0.6571428571428571 
28 0.426625386996904 0.6571428571428571 0.42105263157894735 0.6678571428571428 0.42105263157894735 0.7023809523809523 0.4260061919504644 0.8654761904761905 0.4340557275541796 0.8654761904761905 0.43529411764705883 0.8642857142857143 0.43962848297213625 0.8559523809523809 0.44024767801857584 0.8511904761904762 0.4452012383900929 0.805952380952381 0.4501547987616099 0.7595238095238095 0.4501547987616099 0.6880952380952381 0.4452012383900929 0.6571428571428571 0.426625386996904 0.6571428571428571 
29 0.40619195046439627 0.6571428571428571 0.39628482972136225 0.6666666666666666 0.39628482972136225 0.7023809523809523 0.40123839009287926 0.8559523809523809 0.4105263157894737 0.8559523809523809 0.42043343653250775 0.8369047619047619 0.42538699690402476 0.7892857142857143 0.43034055727554177 0.6738095238095239 0.43034055727554177 0.6571428571428571 0.40619195046439627 0.6571428571428571 
30 0.3523219814241486 0.6571428571428571 0.35170278637770896 0.6583333333333333 0.3318885448916409 0.819047619047619 0.3318885448916409 0.8452380952380952 0.33250773993808047 0.8464285714285714 0.36656346749226004 0.8654761904761905 0.3801857585139319 0.8654761904761905 0.38575851393188854 0.8559523809523809 0.3956656346749226 0.8369047619047619 0.4 0.8178571428571428 0.4006191950464396 0.8142857142857143 0.4055727554179567 0.7214285714285714 0.4055727554179567 0.6571428571428571 0.3523219814241486 0.6571428571428571 
31 0.32260061919504646 0.6571428571428571 0.31207430340557274 0.6678571428571428 0.30712074303405573 0.6761904761904762 0.3021671826625387 0.8107142857142857 0.3021671826625387 0.8357142857142857 0.3027863777089783 0.8369047619047619 0.3126934984520124 0.8464285714285714 0.3306501547987616 0.8464285714285714 0.3411764705882353 0.8261904761904761 0.3510835913312694 0.7976190476190477 0.3560371517027864 0.7321428571428571 0.3560371517027864 0.669047619047619 0.35541795665634673 0.6666666666666666 0.3510835913312694 0.6571428571428571 0.32260061919504646 0.6571428571428571 