2 0.31207430340557274 0.37142857142857144 0.30712074303405573 0.3904761904761905 0.2773993808049536 0.5238095238095238 0.2773993808049536 0.5511904761904762 0.29226006191950465 0.5797619047619048 0.32445820433436534 0.5797619047619048 0.3256965944272446 0.5785714285714286 0.3263157894736842 0.5761904761904761 0.33622291021671824 0.4726190476190476 0.33622291021671824 0.4142857142857143 0.33560371517027865 0.4095238095238095 0.33126934984520123 0.3821428571428571 0.3256965944272446 0.37142857142857144 0.31207430340557274 0.37142857142857144 
3 0.34179566563467495 0.4 0.3368421052631579 0.4095238095238095 0.3318885448916409 0.430952380952381 0.3219814241486068 0.5047619047619047 0.3219814241486068 0.5785714285714286 0.32755417956656346 0.5892857142857143 0.3603715170278638 0.5892857142857143 0.3696594427244582 0.5797619047619048 0.37089783281733746 0.5773809523809523 0.37089783281733746 0.5428571428571428 0.3609907120743034 0.43214285714285716 0.3560371517027864 0.4 0.34179566563467495 0.4 
4 0.3671826625386997 0.38095238095238093 0.36656346749226004 0.38452380952380955 0.36160990712074303 0.5238095238095238 0.36160990712074303 0.5511904761904762 0.36656346749226004 0.5797619047619048 0.3715170278637771 0.5892857142857143 0.39009287925696595 0.5892857142857143 0.3956656346749226 0.5797619047619048 0.3956656346749226 0.525 0.38575851393188854 0.42142857142857143 0.38080495356037153 0.3904761904761905 0.37585139318885447 0.3821428571428571 0.3746130030959752 0.38095238095238093 0.3671826625386997 0.38095238095238093 
5 0.3863777089783282 0.4 0.3863777089783282 0.48214285714285715 0.3913312693498452 0.5892857142857143 0.4148606811145511 0.5892857142857143 0.43034055727554177 0.5797619047619048 0.43034055727554177 0.5714285714285714 0.4297213622291022 0.5428571428571428 0.42538699690402476 0.5166666666666667 0.40990712074303404 0.4261904761904762 0.4055727554179567 0.4011904761904762 0.4043343653250774 0.4 0.3863777089783282 0.4 
6 0.421671826625387 0.3619047619047619 0.42105263157894735 0.36547619047619045 0.42105263157894735 0.5511904761904762 0.426625386996904 0.5857142857142857 0.42724458204334365 0.5892857142857143 0.4309597523219814 0.5976190476190476 0.43157894736842106 0.5988095238095238 0.44953560371517026 0.5988095238095238 0.4551083591331269 0.5892857142857143 0.4551083591331269 0.4785714285714286 0.4501547987616099 0.44047619047619047 0.44024767801857584 0.38095238095238093 0.43529411764705883 0.3619047619047619 0.421671826625387 0.3619047619047619 
7 0.45758513931888545 0.3904761904761905 0.45572755417956656 0.39166666666666666 0.45077399380804956 0.41904761904761906 0.45077399380804956 0.5892857142857143 0.4724458204334365 0.5892857142857143 0.4743034055727554 0.5880952380952381 0.47492260061919506 0.5869047619047619 0.47492260061919506 0.5523809523809524 0.469969040247678 0.4 0.46439628482972134 0.3904761904761905 0.45758513931888545 0.3904761904761905 
8 0.48111455108359136 0.4 0.47554179566563465 0.4095238095238095 0.46563467492260063 0.5523809523809524 0.46563467492260063 0.5595238095238095 0.47058823529411764 0.5988095238095238 0.4934984520123839 0.5988095238095238 0.5046439628482973 0.5892857142857143 0.5046439628482973 0.4785714285714286 0.4996904024767802 0.42023809523809524 0.49411764705882355 0.4 0.48111455108359136 0.4 
9 0.5052631578947369 0.4 0.5003095975232198 0.4107142857142857 0.5003095975232198 0.5892857142857143 0.5195046439628483 0.5892857142857143 0.5337461300309597 0.5797619047619048 0.5343653250773994 0.5785714285714286 0.5343653250773994 0.5345238095238095 0.5294117647058824 0.45714285714285713 0.5244582043343653 0.41904761904761906 0.5195046439628483 0.4 0.5052631578947369 0.4 
10 0.5201238390092879 0.4095238095238095 0.5201238390092879 0.4642857142857143 0.530030959752322 0.5869047619047619 0.5312693498452012 0.5892857142857143 0.5535603715170279 0.5892857142857143 0.5591331269349845 0.5785714285714286 0.5591331269349845 0.5523809523809524 0.5541795665634675 0.5047619047619047 0.5492260061919505 0.4666666666666667 0.5442724458204334 0.44761904761904764 0.5393188854489164 0.43214285714285716 0.5343653250773994 0.41904761904761906 0.5294117647058824 0.4107142857142857 0.5281733746130031 0.4095238095238095 0.5201238390092879 0.4095238095238095 
11 0.5647058823529412 0.3523809523809524 0.5547987616099072 0.4095238095238095 0.5498452012383901 0.47619047619047616 0.5498452012383901 0.5607142857142857 0.5547987616099072 0.5892857142857143 0.5603715170278638 0.5988095238095238 0.573374613003096 0.5988095238095238 0.5839009287925696 0.5797619047619048 0.5839009287925696 0.4023809523809524 0.5789473684210527 0.3630952380952381 0.578328173374613 0.3619047619047619 0.573374613003096 0.3535714285714286 0.5721362229102167 0.3523809523809524 0.5647058823529412 0.3523809523809524 
12 0.6092879256965944 0.38095238095238093 0.5993808049535604 0.4107142857142857 0.5944272445820433 0.4297619047619048 0.5894736842105263 0.45714285714285713 0.5795665634674922 0.5142857142857142 0.5795665634674922 0.5797619047619048 0.5894736842105263 0.5892857142857143 0.5987616099071208 0.5892857142857143 0.6130030959752322 0.5797619047619048 0.6136222910216719 0.5761904761904761 0.628482972136223 0.44642857142857145 0.628482972136223 0.4 0.6229102167182663 0.3821428571428571 0.6222910216718266 0.38095238095238093 0.6092879256965944 0.38095238095238093 
13 0.6253869969040248 0.3904761904761905 0.6241486068111455 0.39166666666666666 0.6198142414860681 0.4 0.6191950464396285 0.40714285714285714 0.6092879256965944 0.5238095238095238 0.6092879256965944 0.5892857142857143 0.638390092879257 0.5892857142857143 0.6427244582043343 0.5785714285714286 0.643343653250774 0.5761904761904761 0.643343653250774 0.45714285714285713 0.638390092879257 0.4142857142857143 0.6377708978328174 0.4095238095238095 0.6334365325077399 0.39166666666666666 0.6328173374613003 0.3904761904761905 0.6253869969040248 0.3904761904761905 
14 0.6594427244582043 0.38095238095238093 0.6538699690402476 0.3904761904761905 0.6439628482972136 0.42857142857142855 0.6390092879256966 0.47619047619047616 0.6390092879256966 0.5880952380952381 0.6439628482972136 0.5988095238095238 0.6631578947368421 0.5988095238095238 0.6780185758513931 0.5892857142857143 0.6829721362229102 0.5797619047619048 0.6829721362229102 0.5047619047619047 0.6780185758513931 0.4297619047619048 0.6730650154798762 0.4095238095238095 0.6681114551083591 0.3904761904761905 0.6631578947368421 0.38095238095238093 0.6594427244582043 0.38095238095238093 
15 0.6885448916408669 0.38095238095238093 0.6835913312693499 0.39166666666666666 0.6786377708978328 0.4107142857142857 0.6786377708978328 0.5785714285714286 0.6835913312693499 0.5892857142857143 0.6885448916408669 0.5988095238095238 0.7077399380804954 0.5988095238095238 0.7219814241486068 0.5892857142857143 0.7275541795665634 0.5785714285714286 0.7275541795665634 0.5047619047619047 0.7176470588235294 0.43214285714285716 0.7170278637770898 0.42857142857142855 0.7126934984520124 0.4095238095238095 0.7077399380804954 0.3904761904761905 0.6978328173374613 0.38095238095238093 0.6885448916408669 0.38095238095238093 
18 0.6786377708978328 0.5904761904761905 0.6736842105263158 0.6011904761904762 0.6736842105263158 0.6845238095238095 0.6792569659442724 0.7130952380952381 0.6835913312693499 0.7309523809523809 0.698452012383901 0.7690476190476191 0.7034055727554179 0.7797619047619048 0.7219814241486068 0.7797619047619048 0.7269349845201238 0.7702380952380953 0.7275541795665634 0.7642857142857142 0.7325077399380805 0.6416666666666667 0.7325077399380805 0.6202380952380953 0.7275541795665634 0.6011904761904762 0.7226006191950465 0.5904761904761905 0.6786377708978328 0.5904761904761905 
19 0.6191950464396285 0.6 0.6191950464396285 0.6523809523809524 0.6241486068111455 0.7261904761904762 0.6247678018575852 0.7321428571428571 0.6291021671826625 0.7595238095238095 0.6390092879256966 0.7797619047619048 0.6445820433436532 0.7892857142857143 0.6773993808049535 0.7892857142857143 0.6780185758513931 0.7880952380952381 0.6780185758513931 0.7047619047619048 0.6730650154798762 0.6095238095238096 0.6377708978328174 0.6 0.6191950464396285 0.6 
20 0.590092879256966 0.6095238095238096 0.5845201238390093 0.6202380952380953 0.5845201238390093 0.6452380952380953 0.5894736842105263 0.7702380952380953 0.595046439628483 0.7892857142857143 0.5993808049535604 0.7964285714285714 0.611764705882353 0.7988095238095239 0.6130030959752322 0.7988095238095239 0.6136222910216719 0.7964285714285714 0.6185758513931888 0.7702380952380953 0.628482972136223 0.6630952380952381 0.628482972136223 0.638095238095238 0.6235294117647059 0.6107142857142858 0.6229102167182663 0.6095238095238096 0.590092879256966 0.6095238095238096 
21 0.5696594427244582 0.6 0.5597523219814241 0.6095238095238096 0.5597523219814241 0.6845238095238095 0.5746130030959752 0.7773809523809524 0.5752321981424149 0.7797619047619048 0.5808049535603715 0.7880952380952381 0.5820433436532507 0.7892857142857143 0.5876160990712074 0.7892857142857143 0.5888544891640867 0.7880952380952381 0.5938080495356037 0.7785714285714286 0.5938080495356037 0.6095238095238096 0.5882352941176471 0.6 0.5696594427244582 0.6 
22 0.5362229102167183 0.6 0.530030959752322 0.6107142857142858 0.530030959752322 0.680952380952381 0.534984520123839 0.75 0.5399380804953561 0.8071428571428572 0.5405572755417957 0.8083333333333333 0.5492260061919505 0.8083333333333333 0.5591331269349845 0.7892857142857143 0.5591331269349845 0.611904761904762 0.5585139318885449 0.6095238095238096 0.5529411764705883 0.6 0.5362229102167183 0.6 
23 0.5102167182662539 0.6 0.5003095975232198 0.6666666666666666 0.5003095975232198 0.6833333333333333 0.5052631578947369 0.7785714285714286 0.5058823529411764 0.7797619047619048 0.5188854489164086 0.7797619047619048 0.5195046439628483 0.7785714285714286 0.5244582043343653 0.7595238095238095 0.5294117647058824 0.7321428571428571 0.5343653250773994 0.6642857142857143 0.5343653250773994 0.6095238095238096 0.5287925696594428 0.6 0.5102167182662539 0.6 
24 0.49102167182662537 0.6095238095238096 0.4904024767801858 0.6107142857142858 0.4904024767801858 0.7690476190476191 0.49102167182662537 0.7702380952380953 0.4996904024767802 0.7702380952380953 0.5046439628482973 0.7607142857142857 0.5139318885448917 0.675 0.5145510835913313 0.6654761904761904 0.5145510835913313 0.6095238095238096 0.49102167182662537 0.6095238095238096 
25 0.46687306501547987 0.6095238095238096 0.46563467492260063 0.6107142857142858 0.46563467492260063 0.675 0.4712074303405573 0.7416666666666667 0.47554179566563465 0.7678571428571429 0.4761609907120743 0.7702380952380953 0.4848297213622291 0.7702380952380953 0.48978328173374613 0.7607142857142857 0.49473684210526314 0.694047619047619 0.49473684210526314 0.6095238095238096 0.46687306501547987 0.6095238095238096 
26 0.4470588235294118 0.6095238095238096 0.4458204334365325 0.6107142857142858 0.4458204334365325 0.655952380952381 0.45077399380804956 0.7214285714285714 0.45572755417956656 0.7690476190476191 0.4582043343653251 0.7702380952380953 0.47492260061919506 0.7702380952380953 0.47492260061919506 0.6904761904761905 0.469969040247678 0.6095238095238096 0.4470588235294118 0.6095238095238096 
27 0.42724458204334365 0.6 0.4260061919504644 0.6011904761904762 0.42105263157894735 0.6107142857142858 0.42105263157894735 0.805952380952381 0.421671826625387 0.8083333333333333 0.44024767801857584 0.8083333333333333 0.4452012383900929 0.7892857142857143 0.4501547987616099 0.7690476190476191 0.4501547987616099 0.6047619047619047 0.44953560371517026 0.6011904761904762 0.44891640866873067 0.6 0.42724458204334365 0.6 
28 0.39690402476780184 0.6 0.39628482972136225 0.6011904761904762 0.39628482972136225 0.7988095238095239 0.4055727554179567 0.7988095238095239 0.4154798761609907 0.7797619047619048 0.42538699690402476 0.6642857142857143 0.42538699690402476 0.6095238095238096 0.42043343653250775 0.6 0.39690402476780184 0.6 
29 0.36656346749226004 0.6 0.36160990712074303 0.6476190476190476 0.36160990712074303 0.7880952380952381 0.3671826625386997 0.7988095238095239 0.3702786377708978 0.7988095238095239 0.38080495356037153 0.7797619047619048 0.38575851393188854 0.75 0.3956656346749226 0.6619047619047619 0.3956656346749226 0.6095238095238096 0.3907120743034056 0.6011904761904762 0.3894736842105263 0.6 0.36656346749226004 0.6 
30 0.3318885448916409 0.5904761904761905 0.3170278637770898 0.6 0.30712074303405573 0.6952380952380952 0.30712074303405573 0.7607142857142857 0.3219814241486068 0.7892857142857143 0.3306501547987616 0.7892857142857143 0.3411764705882353 0.7797619047619048 0.3461300309597523 0.7702380952380953 0.3510835913312694 0.7511904761904762 0.36594427244582045 0.6702380952380952 0.36594427244582045 0.6107142857142858 0.3603715170278638 0.6 0.3461300309597523 0.5916666666666667 0.34365325077399383 0.5904761904761905 0.3318885448916409 0.5904761904761905 
31 0.27306501547987616 0.580952380952381 0.2631578947368421 0.5904761904761905 0.2625386996904025 0.5952380952380952 0.2625386996904025 0.655952380952381 0.2773993808049536 0.7595238095238095 0.27925696594427246 0.7607142857142857 0.30092879256965943 0.7607142857142857 0.31145510835913315 0.7416666666666667 0.31640866873065016 0.6892857142857143 0.31640866873065016 0.5857142857142857 0.3157894736842105 0.580952380952381 0.27306501547987616 0.580952380952381 