2 0.3219814241486068 0.4380952380952381 0.3170278637770898 0.44761904761904764 0.31207430340557274 0.4583333333333333 0.30712074303405573 0.5821428571428572 0.30712074303405573 0.6166666666666667 0.31207430340557274 0.6357142857142857 0.3126934984520124 0.6369047619047619 0.3492260061919505 0.6369047619047619 0.3510835913312694 0.6357142857142857 0.3572755417956656 0.6273809523809524 0.35975232198142415 0.6238095238095238 0.3603715170278638 0.6226190476190476 0.3609907120743034 0.6083333333333333 0.3609907120743034 0.6071428571428571 0.3510835913312694 0.47619047619047616 0.3461300309597523 0.44761904761904764 0.3411764705882353 0.4392857142857143 0.339938080495356 0.4380952380952381 0.3219814241486068 0.4380952380952381 
3 0.34674922600619196 0.4666666666666667 0.34674922600619196 0.49404761904761907 0.35170278637770896 0.6178571428571429 0.3572755417956656 0.6369047619047619 0.3801857585139319 0.6369047619047619 0.3956656346749226 0.6273809523809524 0.4006191950464396 0.6166666666666667 0.4006191950464396 0.5714285714285714 0.3956656346749226 0.5428571428571428 0.3907120743034056 0.5154761904761904 0.38080495356037153 0.47619047619047616 0.37585139318885447 0.46785714285714286 0.3746130030959752 0.4666666666666667 0.34674922600619196 0.4666666666666667 
4 0.4018575851393189 0.44761904761904764 0.39628482972136225 0.45714285714285713 0.3913312693498452 0.4785714285714286 0.3863777089783282 0.5083333333333333 0.3863777089783282 0.55 0.3913312693498452 0.6261904761904762 0.39195046439628484 0.6273809523809524 0.4198142414860681 0.6273809523809524 0.4247678018575851 0.6178571428571429 0.42538699690402476 0.6154761904761905 0.42538699690402476 0.5523809523809524 0.4154798761609907 0.4488095238095238 0.4130030959752322 0.44761904761904764 0.4018575851393189 0.44761904761904764 
6 0.4328173374613003 0.44761904761904764 0.4309597523219814 0.4488095238095238 0.426625386996904 0.45714285714285713 0.42105263157894735 0.4797619047619048 0.42105263157894735 0.625 0.42229102167182664 0.6273809523809524 0.43529411764705883 0.6273809523809524 0.4452012383900929 0.6083333333333333 0.44953560371517026 0.5988095238095238 0.4501547987616099 0.5964285714285714 0.4501547987616099 0.5714285714285714 0.4452012383900929 0.4785714285714286 0.44024767801857584 0.4488095238095238 0.4390092879256966 0.44761904761904764 0.4328173374613003 0.44761904761904764 
7 0.45077399380804956 0.45714285714285713 0.4458204334365325 0.49642857142857144 0.4458204334365325 0.6261904761904762 0.4470588235294118 0.6273809523809524 0.460061919504644 0.6273809523809524 0.469969040247678 0.6178571428571429 0.469969040247678 0.4857142857142857 0.465015479876161 0.45714285714285713 0.45077399380804956 0.45714285714285713 
8 0.47058823529411764 0.44761904761904764 0.46563467492260063 0.49523809523809526 0.46563467492260063 0.625 0.4674922600619195 0.6273809523809524 0.49411764705882355 0.6273809523809524 0.49473684210526314 0.6261904761904762 0.49473684210526314 0.5190476190476191 0.48978328173374613 0.46785714285714286 0.4848297213622291 0.4488095238095238 0.48359133126934983 0.44761904761904764 0.47058823529411764 0.44761904761904764 
9 0.5058823529411764 0.44761904761904764 0.5009287925696595 0.45714285714285713 0.5003095975232198 0.4595238095238095 0.4904024767801858 0.5964285714285714 0.4904024767801858 0.6142857142857143 0.49102167182662537 0.6178571428571429 0.4953560371517028 0.6273809523809524 0.5003095975232198 0.6369047619047619 0.5139318885448917 0.6369047619047619 0.5287925696594428 0.6273809523809524 0.5294117647058824 0.6261904761904762 0.5294117647058824 0.4988095238095238 0.5244582043343653 0.46785714285714286 0.5195046439628483 0.4488095238095238 0.5188854489164086 0.44761904761904764 0.5058823529411764 0.44761904761904764 
10 0.525077399380805 0.47619047619047616 0.525077399380805 0.6273809523809524 0.5393188854489164 0.6273809523809524 0.5436532507739938 0.6166666666666667 0.5442724458204334 0.6130952380952381 0.5442724458204334 0.5047619047619047 0.5393188854489164 0.47619047619047616 0.525077399380805 0.47619047619047616 
11 0.5554179566563467 0.4095238095238095 0.5498452012383901 0.42023809523809524 0.544891640866873 0.5547619047619048 0.544891640866873 0.6178571428571429 0.5504643962848297 0.6273809523809524 0.5678018575851393 0.6273809523809524 0.5690402476780185 0.6261904761904762 0.5739938080495356 0.6166666666666667 0.5739938080495356 0.5154761904761904 0.5690402476780185 0.42023809523809524 0.5640866873065016 0.4095238095238095 0.5554179566563467 0.4095238095238095 
12 0.5913312693498453 0.44761904761904764 0.5894736842105263 0.4488095238095238 0.5845201238390093 0.4666666666666667 0.5746130030959752 0.5178571428571429 0.5696594427244582 0.544047619047619 0.5647058823529412 0.6130952380952381 0.5647058823529412 0.6273809523809524 0.5975232198142415 0.6273809523809524 0.5981424148606811 0.6261904761904762 0.5987616099071208 0.6238095238095238 0.6037151702786377 0.575 0.6037151702786377 0.44761904761904764 0.5913312693498453 0.44761904761904764 
14 0.6303405572755418 0.4666666666666667 0.6191950464396285 0.47619047619047616 0.614860681114551 0.4857142857142857 0.6043343653250774 0.5238095238095238 0.5993808049535604 0.544047619047619 0.5944272445820433 0.5714285714285714 0.5944272445820433 0.6273809523809524 0.6043343653250774 0.6464285714285715 0.638390092879257 0.6464285714285715 0.643343653250774 0.6273809523809524 0.643343653250774 0.4869047619047619 0.638390092879257 0.46904761904761905 0.6371517027863777 0.4666666666666667 0.6303405572755418 0.4666666666666667 
15 0.6656346749226006 0.4666666666666667 0.6637770897832818 0.46785714285714286 0.6588235294117647 0.47619047619047616 0.6495356037151703 0.49523809523809526 0.6489164086687307 0.4976190476190476 0.6439628482972136 0.5214285714285715 0.6390092879256966 0.5523809523809524 0.6390092879256966 0.6369047619047619 0.6445820433436532 0.6464285714285715 0.6780185758513931 0.6464285714285715 0.6873065015479877 0.6369047619047619 0.6879256965944273 0.6357142857142857 0.6879256965944273 0.4785714285714286 0.6873065015479877 0.47619047619047616 0.6829721362229102 0.4666666666666667 0.6656346749226006 0.4666666666666667 
18 0.6687306501547987 0.6571428571428571 0.6340557275541796 0.6761904761904762 0.6340557275541796 0.7130952380952381 0.6588235294117647 0.8083333333333333 0.6637770897832818 0.8178571428571428 0.6736842105263158 0.8357142857142857 0.6749226006191951 0.8369047619047619 0.6873065015479877 0.8369047619047619 0.7027863777089783 0.8273809523809523 0.7027863777089783 0.8 0.6928792569659443 0.6785714285714286 0.6879256965944273 0.6571428571428571 0.6687306501547987 0.6571428571428571 
19 0.5894736842105263 0.6761904761904762 0.5894736842105263 0.7226190476190476 0.5944272445820433 0.7702380952380953 0.5993808049535604 0.8083333333333333 0.6142414860681115 0.8559523809523809 0.6241486068111455 0.8738095238095238 0.6253869969040248 0.875 0.6334365325077399 0.875 0.6575851393188854 0.8464285714285714 0.6582043343653251 0.8452380952380952 0.6582043343653251 0.8 0.638390092879257 0.6773809523809524 0.6377708978328174 0.6761904761904762 0.5894736842105263 0.6761904761904762 
20 0.5597523219814241 0.6571428571428571 0.5597523219814241 0.7023809523809523 0.5746130030959752 0.8083333333333333 0.5795665634674922 0.8369047619047619 0.5845201238390093 0.8535714285714285 0.5894736842105263 0.8654761904761905 0.5981424148606811 0.8654761904761905 0.5987616099071208 0.861904761904762 0.5987616099071208 0.7142857142857143 0.5938080495356037 0.6702380952380952 0.5931888544891641 0.6678571428571428 0.573374613003096 0.6571428571428571 0.5597523219814241 0.6571428571428571 
21 0.5399380804953561 0.6571428571428571 0.5399380804953561 0.7130952380952381 0.5504643962848297 0.8178571428571428 0.5547987616099072 0.8357142857142857 0.5554179566563467 0.8369047619047619 0.5640866873065016 0.8369047619047619 0.5690402476780185 0.8071428571428572 0.5690402476780185 0.6583333333333333 0.5684210526315789 0.6571428571428571 0.5399380804953561 0.6571428571428571 
22 0.5331269349845201 0.638095238095238 0.530030959752322 0.6392857142857142 0.5201238390092879 0.6488095238095238 0.5201238390092879 0.694047619047619 0.530030959752322 0.8369047619047619 0.5380804953560372 0.8369047619047619 0.5393188854489164 0.8357142857142857 0.5436532507739938 0.8273809523809523 0.5442724458204334 0.8238095238095238 0.5492260061919505 0.7702380952380953 0.5492260061919505 0.7154761904761905 0.5442724458204334 0.6476190476190476 0.5386996904024768 0.638095238095238 0.5331269349845201 0.638095238095238 
23 0.5108359133126935 0.6476190476190476 0.5058823529411764 0.6571428571428571 0.5052631578947369 0.6619047619047619 0.5052631578947369 0.8083333333333333 0.5139318885448917 0.8083333333333333 0.5195046439628483 0.7988095238095239 0.5244582043343653 0.7880952380952381 0.5294117647058824 0.7309523809523809 0.5294117647058824 0.6869047619047619 0.5244582043343653 0.6488095238095238 0.5238390092879257 0.6476190476190476 0.5108359133126935 0.6476190476190476 
24 0.49102167182662537 0.6476190476190476 0.4904024767801858 0.65 0.4904024767801858 0.7964285714285714 0.49102167182662537 0.7988095238095239 0.5046439628482973 0.7988095238095239 0.5095975232198142 0.7607142857142857 0.5095975232198142 0.6488095238095238 0.5089783281733746 0.6476190476190476 0.49102167182662537 0.6476190476190476 
25 0.4823529411764706 0.638095238095238 0.4804953560371517 0.6392857142857142 0.47554179566563465 0.6488095238095238 0.47554179566563465 0.7285714285714285 0.4804953560371517 0.7988095238095239 0.4885448916408669 0.7988095238095239 0.48978328173374613 0.7976190476190477 0.49473684210526314 0.7880952380952381 0.49473684210526314 0.655952380952381 0.49411764705882355 0.6476190476190476 0.48978328173374613 0.638095238095238 0.4823529411764706 0.638095238095238 
26 0.46068111455108357 0.6476190476190476 0.46068111455108357 0.7416666666666667 0.46563467492260063 0.7976190476190477 0.4662538699690402 0.7988095238095239 0.4792569659442725 0.7988095238095239 0.47987616099071206 0.7964285714285714 0.47987616099071206 0.6511904761904762 0.4792569659442725 0.6476190476190476 0.46068111455108357 0.6476190476190476 
27 0.4408668730650155 0.6476190476190476 0.4408668730650155 0.8261904761904761 0.44148606811145513 0.8273809523809523 0.4551083591331269 0.8273809523809523 0.45944272445820433 0.8083333333333333 0.460061919504644 0.8 0.460061919504644 0.6488095238095238 0.45944272445820433 0.6476190476190476 0.4408668730650155 0.6476190476190476 
28 0.421671826625387 0.6476190476190476 0.41671826625387 0.6571428571428571 0.41609907120743034 0.6607142857142857 0.41114551083591333 0.7726190476190476 0.41114551083591333 0.8202380952380952 0.4117647058823529 0.8273809523809523 0.42538699690402476 0.8273809523809523 0.43034055727554177 0.8178571428571428 0.43529411764705883 0.7988095238095239 0.4452012383900929 0.7297619047619047 0.4452012383900929 0.6571428571428571 0.43962848297213625 0.6476190476190476 0.421671826625387 0.6476190476190476 
29 0.39195046439628484 0.6571428571428571 0.3913312693498452 0.6583333333333333 0.3863777089783282 0.7238095238095238 0.3863777089783282 0.7416666666666667 0.3913312693498452 0.8464285714285714 0.4006191950464396 0.8464285714285714 0.4105263157894737 0.8083333333333333 0.42043343653250775 0.7511904761904762 0.42043343653250775 0.6571428571428571 0.39195046439628484 0.6571428571428571 
30 0.3473684210526316 0.6666666666666666 0.34674922600619196 0.6702380952380952 0.3318885448916409 0.7904761904761904 0.3318885448916409 0.844047619047619 0.33250773993808047 0.8464285714285714 0.36160990712074303 0.8559523809523809 0.36594427244582045 0.8559523809523809 0.37585139318885447 0.8464285714285714 0.38575851393188854 0.8083333333333333 0.3907120743034056 0.7690476190476191 0.3956656346749226 0.7214285714285714 0.3956656346749226 0.6678571428571428 0.39442724458204337 0.6666666666666666 0.3473684210526316 0.6666666666666666 
31 0.2978328173374613 0.6476190476190476 0.29721362229102166 0.6488095238095238 0.2823529411764706 0.7738095238095238 0.2823529411764706 0.8035714285714286 0.28297213622291023 0.8083333333333333 0.2873065015479876 0.8178571428571428 0.30712074303405573 0.8369047619047619 0.32136222910216716 0.8369047619047619 0.3263157894736842 0.8261904761904761 0.33126934984520123 0.8083333333333333 0.3510835913312694 0.7321428571428571 0.3510835913312694 0.6678571428571428 0.3504643962848297 0.6666666666666666 0.3455108359133127 0.6595238095238095 0.34365325077399383 0.6571428571428571 0.32074303405572757 0.6476190476190476 0.2978328173374613 0.6476190476190476 