2 0.25386996904024767 0.4857142857142857 0.23839009287925697 0.49523809523809526 0.23777089783281732 0.49642857142857144 0.23777089783281732 0.5511904761904762 0.2476780185758514 0.6345238095238095 0.248297213622291 0.6369047619047619 0.2582043343653251 0.655952380952381 0.2761609907120743 0.655952380952381 0.3015479876160991 0.6464285714285715 0.3015479876160991 0.6190476190476191 0.291640866873065 0.5714285714285714 0.28173374613003094 0.5333333333333333 0.2718266253869969 0.5059523809523809 0.26191950464396285 0.4857142857142857 0.25386996904024767 0.4857142857142857 
3 0.2978328173374613 0.4666666666666667 0.27801857585139317 0.4857142857142857 0.2773993808049536 0.4869047619047619 0.2773993808049536 0.5404761904761904 0.29721362229102166 0.6464285714285715 0.30835913312693497 0.655952380952381 0.339938080495356 0.655952380952381 0.3510835913312694 0.6369047619047619 0.3510835913312694 0.6059523809523809 0.3504643962848297 0.6 0.3461300309597523 0.5726190476190476 0.3411764705882353 0.5428571428571428 0.33622291021671824 0.5238095238095238 0.31640866873065016 0.4857142857142857 0.3058823529411765 0.4666666666666667 0.2978328173374613 0.4666666666666667 
4 0.32755417956656346 0.45714285714285713 0.3269349845201238 0.4583333333333333 0.3269349845201238 0.513095238095238 0.34674922600619196 0.655952380952381 0.3572755417956656 0.6654761904761904 0.37089783281733746 0.6654761904761904 0.37585139318885447 0.655952380952381 0.38080495356037153 0.6369047619047619 0.38080495356037153 0.5904761904761905 0.3560371517027864 0.5047619047619047 0.3461300309597523 0.4773809523809524 0.3411764705882353 0.4666666666666667 0.33560371517027865 0.4583333333333333 0.33436532507739936 0.45714285714285713 0.32755417956656346 0.45714285714285713 
6 0.373374613003096 0.4380952380952381 0.3715170278637771 0.4392857142857143 0.3715170278637771 0.48333333333333334 0.3764705882352941 0.5988095238095238 0.3814241486068111 0.6345238095238095 0.38699690402476783 0.655952380952381 0.4055727554179567 0.655952380952381 0.4198142414860681 0.6464285714285715 0.42043343653250775 0.6428571428571429 0.42043343653250775 0.6011904761904762 0.4055727554179567 0.5154761904761904 0.3907120743034056 0.44761904761904764 0.38575851393188854 0.4380952380952381 0.373374613003096 0.4380952380952381 
7 0.42105263157894735 0.44761904761904764 0.41609907120743034 0.5011904761904762 0.41114551083591333 0.5738095238095238 0.41114551083591333 0.5857142857142857 0.41609907120743034 0.6357142857142857 0.41671826625387 0.6369047619047619 0.42105263157894735 0.6440476190476191 0.42229102167182664 0.6452380952380953 0.4241486068111455 0.6464285714285715 0.43529411764705883 0.6464285714285715 0.4501547987616099 0.6369047619047619 0.4501547987616099 0.5726190476190476 0.4452012383900929 0.46904761904761905 0.44458204334365325 0.4666666666666667 0.44024767801857584 0.45714285714285713 0.4346749226006192 0.4488095238095238 0.4321981424148607 0.44761904761904764 0.42105263157894735 0.44761904761904764 
8 0.46563467492260063 0.4380952380952381 0.4458204334365325 0.555952380952381 0.4458204334365325 0.6047619047619047 0.44643962848297214 0.6083333333333333 0.45077399380804956 0.6166666666666667 0.4520123839009288 0.6178571428571429 0.48978328173374613 0.6178571428571429 0.48978328173374613 0.5571428571428572 0.4848297213622291 0.4666666666666667 0.47987616099071206 0.4380952380952381 0.46563467492260063 0.4380952380952381 
9 0.5108359133126935 0.45714285714285713 0.5052631578947369 0.4857142857142857 0.5003095975232198 0.5154761904761904 0.4953560371517028 0.5535714285714286 0.4953560371517028 0.625 0.49597523219814244 0.6273809523809524 0.5009287925696595 0.6369047619047619 0.5170278637770898 0.6464285714285715 0.5343653250773994 0.6464285714285715 0.5343653250773994 0.4666666666666667 0.5287925696594428 0.45714285714285713 0.5108359133126935 0.45714285714285713 
10 0.5504643962848297 0.4666666666666667 0.5498452012383901 0.46785714285714286 0.544891640866873 0.4857142857142857 0.5399380804953561 0.5142857142857142 0.530030959752322 0.5821428571428572 0.530030959752322 0.6273809523809524 0.5356037151702786 0.6369047619047619 0.5504643962848297 0.6464285714285715 0.5591331269349845 0.6464285714285715 0.5640866873065016 0.6357142857142857 0.5690402476780185 0.5797619047619048 0.5690402476780185 0.5226190476190476 0.5684210526315789 0.5142857142857142 0.5640866873065016 0.46785714285714286 0.5622291021671827 0.4666666666666667 0.5504643962848297 0.4666666666666667 
11 0.6 0.45714285714285713 0.5944272445820433 0.47619047619047616 0.5647058823529412 0.5904761904761905 0.5597523219814241 0.6107142857142858 0.5597523219814241 0.6285714285714286 0.5609907120743034 0.6357142857142857 0.5647058823529412 0.655952380952381 0.5919504643962848 0.655952380952381 0.5938080495356037 0.6547619047619048 0.5987616099071208 0.6452380952380953 0.6037151702786377 0.6261904761904762 0.6185758513931888 0.49166666666666664 0.6185758513931888 0.4666666666666667 0.6136222910216719 0.45714285714285713 0.6 0.45714285714285713 
12 0.6396284829721363 0.49523809523809526 0.6198142414860681 0.5238095238095238 0.6043343653250774 0.5619047619047619 0.5993808049535604 0.580952380952381 0.5993808049535604 0.6261904761904762 0.6191950464396285 0.6654761904761904 0.638390092879257 0.6654761904761904 0.643343653250774 0.6464285714285715 0.6631578947368421 0.5416666666666666 0.6631578947368421 0.49523809523809526 0.6396284829721363 0.49523809523809526 
13 0.6736842105263158 0.45714285714285713 0.6588235294117647 0.4857142857142857 0.6390092879256966 0.5916666666666667 0.6390092879256966 0.6464285714285715 0.6544891640866873 0.6654761904761904 0.6674922600619195 0.6654761904761904 0.6724458204334365 0.655952380952381 0.6730650154798762 0.6535714285714286 0.6829721362229102 0.5035714285714286 0.6829721362229102 0.45714285714285713 0.6736842105263158 0.45714285714285713 
14 0.6947368421052632 0.45714285714285713 0.6934984520123839 0.4583333333333333 0.6885448916408669 0.46785714285714286 0.6786377708978328 0.5142857142857142 0.6687306501547987 0.5714285714285714 0.6687306501547987 0.6369047619047619 0.6736842105263158 0.6464285714285715 0.6792569659442724 0.655952380952381 0.7034055727554179 0.6654761904761904 0.7108359133126935 0.6654761904761904 0.7126934984520124 0.6642857142857143 0.7176470588235294 0.6464285714285715 0.7325077399380805 0.5416666666666666 0.7325077399380805 0.5047619047619047 0.7027863777089783 0.45714285714285713 0.6947368421052632 0.45714285714285713 
22 0.530030959752322 0.6857142857142857 0.530030959752322 0.7773809523809524 0.5306501547987617 0.7797619047619048 0.5399380804953561 0.7988095238095239 0.5492260061919505 0.7988095238095239 0.5541795665634675 0.7797619047619048 0.5591331269349845 0.7404761904761905 0.5591331269349845 0.6952380952380952 0.5541795665634675 0.6869047619047619 0.5523219814241486 0.6857142857142857 0.530030959752322 0.6857142857142857 
27 0.43653250773993807 0.7047619047619048 0.4309597523219814 0.7142857142857143 0.4309597523219814 0.7654761904761904 0.4359133126934985 0.8071428571428572 0.43653250773993807 0.8083333333333333 0.44148606811145513 0.8166666666666667 0.4452012383900929 0.8178571428571428 0.4501547987616099 0.8178571428571428 0.4551083591331269 0.8083333333333333 0.460061919504644 0.7892857142857143 0.460061919504644 0.7142857142857143 0.4551083591331269 0.7047619047619048 0.43653250773993807 0.7047619047619048 