1 0.31826625386996904 0.38095238095238093 0.3170278637770898 0.3821428571428571 0.31207430340557274 0.3904761904761905 0.27306501547987616 0.47619047619047616 0.2724458204334365 0.48095238095238096 0.2724458204334365 0.49404761904761907 0.2823529411764706 0.5226190476190476 0.29721362229102166 0.5511904761904762 0.3058823529411765 0.5511904761904762 0.3108359133126935 0.5416666666666666 0.31640866873065016 0.5226190476190476 0.32136222910216716 0.5035714285714286 0.3263157894736842 0.4738095238095238 0.3306501547987616 0.44642857142857145 0.33126934984520123 0.44166666666666665 0.33126934984520123 0.39166666666666666 0.3263157894736842 0.3821428571428571 0.32260061919504646 0.38095238095238093 0.31826625386996904 0.38095238095238093 
2 0.3318885448916409 0.4 0.30712074303405573 0.5142857142857142 0.30712074303405573 0.5416666666666666 0.31207430340557274 0.5595238095238095 0.3170278637770898 0.5702380952380952 0.3461300309597523 0.5702380952380952 0.3560371517027864 0.49404761904761907 0.3560371517027864 0.430952380952381 0.3510835913312694 0.4107142857142857 0.3455108359133127 0.4 0.3318885448916409 0.4 
3 0.35789473684210527 0.41904761904761906 0.356656346749226 0.42023809523809524 0.3523219814241486 0.42857142857142855 0.35170278637770896 0.430952380952381 0.34179566563467495 0.55 0.34179566563467495 0.5678571428571428 0.34241486068111454 0.5702380952380952 0.3473684210526316 0.5797619047619048 0.3851393188854489 0.5797619047619048 0.39009287925696595 0.5702380952380952 0.3907120743034056 0.5678571428571428 0.3907120743034056 0.525 0.38575851393188854 0.4583333333333333 0.38080495356037153 0.42857142857142855 0.37585139318885447 0.41904761904761906 0.35789473684210527 0.41904761904761906 
5 0.41671826625387 0.42857142857142855 0.41609907120743034 0.4297619047619048 0.40123839009287926 0.5476190476190477 0.40123839009287926 0.6178571428571429 0.40619195046439627 0.6273809523809524 0.42043343653250775 0.6273809523809524 0.4297213622291022 0.6178571428571429 0.43529411764705883 0.6083333333333333 0.43529411764705883 0.45714285714285713 0.43034055727554177 0.4297619047619048 0.4284829721362229 0.42857142857142855 0.41671826625387 0.42857142857142855 
6 0.43777089783281736 0.4095238095238095 0.4359133126934985 0.4107142857142857 0.4309597523219814 0.42023809523809524 0.4260061919504644 0.5428571428571428 0.4260061919504644 0.6261904761904762 0.4309597523219814 0.6357142857142857 0.4321981424148607 0.6369047619047619 0.4452012383900929 0.6369047619047619 0.44953560371517026 0.6273809523809524 0.4551083591331269 0.6083333333333333 0.4551083591331269 0.580952380952381 0.4501547987616099 0.42023809523809524 0.4452012383900929 0.4095238095238095 0.43777089783281736 0.4095238095238095 
7 0.45572755417956656 0.45714285714285713 0.45077399380804956 0.46785714285714286 0.45077399380804956 0.6464285714285715 0.45572755417956656 0.655952380952381 0.47492260061919506 0.655952380952381 0.47492260061919506 0.5523809523809524 0.469969040247678 0.49523809523809526 0.46439628482972134 0.4666666666666667 0.460061919504644 0.45714285714285713 0.45572755417956656 0.45714285714285713 
8 0.4780185758513932 0.44761904761904764 0.4761609907120743 0.4488095238095238 0.47554179566563465 0.45 0.47058823529411764 0.5619047619047619 0.47058823529411764 0.6535714285714286 0.4712074303405573 0.655952380952381 0.49907120743034056 0.655952380952381 0.4996904024767802 0.6547619047619048 0.4996904024767802 0.5714285714285714 0.48978328173374613 0.4880952380952381 0.4848297213622291 0.4511904761904762 0.4842105263157895 0.4488095238095238 0.48297213622291024 0.44761904761904764 0.4780185758513932 0.44761904761904764 
9 0.5058823529411764 0.45714285714285713 0.5003095975232198 0.4666666666666667 0.4953560371517028 0.5619047619047619 0.4953560371517028 0.655952380952381 0.5238390092879257 0.655952380952381 0.5244582043343653 0.6547619047619048 0.5244582043343653 0.5964285714285714 0.5195046439628483 0.45714285714285713 0.5058823529411764 0.45714285714285713 
10 0.5263157894736842 0.4666666666666667 0.525077399380805 0.46785714285714286 0.5201238390092879 0.5714285714285714 0.5201238390092879 0.6452380952380953 0.5207430340557275 0.6464285714285715 0.5436532507739938 0.6464285714285715 0.5486068111455108 0.6369047619047619 0.5492260061919505 0.6345238095238095 0.5492260061919505 0.611904761904762 0.5442724458204334 0.5345238095238095 0.5393188854489164 0.4714285714285714 0.5386996904024768 0.4666666666666667 0.5263157894736842 0.4666666666666667 
11 0.5405572755417957 0.4380952380952381 0.5399380804953561 0.44047619047619047 0.5399380804953561 0.6178571428571429 0.5547987616099072 0.6464285714285715 0.5690402476780185 0.6464285714285715 0.573374613003096 0.6261904761904762 0.5739938080495356 0.6214285714285714 0.5739938080495356 0.5916666666666667 0.5690402476780185 0.5333333333333333 0.5640866873065016 0.4857142857142857 0.5591331269349845 0.44761904761904764 0.5529411764705883 0.4380952380952381 0.5405572755417957 0.4380952380952381 
12 0.5597523219814241 0.4380952380952381 0.5547987616099072 0.4488095238095238 0.5547987616099072 0.49404761904761907 0.5647058823529412 0.5976190476190476 0.5696594427244582 0.6261904761904762 0.5702786377708978 0.6273809523809524 0.5938080495356037 0.6273809523809524 0.5981424148606811 0.6178571428571429 0.5987616099071208 0.5988095238095238 0.5987616099071208 0.5904761904761905 0.5839009287925696 0.4797619047619048 0.5789473684210527 0.45 0.578328173374613 0.44761904761904764 0.573374613003096 0.4380952380952381 0.5597523219814241 0.4380952380952381 
13 0.5795665634674922 0.41904761904761906 0.5795665634674922 0.5511904761904762 0.5894736842105263 0.5988095238095238 0.5944272445820433 0.6071428571428571 0.5956656346749226 0.6083333333333333 0.6086687306501548 0.6083333333333333 0.6136222910216719 0.5988095238095238 0.6136222910216719 0.5345238095238095 0.6086687306501548 0.49642857142857144 0.6030959752321982 0.4666666666666667 0.5987616099071208 0.4488095238095238 0.5938080495356037 0.42857142857142855 0.5888544891640867 0.41904761904761906 0.5795665634674922 0.41904761904761906 
14 0.6092879256965944 0.4095238095238095 0.6043343653250774 0.42023809523809524 0.6043343653250774 0.5392857142857143 0.6092879256965944 0.5797619047619048 0.614860681114551 0.5892857142857143 0.638390092879257 0.5892857142857143 0.6526315789473685 0.5797619047619048 0.653250773993808 0.5785714285714286 0.653250773993808 0.525 0.628482972136223 0.4297619047619048 0.6185758513931888 0.4095238095238095 0.6092879256965944 0.4095238095238095 
15 0.6489164086687307 0.4 0.6439628482972136 0.4107142857142857 0.6439628482972136 0.5273809523809524 0.6445820433436532 0.5321428571428571 0.6489164086687307 0.5607142857142857 0.6780185758513931 0.5607142857142857 0.6978328173374613 0.5416666666666666 0.6978328173374613 0.5142857142857142 0.6879256965944273 0.47619047619047616 0.6773993808049535 0.4380952380952381 0.6582043343653251 0.4011904761904762 0.6569659442724458 0.4 0.6489164086687307 0.4 
17 0.6996904024767802 0.5619047619047619 0.679876160990712 0.5714285714285714 0.6786377708978328 0.5726190476190476 0.6786377708978328 0.6273809523809524 0.6934984520123839 0.6738095238095239 0.7034055727554179 0.694047619047619 0.7139318885448916 0.7035714285714286 0.7325077399380805 0.7035714285714286 0.7374613003095976 0.6928571428571428 0.7374613003095976 0.6488095238095238 0.7325077399380805 0.6095238095238096 0.7269349845201238 0.5714285714285714 0.7226006191950465 0.5619047619047619 0.6996904024767802 0.5619047619047619 
18 0.6594427244582043 0.5619047619047619 0.6439628482972136 0.5714285714285714 0.6340557275541796 0.580952380952381 0.6291021671826625 0.5904761904761905 0.6291021671826625 0.6083333333333333 0.6340557275541796 0.6261904761904762 0.6637770897832818 0.7107142857142857 0.6687306501547987 0.7226190476190476 0.6743034055727554 0.7321428571428571 0.6922600619195046 0.7321428571428571 0.7027863777089783 0.7226190476190476 0.7027863777089783 0.6797619047619048 0.6823529411764706 0.580952380952381 0.6780185758513931 0.5714285714285714 0.6730650154798762 0.5630952380952381 0.6718266253869969 0.5619047619047619 0.6594427244582043 0.5619047619047619 
19 0.604953560371517 0.6 0.5919504643962848 0.6095238095238096 0.5851393188854489 0.6190476190476191 0.5845201238390093 0.6226190476190476 0.5845201238390093 0.655952380952381 0.614860681114551 0.7321428571428571 0.6191950464396285 0.7416666666666667 0.6291021671826625 0.7607142857142857 0.6346749226006192 0.7702380952380953 0.6476780185758514 0.7702380952380953 0.6674922600619195 0.7511904761904762 0.6681114551083591 0.75 0.6681114551083591 0.7142857142857143 0.638390092879257 0.6011904761904762 0.6371517027863777 0.6 0.604953560371517 0.6 
20 0.5752321981424149 0.6761904761904762 0.5746130030959752 0.6785714285714286 0.5746130030959752 0.7130952380952381 0.5795665634674922 0.7416666666666667 0.5894736842105263 0.7797619047619048 0.5944272445820433 0.7976190476190477 0.5993808049535604 0.8083333333333333 0.6136222910216719 0.8083333333333333 0.6136222910216719 0.7523809523809524 0.6086687306501548 0.6952380952380952 0.6030959752321982 0.6761904761904762 0.5752321981424149 0.6761904761904762 
21 0.5510835913312694 0.6571428571428571 0.5498452012383901 0.6583333333333333 0.544891640866873 0.6666666666666666 0.544891640866873 0.7226190476190476 0.5498452012383901 0.7666666666666667 0.5547987616099072 0.7988095238095239 0.5597523219814241 0.8083333333333333 0.5739938080495356 0.8083333333333333 0.5739938080495356 0.669047619047619 0.573374613003096 0.6666666666666666 0.5634674922600619 0.6571428571428571 0.5510835913312694 0.6571428571428571 
22 0.5399380804953561 0.6571428571428571 0.530030959752322 0.6666666666666666 0.525077399380805 0.6761904761904762 0.525077399380805 0.7309523809523809 0.534984520123839 0.8369047619047619 0.5399380804953561 0.8464285714285714 0.5492260061919505 0.8464285714285714 0.5541795665634675 0.7226190476190476 0.5541795665634675 0.7142857142857143 0.5492260061919505 0.6666666666666666 0.5442724458204334 0.6571428571428571 0.5399380804953561 0.6571428571428571 
23 0.5058823529411764 0.6666666666666666 0.5052631578947369 0.669047619047619 0.5052631578947369 0.7119047619047619 0.5102167182662539 0.8154761904761905 0.5108359133126935 0.8178571428571428 0.5151702786377709 0.8273809523809523 0.5232198142414861 0.8273809523809523 0.5244582043343653 0.8261904761904761 0.5294117647058824 0.8178571428571428 0.5294117647058824 0.6666666666666666 0.5058823529411764 0.6666666666666666 
24 0.496594427244582 0.6761904761904762 0.4904024767801858 0.6857142857142857 0.4904024767801858 0.7690476190476191 0.4953560371517028 0.8214285714285714 0.4972136222910217 0.8273809523809523 0.49907120743034056 0.8273809523809523 0.5046439628482973 0.8261904761904761 0.5089783281733746 0.8178571428571428 0.5095975232198142 0.8154761904761905 0.5095975232198142 0.6773809523809524 0.508359133126935 0.6761904761904762 0.496594427244582 0.6761904761904762 
25 0.47554179566563465 0.6761904761904762 0.47554179566563465 0.8166666666666667 0.47678018575851394 0.8178571428571428 0.48297213622291024 0.8178571428571428 0.4842105263157895 0.8166666666666667 0.4848297213622291 0.8154761904761905 0.48978328173374613 0.7964285714285714 0.49473684210526314 0.7416666666666667 0.49473684210526314 0.6761904761904762 0.47554179566563465 0.6761904761904762 
26 0.46068111455108357 0.6571428571428571 0.45572755417956656 0.7523809523809524 0.45572755417956656 0.8154761904761905 0.4563467492260062 0.8178571428571428 0.465015479876161 0.8178571428571428 0.4693498452012384 0.8071428571428572 0.47492260061919506 0.7797619047619048 0.4848297213622291 0.6845238095238095 0.4848297213622291 0.6666666666666666 0.47492260061919506 0.6571428571428571 0.46068111455108357 0.6571428571428571 
27 0.4470588235294118 0.6476190476190476 0.44148606811145513 0.6571428571428571 0.4359133126934985 0.669047619047619 0.4309597523219814 0.7714285714285715 0.4309597523219814 0.8357142857142857 0.4321981424148607 0.8369047619047619 0.43962848297213625 0.8369047619047619 0.4452012383900929 0.8273809523809523 0.4551083591331269 0.7892857142857143 0.460061919504644 0.7404761904761905 0.460061919504644 0.6678571428571428 0.4551083591331269 0.6476190476190476 0.4470588235294118 0.6476190476190476 
28 0.421671826625387 0.638095238095238 0.41114551083591333 0.6583333333333333 0.40619195046439627 0.7238095238095238 0.40619195046439627 0.8178571428571428 0.41114551083591333 0.8273809523809523 0.42043343653250775 0.8273809523809523 0.42538699690402476 0.8178571428571428 0.43529411764705883 0.7702380952380953 0.4452012383900929 0.6678571428571428 0.4452012383900929 0.6476190476190476 0.43529411764705883 0.6392857142857142 0.43343653250773995 0.638095238095238 0.421671826625387 0.638095238095238 
29 0.3931888544891641 0.6285714285714286 0.3913312693498452 0.6309523809523809 0.38699690402476783 0.638095238095238 0.3863777089783282 0.6392857142857142 0.3764705882352941 0.7642857142857142 0.3764705882352941 0.8166666666666667 0.378328173374613 0.8178571428571428 0.38575851393188854 0.8178571428571428 0.4006191950464396 0.7892857142857143 0.4055727554179567 0.7702380952380953 0.4105263157894737 0.7380952380952381 0.42043343653250775 0.6654761904761904 0.42043343653250775 0.638095238095238 0.4154798761609907 0.6285714285714286 0.3931888544891641 0.6285714285714286 
30 0.35170278637770896 0.5904761904761905 0.34674922600619196 0.6 0.32260061919504646 0.7238095238095238 0.3219814241486068 0.7273809523809524 0.3219814241486068 0.7511904761904762 0.3473684210526316 0.7607142857142857 0.3603715170278638 0.7607142857142857 0.36594427244582045 0.75 0.37585139318885447 0.7226190476190476 0.4006191950464396 0.6369047619047619 0.4006191950464396 0.6095238095238096 0.37585139318885447 0.5904761904761905 0.35170278637770896 0.5904761904761905 
31 0.3176470588235294 0.5619047619047619 0.3126934984520124 0.5714285714285714 0.31207430340557274 0.5738095238095238 0.29226006191950465 0.6773809523809524 0.29226006191950465 0.7214285714285714 0.29287925696594425 0.7226190476190476 0.3170278637770898 0.7321428571428571 0.32507739938080493 0.7321428571428571 0.3263157894736842 0.7309523809523809 0.33126934984520123 0.7214285714285714 0.3411764705882353 0.6845238095238095 0.3461300309597523 0.6654761904761904 0.3510835913312694 0.6452380952380953 0.3560371517027864 0.6083333333333333 0.3560371517027864 0.5821428571428572 0.3504643962848297 0.5714285714285714 0.33622291021671824 0.5619047619047619 0.3176470588235294 0.5619047619047619 
32 0.2823529411764706 0.5714285714285714 0.23777089783281732 0.6285714285714286 0.23777089783281732 0.6464285714285715 0.2476780185758514 0.6845238095238095 0.25263157894736843 0.694047619047619 0.2712074303405573 0.694047619047619 0.28173374613003094 0.6845238095238095 0.30092879256965943 0.6654761904761904 0.3108359133126935 0.6464285714285715 0.31145510835913315 0.6392857142857142 0.31145510835913315 0.6 0.29659442724458207 0.5714285714285714 0.2823529411764706 0.5714285714285714 