2 0.28792569659442724 0.3619047619047619 0.2823529411764706 0.37142857142857144 0.2773993808049536 0.4976190476190476 0.2773993808049536 0.5797619047619048 0.28297213622291023 0.5892857142857143 0.31640866873065016 0.5892857142857143 0.3263157894736842 0.5702380952380952 0.3263157894736842 0.4 0.32136222910216716 0.38095238095238093 0.2959752321981424 0.3619047619047619 0.28792569659442724 0.3619047619047619 
3 0.3331269349845201 0.41904761904761906 0.3318885448916409 0.42023809523809524 0.3269349845201238 0.4392857142857143 0.3219814241486068 0.4857142857142857 0.3219814241486068 0.5214285714285715 0.32260061919504646 0.5226190476190476 0.34674922600619196 0.5321428571428571 0.3603715170278638 0.5321428571428571 0.3609907120743034 0.530952380952381 0.3653250773993808 0.5119047619047619 0.36594427244582045 0.5071428571428571 0.36594427244582045 0.4595238095238095 0.3609907120743034 0.42857142857142855 0.3560371517027864 0.42023809523809524 0.3541795665634675 0.41904761904761906 0.3331269349845201 0.41904761904761906 
4 0.38390092879256965 0.3619047619047619 0.3814241486068111 0.3630952380952381 0.3764705882352941 0.39166666666666666 0.356656346749226 0.525 0.356656346749226 0.5785714285714286 0.3622291021671827 0.5892857142857143 0.39504643962848296 0.5892857142857143 0.3956656346749226 0.5869047619047619 0.3956656346749226 0.3630952380952381 0.39504643962848296 0.3619047619047619 0.38390092879256965 0.3619047619047619 
6 0.4018575851393189 0.34285714285714286 0.40123839009287926 0.34404761904761905 0.3913312693498452 0.525 0.3913312693498452 0.5869047619047619 0.39628482972136225 0.6083333333333333 0.4154798761609907 0.6083333333333333 0.42538699690402476 0.5880952380952381 0.42538699690402476 0.4380952380952381 0.42043343653250775 0.3630952380952381 0.4154798761609907 0.34285714285714286 0.4018575851393189 0.34285714285714286 
7 0.44643962848297214 0.3904761904761905 0.4408668730650155 0.4011904761904762 0.4359133126934985 0.4297619047619048 0.42105263157894735 0.5761904761904761 0.42105263157894735 0.6071428571428571 0.426625386996904 0.6273809523809524 0.4452012383900929 0.6273809523809524 0.4544891640866873 0.6178571428571429 0.4551083591331269 0.6154761904761905 0.460061919504644 0.5880952380952381 0.460061919504644 0.4 0.4551083591331269 0.39166666666666666 0.4538699690402477 0.3904761904761905 0.44643962848297214 0.3904761904761905 
9 0.5052631578947369 0.4 0.5003095975232198 0.4095238095238095 0.4953560371517028 0.4488095238095238 0.4904024767801858 0.5071428571428571 0.4904024767801858 0.6261904761904762 0.491640866873065 0.6273809523809524 0.5052631578947369 0.6369047619047619 0.5244582043343653 0.6369047619047619 0.5294117647058824 0.6178571428571429 0.5294117647058824 0.525 0.5244582043343653 0.4607142857142857 0.5195046439628483 0.4119047619047619 0.5188854489164086 0.4095238095238095 0.5145510835913313 0.4 0.5052631578947369 0.4 
10 0.5306501547987617 0.4095238095238095 0.530030959752322 0.4119047619047619 0.525077399380805 0.5452380952380952 0.525077399380805 0.6178571428571429 0.5306501547987617 0.6273809523809524 0.5585139318885449 0.6273809523809524 0.5591331269349845 0.6261904761904762 0.5591331269349845 0.5238095238095238 0.5541795665634675 0.44047619047619047 0.5492260061919505 0.4095238095238095 0.5306501547987617 0.4095238095238095 
11 0.5715170278637771 0.3619047619047619 0.5696594427244582 0.3630952380952381 0.5653250773993808 0.37142857142857144 0.5647058823529412 0.3738095238095238 0.5597523219814241 0.42023809523809524 0.5597523219814241 0.6071428571428571 0.5647058823529412 0.6166666666666667 0.5752321981424149 0.6273809523809524 0.58328173374613 0.6273809523809524 0.5931888544891641 0.6083333333333333 0.5938080495356037 0.6059523809523809 0.5938080495356037 0.5345238095238095 0.5888544891640867 0.3821428571428571 0.5839009287925696 0.3630952380952381 0.58328173374613 0.3619047619047619 0.5715170278637771 0.3619047619047619 
12 0.5944272445820433 0.38095238095238093 0.5894736842105263 0.39166666666666666 0.5845201238390093 0.5333333333333333 0.5845201238390093 0.5416666666666666 0.5894736842105263 0.5892857142857143 0.5944272445820433 0.5988095238095238 0.6092879256965944 0.6083333333333333 0.6123839009287926 0.6083333333333333 0.6136222910216719 0.6071428571428571 0.6185758513931888 0.5976190476190476 0.6185758513931888 0.5142857142857142 0.6136222910216719 0.42857142857142855 0.6080495356037152 0.4 0.6037151702786377 0.38333333333333336 0.6024767801857586 0.38095238095238093 0.5944272445820433 0.38095238095238093 
14 0.6142414860681115 0.4095238095238095 0.6142414860681115 0.5083333333333333 0.6191950464396285 0.5988095238095238 0.6247678018575852 0.6083333333333333 0.6582043343653251 0.6083333333333333 0.6681114551083591 0.5976190476190476 0.6681114551083591 0.5714285714285714 0.6582043343653251 0.44761904761904764 0.653250773993808 0.42857142857142855 0.648297213622291 0.41904761904761906 0.6272445820433437 0.4095238095238095 0.6142414860681115 0.4095238095238095 
15 0.6786377708978328 0.3619047619047619 0.6594427244582043 0.3904761904761905 0.6538699690402476 0.4 0.6538699690402476 0.4642857142857143 0.6588235294117647 0.5583333333333333 0.6594427244582043 0.5607142857142857 0.6637770897832818 0.5702380952380952 0.6693498452012384 0.5797619047619048 0.6928792569659443 0.5797619047619048 0.7077399380804954 0.5607142857142857 0.7077399380804954 0.49523809523809526 0.6928792569659443 0.3761904761904762 0.6922600619195046 0.37142857142857144 0.6873065015479877 0.3630952380952381 0.6860681114551084 0.3619047619047619 0.6786377708978328 0.3619047619047619 
18 0.6934984520123839 0.5619047619047619 0.6743034055727554 0.580952380952381 0.6687306501547987 0.5904761904761905 0.6687306501547987 0.6452380952380953 0.6885448916408669 0.7035714285714286 0.6990712074303406 0.7321428571428571 0.7034055727554179 0.7404761904761905 0.7287925696594427 0.7702380952380953 0.7374613003095976 0.7702380952380953 0.7572755417956656 0.7404761904761905 0.7572755417956656 0.6964285714285714 0.746749226006192 0.6583333333333333 0.7226006191950465 0.580952380952381 0.7126934984520124 0.5619047619047619 0.6934984520123839 0.5619047619047619 
19 0.6241486068111455 0.6476190476190476 0.6241486068111455 0.7309523809523809 0.6291021671826625 0.7583333333333333 0.6297213622291021 0.7607142857142857 0.6390092879256966 0.7797619047619048 0.6439628482972136 0.7880952380952381 0.6452012383900929 0.7892857142857143 0.6569659442724458 0.7892857142857143 0.691640866873065 0.7702380952380953 0.6928792569659443 0.7690476190476191 0.6928792569659443 0.7047619047619048 0.6879256965944273 0.6857142857142857 0.6780185758513931 0.6571428571428571 0.6730650154798762 0.6476190476190476 0.6241486068111455 0.6476190476190476 
20 0.5894736842105263 0.6095238095238096 0.5801857585139318 0.6285714285714286 0.5795665634674922 0.6309523809523809 0.5795665634674922 0.6440476190476191 0.5993808049535604 0.7511904761904762 0.6092879256965944 0.7892857142857143 0.6142414860681115 0.7988095238095239 0.6191950464396285 0.8071428571428572 0.6204334365325077 0.8083333333333333 0.6321981424148607 0.8083333333333333 0.6334365325077399 0.8071428571428572 0.6334365325077399 0.7928571428571428 0.6185758513931888 0.6214285714285714 0.6136222910216719 0.6095238095238096 0.5894736842105263 0.6095238095238096 
22 0.5554179566563467 0.6285714285714286 0.5498452012383901 0.638095238095238 0.5498452012383901 0.6928571428571428 0.5547987616099072 0.7321428571428571 0.5597523219814241 0.7607142857142857 0.5746130030959752 0.8083333333333333 0.5795665634674922 0.8178571428571428 0.5894736842105263 0.8357142857142857 0.5907120743034056 0.8369047619047619 0.5987616099071208 0.8369047619047619 0.5987616099071208 0.7821428571428571 0.5938080495356037 0.7333333333333333 0.5839009287925696 0.6404761904761904 0.58328173374613 0.6392857142857142 0.573374613003096 0.6285714285714286 0.5554179566563467 0.6285714285714286 
23 0.525077399380805 0.6285714285714286 0.5151702786377709 0.638095238095238 0.5151702786377709 0.6654761904761904 0.525077399380805 0.7309523809523809 0.534984520123839 0.7690476190476191 0.5405572755417957 0.7892857142857143 0.5455108359133127 0.7988095238095239 0.5591331269349845 0.7988095238095239 0.5591331269349845 0.7619047619047619 0.5541795665634675 0.6952380952380952 0.5492260061919505 0.6416666666666667 0.5486068111455108 0.638095238095238 0.5442724458204334 0.6285714285714286 0.525077399380805 0.6285714285714286 
24 0.49102167182662537 0.6285714285714286 0.4904024767801858 0.6297619047619047 0.4904024767801858 0.719047619047619 0.49102167182662537 0.7226190476190476 0.5003095975232198 0.7595238095238095 0.5052631578947369 0.7785714285714286 0.5108359133126935 0.7892857142857143 0.5244582043343653 0.7892857142857143 0.5244582043343653 0.7357142857142858 0.5195046439628483 0.6297619047619047 0.5188854489164086 0.6285714285714286 0.49102167182662537 0.6285714285714286 
25 0.46068111455108357 0.6285714285714286 0.46068111455108357 0.7773809523809524 0.46563467492260063 0.7976190476190477 0.4662538699690402 0.7988095238095239 0.4842105263157895 0.7988095238095239 0.4848297213622291 0.7952380952380952 0.48978328173374613 0.7511904761904762 0.49473684210526314 0.6845238095238095 0.49473684210526314 0.6285714285714286 0.46068111455108357 0.6285714285714286 
26 0.4359133126934985 0.6285714285714286 0.4309597523219814 0.638095238095238 0.4309597523219814 0.7226190476190476 0.4408668730650155 0.7976190476190477 0.44643962848297214 0.8083333333333333 0.4551083591331269 0.8083333333333333 0.460061919504644 0.7976190476190477 0.465015479876161 0.6928571428571428 0.465015479876161 0.6297619047619047 0.46439628482972134 0.6285714285714286 0.4359133126934985 0.6285714285714286 
27 0.40123839009287926 0.6190476190476191 0.39628482972136225 0.6392857142857142 0.3814241486068111 0.7428571428571429 0.3764705882352941 0.7821428571428571 0.3764705882352941 0.8369047619047619 0.3956656346749226 0.8369047619047619 0.40990712074303404 0.7892857142857143 0.4154798761609907 0.7702380952380953 0.42043343653250775 0.75 0.42538699690402476 0.7226190476190476 0.43034055727554177 0.6928571428571428 0.43034055727554177 0.6297619047619047 0.4247678018575851 0.6190476190476191 0.40123839009287926 0.6190476190476191 
28 0.38204334365325077 0.5904761904761905 0.3671826625386997 0.6 0.36160990712074303 0.6095238095238096 0.35170278637770896 0.775 0.35170278637770896 0.8083333333333333 0.3653250773993808 0.8083333333333333 0.37585139318885447 0.7892857142857143 0.3801857585139319 0.7702380952380953 0.4055727554179567 0.6452380952380953 0.4055727554179567 0.611904761904762 0.40495356037151703 0.6095238095238096 0.4006191950464396 0.6 0.3907120743034056 0.5916666666666667 0.38575851393188854 0.5904761904761905 0.38204334365325077 0.5904761904761905 
30 0.3170278637770898 0.5714285714285714 0.31207430340557274 0.5821428571428572 0.2773993808049536 0.7178571428571429 0.2773993808049536 0.7583333333333333 0.27801857585139317 0.7607142857142857 0.31207430340557274 0.7988095238095239 0.3263157894736842 0.7988095238095239 0.33126934984520123 0.7892857142857143 0.33622291021671824 0.7785714285714286 0.3411764705882353 0.7607142857142857 0.3461300309597523 0.7416666666666667 0.37089783281733746 0.6357142857142857 0.37089783281733746 0.6 0.3603715170278638 0.580952380952381 0.34055727554179566 0.5714285714285714 0.3170278637770898 0.5714285714285714 