1 0.2235294117647059 0.3904761904761905 0.21795665634674924 0.4 0.20309597523219813 0.4297619047619048 0.20309597523219813 0.49404761904761907 0.20804953560371517 0.513095238095238 0.2130030959752322 0.5214285714285715 0.2235294117647059 0.5321428571428571 0.22662538699690402 0.5321428571428571 0.24148606811145512 0.5226190476190476 0.24705882352941178 0.513095238095238 0.2520123839009288 0.4583333333333333 0.2520123839009288 0.45476190476190476 0.24705882352941178 0.41904761904761906 0.2371517027863777 0.39166666666666666 0.23653250773993809 0.3904761904761905 0.2235294117647059 0.3904761904761905 
3 0.2978328173374613 0.4 0.29226006191950465 0.4095238095238095 0.2873065015479876 0.42857142857142855 0.2873065015479876 0.5666666666666667 0.29226006191950465 0.5892857142857143 0.29721362229102166 0.5976190476190476 0.2996904024767802 0.5988095238095238 0.31021671826625385 0.5988095238095238 0.3411764705882353 0.5892857142857143 0.3461300309597523 0.5785714285714286 0.3461300309597523 0.5238095238095238 0.33126934984520123 0.44166666666666665 0.3263157894736842 0.42023809523809524 0.32136222910216716 0.4035714285714286 0.3201238390092879 0.4 0.2978328173374613 0.4 
4 0.3368421052631579 0.4 0.3318885448916409 0.4095238095238095 0.3318885448916409 0.4261904761904762 0.3368421052631579 0.5892857142857143 0.36470588235294116 0.5892857142857143 0.36594427244582045 0.5880952380952381 0.37089783281733746 0.5797619047619048 0.37585139318885447 0.569047619047619 0.37585139318885447 0.5428571428571428 0.37089783281733746 0.4988095238095238 0.3609907120743034 0.44761904761904764 0.3560371517027864 0.42857142857142855 0.3461300309597523 0.4095238095238095 0.34055727554179566 0.4 0.3368421052631579 0.4 
5 0.3591331269349845 0.38095238095238093 0.356656346749226 0.3821428571428571 0.356656346749226 0.4845238095238095 0.36656346749226004 0.5797619047619048 0.3907120743034056 0.5797619047619048 0.4006191950464396 0.5607142857142857 0.4006191950464396 0.5142857142857142 0.3956656346749226 0.4666666666666667 0.3907120743034056 0.4452380952380952 0.38080495356037153 0.4095238095238095 0.3752321981424149 0.3904761904761905 0.37089783281733746 0.38095238095238093 0.3591331269349845 0.38095238095238093 
6 0.3863777089783282 0.3238095238095238 0.3863777089783282 0.4726190476190476 0.3913312693498452 0.5607142857142857 0.39628482972136225 0.569047619047619 0.3975232198142415 0.5702380952380952 0.42043343653250775 0.5702380952380952 0.43034055727554177 0.5511904761904762 0.43034055727554177 0.47619047619047616 0.42043343653250775 0.4107142857142857 0.4055727554179567 0.3345238095238095 0.40495356037151703 0.3333333333333333 0.3956656346749226 0.3238095238095238 0.3863777089783282 0.3238095238095238 
12 0.5795665634674922 0.3904761904761905 0.5647058823529412 0.4666666666666667 0.5597523219814241 0.49523809523809526 0.5597523219814241 0.5214285714285715 0.5647058823529412 0.55 0.5653250773993808 0.5511904761904762 0.5894736842105263 0.5607142857142857 0.5987616099071208 0.5607142857142857 0.6080495356037152 0.5416666666666666 0.6086687306501548 0.5369047619047619 0.6086687306501548 0.4380952380952381 0.6037151702786377 0.3904761904761905 0.5795665634674922 0.3904761904761905 
17 0.7479876160990712 0.580952380952381 0.7430340557275542 0.6 0.7380804953560371 0.6297619047619047 0.7380804953560371 0.675 0.7430340557275542 0.7130952380952381 0.7764705882352941 0.7130952380952381 0.7869969040247679 0.694047619047619 0.7919504643962848 0.6845238095238095 0.7969040247678019 0.6642857142857143 0.7969040247678019 0.6226190476190476 0.7962848297213623 0.6190476190476191 0.7820433436532508 0.6011904761904762 0.7622291021671826 0.580952380952381 0.7479876160990712 0.580952380952381 
18 0.6941176470588235 0.5333333333333333 0.679876160990712 0.5428571428571428 0.6786377708978328 0.5452380952380952 0.6736842105263158 0.575 0.6736842105263158 0.5952380952380952 0.6743034055727554 0.5988095238095238 0.6835913312693499 0.6440476190476191 0.6934984520123839 0.6845238095238095 0.7034055727554179 0.7119047619047619 0.713312693498452 0.7321428571428571 0.7325077399380805 0.7321428571428571 0.7417956656346749 0.7130952380952381 0.7424148606811145 0.7107142857142857 0.7424148606811145 0.5928571428571429 0.7374613003095976 0.5547619047619048 0.7368421052631579 0.5523809523809524 0.7325077399380805 0.5428571428571428 0.7269349845201238 0.5333333333333333 0.6941176470588235 0.5333333333333333 
20 0.5993808049535604 0.5333333333333333 0.5993808049535604 0.5678571428571428 0.6043343653250774 0.719047619047619 0.6092879256965944 0.7416666666666667 0.6179566563467492 0.7416666666666667 0.6235294117647059 0.7321428571428571 0.6334365325077399 0.675 0.638390092879257 0.6369047619047619 0.638390092879257 0.5428571428571428 0.6328173374613003 0.5333333333333333 0.5993808049535604 0.5333333333333333 
21 0.5702786377708978 0.5428571428571428 0.5647058823529412 0.5523809523809524 0.5647058823529412 0.5797619047619048 0.5696594427244582 0.6714285714285714 0.5746130030959752 0.7107142857142857 0.5752321981424149 0.7130952380952381 0.5801857585139318 0.7214285714285714 0.58328173374613 0.7226190476190476 0.5863777089783282 0.7226190476190476 0.5888544891640867 0.7214285714285714 0.5938080495356037 0.7107142857142857 0.5987616099071208 0.6904761904761905 0.6037151702786377 0.655952380952381 0.6086687306501548 0.6071428571428571 0.6086687306501548 0.580952380952381 0.6037151702786377 0.544047619047619 0.6030959752321982 0.5428571428571428 0.5702786377708978 0.5428571428571428 
22 0.544891640866873 0.6095238095238096 0.5399380804953561 0.6190476190476191 0.534984520123839 0.6476190476190476 0.534984520123839 0.7035714285714286 0.544891640866873 0.7511904761904762 0.5585139318885449 0.7511904761904762 0.5634674922600619 0.7416666666666667 0.5640866873065016 0.7392857142857143 0.5739938080495356 0.694047619047619 0.5739938080495356 0.6309523809523809 0.573374613003096 0.6285714285714286 0.5690402476780185 0.6190476190476191 0.5640866873065016 0.6095238095238096 0.544891640866873 0.6095238095238096 
27 0.4260061919504644 0.5333333333333333 0.4018575851393189 0.5619047619047619 0.39690402476780184 0.5714285714285714 0.39628482972136225 0.5738095238095238 0.39628482972136225 0.6726190476190477 0.40123839009287926 0.7214285714285714 0.4068111455108359 0.7511904761904762 0.4117647058823529 0.7607142857142857 0.4278637770897833 0.7607142857142857 0.4297213622291022 0.7595238095238095 0.43034055727554177 0.7583333333333333 0.43529411764705883 0.7392857142857143 0.44024767801857584 0.6547619047619048 0.44024767801857584 0.6035714285714285 0.43529411764705883 0.5428571428571428 0.4297213622291022 0.5333333333333333 0.4260061919504644 0.5333333333333333 
31 0.23405572755417955 0.5619047619047619 0.23281733746130032 0.5630952380952381 0.22786377708978328 0.5928571428571429 0.21795665634674924 0.6666666666666666 0.21795665634674924 0.6928571428571428 0.21857585139318886 0.694047619047619 0.23839009287925697 0.7035714285714286 0.2532507739938081 0.7035714285714286 0.2563467492260062 0.7023809523809523 0.26625386996904027 0.694047619047619 0.2718266253869969 0.6845238095238095 0.27678018575851393 0.675 0.28173374613003094 0.655952380952381 0.28606811145510835 0.6369047619047619 0.286687306501548 0.6333333333333333 0.286687306501548 0.580952380952381 0.27678018575851393 0.5714285714285714 0.2513931888544892 0.5619047619047619 0.23405572755417955 0.5619047619047619 