4 0.3814241486068111 0.4095238095238095 0.3764705882352941 0.41904761904761906 0.3715170278637771 0.4666666666666667 0.3715170278637771 0.5892857142857143 0.3764705882352941 0.6178571428571429 0.3894736842105263 0.6178571428571429 0.3907120743034056 0.6166666666666667 0.3993808049535604 0.6047619047619047 0.4006191950464396 0.6011904761904762 0.4006191950464396 0.49523809523809526 0.3907120743034056 0.4095238095238095 0.3814241486068111 0.4095238095238095 
5 0.40619195046439627 0.37142857142857144 0.40619195046439627 0.475 0.41114551083591333 0.5666666666666667 0.4117647058823529 0.5702380952380952 0.41609907120743034 0.5785714285714286 0.4173374613003096 0.5797619047619048 0.43529411764705883 0.5797619047619048 0.4452012383900929 0.5607142857142857 0.4452012383900929 0.5154761904761904 0.42538699690402476 0.38095238095238093 0.4198142414860681 0.37142857142857144 0.40619195046439627 0.37142857142857144 
7 0.4563467492260062 0.38095238095238093 0.45077399380804956 0.39166666666666666 0.4408668730650155 0.4869047619047619 0.4408668730650155 0.5035714285714286 0.46439628482972134 0.5035714285714286 0.465015479876161 0.5011904761904762 0.465015479876161 0.38095238095238093 0.4563467492260062 0.38095238095238093 
8 0.47058823529411764 0.4 0.46563467492260063 0.41904761904761906 0.46563467492260063 0.4928571428571429 0.4761609907120743 0.513095238095238 0.4891640866873065 0.513095238095238 0.48978328173374613 0.5107142857142857 0.48978328173374613 0.42857142857142855 0.4891640866873065 0.41904761904761906 0.4848297213622291 0.4 0.47058823529411764 0.4 
9 0.5065015479876162 0.38095238095238093 0.5052631578947369 0.3821428571428571 0.5003095975232198 0.42023809523809524 0.4904024767801858 0.5345238095238095 0.4904024767801858 0.55 0.49102167182662537 0.5511904761904762 0.5052631578947369 0.5702380952380952 0.5232198142414861 0.5702380952380952 0.5244582043343653 0.569047619047619 0.5244582043343653 0.4107142857142857 0.5195046439628483 0.3904761904761905 0.5145510835913313 0.3821428571428571 0.513312693498452 0.38095238095238093 0.5065015479876162 0.38095238095238093 
10 0.544891640866873 0.3904761904761905 0.534984520123839 0.4095238095238095 0.5201238390092879 0.5238095238095238 0.5201238390092879 0.5880952380952381 0.5207430340557275 0.5892857142857143 0.5393188854489164 0.5892857142857143 0.5442724458204334 0.5797619047619048 0.5541795665634675 0.44642857142857145 0.5541795665634675 0.4011904761904762 0.5492260061919505 0.39166666666666666 0.5479876160990712 0.3904761904761905 0.544891640866873 0.3904761904761905 
11 0.5752321981424149 0.37142857142857144 0.5653250773993808 0.3904761904761905 0.5597523219814241 0.4095238095238095 0.5498452012383901 0.48928571428571427 0.544891640866873 0.544047619047619 0.544891640866873 0.6071428571428571 0.5467492260061919 0.6083333333333333 0.561609907120743 0.6083333333333333 0.5640866873065016 0.6071428571428571 0.5690402476780185 0.5988095238095238 0.5839009287925696 0.43452380952380953 0.5839009287925696 0.37142857142857144 0.5752321981424149 0.37142857142857144 
13 0.6191950464396285 0.44761904761904764 0.6099071207430341 0.45714285714285713 0.6043343653250774 0.4666666666666667 0.5993808049535604 0.47619047619047616 0.5944272445820433 0.49523809523809526 0.5746130030959752 0.5821428571428572 0.5746130030959752 0.6214285714285714 0.5752321981424149 0.6273809523809524 0.6080495356037152 0.6273809523809524 0.6130030959752322 0.6178571428571429 0.6136222910216719 0.6130952380952381 0.6235294117647059 0.5226190476190476 0.6235294117647059 0.44761904761904764 0.6191950464396285 0.44761904761904764 
18 0.6154798761609908 0.6666666666666666 0.6099071207430341 0.6761904761904762 0.6092879256965944 0.6797619047619048 0.6092879256965944 0.7035714285714286 0.6191950464396285 0.7511904761904762 0.6291021671826625 0.7892857142857143 0.6489164086687307 0.8273809523809523 0.6594427244582043 0.8369047619047619 0.6687306501547987 0.8452380952380952 0.6718266253869969 0.8464285714285714 0.6761609907120743 0.8464285714285714 0.6780185758513931 0.8452380952380952 0.6879256965944273 0.8083333333333333 0.6879256965944273 0.7738095238095238 0.6873065015479877 0.7714285714285715 0.6582043343653251 0.6761904761904762 0.648297213622291 0.6666666666666666 0.6154798761609908 0.6666666666666666 
20 0.5795665634674922 0.6476190476190476 0.5696594427244582 0.7238095238095238 0.5696594427244582 0.7738095238095238 0.5702786377708978 0.7797619047619048 0.5746130030959752 0.8178571428571428 0.5845201238390093 0.8452380952380952 0.5863777089783282 0.8464285714285714 0.5938080495356037 0.8464285714285714 0.6037151702786377 0.7511904761904762 0.6086687306501548 0.7011904761904761 0.6086687306501548 0.6583333333333333 0.6080495356037152 0.6571428571428571 0.5987616099071208 0.6476190476190476 0.5795665634674922 0.6476190476190476 
21 0.5609907120743034 0.6190476190476191 0.5597523219814241 0.6202380952380953 0.5547987616099072 0.6285714285714286 0.5498452012383901 0.6476190476190476 0.5399380804953561 0.7619047619047619 0.5399380804953561 0.7952380952380952 0.5405572755417957 0.7988095238095239 0.544891640866873 0.8178571428571428 0.5541795665634675 0.8178571428571428 0.5640866873065016 0.7797619047619048 0.5789473684210527 0.7023809523809523 0.5839009287925696 0.675 0.5839009287925696 0.6428571428571429 0.58328173374613 0.638095238095238 0.5789473684210527 0.6190476190476191 0.5609907120743034 0.6190476190476191 
22 0.525077399380805 0.6 0.5201238390092879 0.6107142857142858 0.5151702786377709 0.6488095238095238 0.5151702786377709 0.7690476190476191 0.5201238390092879 0.8178571428571428 0.5287925696594428 0.8178571428571428 0.5343653250773994 0.8071428571428572 0.5393188854489164 0.7785714285714286 0.5436532507739938 0.7321428571428571 0.5442724458204334 0.7238095238095238 0.5442724458204334 0.6047619047619047 0.5430340557275541 0.6023809523809524 0.5411764705882353 0.6 0.525077399380805 0.6 
23 0.5052631578947369 0.580952380952381 0.5003095975232198 0.6797619047619048 0.5003095975232198 0.7988095238095239 0.5089783281733746 0.7988095238095239 0.5145510835913313 0.7785714285714286 0.5188854489164086 0.7476190476190476 0.5195046439628483 0.7428571428571429 0.5244582043343653 0.6523809523809524 0.5244582043343653 0.5904761904761905 0.5195046439628483 0.580952380952381 0.5052631578947369 0.580952380952381 
24 0.4904024767801858 0.580952380952381 0.4854489164086687 0.5916666666666667 0.4854489164086687 0.7702380952380953 0.49102167182662537 0.7892857142857143 0.5046439628482973 0.7892857142857143 0.5095975232198142 0.6369047619047619 0.5095975232198142 0.5845238095238096 0.5089783281733746 0.580952380952381 0.4904024767801858 0.580952380952381 
25 0.4712074303405573 0.5714285714285714 0.47058823529411764 0.5726190476190476 0.47058823529411764 0.7869047619047619 0.4718266253869969 0.7892857142857143 0.47987616099071206 0.7892857142857143 0.4848297213622291 0.7785714285714286 0.49473684210526314 0.5952380952380952 0.49473684210526314 0.580952380952381 0.47987616099071206 0.5714285714285714 0.4712074303405573 0.5714285714285714 
26 0.45139318885448915 0.580952380952381 0.45077399380804956 0.5833333333333334 0.45077399380804956 0.6178571428571429 0.46068111455108357 0.7797619047619048 0.46563467492260063 0.7880952380952381 0.4674922600619195 0.7892857142857143 0.4681114551083591 0.7892857142857143 0.469969040247678 0.7880952380952381 0.47492260061919506 0.7797619047619048 0.47492260061919506 0.6964285714285714 0.469969040247678 0.5821428571428572 0.4693498452012384 0.580952380952381 0.45139318885448915 0.580952380952381 
27 0.4458204334365325 0.580952380952381 0.4309597523219814 0.6 0.4309597523219814 0.6738095238095239 0.4359133126934985 0.7511904761904762 0.4408668730650155 0.7976190476190477 0.4421052631578947 0.7988095238095239 0.4551083591331269 0.7988095238095239 0.460061919504644 0.7690476190476191 0.460061919504644 0.6488095238095238 0.4551083591331269 0.5845238095238096 0.4544891640866873 0.580952380952381 0.4458204334365325 0.580952380952381 
28 0.41238390092879257 0.6 0.41114551083591333 0.6011904761904762 0.40619195046439627 0.6095238095238096 0.40619195046439627 0.6845238095238095 0.41114551083591333 0.7392857142857143 0.41609907120743034 0.7785714285714286 0.42105263157894735 0.8071428571428572 0.4260061919504644 0.8178571428571428 0.4346749226006192 0.8178571428571428 0.43962848297213625 0.8083333333333333 0.44024767801857584 0.8047619047619048 0.44024767801857584 0.7440476190476191 0.43529411764705883 0.6095238095238096 0.4241486068111455 0.6 0.41238390092879257 0.6 
29 0.39628482972136225 0.6285714285714286 0.3863777089783282 0.6571428571428571 0.3863777089783282 0.7285714285714285 0.3913312693498452 0.7797619047619048 0.39628482972136225 0.8178571428571428 0.4105263157894737 0.8178571428571428 0.4154798761609907 0.8083333333333333 0.4154798761609907 0.7047619047619048 0.4105263157894737 0.6297619047619047 0.40928792569659445 0.6285714285714286 0.39628482972136225 0.6285714285714286 
31 0.31207430340557274 0.6166666666666667 0.30712074303405573 0.6190476190476191 0.3021671826625387 0.6285714285714286 0.2674922600619195 0.7345238095238096 0.2674922600619195 0.7702380952380953 0.2823529411764706 0.7892857142857143 0.2959752321981424 0.7892857142857143 0.3065015479876161 0.7797619047619048 0.3263157894736842 0.7607142857142857 0.3510835913312694 0.7130952380952381 0.3603715170278638 0.6845238095238095 0.3609907120743034 0.6797619047619048 0.3609907120743034 0.6488095238095238 0.3411764705882353 0.6285714285714286 0.3263157894736842 0.6190476190476191 0.31640866873065016 0.6166666666666667 0.31207430340557274 0.6166666666666667 