2 0.23777089783281732 0.44761904761904764 0.22291021671826625 0.4666666666666667 0.22291021671826625 0.6333333333333333 0.2235294117647059 0.6369047619047619 0.22910216718266255 0.6464285714285715 0.2761609907120743 0.6464285714285715 0.27678018575851393 0.6452380952380953 0.27678018575851393 0.544047619047619 0.2718266253869969 0.49642857142857144 0.26687306501547986 0.47619047619047616 0.26191950464396285 0.45714285714285713 0.2563467492260062 0.44761904761904764 0.23777089783281732 0.44761904761904764 
3 0.29226006191950465 0.4380952380952381 0.2674922600619195 0.45714285714285713 0.2674922600619195 0.5119047619047619 0.2724458204334365 0.6083333333333333 0.2773993808049536 0.6345238095238095 0.27801857585139317 0.6369047619047619 0.30526315789473685 0.6369047619047619 0.33126934984520123 0.6273809523809524 0.33126934984520123 0.5880952380952381 0.31640866873065016 0.45714285714285713 0.3065015479876161 0.4392857142857143 0.3027863777089783 0.4380952380952381 0.29226006191950465 0.4380952380952381 
4 0.3430340557275542 0.4095238095238095 0.34179566563467495 0.4107142857142857 0.3368421052631579 0.42023809523809524 0.3318885448916409 0.4380952380952381 0.3269349845201238 0.4583333333333333 0.32321981424148605 0.49523809523809526 0.3219814241486068 0.5107142857142857 0.3219814241486068 0.5892857142857143 0.32260061919504646 0.5952380952380952 0.3269349845201238 0.6142857142857143 0.32755417956656346 0.6166666666666667 0.3306501547987616 0.6178571428571429 0.3504643962848297 0.6178571428571429 0.3609907120743034 0.6083333333333333 0.3653250773993808 0.5988095238095238 0.36594427244582045 0.5964285714285714 0.36594427244582045 0.5821428571428572 0.3560371517027864 0.42023809523809524 0.3504643962848297 0.4095238095238095 0.3430340557275542 0.4095238095238095 
5 0.36160990712074303 0.4 0.3572755417956656 0.4095238095238095 0.3523219814241486 0.42857142857142855 0.35170278637770896 0.43333333333333335 0.35170278637770896 0.530952380952381 0.356656346749226 0.6083333333333333 0.3956656346749226 0.6083333333333333 0.3956656346749226 0.5333333333333333 0.38080495356037153 0.4095238095238095 0.37585139318885447 0.4 0.36160990712074303 0.4 
6 0.3863777089783282 0.38095238095238093 0.3814241486068111 0.3904761904761905 0.3814241486068111 0.5226190476190476 0.3913312693498452 0.6154761904761905 0.39195046439628484 0.6178571428571429 0.40990712074303404 0.6178571428571429 0.41919504643962846 0.6083333333333333 0.42043343653250775 0.6059523809523809 0.42043343653250775 0.5154761904761904 0.4105263157894737 0.42023809523809524 0.4006191950464396 0.3904761904761905 0.3956656346749226 0.3821428571428571 0.3938080495356037 0.38095238095238093 0.3863777089783282 0.38095238095238093 
7 0.42105263157894735 0.3904761904761905 0.41609907120743034 0.42857142857142855 0.41609907120743034 0.5511904761904762 0.42105263157894735 0.5892857142857143 0.4260061919504644 0.5988095238095238 0.44024767801857584 0.5988095238095238 0.44953560371517026 0.5892857142857143 0.4501547987616099 0.5869047619047619 0.4501547987616099 0.4583333333333333 0.4452012383900929 0.4238095238095238 0.44024767801857584 0.39285714285714285 0.4390092879256966 0.3904761904761905 0.42105263157894735 0.3904761904761905 
8 0.4520123839009288 0.37142857142857144 0.45077399380804956 0.3726190476190476 0.4458204334365325 0.5142857142857142 0.4458204334365325 0.5797619047619048 0.45077399380804956 0.5892857142857143 0.4823529411764706 0.5892857142857143 0.4842105263157895 0.5880952380952381 0.4848297213622291 0.5869047619047619 0.4848297213622291 0.5047619047619047 0.47987616099071206 0.3821428571428571 0.4743034055727554 0.37142857142857144 0.4520123839009288 0.37142857142857144 
9 0.5009287925696595 0.3904761904761905 0.5003095975232198 0.39166666666666666 0.4953560371517028 0.4107142857142857 0.4854489164086687 0.4583333333333333 0.47554179566563465 0.580952380952381 0.47554179566563465 0.5880952380952381 0.4804953560371517 0.5988095238095238 0.4904024767801858 0.6083333333333333 0.5195046439628483 0.6083333333333333 0.5244582043343653 0.5988095238095238 0.5244582043343653 0.5619047619047619 0.5195046439628483 0.425 0.5188854489164086 0.41904761904761906 0.5145510835913313 0.3904761904761905 0.5009287925696595 0.3904761904761905 
10 0.5547987616099072 0.3904761904761905 0.544891640866873 0.4 0.534984520123839 0.4380952380952381 0.530030959752322 0.4583333333333333 0.525077399380805 0.4857142857142857 0.5201238390092879 0.5178571428571429 0.5151702786377709 0.5714285714285714 0.5151702786377709 0.5726190476190476 0.5164086687306502 0.5797619047619048 0.5201238390092879 0.5976190476190476 0.5207430340557275 0.5988095238095238 0.5541795665634675 0.5988095238095238 0.5591331269349845 0.5892857142857143 0.5640866873065016 0.530952380952381 0.5640866873065016 0.39166666666666666 0.5628482972136223 0.3904761904761905 0.5547987616099072 0.3904761904761905 
11 0.5795665634674922 0.37142857142857144 0.5746130030959752 0.38095238095238093 0.5696594427244582 0.4011904761904762 0.5647058823529412 0.42857142857142855 0.5547987616099072 0.525 0.5498452012383901 0.580952380952381 0.5498452012383901 0.5988095238095238 0.5597523219814241 0.6178571428571429 0.578328173374613 0.6178571428571429 0.5839009287925696 0.6083333333333333 0.5888544891640867 0.5976190476190476 0.5987616099071208 0.4928571428571429 0.5987616099071208 0.39404761904761904 0.5938080495356037 0.3726190476190476 0.5925696594427244 0.37142857142857144 0.5795665634674922 0.37142857142857144 
12 0.6297213622291021 0.3904761904761905 0.6191950464396285 0.39285714285714285 0.6099071207430341 0.4 0.5993808049535604 0.4380952380952381 0.5894736842105263 0.4869047619047619 0.5845201238390093 0.5166666666666667 0.5795665634674922 0.5904761904761905 0.5795665634674922 0.6178571428571429 0.5851393188854489 0.6261904761904762 0.5869969040247678 0.6273809523809524 0.6130030959752322 0.6273809523809524 0.6185758513931888 0.6178571428571429 0.6235294117647059 0.5952380952380952 0.628482972136223 0.5702380952380952 0.638390092879257 0.4654761904761905 0.638390092879257 0.45714285714285713 0.6377708978328174 0.41904761904761906 0.6334365325077399 0.39285714285714285 0.6321981424148607 0.3904761904761905 0.6297213622291021 0.3904761904761905 
13 0.6495356037151703 0.41904761904761906 0.6390092879256966 0.4380952380952381 0.6241486068111455 0.4869047619047619 0.6092879256965944 0.611904761904762 0.6092879256965944 0.6130952380952381 0.6099071207430341 0.6166666666666667 0.6142414860681115 0.6261904761904762 0.6160990712074303 0.6273809523809524 0.6340557275541796 0.6369047619047619 0.6470588235294118 0.6369047619047619 0.6526315789473685 0.6273809523809524 0.6575851393188854 0.5988095238095238 0.6582043343653251 0.594047619047619 0.6582043343653251 0.41904761904761906 0.6495356037151703 0.41904761904761906 
14 0.686687306501548 0.42857142857142855 0.6687306501547987 0.44761904761904764 0.6637770897832818 0.46785714285714286 0.6495356037151703 0.5845238095238096 0.6489164086687307 0.5904761904761905 0.6489164086687307 0.6273809523809524 0.6538699690402476 0.6369047619047619 0.6755417956656347 0.6464285714285715 0.6978328173374613 0.6464285714285715 0.7027863777089783 0.6357142857142857 0.7126934984520124 0.5404761904761904 0.7126934984520124 0.4857142857142857 0.6928792569659443 0.4392857142857143 0.6879256965944273 0.42857142857142855 0.686687306501548 0.42857142857142855 
15 0.7380804953560371 0.4380952380952381 0.7281733746130031 0.4488095238095238 0.7232198142414861 0.45714285714285713 0.713312693498452 0.4857142857142857 0.698452012383901 0.5821428571428572 0.698452012383901 0.6273809523809524 0.7040247678018576 0.6369047619047619 0.7238390092879257 0.6464285714285715 0.7417956656346749 0.6464285714285715 0.7473684210526316 0.6369047619047619 0.7572755417956656 0.5404761904761904 0.7572755417956656 0.49642857142857144 0.7523219814241486 0.4380952380952381 0.7380804953560371 0.4380952380952381 
18 0.698452012383901 0.6285714285714286 0.6835913312693499 0.638095238095238 0.6835913312693499 0.6654761904761904 0.6990712074303406 0.7702380952380953 0.708359133126935 0.7988095238095239 0.718266253869969 0.8178571428571428 0.746749226006192 0.8178571428571428 0.7473684210526316 0.8166666666666667 0.7473684210526316 0.6285714285714286 0.698452012383901 0.6285714285714286 
19 0.6489164086687307 0.6190476190476191 0.6340557275541796 0.6285714285714286 0.6340557275541796 0.6833333333333333 0.6390092879256966 0.7880952380952381 0.6445820433436532 0.8083333333333333 0.6489164086687307 0.8166666666666667 0.6588235294117647 0.8261904761904761 0.6637770897832818 0.8273809523809523 0.6681114551083591 0.8273809523809523 0.7021671826625387 0.8083333333333333 0.7027863777089783 0.8071428571428572 0.7027863777089783 0.7714285714285715 0.6928792569659443 0.6571428571428571 0.6879256965944273 0.638095238095238 0.6780185758513931 0.6285714285714286 0.6582043343653251 0.6190476190476191 0.6489164086687307 0.6190476190476191 
20 0.6099071207430341 0.6095238095238096 0.5944272445820433 0.6190476190476191 0.5944272445820433 0.6547619047619048 0.6043343653250774 0.7702380952380953 0.6092879256965944 0.8083333333333333 0.614860681114551 0.8273809523809523 0.6191950464396285 0.8357142857142857 0.6204334365325077 0.8369047619047619 0.6328173374613003 0.8369047619047619 0.6334365325077399 0.8345238095238096 0.643343653250774 0.7023809523809523 0.643343653250774 0.6773809523809524 0.638390092879257 0.6202380952380953 0.6377708978328174 0.6190476190476191 0.6185758513931888 0.6095238095238096 0.6099071207430341 0.6095238095238096 
21 0.5746130030959752 0.6 0.5647058823529412 0.6095238095238096 0.5647058823529412 0.6738095238095239 0.5696594427244582 0.7511904761904762 0.5746130030959752 0.8083333333333333 0.5888544891640867 0.8083333333333333 0.5938080495356037 0.7988095238095239 0.6024767801857586 0.7226190476190476 0.6037151702786377 0.7023809523809523 0.6037151702786377 0.6476190476190476 0.5987616099071208 0.6202380952380953 0.5839009287925696 0.6 0.5746130030959752 0.6 
22 0.5510835913312694 0.580952380952381 0.534984520123839 0.5904761904761905 0.534984520123839 0.6726190476190477 0.5399380804953561 0.7511904761904762 0.544891640866873 0.8071428571428572 0.5455108359133127 0.8083333333333333 0.5591331269349845 0.8083333333333333 0.5640866873065016 0.7869047619047619 0.5690402476780185 0.7607142857142857 0.5690402476780185 0.6095238095238096 0.5578947368421052 0.580952380952381 0.5510835913312694 0.580952380952381 
23 0.5207430340557275 0.5619047619047619 0.5201238390092879 0.5630952380952381 0.5052631578947369 0.6023809523809524 0.5052631578947369 0.7702380952380953 0.518266253869969 0.7702380952380953 0.5294117647058824 0.7511904761904762 0.5343653250773994 0.7214285714285714 0.5393188854489164 0.6345238095238095 0.5393188854489164 0.5904761904761905 0.5244582043343653 0.5619047619047619 0.5207430340557275 0.5619047619047619 
24 0.48606811145510836 0.5904761904761905 0.4854489164086687 0.594047619047619 0.4854489164086687 0.7083333333333334 0.4904024767801858 0.7488095238095238 0.49102167182662537 0.7511904761904762 0.49907120743034056 0.7511904761904762 0.5046439628482973 0.7404761904761905 0.5095975232198142 0.7035714285714286 0.5095975232198142 0.6035714285714285 0.5089783281733746 0.6011904761904762 0.508359133126935 0.6 0.49473684210526314 0.5904761904761905 0.48606811145510836 0.5904761904761905 
25 0.4569659442724458 0.580952380952381 0.45572755417956656 0.5821428571428572 0.45572755417956656 0.5988095238095238 0.46068111455108357 0.6738095238095239 0.46563467492260063 0.7130952380952381 0.4712074303405573 0.7416666666666667 0.47554179566563465 0.75 0.4773993808049536 0.7511904761904762 0.4842105263157895 0.7511904761904762 0.4848297213622291 0.75 0.48978328173374613 0.6464285714285715 0.48978328173374613 0.5916666666666667 0.4848297213622291 0.580952380952381 0.4569659442724458 0.580952380952381 
26 0.4458204334365325 0.5714285714285714 0.4359133126934985 0.580952380952381 0.4359133126934985 0.6416666666666667 0.4408668730650155 0.6928571428571428 0.4458204334365325 0.7309523809523809 0.45077399380804956 0.7595238095238095 0.45572755417956656 0.7690476190476191 0.45758513931888545 0.7702380952380953 0.465015479876161 0.7702380952380953 0.465015479876161 0.6 0.460061919504644 0.580952380952381 0.4551083591331269 0.5726190476190476 0.4538699690402477 0.5714285714285714 0.4458204334365325 0.5714285714285714 
27 0.41671826625387 0.5904761904761905 0.4086687306501548 0.6 0.40123839009287926 0.6095238095238096 0.40123839009287926 0.6261904761904762 0.40619195046439627 0.7107142857142857 0.41114551083591333 0.7702380952380953 0.41609907120743034 0.7976190476190477 0.4173374613003096 0.7988095238095239 0.43034055727554177 0.7988095238095239 0.43529411764705883 0.7880952380952381 0.44024767801857584 0.7416666666666667 0.44024767801857584 0.594047619047619 0.43962848297213625 0.5904761904761905 0.41671826625387 0.5904761904761905 
28 0.3715170278637771 0.6 0.3715170278637771 0.7035714285714286 0.3814241486068111 0.7988095238095239 0.3863777089783282 0.8166666666666667 0.38699690402476783 0.8178571428571428 0.40495356037151703 0.8178571428571428 0.4055727554179567 0.8154761904761905 0.4105263157894737 0.655952380952381 0.4105263157894737 0.6226190476190476 0.40990712074303404 0.6190476190476191 0.4055727554179567 0.6095238095238096 0.3956656346749226 0.6 0.3715170278637771 0.6 
29 0.34674922600619196 0.6 0.33746130030959753 0.6095238095238096 0.3368421052631579 0.611904761904762 0.3368421052631579 0.6547619047619048 0.34674922600619196 0.8154761904761905 0.3473684210526316 0.8178571428571428 0.3609907120743034 0.8178571428571428 0.36594427244582045 0.8083333333333333 0.37089783281733746 0.7702380952380953 0.37585139318885447 0.7130952380952381 0.37585139318885447 0.6 0.34674922600619196 0.6 
30 0.3170278637770898 0.6190476190476191 0.2873065015479876 0.6285714285714286 0.2773993808049536 0.7642857142857142 0.2773993808049536 0.8345238095238096 0.2786377708978328 0.8369047619047619 0.291640866873065 0.8369047619047619 0.3306501547987616 0.8273809523809523 0.33622291021671824 0.8178571428571428 0.3411764705882353 0.7892857142857143 0.3461300309597523 0.675 0.3461300309597523 0.6476190476190476 0.3411764705882353 0.6190476190476191 0.3170278637770898 0.6190476190476191 
31 0.27306501547987616 0.6285714285714286 0.23281733746130032 0.638095238095238 0.22291021671826625 0.7523809523809524 0.22291021671826625 0.8083333333333333 0.22786377708978328 0.8178571428571428 0.2606811145510836 0.8178571428571428 0.26191950464396285 0.8166666666666667 0.26687306501547986 0.8083333333333333 0.28173374613003094 0.7392857142857143 0.286687306501548 0.7130952380952381 0.291640866873065 0.6845238095238095 0.291640866873065 0.638095238095238 0.286687306501548 0.6285714285714286 0.27306501547987616 0.6285714285714286 