2 0.29287925696594425 0.2761904761904762 0.2823529411764706 0.29523809523809524 0.27801857585139317 0.3142857142857143 0.2773993808049536 0.31785714285714284 0.2773993808049536 0.49166666666666664 0.27801857585139317 0.49404761904761907 0.2823529411764706 0.5035714285714286 0.31207430340557274 0.5214285714285715 0.31455108359133127 0.5214285714285715 0.3263157894736842 0.513095238095238 0.33126934984520123 0.475 0.33126934984520123 0.45714285714285713 0.31640866873065016 0.3333333333333333 0.3065015479876161 0.29523809523809524 0.3015479876160991 0.2773809523809524 0.30092879256965943 0.2761904761904762 0.29287925696594425 0.2761904761904762 
3 0.34179566563467495 0.3047619047619048 0.3219814241486068 0.34285714285714286 0.3219814241486068 0.5035714285714286 0.3269349845201238 0.5119047619047619 0.3281733746130031 0.513095238095238 0.37089783281733746 0.513095238095238 0.37089783281733746 0.4488095238095238 0.36594427244582045 0.3821428571428571 0.3560371517027864 0.3238095238095238 0.3510835913312694 0.3047619047619048 0.34179566563467495 0.3047619047619048 
4 0.3715170278637771 0.29523809523809524 0.36656346749226004 0.30714285714285716 0.36160990712074303 0.34404761904761905 0.36160990712074303 0.4107142857142857 0.36656346749226004 0.5035714285714286 0.3715170278637771 0.5119047619047619 0.37275541795665634 0.513095238095238 0.39504643962848296 0.513095238095238 0.4006191950464396 0.5023809523809524 0.4006191950464396 0.4392857142857143 0.38575851393188854 0.29642857142857143 0.3845201238390093 0.29523809523809524 0.3715170278637771 0.29523809523809524 
5 0.3913312693498452 0.29523809523809524 0.3863777089783282 0.305952380952381 0.3863777089783282 0.4166666666666667 0.39628482972136225 0.5011904761904762 0.39690402476780184 0.5035714285714286 0.40123839009287926 0.513095238095238 0.4179566563467492 0.513095238095238 0.43343653250773995 0.49404761904761907 0.43529411764705883 0.49166666666666664 0.43529411764705883 0.4488095238095238 0.4055727554179567 0.305952380952381 0.4006191950464396 0.29523809523809524 0.3913312693498452 0.29523809523809524 
6 0.41671826625387 0.24761904761904763 0.41114551083591333 0.25833333333333336 0.41114551083591333 0.3404761904761905 0.41609907120743034 0.41785714285714287 0.4260061919504644 0.5035714285714286 0.43157894736842106 0.513095238095238 0.44953560371517026 0.513095238095238 0.4501547987616099 0.5119047619047619 0.4544891640866873 0.49404761904761907 0.4551083591331269 0.49047619047619045 0.4551083591331269 0.4666666666666667 0.4501547987616099 0.4 0.43034055727554177 0.25833333333333336 0.42538699690402476 0.24761904761904763 0.41671826625387 0.24761904761904763 
7 0.45572755417956656 0.3047619047619048 0.45077399380804956 0.325 0.4458204334365325 0.39166666666666666 0.4458204334365325 0.475 0.45077399380804956 0.5023809523809524 0.4563467492260062 0.513095238095238 0.46873065015479876 0.513095238095238 0.47492260061919506 0.5035714285714286 0.47987616099071206 0.4928571428571429 0.47987616099071206 0.4297619047619048 0.47492260061919506 0.34404761904761905 0.469969040247678 0.305952380952381 0.46873065015479876 0.3047619047619048 0.45572755417956656 0.3047619047619048 
8 0.48297213622291024 0.29523809523809524 0.48111455108359136 0.29642857142857143 0.47554179566563465 0.31547619047619047 0.47058823529411764 0.4011904761904762 0.47058823529411764 0.4369047619047619 0.47554179566563465 0.5035714285714286 0.49907120743034056 0.5035714285714286 0.4996904024767802 0.5023809523809524 0.4996904024767802 0.325 0.49473684210526314 0.29523809523809524 0.48297213622291024 0.29523809523809524 
9 0.5126934984520124 0.3047619047619048 0.5114551083591331 0.305952380952381 0.5102167182662539 0.30833333333333335 0.5058823529411764 0.3238095238095238 0.5052631578947369 0.32857142857142857 0.5003095975232198 0.37142857142857144 0.4953560371517028 0.42023809523809524 0.4953560371517028 0.4654761904761905 0.5052631578947369 0.5035714285714286 0.5102167182662539 0.5119047619047619 0.5114551083591331 0.513095238095238 0.5238390092879257 0.513095238095238 0.5244582043343653 0.5119047619047619 0.5244582043343653 0.3047619047619048 0.5126934984520124 0.3047619047619048 
10 0.5306501547987617 0.3142857142857143 0.530030959752322 0.31547619047619047 0.525077399380805 0.34404761904761905 0.5201238390092879 0.4107142857142857 0.5201238390092879 0.49404761904761907 0.530030959752322 0.5035714285714286 0.5393188854489164 0.5035714285714286 0.5492260061919505 0.49404761904761907 0.5492260061919505 0.3357142857142857 0.5442724458204334 0.3142857142857143 0.5306501547987617 0.3142857142857143 
11 0.5801857585139318 0.2571428571428571 0.5795665634674922 0.25833333333333336 0.5746130030959752 0.2773809523809524 0.5696594427244582 0.3047619047619048 0.5597523219814241 0.3821428571428571 0.5597523219814241 0.4738095238095238 0.5647058823529412 0.49404761904761907 0.5702786377708978 0.5035714285714286 0.58328173374613 0.5035714285714286 0.5888544891640867 0.4928571428571429 0.5938080495356037 0.4654761904761905 0.5938080495356037 0.2571428571428571 0.5801857585139318 0.2571428571428571 
12 0.6068111455108359 0.29523809523809524 0.604953560371517 0.29642857142857143 0.5993808049535604 0.3047619047619048 0.5944272445820433 0.3238095238095238 0.5894736842105263 0.3523809523809524 0.5845201238390093 0.45714285714285713 0.5845201238390093 0.4845238095238095 0.5993808049535604 0.5035714285714286 0.6130030959752322 0.5035714285714286 0.6185758513931888 0.475 0.6185758513931888 0.29523809523809524 0.6068111455108359 0.29523809523809524 
13 0.6210526315789474 0.3047619047619048 0.6191950464396285 0.305952380952381 0.6142414860681115 0.31547619047619047 0.6092879256965944 0.4666666666666667 0.6092879256965944 0.49166666666666664 0.6142414860681115 0.5035714285714286 0.638390092879257 0.5035714285714286 0.643343653250774 0.4928571428571429 0.643343653250774 0.35595238095238096 0.638390092879257 0.3142857142857143 0.6334365325077399 0.305952380952381 0.6321981424148607 0.3047619047619048 0.6210526315789474 0.3047619047619048 
14 0.6544891640866873 0.2761904761904762 0.6538699690402476 0.2773809523809524 0.6489164086687307 0.29642857142857143 0.6439628482972136 0.3238095238095238 0.6390092879256966 0.3523809523809524 0.6390092879256966 0.4845238095238095 0.6439628482972136 0.49404761904761907 0.6575851393188854 0.49404761904761907 0.679876160990712 0.4845238095238095 0.6829721362229102 0.48214285714285715 0.6829721362229102 0.31547619047619047 0.6773993808049535 0.29523809523809524 0.6631578947368421 0.2761904761904762 0.6544891640866873 0.2761904761904762 
15 0.6947368421052632 0.2571428571428571 0.6934984520123839 0.25833333333333336 0.6885448916408669 0.26666666666666666 0.6835913312693499 0.2857142857142857 0.6786377708978328 0.305952380952381 0.6786377708978328 0.46190476190476193 0.6792569659442724 0.4654761904761905 0.6885448916408669 0.4845238095238095 0.7071207430340557 0.4845238095238095 0.7226006191950465 0.475 0.7275541795665634 0.45357142857142857 0.7275541795665634 0.4011904761904762 0.7219814241486068 0.3333333333333333 0.7176470588235294 0.2833333333333333 0.7170278637770898 0.2785714285714286 0.7126934984520124 0.25833333333333336 0.7120743034055728 0.2571428571428571 0.6947368421052632 0.2571428571428571 
18 0.7003095975232199 0.5047619047619047 0.6736842105263158 0.5142857142857142 0.6687306501547987 0.5238095238095238 0.6687306501547987 0.5797619047619048 0.6835913312693499 0.6547619047619048 0.6885448916408669 0.675 0.698452012383901 0.7023809523809523 0.713312693498452 0.7321428571428571 0.7269349845201238 0.7321428571428571 0.7374613003095976 0.7226190476190476 0.7374613003095976 0.6476190476190476 0.7325077399380805 0.5511904761904762 0.7318885448916409 0.5428571428571428 0.7275541795665634 0.5154761904761904 0.7226006191950465 0.5059523809523809 0.7207430340557276 0.5047619047619047 0.7003095975232199 0.5047619047619047 
19 0.6495356037151703 0.5238095238095238 0.6198142414860681 0.5333333333333333 0.6191950464396285 0.5357142857142857 0.6191950464396285 0.5773809523809523 0.6340557275541796 0.7035714285714286 0.6390092879256966 0.7404761904761905 0.6489164086687307 0.7595238095238095 0.6501547987616099 0.7607142857142857 0.6575851393188854 0.7607142857142857 0.6978328173374613 0.7321428571428571 0.6978328173374613 0.6964285714285714 0.6730650154798762 0.5333333333333333 0.6625386996904025 0.5238095238095238 0.6495356037151703 0.5238095238095238 
20 0.5944272445820433 0.5428571428571428 0.590092879256966 0.5523809523809524 0.5894736842105263 0.5595238095238095 0.5894736842105263 0.5821428571428572 0.5993808049535604 0.7107142857142857 0.6043343653250774 0.7511904761904762 0.6092879256965944 0.7595238095238095 0.6111455108359133 0.7607142857142857 0.6123839009287926 0.7607142857142857 0.6136222910216719 0.7595238095238095 0.6185758513931888 0.7511904761904762 0.6229102167182663 0.7416666666666667 0.6235294117647059 0.7392857142857143 0.628482972136223 0.6059523809523809 0.628482972136223 0.5726190476190476 0.6235294117647059 0.5523809523809524 0.6136222910216719 0.5428571428571428 0.5944272445820433 0.5428571428571428 
21 0.5702786377708978 0.5428571428571428 0.5647058823529412 0.5535714285714286 0.5647058823529412 0.694047619047619 0.5696594427244582 0.7404761904761905 0.5801857585139318 0.7607142857142857 0.5925696594427244 0.7607142857142857 0.5938080495356037 0.7595238095238095 0.5987616099071208 0.75 0.5987616099071208 0.580952380952381 0.5938080495356037 0.5523809523809524 0.5888544891640867 0.5428571428571428 0.5702786377708978 0.5428571428571428 
22 0.5405572755417957 0.5333333333333333 0.5399380804953561 0.5345238095238095 0.5399380804953561 0.7226190476190476 0.544891640866873 0.7488095238095238 0.5455108359133127 0.7511904761904762 0.5498452012383901 0.7607142857142857 0.5591331269349845 0.7607142857142857 0.5690402476780185 0.7404761904761905 0.5690402476780185 0.5547619047619048 0.5640866873065016 0.5345238095238095 0.5628482972136223 0.5333333333333333 0.5405572755417957 0.5333333333333333 
23 0.5201238390092879 0.5238095238095238 0.5201238390092879 0.655952380952381 0.525077399380805 0.694047619047619 0.5337461300309597 0.694047619047619 0.5343653250773994 0.6928571428571428 0.5386996904024768 0.6833333333333333 0.5442724458204334 0.6654761904761904 0.5442724458204334 0.5345238095238095 0.5436532507739938 0.5333333333333333 0.5337461300309597 0.5238095238095238 0.5201238390092879 0.5238095238095238 
24 0.5003095975232198 0.5238095238095238 0.5003095975232198 0.5988095238095238 0.5052631578947369 0.655952380952381 0.5102167182662539 0.6845238095238095 0.5151702786377709 0.694047619047619 0.5232198142414861 0.694047619047619 0.5244582043343653 0.6892857142857143 0.5244582043343653 0.5238095238095238 0.5003095975232198 0.5238095238095238 
25 0.48606811145510836 0.5238095238095238 0.4854489164086687 0.525 0.4854489164086687 0.6142857142857143 0.4904024767801858 0.6464285714285715 0.4953560371517028 0.6738095238095239 0.5003095975232198 0.6845238095238095 0.5095975232198142 0.6845238095238095 0.5095975232198142 0.5904761904761905 0.5046439628482973 0.5238095238095238 0.48606811145510836 0.5238095238095238 
26 0.47058823529411764 0.5238095238095238 0.47058823529411764 0.6142857142857143 0.4804953560371517 0.6845238095238095 0.4854489164086687 0.694047619047619 0.49473684210526314 0.694047619047619 0.49907120743034056 0.6845238095238095 0.4996904024767802 0.6761904761904762 0.4996904024767802 0.6488095238095238 0.48978328173374613 0.5333333333333333 0.4842105263157895 0.5238095238095238 0.47058823529411764 0.5238095238095238 
27 0.45572755417956656 0.5238095238095238 0.4458204334365325 0.5333333333333333 0.4458204334365325 0.6261904761904762 0.45077399380804956 0.6928571428571428 0.45572755417956656 0.7321428571428571 0.46068111455108357 0.7416666666666667 0.47058823529411764 0.7416666666666667 0.47368421052631576 0.7380952380952381 0.47492260061919506 0.7345238095238096 0.47492260061919506 0.5428571428571428 0.469969040247678 0.5333333333333333 0.46439628482972134 0.5238095238095238 0.45572755417956656 0.5238095238095238 
28 0.426625386996904 0.5333333333333333 0.42105263157894735 0.5428571428571428 0.41609907120743034 0.5523809523809524 0.41609907120743034 0.5892857142857143 0.42105263157894735 0.6440476190476191 0.4309597523219814 0.7416666666666667 0.44458204334365325 0.7416666666666667 0.4501547987616099 0.7309523809523809 0.4501547987616099 0.5523809523809524 0.44024767801857584 0.5345238095238095 0.43839009287925695 0.5333333333333333 0.426625386996904 0.5333333333333333 
29 0.39690402476780184 0.5428571428571428 0.3814241486068111 0.5619047619047619 0.3814241486068111 0.5964285714285714 0.3913312693498452 0.7297619047619047 0.39628482972136225 0.7511904761904762 0.4024767801857585 0.7607142857142857 0.4105263157894737 0.7607142857142857 0.4154798761609907 0.75 0.42043343653250775 0.7214285714285714 0.42043343653250775 0.544047619047619 0.4198142414860681 0.5428571428571428 0.39690402476780184 0.5428571428571428 
30 0.34241486068111454 0.5428571428571428 0.3318885448916409 0.5619047619047619 0.3170278637770898 0.7142857142857143 0.3170278637770898 0.7476190476190476 0.3176470588235294 0.7511904761904762 0.36160990712074303 0.7797619047619048 0.37089783281733746 0.7797619047619048 0.37585139318885447 0.7702380952380953 0.38080495356037153 0.7511904761904762 0.3907120743034056 0.6083333333333333 0.3907120743034056 0.5428571428571428 0.34241486068111454 0.5428571428571428 
31 0.2823529411764706 0.5333333333333333 0.2823529411764706 0.6428571428571429 0.2873065015479876 0.7404761904761905 0.29287925696594425 0.7511904761904762 0.31640866873065016 0.7511904761904762 0.32136222910216716 0.7321428571428571 0.3263157894736842 0.7023809523809523 0.33126934984520123 0.6654761904761904 0.33622291021671824 0.6273809523809524 0.3411764705882353 0.5702380952380952 0.3411764705882353 0.5523809523809524 0.33126934984520123 0.5333333333333333 0.2823529411764706 0.5333333333333333 