2 0.2773993808049536 0.4666666666666667 0.26811145510835915 0.47619047619047616 0.2674922600619195 0.4785714285714286 0.2476780185758514 0.6130952380952381 0.2476780185758514 0.6166666666666667 0.25263157894736843 0.6369047619047619 0.26377708978328174 0.6464285714285715 0.3015479876160991 0.6464285714285715 0.3065015479876161 0.6345238095238095 0.3065015479876161 0.6 0.3015479876160991 0.5428571428571428 0.29659442724458207 0.5047619047619047 0.291640866873065 0.4785714285714286 0.29102167182662536 0.47619047619047616 0.28606811145510835 0.4666666666666667 0.2773993808049536 0.4666666666666667 
3 0.3170278637770898 0.47619047619047616 0.2978328173374613 0.49523809523809526 0.29721362229102166 0.4976190476190476 0.29721362229102166 0.5369047619047619 0.3021671826625387 0.655952380952381 0.3442724458204334 0.655952380952381 0.3461300309597523 0.6547619047619048 0.35541795665634673 0.6464285714285715 0.3560371517027864 0.6452380952380953 0.3560371517027864 0.6 0.33622291021671824 0.49523809523809526 0.33126934984520123 0.47619047619047616 0.3170278637770898 0.47619047619047616 
4 0.3473684210526316 0.45714285714285713 0.34674922600619196 0.4583333333333333 0.34674922600619196 0.6464285714285715 0.3523219814241486 0.655952380952381 0.37089783281733746 0.655952380952381 0.3845201238390093 0.6464285714285715 0.38575851393188854 0.6452380952380953 0.38575851393188854 0.5904761904761905 0.37089783281733746 0.5047619047619047 0.3560371517027864 0.45714285714285713 0.3473684210526316 0.45714285714285713 
5 0.37708978328173376 0.4666666666666667 0.3764705882352941 0.46904761904761905 0.3764705882352941 0.6535714285714286 0.37708978328173376 0.655952380952381 0.4037151702786378 0.655952380952381 0.42043343653250775 0.6464285714285715 0.42043343653250775 0.6107142857142858 0.4006191950464396 0.49523809523809526 0.3956656346749226 0.4773809523809524 0.3907120743034056 0.4666666666666667 0.37708978328173376 0.4666666666666667 
6 0.4068111455108359 0.41904761904761906 0.40619195046439627 0.42023809523809524 0.40619195046439627 0.5988095238095238 0.41114551083591333 0.6547619047619048 0.4117647058823529 0.655952380952381 0.4390092879256966 0.655952380952381 0.4452012383900929 0.6452380952380953 0.4452012383900929 0.5714285714285714 0.44024767801857584 0.525 0.4346749226006192 0.4857142857142857 0.43034055727554177 0.46785714285714286 0.42043343653250775 0.42857142857142855 0.4148606811145511 0.41904761904761906 0.4068111455108359 0.41904761904761906 
7 0.45139318885448915 0.45714285714285713 0.45077399380804956 0.4583333333333333 0.4458204334365325 0.4857142857142857 0.4408668730650155 0.5916666666666667 0.4408668730650155 0.6428571428571429 0.44148606811145513 0.6464285714285715 0.469969040247678 0.6464285714285715 0.469969040247678 0.4857142857142857 0.465015479876161 0.4595238095238095 0.46439628482972134 0.45714285714285713 0.45139318885448915 0.45714285714285713 
8 0.4854489164086687 0.45714285714285713 0.4804953560371517 0.4666666666666667 0.4761609907120743 0.4857142857142857 0.47554179566563465 0.48928571428571427 0.47058823529411764 0.5238095238095238 0.46563467492260063 0.5916666666666667 0.46563467492260063 0.6464285714285715 0.47058823529411764 0.6547619047619048 0.4718266253869969 0.655952380952381 0.503405572755418 0.655952380952381 0.5046439628482973 0.6547619047619048 0.5095975232198142 0.6464285714285715 0.5095975232198142 0.5714285714285714 0.5046439628482973 0.5047619047619047 0.49473684210526314 0.45714285714285713 0.4854489164086687 0.45714285714285713 
9 0.534984520123839 0.47619047619047616 0.525077399380805 0.4857142857142857 0.5157894736842106 0.5142857142857142 0.5151702786377709 0.5166666666666667 0.5052631578947369 0.5654761904761905 0.5003095975232198 0.6392857142857142 0.5003095975232198 0.6464285714285715 0.5052631578947369 0.655952380952381 0.5442724458204334 0.655952380952381 0.5492260061919505 0.6238095238095238 0.5541795665634675 0.569047619047619 0.5541795665634675 0.47619047619047616 0.534984520123839 0.47619047619047616 
10 0.5554179566563467 0.49523809523809526 0.5498452012383901 0.5047619047619047 0.5399380804953561 0.6190476190476191 0.5399380804953561 0.6452380952380953 0.5405572755417957 0.6464285714285715 0.5690402476780185 0.6464285714285715 0.5690402476780185 0.5 0.5684210526315789 0.49642857142857144 0.5671826625386996 0.49523809523809526 0.5554179566563467 0.49523809523809526 
11 0.5956656346749226 0.4380952380952381 0.5944272445820433 0.4392857142857143 0.5894736842105263 0.4488095238095238 0.5746130030959752 0.525 0.5696594427244582 0.5535714285714286 0.5696594427244582 0.6273809523809524 0.5795665634674922 0.6464285714285715 0.5938080495356037 0.6464285714285715 0.5987616099071208 0.6369047619047619 0.6030959752321982 0.6261904761904762 0.6037151702786377 0.6238095238095238 0.6086687306501548 0.48333333333333334 0.6086687306501548 0.44047619047619047 0.6080495356037152 0.4380952380952381 0.5956656346749226 0.4380952380952381 
12 0.6340557275541796 0.4666666666666667 0.6241486068111455 0.47619047619047616 0.6191950464396285 0.4857142857142857 0.6092879256965944 0.5142857142857142 0.5993808049535604 0.5630952380952381 0.5993808049535604 0.6273809523809524 0.6043343653250774 0.6369047619047619 0.6142414860681115 0.6428571428571429 0.6191950464396285 0.6452380952380953 0.6235294117647059 0.6452380952380953 0.628482972136223 0.6357142857142857 0.6334365325077399 0.5773809523809523 0.638390092879257 0.513095238095238 0.638390092879257 0.46904761904761905 0.6377708978328174 0.4666666666666667 0.6340557275541796 0.4666666666666667 
13 0.6445820433436532 0.47619047619047616 0.6390092879256966 0.4869047619047619 0.6291021671826625 0.525 0.6241486068111455 0.5714285714285714 0.6241486068111455 0.6369047619047619 0.6390092879256966 0.6428571428571429 0.648297213622291 0.6428571428571429 0.6613003095975232 0.6369047619047619 0.6631578947368421 0.6345238095238095 0.6674922600619195 0.6273809523809524 0.6681114551083591 0.6238095238095238 0.6681114551083591 0.6095238095238096 0.6582043343653251 0.4773809523809524 0.6575851393188854 0.47619047619047616 0.6445820433436532 0.47619047619047616 
14 0.6786377708978328 0.45714285714285713 0.6736842105263158 0.46904761904761905 0.6687306501547987 0.4869047619047619 0.6637770897832818 0.5059523809523809 0.6538699690402476 0.5821428571428572 0.6538699690402476 0.6464285714285715 0.6637770897832818 0.655952380952381 0.6978328173374613 0.655952380952381 0.7077399380804954 0.6464285714285715 0.7077399380804954 0.4773809523809524 0.7071207430340557 0.47619047619047616 0.6829721362229102 0.45714285714285713 0.6786377708978328 0.45714285714285713 
15 0.7232198142414861 0.45714285714285713 0.718266253869969 0.4666666666666667 0.7089783281733746 0.4857142857142857 0.708359133126935 0.4880952380952381 0.7034055727554179 0.5238095238095238 0.698452012383901 0.580952380952381 0.698452012383901 0.6154761904761905 0.7034055727554179 0.6357142857142857 0.708359133126935 0.6464285714285715 0.7269349845201238 0.6464285714285715 0.7325077399380805 0.6440476190476191 0.7424148606811145 0.6369047619047619 0.7473684210526316 0.6273809523809524 0.7473684210526316 0.594047619047619 0.7424148606811145 0.5011904761904762 0.7417956656346749 0.49523809523809526 0.7374613003095976 0.4583333333333333 0.7368421052631579 0.45714285714285713 0.7232198142414861 0.45714285714285713 
19 0.7281733746130031 0.6285714285714286 0.7034055727554179 0.638095238095238 0.6934984520123839 0.6476190476190476 0.6885448916408669 0.6571428571428571 0.6885448916408669 0.6833333333333333 0.708359133126935 0.7321428571428571 0.7331269349845201 0.7797619047619048 0.7653250773993808 0.7797619047619048 0.7671826625386997 0.7785714285714286 0.7671826625386997 0.725 0.7523219814241486 0.638095238095238 0.7473684210526316 0.6285714285714286 0.7281733746130031 0.6285714285714286 
20 0.6334365325077399 0.6285714285714286 0.6291021671826625 0.6297619047619047 0.6241486068111455 0.6404761904761904 0.6241486068111455 0.675 0.6340557275541796 0.7416666666666667 0.6390092879256966 0.7607142857142857 0.6495356037151703 0.7964285714285714 0.6513931888544892 0.7988095238095239 0.6588235294117647 0.8071428571428572 0.660061919504644 0.8083333333333333 0.6730650154798762 0.8083333333333333 0.6730650154798762 0.7238095238095238 0.6681114551083591 0.6583333333333333 0.6582043343653251 0.638095238095238 0.653250773993808 0.6285714285714286 0.6334365325077399 0.6285714285714286 
21 0.6043343653250774 0.6285714285714286 0.5944272445820433 0.6476190476190476 0.5944272445820433 0.6654761904761904 0.6043343653250774 0.7583333333333333 0.6092879256965944 0.7892857142857143 0.6142414860681115 0.8154761904761905 0.614860681114551 0.8178571428571428 0.628482972136223 0.8178571428571428 0.6334365325077399 0.8083333333333333 0.6334365325077399 0.638095238095238 0.628482972136223 0.6285714285714286 0.6043343653250774 0.6285714285714286 
22 0.5758513931888545 0.6190476190476191 0.5696594427244582 0.6285714285714286 0.5696594427244582 0.75 0.5746130030959752 0.7797619047619048 0.5795665634674922 0.8083333333333333 0.5931888544891641 0.8083333333333333 0.5938080495356037 0.805952380952381 0.6037151702786377 0.6916666666666667 0.6037151702786377 0.6285714285714286 0.5758513931888545 0.6190476190476191 
23 0.5671826625386996 0.6095238095238096 0.5653250773993808 0.6107142857142858 0.5399380804953561 0.6285714285714286 0.5399380804953561 0.6928571428571428 0.544891640866873 0.7476190476190476 0.5498452012383901 0.7892857142857143 0.5547987616099072 0.7988095238095239 0.5690402476780185 0.7988095238095239 0.5739938080495356 0.6547619047619048 0.5739938080495356 0.6130952380952381 0.573374613003096 0.6107142857142858 0.5721362229102167 0.6095238095238096 0.5671826625386996 0.6095238095238096 
24 0.5405572755417957 0.638095238095238 0.5151702786377709 0.6476190476190476 0.5151702786377709 0.6654761904761904 0.5201238390092879 0.7488095238095238 0.5256965944272446 0.7702380952380953 0.530030959752322 0.7785714285714286 0.5312693498452012 0.7797619047619048 0.5393188854489164 0.7797619047619048 0.5442724458204334 0.7702380952380953 0.5442724458204334 0.6392857142857142 0.5436532507739938 0.638095238095238 0.5405572755417957 0.638095238095238 
25 0.5009287925696595 0.638095238095238 0.4854489164086687 0.6488095238095238 0.4854489164086687 0.6642857142857143 0.4904024767801858 0.7416666666666667 0.4953560371517028 0.7880952380952381 0.5003095975232198 0.7988095238095239 0.5065015479876162 0.7988095238095239 0.5095975232198142 0.7976190476190477 0.5145510835913313 0.7880952380952381 0.5195046439628483 0.7488095238095238 0.5195046439628483 0.6476190476190476 0.5089783281733746 0.638095238095238 0.5009287925696595 0.638095238095238 
26 0.4693498452012384 0.6285714285714286 0.46563467492260063 0.6297619047619047 0.4563467492260062 0.638095238095238 0.45572755417956656 0.6392857142857142 0.45572755417956656 0.6642857142857143 0.47058823529411764 0.7785714285714286 0.4761609907120743 0.7892857142857143 0.4885448916408669 0.7892857142857143 0.48978328173374613 0.7869047619047619 0.49473684210526314 0.7690476190476191 0.49473684210526314 0.6571428571428571 0.48978328173374613 0.6476190476190476 0.469969040247678 0.6285714285714286 0.4693498452012384 0.6285714285714286 
27 0.43653250773993807 0.638095238095238 0.4309597523219814 0.6476190476190476 0.42105263157894735 0.6678571428571428 0.42105263157894735 0.8547619047619047 0.42291021671826623 0.8559523809523809 0.4247678018575851 0.8559523809523809 0.44024767801857584 0.8464285714285714 0.4501547987616099 0.8369047619047619 0.4551083591331269 0.8273809523809523 0.460061919504644 0.805952380952381 0.465015479876161 0.7797619047619048 0.465015479876161 0.7142857142857143 0.460061919504644 0.638095238095238 0.43653250773993807 0.638095238095238 
28 0.40123839009287926 0.638095238095238 0.39628482972136225 0.6476190476190476 0.39195046439628484 0.6571428571428571 0.3913312693498452 0.6595238095238095 0.3814241486068111 0.819047619047619 0.3814241486068111 0.8369047619047619 0.4006191950464396 0.8369047619047619 0.40928792569659445 0.8178571428571428 0.4154798761609907 0.7976190476190477 0.42043343653250775 0.7797619047619048 0.42538699690402476 0.7583333333333333 0.42538699690402476 0.6571428571428571 0.4154798761609907 0.6392857142857142 0.4136222910216718 0.638095238095238 0.40123839009287926 0.638095238095238 
29 0.3715170278637771 0.6476190476190476 0.35789473684210527 0.6571428571428571 0.356656346749226 0.6583333333333333 0.356656346749226 0.7321428571428571 0.36160990712074303 0.8071428571428572 0.36656346749226004 0.8369047619047619 0.3752321981424149 0.8369047619047619 0.38080495356037153 0.8273809523809523 0.38575851393188854 0.7797619047619048 0.3907120743034056 0.6964285714285714 0.3907120743034056 0.6476190476190476 0.3715170278637771 0.6476190476190476 
30 0.32260061919504646 0.6476190476190476 0.3027863777089783 0.6571428571428571 0.3021671826625387 0.6607142857142857 0.29226006191950465 0.7726190476190476 0.29226006191950465 0.8178571428571428 0.3455108359133127 0.8178571428571428 0.3510835913312694 0.8083333333333333 0.36594427244582045 0.6654761904761904 0.36594427244582045 0.6488095238095238 0.3653250773993808 0.6476190476190476 0.32260061919504646 0.6476190476190476 
31 0.2736842105263158 0.6285714285714286 0.25263157894736843 0.638095238095238 0.2476780185758514 0.6583333333333333 0.23281733746130032 0.7535714285714286 0.23281733746130032 0.7892857142857143 0.23777089783281732 0.7976190476190477 0.2532507739938081 0.8178571428571428 0.26625386996904027 0.8178571428571428 0.2755417956656347 0.8047619047619048 0.28606811145510835 0.7785714285714286 0.29102167182662536 0.7607142857142857 0.291640866873065 0.7583333333333333 0.3065015479876161 0.6928571428571428 0.31145510835913315 0.6642857142857143 0.31145510835913315 0.65 0.3108359133126935 0.6476190476190476 0.3065015479876161 0.6392857142857142 0.30526315789473685 0.638095238095238 0.28111455108359135 0.6285714285714286 0.2736842105263158 0.6285714285714286 