2 0.26873065015479874 0.4380952380952381 0.25758513931888544 0.4488095238095238 0.25758513931888544 0.475 0.2625386996904025 0.5880952380952381 0.2674922600619195 0.5988095238095238 0.30030959752321984 0.5988095238095238 0.3015479876160991 0.5976190476190476 0.3065015479876161 0.5892857142857143 0.31145510835913315 0.5797619047619048 0.31145510835913315 0.5452380952380952 0.3015479876160991 0.49642857142857144 0.291640866873065 0.45714285714285713 0.28173374613003094 0.4392857142857143 0.27987616099071205 0.4380952380952381 0.26873065015479874 0.4380952380952381 
3 0.3318885448916409 0.4380952380952381 0.3126934984520124 0.44761904761904764 0.30712074303405573 0.45714285714285713 0.30712074303405573 0.5023809523809524 0.31207430340557274 0.5797619047619048 0.3176470588235294 0.5892857142857143 0.3269349845201238 0.5988095238095238 0.3609907120743034 0.5988095238095238 0.36594427244582045 0.5892857142857143 0.36594427244582045 0.5273809523809524 0.3510835913312694 0.44166666666666665 0.3498452012383901 0.4392857142857143 0.34860681114551084 0.4380952380952381 0.3318885448916409 0.4380952380952381 
4 0.356656346749226 0.42857142857142855 0.356656346749226 0.49404761904761907 0.36160990712074303 0.5785714285714286 0.36656346749226004 0.5892857142857143 0.3956656346749226 0.5892857142857143 0.4006191950464396 0.5797619047619048 0.4006191950464396 0.5547619047619048 0.3907120743034056 0.47619047619047616 0.38080495356037153 0.4392857142857143 0.3702786377708978 0.42857142857142855 0.356656346749226 0.42857142857142855 
6 0.4024767801857585 0.4 0.39628482972136225 0.4011904761904762 0.3913312693498452 0.4095238095238095 0.3863777089783282 0.430952380952381 0.3863777089783282 0.5321428571428571 0.3913312693498452 0.5892857142857143 0.4136222910216718 0.5892857142857143 0.4154798761609907 0.5880952380952381 0.42043343653250775 0.5797619047619048 0.42043343653250775 0.47619047619047616 0.4154798761609907 0.41904761904761906 0.4105263157894737 0.4011904761904762 0.40990712074303404 0.4 0.4024767801857585 0.4 
7 0.42105263157894735 0.41904761904761906 0.41609907120743034 0.45714285714285713 0.41609907120743034 0.5797619047619048 0.4452012383900929 0.5797619047619048 0.4452012383900929 0.5154761904761904 0.44024767801857584 0.430952380952381 0.43962848297213625 0.42857142857142855 0.43529411764705883 0.41904761904761906 0.42105263157894735 0.41904761904761906 
8 0.4470588235294118 0.42857142857142855 0.4458204334365325 0.430952380952381 0.4408668730650155 0.5166666666666667 0.4408668730650155 0.5785714285714286 0.44148606811145513 0.5797619047619048 0.45572755417956656 0.5892857142857143 0.4792569659442725 0.5892857142857143 0.47987616099071206 0.5869047619047619 0.47987616099071206 0.5630952380952381 0.469969040247678 0.4488095238095238 0.465015479876161 0.42857142857142855 0.4470588235294118 0.42857142857142855 
9 0.486687306501548 0.41904761904761906 0.4854489164086687 0.42023809523809524 0.4804953560371517 0.42857142857142855 0.47554179566563465 0.45714285714285713 0.47058823529411764 0.5047619047619047 0.47058823529411764 0.5892857142857143 0.5089783281733746 0.5892857142857143 0.5095975232198142 0.5869047619047619 0.5095975232198142 0.4595238095238095 0.5040247678018576 0.4380952380952381 0.49473684210526314 0.42023809523809524 0.4934984520123839 0.41904761904761906 0.486687306501548 0.41904761904761906 
10 0.5120743034055728 0.4380952380952381 0.5102167182662539 0.4392857142857143 0.5058823529411764 0.45714285714285713 0.5052631578947369 0.4607142857142857 0.5052631578947369 0.5880952380952381 0.5058823529411764 0.5892857142857143 0.5114551083591331 0.5892857142857143 0.5294117647058824 0.5797619047619048 0.5294117647058824 0.4488095238095238 0.5244582043343653 0.4380952380952381 0.5120743034055728 0.4380952380952381 
11 0.5455108359133127 0.38095238095238093 0.544891640866873 0.3821428571428571 0.5399380804953561 0.4107142857142857 0.525077399380805 0.5059523809523809 0.525077399380805 0.5702380952380952 0.5356037151702786 0.5892857142857143 0.544891640866873 0.5988095238095238 0.5640866873065016 0.5988095238095238 0.5690402476780185 0.5797619047619048 0.5690402476780185 0.5619047619047619 0.5640866873065016 0.4011904761904762 0.5541795665634675 0.3821428571428571 0.5529411764705883 0.38095238095238093 0.5455108359133127 0.38095238095238093 
12 0.5857585139318885 0.41904761904761906 0.5845201238390093 0.42142857142857143 0.5647058823529412 0.47619047619047616 0.5597523219814241 0.49523809523809526 0.5547987616099072 0.5916666666666667 0.5547987616099072 0.5976190476190476 0.5560371517027863 0.5988095238095238 0.5752321981424149 0.6083333333333333 0.5882352941176471 0.6083333333333333 0.5888544891640867 0.6071428571428571 0.5938080495356037 0.5869047619047619 0.6037151702786377 0.475 0.6037151702786377 0.41904761904761906 0.5857585139318885 0.41904761904761906 
14 0.6142414860681115 0.42857142857142855 0.6092879256965944 0.4392857142857143 0.6043343653250774 0.45714285714285713 0.5993808049535604 0.4773809523809524 0.595046439628483 0.49523809523809526 0.5894736842105263 0.5261904761904762 0.5845201238390093 0.5821428571428572 0.5845201238390093 0.5869047619047619 0.5851393188854489 0.5892857142857143 0.5894736842105263 0.5988095238095238 0.6142414860681115 0.6059523809523809 0.6297213622291021 0.6083333333333333 0.6321981424148607 0.6083333333333333 0.638390092879257 0.5988095238095238 0.653250773993808 0.5011904761904762 0.653250773993808 0.44761904761904764 0.6235294117647059 0.42857142857142855 0.6142414860681115 0.42857142857142855 
18 0.6291021671826625 0.6 0.6291021671826625 0.6607142857142857 0.6297213622291021 0.6654761904761904 0.6340557275541796 0.6821428571428572 0.6588235294117647 0.75 0.6637770897832818 0.7607142857142857 0.6743034055727554 0.7797619047619048 0.6823529411764706 0.7797619047619048 0.6978328173374613 0.7702380952380953 0.6978328173374613 0.705952380952381 0.6928792569659443 0.6488095238095238 0.6879256965944273 0.6095238095238096 0.6829721362229102 0.6011904761904762 0.6817337461300309 0.6 0.6291021671826625 0.6 
20 0.5851393188854489 0.6666666666666666 0.5845201238390093 0.6678571428571428 0.5845201238390093 0.75 0.5894736842105263 0.7892857142857143 0.595046439628483 0.7988095238095239 0.6080495356037152 0.7988095238095239 0.6136222910216719 0.7880952380952381 0.6185758513931888 0.7321428571428571 0.6185758513931888 0.6761904761904762 0.6136222910216719 0.6666666666666666 0.5851393188854489 0.6666666666666666 
21 0.5405572755417957 0.580952380952381 0.5399380804953561 0.5821428571428572 0.5399380804953561 0.6273809523809524 0.5498452012383901 0.7 0.5547987616099072 0.7321428571428571 0.5597523219814241 0.7607142857142857 0.5702786377708978 0.7797619047619048 0.5826625386996904 0.7797619047619048 0.5839009287925696 0.7785714285714286 0.5839009287925696 0.6202380952380953 0.5789473684210527 0.6 0.5690402476780185 0.5904761904761905 0.5479876160990712 0.580952380952381 0.5405572755417957 0.580952380952381 
22 0.5201238390092879 0.580952380952381 0.5201238390092879 0.694047619047619 0.525077399380805 0.805952380952381 0.5256965944272446 0.8083333333333333 0.5393188854489164 0.8083333333333333 0.5492260061919505 0.7892857142857143 0.5541795665634675 0.6523809523809524 0.5541795665634675 0.6476190476190476 0.5442724458204334 0.580952380952381 0.5201238390092879 0.580952380952381 
23 0.49597523219814244 0.580952380952381 0.4953560371517028 0.5821428571428572 0.4953560371517028 0.7797619047619048 0.5089783281733746 0.7797619047619048 0.5095975232198142 0.7773809523809524 0.5145510835913313 0.7488095238095238 0.5195046439628483 0.6726190476190477 0.5195046439628483 0.580952380952381 0.49597523219814244 0.580952380952381 
24 0.48111455108359136 0.580952380952381 0.4804953560371517 0.5821428571428572 0.47554179566563465 0.6 0.47554179566563465 0.7511904761904762 0.4885448916408669 0.7511904761904762 0.48978328173374613 0.7488095238095238 0.49473684210526314 0.7202380952380952 0.4996904024767802 0.6452380952380953 0.4996904024767802 0.5845238095238096 0.49907120743034056 0.580952380952381 0.48111455108359136 0.580952380952381 
25 0.45572755417956656 0.580952380952381 0.45572755417956656 0.705952380952381 0.4563467492260062 0.7130952380952381 0.46068111455108357 0.7416666666666667 0.47492260061919506 0.7416666666666667 0.47987616099071206 0.6928571428571428 0.4848297213622291 0.6071428571428571 0.4848297213622291 0.580952380952381 0.45572755417956656 0.580952380952381 
26 0.4371517027863777 0.5714285714285714 0.4359133126934985 0.5738095238095238 0.4359133126934985 0.7690476190476191 0.4408668730650155 0.7785714285714286 0.44272445820433437 0.7797619047619048 0.4452012383900929 0.7797619047619048 0.4501547987616099 0.7690476190476191 0.4551083591331269 0.75 0.460061919504644 0.7202380952380952 0.465015479876161 0.6357142857142857 0.465015479876161 0.6107142857142858 0.460061919504644 0.5714285714285714 0.4371517027863777 0.5714285714285714 
27 0.41609907120743034 0.5714285714285714 0.41114551083591333 0.5904761904761905 0.40619195046439627 0.611904761904762 0.40619195046439627 0.7416666666666667 0.41114551083591333 0.7892857142857143 0.41671826625387 0.7988095238095239 0.4247678018575851 0.7988095238095239 0.43034055727554177 0.7892857142857143 0.4346749226006192 0.7511904761904762 0.43529411764705883 0.7452380952380953 0.44024767801857584 0.6547619047619048 0.44024767801857584 0.5904761904761905 0.43529411764705883 0.5726190476190476 0.43343653250773995 0.5714285714285714 0.41609907120743034 0.5714285714285714 
28 0.3863777089783282 0.5904761904761905 0.3814241486068111 0.6 0.3814241486068111 0.7583333333333333 0.3863777089783282 0.7797619047619048 0.3956656346749226 0.7797619047619048 0.4105263157894737 0.7511904761904762 0.4154798761609907 0.6154761904761905 0.4154798761609907 0.5904761904761905 0.3863777089783282 0.5904761904761905 
29 0.34674922600619196 0.6761904761904762 0.34674922600619196 0.7488095238095238 0.35170278637770896 0.7880952380952381 0.35479876160990714 0.7892857142857143 0.37089783281733746 0.7892857142857143 0.37585139318885447 0.7797619047619048 0.38080495356037153 0.7488095238095238 0.38080495356037153 0.6761904761904762 0.34674922600619196 0.6761904761904762 
30 0.29226006191950465 0.5904761904761905 0.2873065015479876 0.6011904761904762 0.2823529411764706 0.6285714285714286 0.2724458204334365 0.6857142857142857 0.2724458204334365 0.7595238095238095 0.27306501547987616 0.7607142857142857 0.2873065015479876 0.7702380952380953 0.3015479876160991 0.7702380952380953 0.32136222910216716 0.7309523809523809 0.33126934984520123 0.7023809523809523 0.3411764705882353 0.6726190476190477 0.3461300309597523 0.6488095238095238 0.3461300309597523 0.6107142857142858 0.3455108359133127 0.6095238095238096 0.3411764705882353 0.6023809523809524 0.33869969040247677 0.6 0.3256965944272446 0.5904761904761905 0.29226006191950465 0.5904761904761905 