1 0.3027863777089783 0.37142857142857144 0.29721362229102166 0.38095238095238093 0.2873065015479876 0.4 0.2823529411764706 0.41904761904761906 0.2823529411764706 0.4452380952380952 0.29721362229102166 0.475 0.3157894736842105 0.475 0.31640866873065016 0.4738095238095238 0.32136222910216716 0.45476190476190476 0.32136222910216716 0.38095238095238093 0.31640866873065016 0.37142857142857144 0.3027863777089783 0.37142857142857144 
2 0.3269349845201238 0.4 0.3219814241486068 0.4107142857142857 0.29226006191950465 0.5047619047619047 0.29226006191950465 0.5285714285714286 0.29287925696594425 0.5321428571428571 0.3077399380804954 0.5678571428571428 0.3089783281733746 0.5702380952380952 0.33126934984520123 0.5702380952380952 0.33622291021671824 0.5607142857142857 0.3411764705882353 0.475 0.3411764705882353 0.4 0.3269349845201238 0.4 
3 0.34179566563467495 0.41904761904761906 0.3318885448916409 0.525 0.3318885448916409 0.5797619047619048 0.3368421052631579 0.5892857142857143 0.35170278637770896 0.5988095238095238 0.37089783281733746 0.5988095238095238 0.37585139318885447 0.5892857142857143 0.37585139318885447 0.5452380952380952 0.37089783281733746 0.4488095238095238 0.36594427244582045 0.4380952380952381 0.3560371517027864 0.41904761904761906 0.34179566563467495 0.41904761904761906 
4 0.3925696594427245 0.42857142857142855 0.39195046439628484 0.4297619047619048 0.3764705882352941 0.46785714285714286 0.3715170278637771 0.5166666666666667 0.36656346749226004 0.5821428571428572 0.36656346749226004 0.5988095238095238 0.4006191950464396 0.5988095238095238 0.40495356037151703 0.5880952380952381 0.4055727554179567 0.5845238095238096 0.4055727554179567 0.5773809523809523 0.4006191950464396 0.430952380952381 0.4 0.42857142857142855 0.3925696594427245 0.42857142857142855 
5 0.4117647058823529 0.4095238095238095 0.41114551083591333 0.4107142857142857 0.40619195046439627 0.44761904761904764 0.4018575851393189 0.49523809523809526 0.39628482972136225 0.5654761904761905 0.39628482972136225 0.5988095238095238 0.40123839009287926 0.6083333333333333 0.4247678018575851 0.6083333333333333 0.43034055727554177 0.5976190476190476 0.43034055727554177 0.5345238095238095 0.42538699690402476 0.46785714285714286 0.42043343653250775 0.4107142857142857 0.4198142414860681 0.4095238095238095 0.4117647058823529 0.4095238095238095 
6 0.4421052631578947 0.4 0.4408668730650155 0.4011904761904762 0.4359133126934985 0.4107142857142857 0.43157894736842106 0.44761904761904764 0.4309597523219814 0.45357142857142857 0.4260061919504644 0.5428571428571428 0.4260061919504644 0.6083333333333333 0.4359133126934985 0.6273809523809524 0.44272445820433437 0.6273809523809524 0.4452012383900929 0.625 0.44953560371517026 0.6178571428571429 0.4551083591331269 0.6071428571428571 0.4551083591331269 0.41904761904761906 0.4501547987616099 0.4 0.4421052631578947 0.4 
7 0.4712074303405573 0.44761904761904764 0.46563467492260063 0.45714285714285713 0.46068111455108357 0.47619047619047616 0.45572755417956656 0.5047619047619047 0.45077399380804956 0.5345238095238095 0.45077399380804956 0.6083333333333333 0.45572755417956656 0.6166666666666667 0.4569659442724458 0.6178571428571429 0.47492260061919506 0.6178571428571429 0.47987616099071206 0.5416666666666666 0.47987616099071206 0.44761904761904764 0.4712074303405573 0.44761904761904764 
8 0.48173374613003095 0.45714285714285713 0.4804953560371517 0.4583333333333333 0.47554179566563465 0.4785714285714286 0.47058823529411764 0.5630952380952381 0.47058823529411764 0.6166666666666667 0.4724458204334365 0.6178571428571429 0.4984520123839009 0.6178571428571429 0.5046439628482973 0.6083333333333333 0.5046439628482973 0.5833333333333334 0.4996904024767802 0.5119047619047619 0.49473684210526314 0.45714285714285713 0.48173374613003095 0.45714285714285713 
9 0.5003095975232198 0.45714285714285713 0.4953560371517028 0.46785714285714286 0.4953560371517028 0.6083333333333333 0.5009287925696595 0.6178571428571429 0.5238390092879257 0.6178571428571429 0.5244582043343653 0.6154761904761905 0.5244582043343653 0.5369047619047619 0.5195046439628483 0.49642857142857144 0.5145510835913313 0.46785714285714286 0.5095975232198142 0.45714285714285713 0.5003095975232198 0.45714285714285713 
10 0.5201238390092879 0.44761904761904764 0.5201238390092879 0.5976190476190476 0.525077399380805 0.6083333333333333 0.5306501547987617 0.6178571428571429 0.5492260061919505 0.6178571428571429 0.5492260061919505 0.5523809523809524 0.5393188854489164 0.47619047619047616 0.5337461300309597 0.44761904761904764 0.5201238390092879 0.44761904761904764 
11 0.5702786377708978 0.41904761904761906 0.5647058823529412 0.42857142857142855 0.5597523219814241 0.4392857142857143 0.5498452012383901 0.4773809523809524 0.544891640866873 0.5047619047619047 0.5399380804953561 0.5535714285714286 0.5399380804953561 0.5595238095238095 0.544891640866873 0.6083333333333333 0.5554179566563467 0.6273809523809524 0.5684210526315789 0.6273809523809524 0.5739938080495356 0.6166666666666667 0.5839009287925696 0.4523809523809524 0.5839009287925696 0.42142857142857143 0.58328173374613 0.41904761904761906 0.5702786377708978 0.41904761904761906 
12 0.5795665634674922 0.41904761904761906 0.5746130030959752 0.44761904761904764 0.5696594427244582 0.5071428571428571 0.5696594427244582 0.5952380952380952 0.5702786377708978 0.5976190476190476 0.5746130030959752 0.6083333333333333 0.5845201238390093 0.6166666666666667 0.5869969040247678 0.6166666666666667 0.5975232198142415 0.6083333333333333 0.5987616099071208 0.6071428571428571 0.5987616099071208 0.5333333333333333 0.5938080495356037 0.430952380952381 0.5931888544891641 0.42857142857142855 0.5888544891640867 0.41904761904761906 0.5795665634674922 0.41904761904761906 
13 0.5894736842105263 0.42857142857142855 0.5894736842105263 0.5035714285714286 0.5944272445820433 0.5952380952380952 0.595046439628483 0.5988095238095238 0.5993808049535604 0.6083333333333333 0.6210526315789474 0.6083333333333333 0.6235294117647059 0.6071428571428571 0.6278637770897832 0.5988095238095238 0.628482972136223 0.5964285714285714 0.628482972136223 0.5654761904761905 0.6136222910216719 0.4773809523809524 0.6037151702786377 0.4392857142857143 0.5987616099071208 0.42857142857142855 0.5894736842105263 0.42857142857142855 
14 0.6396284829721363 0.42857142857142855 0.6340557275541796 0.4380952380952381 0.6291021671826625 0.4488095238095238 0.6241486068111455 0.544047619047619 0.6241486068111455 0.5988095238095238 0.6291021671826625 0.6083333333333333 0.6625386996904025 0.6083333333333333 0.6681114551083591 0.5976190476190476 0.6681114551083591 0.5392857142857143 0.6631578947368421 0.44761904761904764 0.6582043343653251 0.42857142857142855 0.6396284829721363 0.42857142857142855 
15 0.6656346749226006 0.4095238095238095 0.6643962848297214 0.4107142857142857 0.6637770897832818 0.4119047619047619 0.6588235294117647 0.4297619047619048 0.6588235294117647 0.5321428571428571 0.6643962848297214 0.5702380952380952 0.6687306501547987 0.5880952380952381 0.6712074303405573 0.5892857142857143 0.6928792569659443 0.5892857142857143 0.7077399380804954 0.5607142857142857 0.7077399380804954 0.5238095238095238 0.6780185758513931 0.4095238095238095 0.6656346749226006 0.4095238095238095 
16 0.6854489164086688 0.3904761904761905 0.6835913312693499 0.39166666666666666 0.6792569659442724 0.4 0.6786377708978328 0.4023809523809524 0.6786377708978328 0.4642857142857143 0.6835913312693499 0.48333333333333334 0.6891640866873066 0.49404761904761907 0.7009287925696595 0.49404761904761907 0.7126934984520124 0.48333333333333334 0.7201238390092879 0.475 0.7219814241486068 0.46785714285714286 0.7226006191950465 0.4630952380952381 0.7226006191950465 0.4380952380952381 0.7126934984520124 0.4107142857142857 0.7021671826625387 0.3904761904761905 0.6854489164086688 0.3904761904761905 
17 0.713312693498452 0.5904761904761905 0.708359133126935 0.6011904761904762 0.7034055727554179 0.6190476190476191 0.7034055727554179 0.6726190476190477 0.7040247678018576 0.675 0.708359133126935 0.6845238095238095 0.713312693498452 0.694047619047619 0.7455108359133127 0.694047619047619 0.7473684210526316 0.6928571428571428 0.7523219814241486 0.6845238095238095 0.7523219814241486 0.6130952380952381 0.7517027863777089 0.6095238095238096 0.7473684210526316 0.6011904761904762 0.7374613003095976 0.5904761904761905 0.713312693498452 0.5904761904761905 
18 0.6842105263157895 0.580952380952381 0.6588235294117647 0.5904761904761905 0.6538699690402476 0.6023809523809524 0.6538699690402476 0.6357142857142857 0.6786377708978328 0.7119047619047619 0.7034055727554179 0.7607142857142857 0.7126934984520124 0.7607142857142857 0.7176470588235294 0.75 0.7176470588235294 0.7345238095238096 0.7077399380804954 0.5916666666666667 0.7027863777089783 0.5821428571428572 0.701547987616099 0.580952380952381 0.6842105263157895 0.580952380952381 
19 0.6154798761609908 0.6095238095238096 0.6142414860681115 0.6107142857142858 0.6092879256965944 0.6190476190476191 0.6092879256965944 0.6547619047619048 0.6291021671826625 0.75 0.6390092879256966 0.7892857142857143 0.6489164086687307 0.8083333333333333 0.6575851393188854 0.8083333333333333 0.6730650154798762 0.7988095238095239 0.6730650154798762 0.7238095238095238 0.6631578947368421 0.6285714285714286 0.6582043343653251 0.6095238095238096 0.6154798761609908 0.6095238095238096 
20 0.5894736842105263 0.6095238095238096 0.5845201238390093 0.6202380952380953 0.5845201238390093 0.6738095238095239 0.6043343653250774 0.7892857142857143 0.614860681114551 0.8083333333333333 0.6229102167182663 0.8083333333333333 0.6235294117647059 0.805952380952381 0.6235294117647059 0.780952380952381 0.6185758513931888 0.6488095238095238 0.6136222910216719 0.6202380952380953 0.6086687306501548 0.6095238095238096 0.5894736842105263 0.6095238095238096 
21 0.5671826625386996 0.6190476190476191 0.5647058823529412 0.6202380952380953 0.5597523219814241 0.6285714285714286 0.5547987616099072 0.638095238095238 0.5547987616099072 0.6642857142857143 0.5696594427244582 0.7892857142857143 0.5746130030959752 0.8083333333333333 0.5839009287925696 0.8083333333333333 0.5888544891640867 0.7035714285714286 0.5888544891640867 0.6190476190476191 0.5671826625386996 0.6190476190476191 
22 0.5461300309597523 0.6190476190476191 0.534984520123839 0.6285714285714286 0.534984520123839 0.6845238095238095 0.5399380804953561 0.7321428571428571 0.544891640866873 0.7511904761904762 0.5554179566563467 0.7892857142857143 0.5597523219814241 0.7988095238095239 0.5678018575851393 0.7988095238095239 0.5690402476780185 0.7976190476190477 0.5690402476780185 0.7452380952380953 0.5640866873065016 0.6404761904761904 0.5634674922600619 0.638095238095238 0.5591331269349845 0.6285714285714286 0.5535603715170279 0.6190476190476191 0.5461300309597523 0.6190476190476191 
23 0.5157894736842106 0.6285714285714286 0.5151702786377709 0.6309523809523809 0.5151702786377709 0.680952380952381 0.525077399380805 0.7773809523809524 0.530030959752322 0.7892857142857143 0.5393188854489164 0.7892857142857143 0.5393188854489164 0.6285714285714286 0.5157894736842106 0.6285714285714286 
24 0.49597523219814244 0.6285714285714286 0.4953560371517028 0.6297619047619047 0.4953560371517028 0.6464285714285715 0.5003095975232198 0.7702380952380953 0.5058823529411764 0.7797619047619048 0.5145510835913313 0.7797619047619048 0.5195046439628483 0.7011904761904761 0.5195046439628483 0.6285714285714286 0.49597523219814244 0.6285714285714286 
25 0.48173374613003095 0.6285714285714286 0.4804953560371517 0.6297619047619047 0.4804953560371517 0.6845238095238095 0.4854489164086687 0.7880952380952381 0.486687306501548 0.7892857142857143 0.49473684210526314 0.7892857142857143 0.4996904024767802 0.7607142857142857 0.5046439628482973 0.6738095238095239 0.5046439628482973 0.6416666666666667 0.5040247678018576 0.638095238095238 0.4996904024767802 0.6297619047619047 0.4984520123839009 0.6285714285714286 0.48173374613003095 0.6285714285714286 
26 0.4662538699690402 0.6285714285714286 0.46563467492260063 0.6297619047619047 0.46068111455108357 0.6488095238095238 0.46068111455108357 0.7773809523809524 0.4613003095975232 0.7797619047619048 0.4662538699690402 0.7880952380952381 0.4674922600619195 0.7892857142857143 0.4693498452012384 0.7892857142857143 0.469969040247678 0.7880952380952381 0.4743034055727554 0.7785714285714286 0.47492260061919506 0.7761904761904762 0.47987616099071206 0.7416666666666667 0.4848297213622291 0.7023809523809523 0.4848297213622291 0.6333333333333333 0.4842105263157895 0.6285714285714286 0.4662538699690402 0.6285714285714286 
27 0.45139318885448915 0.6190476190476191 0.44148606811145513 0.6285714285714286 0.4408668730650155 0.6309523809523809 0.4408668730650155 0.805952380952381 0.44148606811145513 0.8083333333333333 0.44643962848297214 0.8178571428571428 0.4544891640866873 0.8178571428571428 0.460061919504644 0.7976190476190477 0.465015479876161 0.7511904761904762 0.469969040247678 0.6928571428571428 0.469969040247678 0.6297619047619047 0.465015479876161 0.6190476190476191 0.45139318885448915 0.6190476190476191 
28 0.42105263157894735 0.6095238095238096 0.41671826625387 0.6190476190476191 0.41609907120743034 0.625 0.41114551083591333 0.7238095238095238 0.41114551083591333 0.7892857142857143 0.42538699690402476 0.7892857142857143 0.43529411764705883 0.7511904761904762 0.4452012383900929 0.694047619047619 0.4452012383900929 0.6190476190476191 0.43529411764705883 0.6095238095238096 0.42105263157894735 0.6095238095238096 
29 0.3938080495356037 0.6095238095238096 0.39195046439628484 0.6107142857142858 0.3913312693498452 0.611904761904762 0.3863777089783282 0.6952380952380952 0.3863777089783282 0.7988095238095239 0.4006191950464396 0.7988095238095239 0.4055727554179567 0.7892857142857143 0.4105263157894737 0.7583333333333333 0.42043343653250775 0.6821428571428572 0.42043343653250775 0.6107142857142858 0.4198142414860681 0.6095238095238096 0.3938080495356037 0.6095238095238096 
30 0.34674922600619196 0.6 0.3318885448916409 0.7428571428571429 0.3318885448916409 0.7761904761904762 0.33250773993808047 0.7797619047619048 0.3368421052631579 0.7892857142857143 0.3603715170278638 0.7892857142857143 0.36594427244582045 0.7797619047619048 0.3702786377708978 0.7702380952380953 0.38080495356037153 0.7416666666666667 0.3956656346749226 0.655952380952381 0.3956656346749226 0.6107142857142858 0.39442724458204337 0.6095238095238096 0.3702786377708978 0.6 0.34674922600619196 0.6 
31 0.3027863777089783 0.5714285714285714 0.3021671826625387 0.5726190476190476 0.2978328173374613 0.5821428571428572 0.29721362229102166 0.5845238095238096 0.29226006191950465 0.6880952380952381 0.29226006191950465 0.7488095238095238 0.29287925696594425 0.7511904761904762 0.3058823529411765 0.7511904761904762 0.31145510835913315 0.7416666666666667 0.33126934984520123 0.7035714285714286 0.3510835913312694 0.6464285714285715 0.3510835913312694 0.6 0.3461300309597523 0.5904761904761905 0.33560371517027865 0.580952380952381 0.32074303405572757 0.5714285714285714 0.3027863777089783 0.5714285714285714 
32 0.2674922600619195 0.580952380952381 0.25758513931888544 0.6 0.25758513931888544 0.6654761904761904 0.2625386996904025 0.675 0.26811145510835915 0.6845238095238095 0.2897832817337461 0.6845238095238095 0.291640866873065 0.6833333333333333 0.3015479876160991 0.675 0.3065015479876161 0.6452380952380953 0.3065015479876161 0.6202380952380953 0.30092879256965943 0.6 0.28606811145510835 0.580952380952381 0.2674922600619195 0.580952380952381 