1 0.23777089783281732 0.42857142857142855 0.22786377708978328 0.4666666666666667 0.22786377708978328 0.48333333333333334 0.23281733746130032 0.49404761904761907 0.25758513931888544 0.5226190476190476 0.2718266253869969 0.5226190476190476 0.27678018575851393 0.5119047619047619 0.28173374613003094 0.4928571428571429 0.28173374613003094 0.4380952380952381 0.25696594427244585 0.42857142857142855 0.23777089783281732 0.42857142857142855 
2 0.27801857585139317 0.44761904761904764 0.2773993808049536 0.4488095238095238 0.25263157894736843 0.5345238095238095 0.25263157894736843 0.5702380952380952 0.2724458204334365 0.6083333333333333 0.3015479876160991 0.6083333333333333 0.3065015479876161 0.5880952380952381 0.31145510835913315 0.5321428571428571 0.31145510835913315 0.4666666666666667 0.3058823529411765 0.45714285714285713 0.29040247678018577 0.44761904761904764 0.27801857585139317 0.44761904761904764 
3 0.3077399380804954 0.47619047619047616 0.30712074303405573 0.4773809523809524 0.29721362229102166 0.5821428571428572 0.29721362229102166 0.6130952380952381 0.2978328173374613 0.6178571428571429 0.3027863777089783 0.6369047619047619 0.3269349845201238 0.6464285714285715 0.3411764705882353 0.6464285714285715 0.3510835913312694 0.6357142857142857 0.3510835913312694 0.5904761904761905 0.3411764705882353 0.5166666666666667 0.33622291021671824 0.4869047619047619 0.33126934984520123 0.4773809523809524 0.32941176470588235 0.47619047619047616 0.3077399380804954 0.47619047619047616 
4 0.3572755417956656 0.45714285714285713 0.35170278637770896 0.4666666666666667 0.34674922600619196 0.5047619047619047 0.34179566563467495 0.5821428571428572 0.34179566563467495 0.5952380952380952 0.34674922600619196 0.6464285714285715 0.3653250773993808 0.6464285714285715 0.38080495356037153 0.6369047619047619 0.38080495356037153 0.5833333333333334 0.37089783281733746 0.49642857142857144 0.36594427244582045 0.45714285714285713 0.3572755417956656 0.45714285714285713 
5 0.3764705882352941 0.44761904761904764 0.3721362229102167 0.45714285714285713 0.3715170278637771 0.46190476190476193 0.3715170278637771 0.49166666666666664 0.3764705882352941 0.6345238095238095 0.37708978328173376 0.6369047619047619 0.3814241486068111 0.6464285714285715 0.3938080495356037 0.6464285714285715 0.4148606811145511 0.6369047619047619 0.4154798761609907 0.6333333333333333 0.4154798761609907 0.5726190476190476 0.4105263157894737 0.5357142857142857 0.4055727554179567 0.5071428571428571 0.40495356037151703 0.5047619047619047 0.3907120743034056 0.4583333333333333 0.3851393188854489 0.44761904761904764 0.3764705882352941 0.44761904761904764 
6 0.40619195046439627 0.42023809523809524 0.40123839009287926 0.4226190476190476 0.40123839009287926 0.4654761904761905 0.40619195046439627 0.5773809523809523 0.41114551083591333 0.6273809523809524 0.41609907120743034 0.6369047619047619 0.43529411764705883 0.6369047619047619 0.44024767801857584 0.6273809523809524 0.44024767801857584 0.5619047619047619 0.42538699690402476 0.45714285714285713 0.4154798761609907 0.42857142857142855 0.4086687306501548 0.42023809523809524 0.40619195046439627 0.42023809523809524 
7 0.4278637770897833 0.4380952380952381 0.4260061919504644 0.4392857142857143 0.4260061919504644 0.4583333333333333 0.4359133126934985 0.5880952380952381 0.4408668730650155 0.6083333333333333 0.44643962848297214 0.6178571428571429 0.469969040247678 0.6178571428571429 0.469969040247678 0.5535714285714286 0.465015479876161 0.5059523809523809 0.460061919504644 0.4857142857142857 0.4551083591331269 0.46785714285714286 0.4452012383900929 0.44047619047619047 0.4439628482972136 0.4380952380952381 0.4278637770897833 0.4380952380952381 
8 0.4712074303405573 0.4 0.46563467492260063 0.4095238095238095 0.46068111455108357 0.5238095238095238 0.46068111455108357 0.5607142857142857 0.46563467492260063 0.5892857142857143 0.49907120743034056 0.5892857142857143 0.4996904024767802 0.5880952380952381 0.4996904024767802 0.5178571428571429 0.49473684210526314 0.4666666666666667 0.4848297213622291 0.41904761904761906 0.47987616099071206 0.4023809523809524 0.4786377708978328 0.4 0.4712074303405573 0.4 
9 0.525077399380805 0.4095238095238095 0.5201238390092879 0.41904761904761906 0.5102167182662539 0.4583333333333333 0.4953560371517028 0.5238095238095238 0.4953560371517028 0.6083333333333333 0.5108359133126935 0.6178571428571429 0.5393188854489164 0.6178571428571429 0.5442724458204334 0.5380952380952381 0.5442724458204334 0.41904761904761906 0.5393188854489164 0.4107142857142857 0.5374613003095975 0.4095238095238095 0.525077399380805 0.4095238095238095 
10 0.5702786377708978 0.42857142857142855 0.5647058823529412 0.4380952380952381 0.5597523219814241 0.44761904761904764 0.5498452012383901 0.47619047619047616 0.534984520123839 0.5464285714285714 0.534984520123839 0.5988095238095238 0.5399380804953561 0.6178571428571429 0.5640866873065016 0.6178571428571429 0.5690402476780185 0.6071428571428571 0.5739938080495356 0.5880952380952381 0.5789473684210527 0.49166666666666664 0.5789473684210527 0.42857142857142855 0.5702786377708978 0.42857142857142855 
11 0.5845201238390093 0.42857142857142855 0.5795665634674922 0.44761904761904764 0.5746130030959752 0.4857142857142857 0.5696594427244582 0.5345238095238095 0.5696594427244582 0.6083333333333333 0.5752321981424149 0.6178571428571429 0.5931888544891641 0.6178571428571429 0.5987616099071208 0.6083333333333333 0.5987616099071208 0.44761904761904764 0.5938080495356037 0.42857142857142855 0.5845201238390093 0.42857142857142855 
12 0.6154798761609908 0.45714285714285713 0.6142414860681115 0.4583333333333333 0.6099071207430341 0.4666666666666667 0.6092879256965944 0.46904761904761905 0.5944272445820433 0.544047619047619 0.5894736842105263 0.6011904761904762 0.5894736842105263 0.6261904761904762 0.5907120743034056 0.6273809523809524 0.6055727554179566 0.6369047619047619 0.6229102167182663 0.6369047619047619 0.6334365325077399 0.6178571428571429 0.6334365325077399 0.5904761904761905 0.628482972136223 0.47619047619047616 0.6235294117647059 0.4583333333333333 0.6222910216718266 0.45714285714285713 0.6154798761609908 0.45714285714285713 
13 0.6458204334365325 0.4666666666666667 0.6445820433436532 0.46785714285714286 0.6439628482972136 0.46904761904761905 0.6390092879256966 0.4857142857142857 0.6241486068111455 0.544047619047619 0.6241486068111455 0.6369047619047619 0.6625386996904025 0.6369047619047619 0.6631578947368421 0.6345238095238095 0.6631578947368421 0.6107142857142858 0.6582043343653251 0.4666666666666667 0.6458204334365325 0.4666666666666667 
14 0.6693498452012384 0.47619047619047616 0.6637770897832818 0.4869047619047619 0.6588235294117647 0.5071428571428571 0.6538699690402476 0.580952380952381 0.6538699690402476 0.6357142857142857 0.6588235294117647 0.6452380952380953 0.660061919504644 0.6464285714285715 0.6873065015479877 0.6464285714285715 0.7027863777089783 0.6369047619047619 0.7077399380804954 0.625 0.7077399380804954 0.5904761904761905 0.6978328173374613 0.4988095238095238 0.6972136222910217 0.49523809523809526 0.6928792569659443 0.4857142857142857 0.6780185758513931 0.47619047619047616 0.6693498452012384 0.47619047619047616 
15 0.713312693498452 0.45714285714285713 0.698452012383901 0.4666666666666667 0.698452012383901 0.5595238095238095 0.7034055727554179 0.6178571428571429 0.7325077399380805 0.6178571428571429 0.7523219814241486 0.5892857142857143 0.7523219814241486 0.5642857142857143 0.7473684210526316 0.5428571428571428 0.7275541795665634 0.4666666666666667 0.7219814241486068 0.45714285714285713 0.713312693498452 0.45714285714285713 
16 0.7486068111455109 0.41904761904761906 0.7244582043343654 0.44761904761904764 0.7232198142414861 0.45 0.7232198142414861 0.49404761904761907 0.7281733746130031 0.513095238095238 0.7473684210526316 0.513095238095238 0.7616099071207431 0.5035714285714286 0.7721362229102167 0.4928571428571429 0.7770897832817337 0.4845238095238095 0.7770897832817337 0.4583333333333333 0.7671826625386997 0.42857142857142855 0.7616099071207431 0.42023809523809524 0.7603715170278638 0.41904761904761906 0.7486068111455109 0.41904761904761906 
17 0.7572755417956656 0.638095238095238 0.7529411764705882 0.6392857142857142 0.7430340557275542 0.6583333333333333 0.7331269349845201 0.6857142857142857 0.7331269349845201 0.7130952380952381 0.7337461300309598 0.719047619047619 0.7380804953560371 0.7309523809523809 0.7430340557275542 0.7416666666666667 0.7479876160990712 0.7511904761904762 0.7770897832817337 0.7511904761904762 0.7820433436532508 0.7416666666666667 0.7869969040247679 0.7309523809523809 0.7869969040247679 0.6666666666666666 0.7820433436532508 0.6476190476190476 0.7764705882352941 0.638095238095238 0.7572755417956656 0.638095238095238 
18 0.7188854489164087 0.6285714285714286 0.6990712074303406 0.638095238095238 0.698452012383901 0.6392857142857142 0.6934984520123839 0.65 0.6934984520123839 0.6928571428571428 0.7040247678018576 0.7416666666666667 0.708359133126935 0.7607142857142857 0.7232198142414861 0.7892857142857143 0.7417956656346749 0.7892857142857143 0.756656346749226 0.7797619047619048 0.7572755417956656 0.7773809523809524 0.7572755417956656 0.7428571428571429 0.7473684210526316 0.6476190476190476 0.7424148606811145 0.6297619047619047 0.7405572755417956 0.6285714285714286 0.7188854489164087 0.6285714285714286 
19 0.6792569659442724 0.6476190476190476 0.6445820433436532 0.6666666666666666 0.6390092879256966 0.6761904761904762 0.6390092879256966 0.7119047619047619 0.6538699690402476 0.7869047619047619 0.6588235294117647 0.8071428571428572 0.6637770897832818 0.8178571428571428 0.6687306501547987 0.8273809523809523 0.6792569659442724 0.8369047619047619 0.6879256965944273 0.8369047619047619 0.7120743034055728 0.8178571428571428 0.7126934984520124 0.8166666666666667 0.7126934984520124 0.7821428571428571 0.6978328173374613 0.6595238095238095 0.6972136222910217 0.6571428571428571 0.6823529411764706 0.6476190476190476 0.6792569659442724 0.6476190476190476 
20 0.6191950464396285 0.6571428571428571 0.6092879256965944 0.6761904761904762 0.6092879256965944 0.7202380952380952 0.6241486068111455 0.8071428571428572 0.6291021671826625 0.8261904761904761 0.6340557275541796 0.844047619047619 0.6414860681114551 0.8464285714285714 0.6476780185758514 0.8464285714285714 0.648297213622291 0.8452380952380952 0.648297213622291 0.6785714285714286 0.6476780185758514 0.6761904761904762 0.643343653250774 0.6666666666666666 0.638390092879257 0.6571428571428571 0.6191950464396285 0.6571428571428571 
21 0.5894736842105263 0.6476190476190476 0.5845201238390093 0.6571428571428571 0.5795665634674922 0.6678571428571428 0.5795665634674922 0.7023809523809523 0.5894736842105263 0.7797619047619048 0.6043343653250774 0.8369047619047619 0.6136222910216719 0.8369047619047619 0.6136222910216719 0.6607142857142857 0.6130030959752322 0.6571428571428571 0.6080495356037152 0.6476190476190476 0.5894736842105263 0.6476190476190476 
22 0.5622291021671827 0.6476190476190476 0.5597523219814241 0.6488095238095238 0.5547987616099072 0.6583333333333333 0.5547987616099072 0.6904761904761905 0.5647058823529412 0.7607142857142857 0.5696594427244582 0.7869047619047619 0.5702786377708978 0.7892857142857143 0.5851393188854489 0.8178571428571428 0.5931888544891641 0.8178571428571428 0.5938080495356037 0.8166666666666667 0.5938080495356037 0.7535714285714286 0.5888544891640867 0.6952380952380952 0.5839009287925696 0.6571428571428571 0.5789473684210527 0.6476190476190476 0.5622291021671827 0.6476190476190476 
23 0.544891640866873 0.6095238095238096 0.544891640866873 0.7892857142857143 0.5504643962848297 0.7988095238095239 0.5591331269349845 0.7988095238095239 0.5640866873065016 0.7880952380952381 0.5690402476780185 0.7416666666666667 0.5739938080495356 0.6547619047619048 0.5739938080495356 0.6297619047619047 0.5640866873065016 0.6107142857142858 0.5628482972136223 0.6095238095238096 0.544891640866873 0.6095238095238096 
24 0.525077399380805 0.6190476190476191 0.5201238390092879 0.6214285714285714 0.5201238390092879 0.6833333333333333 0.530030959752322 0.7607142857142857 0.534984520123839 0.7869047619047619 0.5356037151702786 0.7892857142857143 0.5436532507739938 0.7892857142857143 0.5492260061919505 0.7797619047619048 0.5492260061919505 0.6285714285714286 0.5442724458204334 0.6190476190476191 0.525077399380805 0.6190476190476191 
25 0.4904024767801858 0.6285714285714286 0.4904024767801858 0.6464285714285715 0.5052631578947369 0.7797619047619048 0.5188854489164086 0.7797619047619048 0.5195046439628483 0.7785714285714286 0.5244582043343653 0.7404761904761905 0.5244582043343653 0.6392857142857142 0.5188854489164086 0.6285714285714286 0.4904024767801858 0.6285714285714286 
26 0.48111455108359136 0.6190476190476191 0.47554179566563465 0.6202380952380953 0.46563467492260063 0.6392857142857142 0.46563467492260063 0.6642857142857143 0.48606811145510836 0.7797619047619048 0.4904024767801858 0.7976190476190477 0.49102167182662537 0.7988095238095239 0.49907120743034056 0.7988095238095239 0.4996904024767802 0.7964285714285714 0.4996904024767802 0.6285714285714286 0.49411764705882355 0.6190476190476191 0.48111455108359136 0.6190476190476191 
27 0.44643962848297214 0.6476190476190476 0.4408668730650155 0.6583333333333333 0.4408668730650155 0.7119047619047619 0.45572755417956656 0.8083333333333333 0.46068111455108357 0.8178571428571428 0.47492260061919506 0.8178571428571428 0.47492260061919506 0.6583333333333333 0.469969040247678 0.6476190476190476 0.44643962848297214 0.6476190476190476 
28 0.4117647058823529 0.6571428571428571 0.40619195046439627 0.6666666666666666 0.40619195046439627 0.7321428571428571 0.41114551083591333 0.7988095238095239 0.41609907120743034 0.8357142857142857 0.4173374613003096 0.8369047619047619 0.43034055727554177 0.8369047619047619 0.4346749226006192 0.8273809523809523 0.43529411764705883 0.825 0.44024767801857584 0.7964285714285714 0.4452012383900929 0.7285714285714285 0.4452012383900929 0.6678571428571428 0.44024767801857584 0.6571428571428571 0.4117647058823529 0.6571428571428571 
29 0.37708978328173376 0.6666666666666666 0.3764705882352941 0.6678571428571428 0.3721362229102167 0.6773809523809524 0.3715170278637771 0.6821428571428572 0.3715170278637771 0.8166666666666667 0.3764705882352941 0.8357142857142857 0.3814241486068111 0.8464285714285714 0.38575851393188854 0.8464285714285714 0.3956656346749226 0.8369047619047619 0.4006191950464396 0.8166666666666667 0.4055727554179567 0.7880952380952381 0.4154798761609907 0.7130952380952381 0.4154798761609907 0.6976190476190476 0.4105263157894737 0.6666666666666666 0.37708978328173376 0.6666666666666666 
30 0.3368421052631579 0.6571428571428571 0.3219814241486068 0.6666666666666666 0.3170278637770898 0.7821428571428571 0.3170278637770898 0.8214285714285714 0.3176470588235294 0.8273809523809523 0.3219814241486068 0.8464285714285714 0.3609907120743034 0.8464285714285714 0.36594427244582045 0.8369047619047619 0.37089783281733746 0.8178571428571428 0.37585139318885447 0.7892857142857143 0.38080495356037153 0.6821428571428572 0.38080495356037153 0.6666666666666666 0.3702786377708978 0.6571428571428571 0.3368421052631579 0.6571428571428571 
31 0.28297213622291023 0.6666666666666666 0.2773993808049536 0.6761904761904762 0.27306501547987616 0.6857142857142857 0.2724458204334365 0.6880952380952381 0.25758513931888544 0.7642857142857142 0.25758513931888544 0.7988095238095239 0.2625386996904025 0.8166666666666667 0.2631578947368421 0.8178571428571428 0.29659442724458207 0.8178571428571428 0.3046439628482972 0.8083333333333333 0.31145510835913315 0.7988095238095239 0.32136222910216716 0.7785714285714286 0.3306501547987616 0.7511904761904762 0.33126934984520123 0.7488095238095238 0.33126934984520123 0.7238095238095238 0.3263157894736842 0.7047619047619048 0.32136222910216716 0.6964285714285714 0.3058823529411765 0.6761904761904762 0.2959752321981424 0.6666666666666666 0.28297213622291023 0.6666666666666666 
32 0.23839009287925697 0.6571428571428571 0.23777089783281732 0.6583333333333333 0.23281733746130032 0.669047619047619 0.22291021671826625 0.6952380952380952 0.22291021671826625 0.7226190476190476 0.22786377708978328 0.7511904761904762 0.23777089783281732 0.7702380952380953 0.26687306501547986 0.7702380952380953 0.2712074303405573 0.7607142857142857 0.2718266253869969 0.7583333333333333 0.27678018575851393 0.7309523809523809 0.27678018575851393 0.6964285714285714 0.26687306501547986 0.6678571428571428 0.26625386996904027 0.6666666666666666 0.25696594427244585 0.6571428571428571 0.23839009287925697 0.6571428571428571 