2 0.3368421052631579 0.37142857142857144 0.3269349845201238 0.3821428571428571 0.3219814241486068 0.3904761904761905 0.3219814241486068 0.4369047619047619 0.3318885448916409 0.45595238095238094 0.34179566563467495 0.4642857142857143 0.34365325077399383 0.4654761904761905 0.36408668730650157 0.4654761904761905 0.3653250773993808 0.4642857142857143 0.37089783281733746 0.45595238095238094 0.37089783281733746 0.4142857142857143 0.3702786377708978 0.4095238095238095 0.3560371517027864 0.38095238095238093 0.3510835913312694 0.37142857142857144 0.3368421052631579 0.37142857142857144 
3 0.36656346749226004 0.42857142857142855 0.36160990712074303 0.44761904761904764 0.3473684210526316 0.5142857142857142 0.34674922600619196 0.5190476190476191 0.34674922600619196 0.5702380952380952 0.35170278637770896 0.5797619047619048 0.3764705882352941 0.5892857142857143 0.3851393188854489 0.5892857142857143 0.3956656346749226 0.5797619047619048 0.3956656346749226 0.45714285714285713 0.39009287925696595 0.44761904761904764 0.3752321981424149 0.42857142857142855 0.36656346749226004 0.42857142857142855 
4 0.40804953560371515 0.3904761904761905 0.40619195046439627 0.39166666666666666 0.39628482972136225 0.4 0.3913312693498452 0.45 0.3913312693498452 0.5035714285714286 0.4136222910216718 0.5035714285714286 0.4154798761609907 0.5011904761904762 0.42043343653250775 0.49404761904761907 0.43034055727554177 0.475 0.43034055727554177 0.44761904761904764 0.42538699690402476 0.4011904761904762 0.4198142414860681 0.3904761904761905 0.40804953560371515 0.3904761904761905 
5 0.42105263157894735 0.42857142857142855 0.41609907120743034 0.4869047619047619 0.41609907120743034 0.5214285714285715 0.42105263157894735 0.5321428571428571 0.43034055727554177 0.5321428571428571 0.4439628482972136 0.5226190476190476 0.4452012383900929 0.5214285714285715 0.4501547987616099 0.513095238095238 0.4551083591331269 0.49404761904761907 0.4551083591331269 0.4666666666666667 0.4501547987616099 0.42857142857142855 0.42105263157894735 0.42857142857142855 
6 0.44148606811145513 0.3333333333333333 0.4359133126934985 0.34285714285714286 0.4309597523219814 0.3726190476190476 0.4309597523219814 0.4357142857142857 0.43157894736842106 0.4369047619047619 0.45077399380804956 0.4654761904761905 0.465015479876161 0.4654761904761905 0.4743034055727554 0.44642857142857145 0.47492260061919506 0.44285714285714284 0.47492260061919506 0.41904761904761906 0.469969040247678 0.3726190476190476 0.465015479876161 0.34404761904761905 0.45944272445820433 0.3333333333333333 0.44148606811145513 0.3333333333333333 
7 0.4712074303405573 0.4095238095238095 0.47058823529411764 0.4107142857142857 0.46563467492260063 0.4380952380952381 0.4613003095975232 0.4857142857142857 0.46068111455108357 0.49523809523809526 0.46068111455108357 0.5023809523809524 0.46563467492260063 0.5404761904761904 0.46687306501547987 0.5416666666666666 0.4804953560371517 0.5511904761904762 0.4978328173374613 0.5511904761904762 0.4996904024767802 0.5452380952380952 0.4996904024767802 0.5071428571428571 0.48978328173374613 0.4095238095238095 0.4712074303405573 0.4095238095238095 
8 0.5009287925696595 0.44761904761904764 0.5003095975232198 0.4488095238095238 0.4854489164086687 0.5726190476190476 0.4854489164086687 0.6261904761904762 0.4904024767801858 0.6369047619047619 0.5238390092879257 0.6369047619047619 0.5244582043343653 0.6357142857142857 0.5244582043343653 0.5523809523809524 0.5195046439628483 0.4488095238095238 0.5188854489164086 0.44761904761904764 0.5009287925696595 0.44761904761904764 
9 0.530030959752322 0.4380952380952381 0.525077399380805 0.4583333333333333 0.525077399380805 0.6273809523809524 0.530030959752322 0.6369047619047619 0.5591331269349845 0.6369047619047619 0.5640866873065016 0.6261904761904762 0.5640866873065016 0.580952380952381 0.5442724458204334 0.44761904761904764 0.5393188854489164 0.4380952380952381 0.530030959752322 0.4380952380952381 
10 0.5572755417956656 0.4095238095238095 0.5547987616099072 0.4107142857142857 0.5498452012383901 0.4297619047619048 0.544891640866873 0.49523809523809526 0.544891640866873 0.5142857142857142 0.5455108359133127 0.5226190476190476 0.5504643962848297 0.5416666666666666 0.5547987616099072 0.5511904761904762 0.5739938080495356 0.5511904761904762 0.5789473684210527 0.5416666666666666 0.5789473684210527 0.42857142857142855 0.5684210526315789 0.4095238095238095 0.5572755417956656 0.4095238095238095 
11 0.5845201238390093 0.3333333333333333 0.5801857585139318 0.34404761904761905 0.5746130030959752 0.3619047619047619 0.5696594427244582 0.38333333333333336 0.5696594427244582 0.4369047619047619 0.5746130030959752 0.4654761904761905 0.5808049535603715 0.475 0.6024767801857586 0.475 0.6037151702786377 0.4738095238095238 0.6086687306501548 0.45357142857142857 0.6086687306501548 0.37142857142857144 0.6030959752321982 0.3333333333333333 0.5845201238390093 0.3333333333333333 
12 0.604953560371517 0.41904761904761906 0.6043343653250774 0.42023809523809524 0.5894736842105263 0.47619047619047616 0.5894736842105263 0.513095238095238 0.5944272445820433 0.5321428571428571 0.6 0.5416666666666666 0.6185758513931888 0.5416666666666666 0.6235294117647059 0.5321428571428571 0.6235294117647059 0.42857142857142855 0.6185758513931888 0.41904761904761906 0.604953560371517 0.41904761904761906 
13 0.6247678018575852 0.4 0.6191950464396285 0.4095238095238095 0.6191950464396285 0.513095238095238 0.6297213622291021 0.5226190476190476 0.6427244582043343 0.5226190476190476 0.648297213622291 0.513095238095238 0.648297213622291 0.44761904761904764 0.643343653250774 0.4107142857142857 0.6427244582043343 0.40714285714285714 0.6408668730650154 0.4 0.6247678018575852 0.4 
14 0.6643962848297214 0.4380952380952381 0.6439628482972136 0.45714285714285713 0.6439628482972136 0.5797619047619048 0.6538699690402476 0.5988095238095238 0.6730650154798762 0.5988095238095238 0.6873065015479877 0.5892857142857143 0.6928792569659443 0.5785714285714286 0.6928792569659443 0.5416666666666666 0.6922600619195046 0.5333333333333333 0.6829721362229102 0.47023809523809523 0.6780185758513931 0.45 0.6730650154798762 0.4380952380952381 0.6643962848297214 0.4380952380952381 
15 0.6885448916408669 0.38095238095238093 0.6687306501547987 0.4095238095238095 0.6637770897832818 0.42023809523809524 0.6637770897832818 0.4369047619047619 0.6687306501547987 0.45595238095238094 0.6736842105263158 0.4738095238095238 0.6786377708978328 0.4845238095238095 0.6922600619195046 0.4845238095238095 0.7126934984520124 0.4642857142857143 0.7176470588235294 0.44642857142857145 0.7176470588235294 0.39404761904761904 0.7120743034055728 0.38095238095238093 0.6885448916408669 0.38095238095238093 
18 0.7337461300309598 0.6571428571428571 0.7238390092879257 0.6666666666666666 0.713312693498452 0.6857142857142857 0.708359133126935 0.6964285714285714 0.708359133126935 0.7404761904761905 0.713312693498452 0.7511904761904762 0.718266253869969 0.7607142857142857 0.7325077399380805 0.7607142857142857 0.7374613003095976 0.75 0.7572755417956656 0.7023809523809523 0.7572755417956656 0.6892857142857143 0.756656346749226 0.6857142857142857 0.7523219814241486 0.6678571428571428 0.746749226006192 0.6571428571428571 0.7337461300309598 0.6571428571428571 
19 0.6538699690402476 0.6285714285714286 0.6390092879256966 0.6571428571428571 0.6390092879256966 0.6845238095238095 0.6637770897832818 0.7964285714285714 0.6743034055727554 0.8083333333333333 0.6823529411764706 0.8083333333333333 0.7071207430340557 0.7797619047619048 0.7077399380804954 0.7785714285714286 0.7077399380804954 0.7428571428571429 0.7071207430340557 0.7333333333333333 0.6978328173374613 0.6392857142857142 0.6928792569659443 0.6297619047619047 0.691640866873065 0.6285714285714286 0.6538699690402476 0.6285714285714286 
20 0.6445820433436532 0.7619047619047619 0.6390092879256966 0.763095238095238 0.6291021671826625 0.780952380952381 0.6241486068111455 0.7916666666666666 0.6241486068111455 0.7976190476190477 0.6291021671826625 0.8357142857142857 0.6346749226006192 0.8547619047619047 0.6390092879256966 0.8642857142857143 0.6396284829721363 0.8654761904761905 0.6575851393188854 0.8654761904761905 0.6625386996904025 0.8559523809523809 0.6631578947368421 0.8535714285714285 0.6674922600619195 0.8178571428571428 0.6681114551083591 0.8083333333333333 0.6681114551083591 0.7904761904761904 0.6631578947368421 0.7714285714285715 0.6582043343653251 0.7619047619047619 0.6445820433436532 0.7619047619047619 
21 0.595046439628483 0.7619047619047619 0.5845201238390093 0.780952380952381 0.5845201238390093 0.8166666666666667 0.5894736842105263 0.8464285714285714 0.5944272445820433 0.8642857142857143 0.5956656346749226 0.8654761904761905 0.6179566563467492 0.8654761904761905 0.6235294117647059 0.8559523809523809 0.6235294117647059 0.780952380952381 0.6136222910216719 0.763095238095238 0.611764705882353 0.7619047619047619 0.595046439628483 0.7619047619047619 
22 0.5560371517027863 0.780952380952381 0.5547987616099072 0.7821428571428571 0.5498452012383901 0.7904761904761904 0.5498452012383901 0.8357142857142857 0.5547987616099072 0.8833333333333333 0.5597523219814241 0.8940476190476191 0.5647058823529412 0.9035714285714286 0.58328173374613 0.9035714285714286 0.5839009287925696 0.9011904761904762 0.5888544891640867 0.875 0.5888544891640867 0.8119047619047619 0.58328173374613 0.7904761904761904 0.578328173374613 0.780952380952381 0.5560371517027863 0.780952380952381 
24 0.5306501547987617 0.6666666666666666 0.530030959752322 0.6678571428571428 0.530030959752322 0.7607142857142857 0.534984520123839 0.7964285714285714 0.5356037151702786 0.7988095238095239 0.5399380804953561 0.8071428571428572 0.5430340557275541 0.8083333333333333 0.5467492260061919 0.8083333333333333 0.5492260061919505 0.8071428571428572 0.5535603715170279 0.7988095238095239 0.5541795665634675 0.7964285714285714 0.5591331269349845 0.7130952380952381 0.5591331269349845 0.6761904761904762 0.5541795665634675 0.6666666666666666 0.5306501547987617 0.6666666666666666 
25 0.4953560371517028 0.6666666666666666 0.4953560371517028 0.7035714285714286 0.5003095975232198 0.7547619047619047 0.5009287925696595 0.7607142857142857 0.5052631578947369 0.7976190476190477 0.5108359133126935 0.8083333333333333 0.5188854489164086 0.8083333333333333 0.5244582043343653 0.7690476190476191 0.5244582043343653 0.6666666666666666 0.4953560371517028 0.6666666666666666 
27 0.47678018575851394 0.7619047619047619 0.47554179566563465 0.763095238095238 0.47058823529411764 0.7714285714285715 0.46563467492260063 0.780952380952381 0.46563467492260063 0.8369047619047619 0.47058823529411764 0.8809523809523809 0.4712074303405573 0.8845238095238095 0.47554179566563465 0.8928571428571429 0.4773993808049536 0.8940476190476191 0.47987616099071206 0.8940476190476191 0.48792569659442725 0.8928571428571429 0.49907120743034056 0.8845238095238095 0.4996904024767802 0.8833333333333333 0.5046439628482973 0.8642857142857143 0.5046439628482973 0.775 0.5040247678018576 0.7714285714285715 0.4996904024767802 0.7619047619047619 0.47678018575851394 0.7619047619047619 
28 0.4309597523219814 0.7523809523809524 0.4260061919504644 0.763095238095238 0.4260061919504644 0.8464285714285714 0.43653250773993807 0.8654761904761905 0.45077399380804956 0.8654761904761905 0.4538699690402477 0.861904761904762 0.45944272445820433 0.8547619047619047 0.469969040247678 0.8071428571428572 0.469969040247678 0.7714285714285715 0.45944272445820433 0.7523809523809524 0.4309597523219814 0.7523809523809524 
29 0.3876160990712074 0.7523809523809524 0.3863777089783282 0.7535714285714286 0.3814241486068111 0.763095238095238 0.3814241486068111 0.8047619047619048 0.38204334365325077 0.8083333333333333 0.3863777089783282 0.8273809523809523 0.39690402476780184 0.8369047619047619 0.4154798761609907 0.8369047619047619 0.42043343653250775 0.8178571428571428 0.42043343653250775 0.763095238095238 0.4154798761609907 0.7523809523809524 0.3876160990712074 0.7523809523809524 
30 0.35170278637770896 0.6190476190476191 0.34674922600619196 0.6404761904761904 0.3368421052631579 0.7142857142857143 0.3368421052631579 0.7797619047619048 0.37956656346749224 0.7797619047619048 0.38080495356037153 0.7785714285714286 0.3907120743034056 0.7511904761904762 0.4055727554179567 0.694047619047619 0.4055727554179567 0.6416666666666667 0.40495356037151703 0.6392857142857142 0.4006191950464396 0.6285714285714286 0.39009287925696595 0.6190476190476191 0.35170278637770896 0.6190476190476191 
31 0.3040247678018576 0.6476190476190476 0.3021671826625387 0.6488095238095238 0.29287925696594425 0.6666666666666666 0.29226006191950465 0.669047619047619 0.29226006191950465 0.7035714285714286 0.3176470588235294 0.7511904761904762 0.3411764705882353 0.7511904761904762 0.3461300309597523 0.7214285714285714 0.3461300309597523 0.7154761904761905 0.3411764705882353 0.6857142857142857 0.33126934984520123 0.6666666666666666 0.3157894736842105 0.6476190476190476 0.3040247678018576 0.6476190476190476 
A 0.4117647058823529 0.4857142857142857 0.3913312693498452 0.49523809523809526 0.3913312693498452 0.5880952380952381 0.39690402476780184 0.5988095238095238 0.42538699690402476 0.5988095238095238 0.43034055727554177 0.5892857142857143 0.43034055727554177 0.5333333333333333 0.42043343653250775 0.4869047619047619 0.41857585139318887 0.4857142857142857 0.4117647058823529 0.4857142857142857 
B 0.4408668730650155 0.5047619047619047 0.42105263157894735 0.5142857142857142 0.42105263157894735 0.6083333333333333 0.4501547987616099 0.6083333333333333 0.4551083591331269 0.5892857142857143 0.4551083591331269 0.5630952380952381 0.4501547987616099 0.5047619047619047 0.4408668730650155 0.5047619047619047 
C 0.45139318885448915 0.4666666666666667 0.45077399380804956 0.46785714285714286 0.4408668730650155 0.5059523809523809 0.4408668730650155 0.513095238095238 0.4458204334365325 0.6166666666666667 0.45077399380804956 0.6273809523809524 0.465015479876161 0.6273809523809524 0.469969040247678 0.6178571428571429 0.469969040247678 0.5619047619047619 0.465015479876161 0.5142857142857142 0.460061919504644 0.4773809523809524 0.4551083591331269 0.46785714285714286 0.45325077399380803 0.4666666666666667 0.45139318885448915 0.4666666666666667 
D 0.4724458204334365 0.5333333333333333 0.4712074303405573 0.5345238095238095 0.47058823529411764 0.5357142857142857 0.47058823529411764 0.6261904761904762 0.47306501547987617 0.6273809523809524 0.48792569659442725 0.6273809523809524 0.48978328173374613 0.6261904761904762 0.48978328173374613 0.580952380952381 0.4848297213622291 0.544047619047619 0.47987616099071206 0.5333333333333333 0.4724458204334365 0.5333333333333333 
G 0.5603715170278638 0.5428571428571428 0.5597523219814241 0.544047619047619 0.5597523219814241 0.6166666666666667 0.5653250773993808 0.6273809523809524 0.5764705882352941 0.6273809523809524 0.5789473684210527 0.6261904761904762 0.5789473684210527 0.5714285714285714 0.5739938080495356 0.544047619047619 0.5727554179566563 0.5428571428571428 0.5603715170278638 0.5428571428571428 
H 0.5845201238390093 0.4666666666666667 0.5801857585139318 0.4857142857142857 0.5795665634674922 0.48928571428571427 0.5746130030959752 0.5523809523809524 0.5746130030959752 0.6178571428571429 0.5845201238390093 0.6369047619047619 0.5925696594427244 0.6369047619047619 0.5938080495356037 0.6357142857142857 0.5987616099071208 0.6261904761904762 0.5987616099071208 0.5142857142857142 0.5938080495356037 0.4714285714285714 0.5931888544891641 0.46904761904761905 0.5913312693498453 0.4666666666666667 0.5845201238390093 0.4666666666666667 
I 0.5944272445820433 0.5238095238095238 0.5944272445820433 0.6178571428571429 0.6235294117647059 0.6178571428571429 0.6235294117647059 0.5273809523809524 0.6229102167182663 0.5238095238095238 0.5944272445820433 0.5238095238095238 
J 0.6198142414860681 0.5047619047619047 0.6191950464396285 0.5083333333333333 0.6142414860681115 0.5535714285714286 0.6142414860681115 0.5988095238095238 0.6198142414860681 0.6083333333333333 0.653250773993808 0.6083333333333333 0.653250773993808 0.5833333333333334 0.648297213622291 0.5083333333333333 0.6476780185758514 0.5047619047619047 0.6198142414860681 0.5047619047619047 
K 0.6154798761609908 0.6476190476190476 0.6092879256965944 0.6511904761904762 0.5993808049535604 0.6571428571428571 0.5993808049535604 0.694047619047619 0.6092879256965944 0.7583333333333333 0.6111455108359133 0.7702380952380953 0.6142414860681115 0.7785714285714286 0.6154798761609908 0.7797619047619048 0.6235294117647059 0.7797619047619048 0.6582043343653251 0.7702380952380953 0.6582043343653251 0.7333333333333333 0.648297213622291 0.6488095238095238 0.6476780185758514 0.6476190476190476 0.6154798761609908 0.6476190476190476 
L 0.5770897832817338 0.6666666666666666 0.5758513931888545 0.6678571428571428 0.5746130030959752 0.6702380952380952 0.5746130030959752 0.7416666666666667 0.5795665634674922 0.7785714285714286 0.5801857585139318 0.7797619047619048 0.5938080495356037 0.7797619047619048 0.6136222910216719 0.7702380952380953 0.6136222910216719 0.7142857142857143 0.6086687306501548 0.6869047619047619 0.6037151702786377 0.6678571428571428 0.6030959752321982 0.6666666666666666 0.5770897832817338 0.6666666666666666 
M 0.5554179566563467 0.6666666666666666 0.5547987616099072 0.669047619047619 0.5547987616099072 0.6833333333333333 0.5597523219814241 0.7785714285714286 0.5603715170278638 0.7797619047619048 0.5789473684210527 0.7797619047619048 0.5789473684210527 0.6869047619047619 0.5690402476780185 0.6666666666666666 0.5554179566563467 0.6666666666666666 
R 0.4718266253869969 0.6666666666666666 0.47058823529411764 0.6678571428571428 0.47058823529411764 0.7083333333333334 0.47554179566563465 0.7583333333333333 0.48111455108359136 0.7702380952380953 0.4891640866873065 0.7702380952380953 0.49907120743034056 0.7607142857142857 0.4996904024767802 0.7535714285714286 0.4996904024767802 0.736904761904762 0.49473684210526314 0.6761904761904762 0.48978328173374613 0.6666666666666666 0.4718266253869969 0.6666666666666666 
S 0.45077399380804956 0.6476190476190476 0.4408668730650155 0.6571428571428571 0.4359133126934985 0.6678571428571428 0.4359133126934985 0.7595238095238095 0.4371517027863777 0.7607142857142857 0.46068111455108357 0.7797619047619048 0.469969040247678 0.7797619047619048 0.47492260061919506 0.7702380952380953 0.47492260061919506 0.6571428571428571 0.465015479876161 0.6476190476190476 0.45077399380804956 0.6476190476190476 
T 0.40123839009287926 0.638095238095238 0.3863777089783282 0.7345238095238096 0.3863777089783282 0.7416666666666667 0.42105263157894735 0.7607142857142857 0.43962848297213625 0.7607142857142857 0.44024767801857584 0.7595238095238095 0.4452012383900929 0.7226190476190476 0.4501547987616099 0.6642857142857143 0.4501547987616099 0.6476190476190476 0.44024767801857584 0.638095238095238 0.40123839009287926 0.638095238095238 