2 0.28792569659442724 0.3904761904761905 0.2773993808049536 0.4 0.2773993808049536 0.5571428571428572 0.2823529411764706 0.5785714285714286 0.2835913312693498 0.5797619047619048 0.29473684210526313 0.5892857142857143 0.3157894736842105 0.5892857142857143 0.32136222910216716 0.5797619047619048 0.32136222910216716 0.4773809523809524 0.31640866873065016 0.4380952380952381 0.31145510835913315 0.4107142857142857 0.3015479876160991 0.3904761904761905 0.28792569659442724 0.3904761904761905 
3 0.3219814241486068 0.37142857142857144 0.31207430340557274 0.3904761904761905 0.3077399380804954 0.4 0.30712074303405573 0.4023809523809524 0.30712074303405573 0.45595238095238094 0.3170278637770898 0.5702380952380952 0.3269349845201238 0.5892857142857143 0.3318885448916409 0.5952380952380952 0.3368421052631579 0.5988095238095238 0.3411764705882353 0.5988095238095238 0.3609907120743034 0.5892857142857143 0.36594427244582045 0.5678571428571428 0.36594427244582045 0.5452380952380952 0.3560371517027864 0.4488095238095238 0.3461300309597523 0.38095238095238093 0.34055727554179566 0.37142857142857144 0.3219814241486068 0.37142857142857144 
4 0.34179566563467495 0.37142857142857144 0.34179566563467495 0.4154761904761905 0.356656346749226 0.5488095238095239 0.3572755417956656 0.5511904761904762 0.36656346749226004 0.5702380952380952 0.38080495356037153 0.5702380952380952 0.3851393188854489 0.5607142857142857 0.38575851393188854 0.5583333333333333 0.38575851393188854 0.49642857142857144 0.36594427244582045 0.4 0.3609907120743034 0.3821428571428571 0.3603715170278638 0.38095238095238093 0.3504643962848297 0.3726190476190476 0.34860681114551084 0.37142857142857144 0.34179566563467495 0.37142857142857144 
5 0.3671826625386997 0.3523809523809524 0.36160990712074303 0.37142857142857144 0.36160990712074303 0.39880952380952384 0.3715170278637771 0.4845238095238095 0.3814241486068111 0.5595238095238095 0.3826625386996904 0.5607142857142857 0.3956656346749226 0.5607142857142857 0.40495356037151703 0.5511904761904762 0.4105263157894737 0.5321428571428571 0.4105263157894737 0.4773809523809524 0.4006191950464396 0.41904761904761906 0.3956656346749226 0.3904761904761905 0.3907120743034056 0.37142857142857144 0.3851393188854489 0.3619047619047619 0.37585139318885447 0.3523809523809524 0.3671826625386997 0.3523809523809524 
6 0.39195046439628484 0.2761904761904762 0.3913312693498452 0.2773809523809524 0.3863777089783282 0.29642857142857143 0.3863777089783282 0.36904761904761907 0.3913312693498452 0.4261904761904762 0.39628482972136225 0.4642857142857143 0.40619195046439627 0.5321428571428571 0.43034055727554177 0.5321428571428571 0.43529411764705883 0.5214285714285715 0.43529411764705883 0.4607142857142857 0.42043343653250775 0.325 0.4148606811145511 0.29523809523809524 0.40495356037151703 0.2761904761904762 0.39195046439628484 0.2761904761904762 
7 0.41609907120743034 0.3238095238095238 0.41609907120743034 0.37857142857142856 0.42105263157894735 0.42738095238095236 0.4309597523219814 0.5107142857142857 0.43157894736842106 0.513095238095238 0.4501547987616099 0.513095238095238 0.460061919504644 0.5035714285714286 0.460061919504644 0.47619047619047616 0.4551083591331269 0.4107142857142857 0.4452012383900929 0.3535714285714286 0.44024767801857584 0.3345238095238095 0.43529411764705883 0.325 0.4321981424148607 0.3238095238095238 0.41609907120743034 0.3238095238095238 
8 0.4359133126934985 0.3047619047619048 0.4359133126934985 0.35119047619047616 0.45077399380804956 0.5119047619047619 0.4563467492260062 0.5226190476190476 0.4848297213622291 0.5226190476190476 0.4848297213622291 0.44761904761904764 0.47987616099071206 0.4095238095238095 0.460061919504644 0.30714285714285716 0.45944272445820433 0.3047619047619048 0.4359133126934985 0.3047619047619048 
9 0.4804953560371517 0.3142857142857143 0.4761609907120743 0.3333333333333333 0.47554179566563465 0.33690476190476193 0.47554179566563465 0.45595238095238094 0.4804953560371517 0.5190476190476191 0.48111455108359136 0.5226190476190476 0.5139318885448917 0.5226190476190476 0.5145510835913313 0.5214285714285715 0.5195046439628483 0.4654761904761905 0.5195046439628483 0.45 0.5139318885448917 0.39166666666666666 0.5046439628482973 0.3261904761904762 0.5040247678018576 0.3238095238095238 0.4996904024767802 0.3142857142857143 0.4804953560371517 0.3142857142857143 
10 0.5108359133126935 0.3142857142857143 0.5052631578947369 0.3238095238095238 0.5052631578947369 0.39880952380952384 0.5102167182662539 0.5107142857142857 0.5108359133126935 0.513095238095238 0.5201238390092879 0.5226190476190476 0.5318885448916408 0.5226190476190476 0.5331269349845201 0.5214285714285715 0.5343653250773994 0.5190476190476191 0.5393188854489164 0.4845238095238095 0.5393188854489164 0.45476190476190476 0.5294117647058824 0.34523809523809523 0.5238390092879257 0.3238095238095238 0.518266253869969 0.3142857142857143 0.5108359133126935 0.3142857142857143 
11 0.5554179566563467 0.3333333333333333 0.5498452012383901 0.34285714285714286 0.530030959752322 0.38095238095238093 0.530030959752322 0.513095238095238 0.534984520123839 0.5214285714285715 0.5362229102167183 0.5226190476190476 0.5492260061919505 0.5226190476190476 0.5591331269349845 0.5023809523809524 0.5640866873065016 0.4654761904761905 0.5690402476780185 0.3880952380952381 0.5690402476780185 0.3523809523809524 0.5634674922600619 0.3333333333333333 0.5554179566563467 0.3333333333333333 
12 0.5851393188854489 0.37142857142857144 0.5752321981424149 0.3821428571428571 0.5702786377708978 0.3904761904761905 0.5647058823529412 0.4011904761904762 0.5597523219814241 0.42023809523809524 0.5547987616099072 0.45714285714285713 0.5498452012383901 0.49523809523809526 0.5498452012383901 0.5214285714285715 0.5510835913312694 0.5226190476190476 0.5739938080495356 0.5226190476190476 0.5789473684210527 0.513095238095238 0.5839009287925696 0.5023809523809524 0.5888544891640867 0.48214285714285715 0.5938080495356037 0.45476190476190476 0.5987616099071208 0.3976190476190476 0.5987616099071208 0.3726190476190476 0.5975232198142415 0.37142857142857144 0.5851393188854489 0.37142857142857144 
13 0.6092879256965944 0.3619047619047619 0.5993808049535604 0.3726190476190476 0.5894736842105263 0.3904761904761905 0.5696594427244582 0.5142857142857142 0.5696594427244582 0.5226190476190476 0.5752321981424149 0.530952380952381 0.5764705882352941 0.5321428571428571 0.5987616099071208 0.5321428571428571 0.6086687306501548 0.513095238095238 0.6185758513931888 0.475 0.6235294117647059 0.4452380952380952 0.628482972136223 0.40714285714285714 0.628482972136223 0.3630952380952381 0.6278637770897832 0.3619047619047619 0.6092879256965944 0.3619047619047619 
14 0.6346749226006192 0.3619047619047619 0.6241486068111455 0.3821428571428571 0.5993808049535604 0.5047619047619047 0.5993808049535604 0.5285714285714286 0.6 0.5321428571428571 0.604953560371517 0.5416666666666666 0.6526315789473685 0.5416666666666666 0.6582043343653251 0.5321428571428571 0.6823529411764706 0.44642857142857145 0.6829721362229102 0.444047619047619 0.6879256965944273 0.41785714285714287 0.6879256965944273 0.38095238095238093 0.6823529411764706 0.37142857142857144 0.6582043343653251 0.3619047619047619 0.6346749226006192 0.3619047619047619 
18 0.6247678018575852 0.5904761904761905 0.6241486068111455 0.5916666666666667 0.6241486068111455 0.6273809523809524 0.6439628482972136 0.7023809523809523 0.6544891640866873 0.7226190476190476 0.6643962848297214 0.7321428571428571 0.6681114551083591 0.7321428571428571 0.6873065015479877 0.7226190476190476 0.6928792569659443 0.7107142857142857 0.6928792569659443 0.6476190476190476 0.6829721362229102 0.5904761904761905 0.6247678018575852 0.5904761904761905 
20 0.5647058823529412 0.5714285714285714 0.5597523219814241 0.5821428571428572 0.5597523219814241 0.7035714285714286 0.5647058823529412 0.7214285714285714 0.5659442724458205 0.7226190476190476 0.5789473684210527 0.7226190476190476 0.5839009287925696 0.7035714285714286 0.5888544891640867 0.6535714285714286 0.5888544891640867 0.594047619047619 0.5882352941176471 0.5916666666666667 0.5839009287925696 0.580952380952381 0.573374613003096 0.5714285714285714 0.5647058823529412 0.5714285714285714 
21 0.5312693498452012 0.5238095238095238 0.530030959752322 0.525 0.530030959752322 0.6916666666666667 0.534984520123839 0.7119047619047619 0.5399380804953561 0.7226190476190476 0.5541795665634675 0.7226190476190476 0.5591331269349845 0.7035714285714286 0.5640866873065016 0.6630952380952381 0.5690402476780185 0.5892857142857143 0.5690402476780185 0.5333333333333333 0.5634674922600619 0.525 0.561609907120743 0.5238095238095238 0.5312693498452012 0.5238095238095238 
22 0.5157894736842106 0.5142857142857142 0.5052631578947369 0.5238095238095238 0.5003095975232198 0.6 0.5003095975232198 0.7202380952380952 0.5052631578947369 0.7392857142857143 0.5065015479876162 0.7416666666666667 0.5195046439628483 0.7416666666666667 0.5294117647058824 0.7226190476190476 0.5343653250773994 0.6738095238095239 0.5393188854489164 0.5297619047619048 0.5393188854489164 0.5261904761904762 0.5386996904024768 0.5238095238095238 0.518266253869969 0.5142857142857142 0.5157894736842106 0.5142857142857142 
23 0.49102167182662537 0.5333333333333333 0.4904024767801858 0.5369047619047619 0.4854489164086687 0.6011904761904762 0.4804953560371517 0.6892857142857143 0.4804953560371517 0.6916666666666667 0.48111455108359136 0.694047619047619 0.4854489164086687 0.7035714285714286 0.4996904024767802 0.7035714285714286 0.5046439628482973 0.6845238095238095 0.5095975232198142 0.6059523809523809 0.5095975232198142 0.5345238095238095 0.5089783281733746 0.5333333333333333 0.49102167182662537 0.5333333333333333 
24 0.47554179566563465 0.5238095238095238 0.47058823529411764 0.611904761904762 0.47058823529411764 0.694047619047619 0.48297213622291024 0.694047619047619 0.4848297213622291 0.6928571428571428 0.48978328173374613 0.6845238095238095 0.4996904024767802 0.5416666666666666 0.4996904024767802 0.5345238095238095 0.49473684210526314 0.5238095238095238 0.47554179566563465 0.5238095238095238 
25 0.46687306501547987 0.5238095238095238 0.4613003095975232 0.5345238095238095 0.46068111455108357 0.5392857142857143 0.45572755417956656 0.6 0.45572755417956656 0.6011904761904762 0.46068111455108357 0.6928571428571428 0.4631578947368421 0.694047619047619 0.47368421052631576 0.694047619047619 0.47492260061919506 0.6928571428571428 0.47987616099071206 0.6178571428571429 0.47987616099071206 0.525 0.4792569659442725 0.5238095238095238 0.46687306501547987 0.5238095238095238 
26 0.44643962848297214 0.5238095238095238 0.4408668730650155 0.5345238095238095 0.4408668730650155 0.5678571428571428 0.4458204334365325 0.6833333333333333 0.45077399380804956 0.7119047619047619 0.45139318885448915 0.7130952380952381 0.4544891640866873 0.7130952380952381 0.460061919504644 0.7035714285714286 0.46377708978328175 0.694047619047619 0.465015479876161 0.6869047619047619 0.465015479876161 0.5285714285714286 0.46439628482972134 0.5238095238095238 0.44643962848297214 0.5238095238095238 
27 0.4309597523219814 0.5333333333333333 0.41609907120743034 0.5428571428571428 0.41609907120743034 0.6154761904761905 0.42105263157894735 0.6678571428571428 0.4260061919504644 0.7130952380952381 0.4309597523219814 0.75 0.43157894736842106 0.7511904761904762 0.44953560371517026 0.7511904761904762 0.4501547987616099 0.75 0.4501547987616099 0.6190476190476191 0.4452012383900929 0.5511904761904762 0.44458204334365325 0.5452380952380952 0.44024767801857584 0.5345238095238095 0.43962848297213625 0.5333333333333333 0.4309597523219814 0.5333333333333333 
28 0.40309597523219814 0.5333333333333333 0.40123839009287926 0.5345238095238095 0.3913312693498452 0.544047619047619 0.3863777089783282 0.5523809523809524 0.3863777089783282 0.5880952380952381 0.3913312693498452 0.7 0.39628482972136225 0.7416666666666667 0.40619195046439627 0.7607142857142857 0.40928792569659445 0.7607142857142857 0.4105263157894737 0.7595238095238095 0.4154798761609907 0.7511904761904762 0.42043343653250775 0.6357142857142857 0.42043343653250775 0.5547619047619048 0.4198142414860681 0.5428571428571428 0.40990712074303404 0.5333333333333333 0.40309597523219814 0.5333333333333333 
29 0.38204334365325077 0.6095238095238096 0.3721362229102167 0.6285714285714286 0.36656346749226004 0.65 0.36160990712074303 0.6785714285714286 0.36160990712074303 0.7119047619047619 0.36656346749226004 0.7309523809523809 0.36780185758513934 0.7321428571428571 0.37585139318885447 0.7321428571428571 0.38080495356037153 0.7202380952380952 0.38575851393188854 0.7035714285714286 0.3907120743034056 0.6845238095238095 0.3956656346749226 0.6630952380952381 0.4006191950464396 0.6369047619047619 0.4006191950464396 0.6214285714285714 0.4 0.6190476190476191 0.3956656346749226 0.6107142857142858 0.39442724458204337 0.6095238095238096 0.38204334365325077 0.6095238095238096 
31 0.3021671826625387 0.6 0.2978328173374613 0.6095238095238096 0.29226006191950465 0.6297619047619047 0.2823529411764706 0.6964285714285714 0.2823529411764706 0.75 0.29226006191950465 0.7702380952380953 0.30030959752321984 0.7702380952380953 0.3108359133126935 0.7607142857142857 0.31145510835913315 0.7595238095238095 0.31640866873065016 0.7440476190476191 0.3263157894736842 0.7023809523809523 0.33622291021671824 0.6547619047619048 0.33622291021671824 0.6190476190476191 0.33126934984520123 0.6095238095238096 0.3256965944272446 0.6 0.3021671826625387 0.6 
32 0.2631578947368421 0.5523809523809524 0.25758513931888544 0.5619047619047619 0.24272445820433436 0.6892857142857143 0.24272445820433436 0.7214285714285714 0.2452012383900929 0.7226190476190476 0.26191950464396285 0.7226190476190476 0.28173374613003094 0.6845238095238095 0.291640866873065 0.6642857142857143 0.3065015479876161 0.6166666666666667 0.3065015479876161 0.5821428571428572 0.2761609907120743 0.5523809523809524 0.2631578947368421 0.5523809523809524 