3 0.3176470588235294 0.37142857142857144 0.29845201238390096 0.38095238095238093 0.29721362229102166 0.3821428571428571 0.29226006191950465 0.4095238095238095 0.2873065015479876 0.5047619047619047 0.2873065015479876 0.5583333333333333 0.2885448916408669 0.5607142857142857 0.3021671826625387 0.5797619047619048 0.3256965944272446 0.5797619047619048 0.33126934984520123 0.5702380952380952 0.33622291021671824 0.5023809523809524 0.33622291021671824 0.4095238095238095 0.3256965944272446 0.37142857142857144 0.3176470588235294 0.37142857142857144 
5 0.36656346749226004 0.37142857142857144 0.356656346749226 0.5238095238095238 0.356656346749226 0.5583333333333333 0.3622291021671827 0.5702380952380952 0.3671826625386997 0.5797619047619048 0.37956656346749224 0.5797619047619048 0.38080495356037153 0.5785714285714286 0.39504643962848296 0.5607142857142857 0.3956656346749226 0.5595238095238095 0.3956656346749226 0.46904761904761905 0.3907120743034056 0.4035714285714286 0.39009287925696595 0.4 0.38575851393188854 0.38095238095238093 0.3801857585139319 0.37142857142857144 0.36656346749226004 0.37142857142857144 
6 0.4068111455108359 0.3142857142857143 0.40619195046439627 0.31547619047619047 0.40123839009287926 0.33095238095238094 0.39628482972136225 0.3523809523809524 0.3863777089783282 0.4666666666666667 0.3863777089783282 0.475 0.3913312693498452 0.5321428571428571 0.39628482972136225 0.55 0.3975232198142415 0.5511904761904762 0.4105263157894737 0.5511904761904762 0.42043343653250775 0.5321428571428571 0.4247678018575851 0.5226190476190476 0.42538699690402476 0.5166666666666667 0.42538699690402476 0.5059523809523809 0.42043343653250775 0.3464285714285714 0.4154798761609907 0.31547619047619047 0.4148606811145511 0.3142857142857143 0.4068111455108359 0.3142857142857143 
7 0.4359133126934985 0.34285714285714286 0.4309597523219814 0.36428571428571427 0.4260061919504644 0.4095238095238095 0.42105263157894735 0.4857142857142857 0.42105263157894735 0.55 0.421671826625387 0.5511904761904762 0.44891640866873067 0.5511904761904762 0.4501547987616099 0.55 0.4544891640866873 0.5416666666666666 0.4551083591331269 0.5392857142857143 0.4551083591331269 0.36547619047619045 0.4544891640866873 0.3619047619047619 0.4501547987616099 0.34285714285714286 0.4359133126934985 0.34285714285714286 
8 0.4563467492260062 0.3333333333333333 0.45077399380804956 0.3630952380952381 0.45077399380804956 0.5404761904761904 0.4520123839009288 0.5416666666666666 0.4823529411764706 0.5416666666666666 0.4842105263157895 0.5404761904761904 0.4848297213622291 0.5369047619047619 0.4848297213622291 0.4869047619047619 0.47492260061919506 0.34285714285714286 0.469969040247678 0.3333333333333333 0.4563467492260062 0.3333333333333333 
10 0.5356037151702786 0.3523809523809524 0.530030959752322 0.3630952380952381 0.525077399380805 0.3821428571428571 0.5201238390092879 0.4095238095238095 0.5201238390092879 0.5404761904761904 0.5256965944272446 0.5511904761904762 0.5492260061919505 0.5511904761904762 0.5541795665634675 0.4035714285714286 0.5541795665634675 0.3523809523809524 0.5356037151702786 0.3523809523809524 
11 0.5603715170278638 0.3333333333333333 0.5597523219814241 0.3345238095238095 0.5547987616099072 0.3523809523809524 0.5498452012383901 0.40595238095238095 0.5498452012383901 0.5416666666666666 0.5597523219814241 0.5607142857142857 0.573374613003096 0.5607142857142857 0.5789473684210527 0.55 0.5789473684210527 0.35595238095238096 0.578328173374613 0.3523809523809524 0.5739938080495356 0.3333333333333333 0.5603715170278638 0.3333333333333333 
19 0.6390092879256966 0.5523809523809524 0.6247678018575852 0.5619047619047619 0.6191950464396285 0.5726190476190476 0.6191950464396285 0.6071428571428571 0.6390092879256966 0.6928571428571428 0.6439628482972136 0.7035714285714286 0.6588235294117647 0.7321428571428571 0.6643962848297214 0.7416666666666667 0.6780185758513931 0.7416666666666667 0.7027863777089783 0.7309523809523809 0.7071207430340557 0.7226190476190476 0.7077399380804954 0.719047619047619 0.7077399380804954 0.7047619047619048 0.6681114551083591 0.5619047619047619 0.6631578947368421 0.5535714285714286 0.6619195046439629 0.5523809523809524 0.6390092879256966 0.5523809523809524 
20 0.5944272445820433 0.5523809523809524 0.5894736842105263 0.5619047619047619 0.5894736842105263 0.5988095238095238 0.5993808049535604 0.6547619047619048 0.6043343653250774 0.675 0.6142414860681115 0.7130952380952381 0.6191950464396285 0.7309523809523809 0.6241486068111455 0.7416666666666667 0.6291021671826625 0.7511904761904762 0.6334365325077399 0.7511904761904762 0.6334365325077399 0.6285714285714286 0.628482972136223 0.5738095238095238 0.6235294117647059 0.5523809523809524 0.5944272445820433 0.5523809523809524 
21 0.5746130030959752 0.5523809523809524 0.5653250773993808 0.5619047619047619 0.5647058823529412 0.5642857142857143 0.5647058823529412 0.625 0.5696594427244582 0.675 0.5746130030959752 0.7023809523809523 0.5845201238390093 0.7321428571428571 0.5938080495356037 0.7321428571428571 0.5987616099071208 0.7226190476190476 0.5987616099071208 0.6511904761904762 0.5938080495356037 0.5619047619047619 0.5839009287925696 0.5523809523809524 0.5746130030959752 0.5523809523809524 
22 0.5399380804953561 0.5619047619047619 0.534984520123839 0.5714285714285714 0.530030959752322 0.5904761904761905 0.530030959752322 0.6654761904761904 0.5399380804953561 0.7321428571428571 0.544891640866873 0.7607142857142857 0.5547987616099072 0.7797619047619048 0.561609907120743 0.7797619047619048 0.5634674922600619 0.7785714285714286 0.5640866873065016 0.7761904761904762 0.5640866873065016 0.7047619047619048 0.5591331269349845 0.6 0.5541795665634675 0.5726190476190476 0.5492260061919505 0.5619047619047619 0.5399380804953561 0.5619047619047619 
24 0.5052631578947369 0.5523809523809524 0.5052631578947369 0.6083333333333333 0.5151702786377709 0.6845238095238095 0.525077399380805 0.7309523809523809 0.5256965944272446 0.7321428571428571 0.5343653250773994 0.7321428571428571 0.5343653250773994 0.6095238095238096 0.5294117647058824 0.5535714285714286 0.5287925696594428 0.5523809523809524 0.5052631578947369 0.5523809523809524 
25 0.48111455108359136 0.5619047619047619 0.4804953560371517 0.5654761904761905 0.4804953560371517 0.6357142857142857 0.4854489164086687 0.7023809523809523 0.4904024767801858 0.7416666666666667 0.49907120743034056 0.7416666666666667 0.4996904024767802 0.7404761904761905 0.5046439628482973 0.7130952380952381 0.5046439628482973 0.5642857142857143 0.5027863777089784 0.5619047619047619 0.48111455108359136 0.5619047619047619 
26 0.46563467492260063 0.5523809523809524 0.46068111455108357 0.5630952380952381 0.46068111455108357 0.5976190476190476 0.46563467492260063 0.7309523809523809 0.4662538699690402 0.7321428571428571 0.4786377708978328 0.7321428571428571 0.47987616099071206 0.7309523809523809 0.4848297213622291 0.7119047619047619 0.48978328173374613 0.655952380952381 0.48978328173374613 0.5535714285714286 0.4891640866873065 0.5523809523809524 0.46563467492260063 0.5523809523809524 
27 0.44643962848297214 0.5428571428571428 0.4458204334365325 0.544047619047619 0.44148606811145513 0.6023809523809524 0.4408668730650155 0.6285714285714286 0.4408668730650155 0.7130952380952381 0.4458204334365325 0.7702380952380953 0.4551083591331269 0.7702380952380953 0.460061919504644 0.7607142857142857 0.465015479876161 0.7416666666666667 0.469969040247678 0.675 0.469969040247678 0.5964285714285714 0.465015479876161 0.5428571428571428 0.44643962848297214 0.5428571428571428 