1 0.2532507739938081 0.3523809523809524 0.243343653250774 0.3619047619047619 0.21795665634674924 0.44761904761904764 0.21795665634674924 0.4726190476190476 0.23281733746130032 0.513095238095238 0.23777089783281732 0.5226190476190476 0.2501547987616099 0.5226190476190476 0.2513931888544892 0.5214285714285715 0.25696594427244585 0.513095238095238 0.2718266253869969 0.45595238095238094 0.2718266253869969 0.3630952380952381 0.26687306501547986 0.3535714285714286 0.265015479876161 0.3523809523809524 0.2532507739938081 0.3523809523809524 
2 0.27306501547987616 0.37142857142857144 0.26811145510835915 0.38095238095238093 0.2674922600619195 0.38452380952380955 0.25758513931888544 0.47619047619047616 0.25758513931888544 0.5285714285714286 0.2582043343653251 0.5321428571428571 0.2674922600619195 0.5416666666666666 0.2773993808049536 0.5511904761904762 0.29907120743034055 0.5511904761904762 0.3015479876160991 0.55 0.31145510835913315 0.444047619047619 0.31145510835913315 0.39166666666666666 0.30092879256965943 0.37142857142857144 0.27306501547987616 0.37142857142857144 
3 0.32260061919504646 0.3619047619047619 0.3170278637770898 0.37142857142857144 0.31207430340557274 0.38452380952380955 0.30712074303405573 0.4011904761904762 0.3021671826625387 0.4380952380952381 0.29721362229102166 0.5047619047619047 0.29721362229102166 0.55 0.3021671826625387 0.5595238095238095 0.30340557275541796 0.5607142857142857 0.3219814241486068 0.5702380952380952 0.3461300309597523 0.5702380952380952 0.3504643962848297 0.5607142857142857 0.3510835913312694 0.5583333333333333 0.3510835913312694 0.5166666666666667 0.3461300309597523 0.37142857142857144 0.3411764705882353 0.3619047619047619 0.32260061919504646 0.3619047619047619 
4 0.3572755417956656 0.37142857142857144 0.35170278637770896 0.38095238095238093 0.34674922600619196 0.3904761904761905 0.34179566563467495 0.5523809523809524 0.34179566563467495 0.5607142857142857 0.34674922600619196 0.5702380952380952 0.3523219814241486 0.5797619047619048 0.3653250773993808 0.5797619047619048 0.3752321981424149 0.5702380952380952 0.37585139318885447 0.569047619047619 0.37585139318885447 0.4857142857142857 0.37089783281733746 0.38095238095238093 0.3653250773993808 0.37142857142857144 0.3572755417956656 0.37142857142857144 
5 0.3814241486068111 0.3904761904761905 0.3764705882352941 0.4011904761904762 0.3715170278637771 0.42857142857142855 0.3715170278637771 0.5797619047619048 0.3826625386996904 0.5892857142857143 0.39442724458204337 0.5892857142857143 0.3956656346749226 0.5880952380952381 0.40990712074303404 0.5702380952380952 0.4105263157894737 0.5678571428571428 0.4105263157894737 0.5083333333333333 0.4006191950464396 0.4238095238095238 0.4 0.41904761904761906 0.3956656346749226 0.39166666666666666 0.3931888544891641 0.3904761904761905 0.3814241486068111 0.3904761904761905 
6 0.39628482972136225 0.34285714285714286 0.39628482972136225 0.4726190476190476 0.40619195046439627 0.5797619047619048 0.41609907120743034 0.5892857142857143 0.42538699690402476 0.5892857142857143 0.43529411764705883 0.569047619047619 0.43962848297213625 0.5416666666666666 0.44024767801857584 0.5321428571428571 0.44024767801857584 0.5273809523809524 0.42538699690402476 0.4107142857142857 0.4198142414860681 0.38095238095238093 0.4154798761609907 0.3630952380952381 0.4105263157894737 0.3523809523809524 0.4055727554179567 0.34285714285714286 0.39628482972136225 0.34285714285714286 
7 0.44148606811145513 0.3904761904761905 0.4408668730650155 0.39166666666666666 0.4359133126934985 0.4095238095238095 0.4309597523219814 0.5059523809523809 0.4309597523219814 0.555952380952381 0.43157894736842106 0.5607142857142857 0.43653250773993807 0.5702380952380952 0.460061919504644 0.5702380952380952 0.465015479876161 0.55 0.465015479876161 0.5261904761904762 0.460061919504644 0.4 0.4544891640866873 0.39166666666666666 0.45325077399380803 0.3904761904761905 0.44148606811145513 0.3904761904761905 
8 0.4662538699690402 0.37142857142857144 0.46563467492260063 0.3726190476190476 0.46068111455108357 0.42857142857142855 0.45572755417956656 0.5238095238095238 0.45572755417956656 0.5321428571428571 0.4569659442724458 0.5607142857142857 0.46068111455108357 0.569047619047619 0.4662538699690402 0.5797619047619048 0.4854489164086687 0.5892857142857143 0.48978328173374613 0.5892857142857143 0.49473684210526314 0.5785714285714286 0.49473684210526314 0.49642857142857144 0.48978328173374613 0.39166666666666666 0.4842105263157895 0.37142857142857144 0.4662538699690402 0.37142857142857144 
9 0.496594427244582 0.37142857142857144 0.4953560371517028 0.3726190476190476 0.4904024767801858 0.5238095238095238 0.4904024767801858 0.5785714285714286 0.49102167182662537 0.5797619047619048 0.5244582043343653 0.5797619047619048 0.5294117647058824 0.5416666666666666 0.5294117647058824 0.5142857142857142 0.5195046439628483 0.4 0.5145510835913313 0.37142857142857144 0.496594427244582 0.37142857142857144 
10 0.530030959752322 0.37142857142857144 0.525077399380805 0.3904761904761905 0.525077399380805 0.569047619047619 0.5263157894736842 0.5702380952380952 0.5541795665634675 0.5702380952380952 0.5541795665634675 0.5166666666666667 0.5492260061919505 0.43214285714285716 0.5442724458204334 0.375 0.5436532507739938 0.37142857142857144 0.530030959752322 0.37142857142857144 
11 0.5696594427244582 0.3619047619047619 0.5653250773993808 0.37142857142857144 0.5647058823529412 0.375 0.5597523219814241 0.4107142857142857 0.5498452012383901 0.5154761904761904 0.5498452012383901 0.5476190476190477 0.5504643962848297 0.5511904761904762 0.5547987616099072 0.569047619047619 0.5647058823529412 0.5797619047619048 0.5789473684210527 0.5797619047619048 0.5839009287925696 0.5607142857142857 0.5839009287925696 0.3738095238095238 0.58328173374613 0.37142857142857144 0.5789473684210527 0.3619047619047619 0.5696594427244582 0.3619047619047619 
12 0.590092879256966 0.3523809523809524 0.5894736842105263 0.3547619047619048 0.5795665634674922 0.4095238095238095 0.5795665634674922 0.569047619047619 0.5808049535603715 0.5702380952380952 0.5956656346749226 0.5797619047619048 0.6130030959752322 0.5797619047619048 0.6179566563467492 0.5702380952380952 0.6185758513931888 0.5678571428571428 0.6185758513931888 0.4011904761904762 0.6130030959752322 0.3726190476190476 0.6086687306501548 0.3535714285714286 0.6074303405572755 0.3523809523809524 0.590092879256966 0.3523809523809524 
13 0.6198142414860681 0.3523809523809524 0.6191950464396285 0.3535714285714286 0.614860681114551 0.37142857142857144 0.6142414860681115 0.3761904761904762 0.6092879256965944 0.49642857142857144 0.6092879256965944 0.5595238095238095 0.6142414860681115 0.5702380952380952 0.6191950464396285 0.5785714285714286 0.6204334365325077 0.5797619047619048 0.638390092879257 0.5797619047619048 0.6427244582043343 0.5702380952380952 0.643343653250774 0.5678571428571428 0.643343653250774 0.4869047619047619 0.638390092879257 0.3630952380952381 0.6328173374613003 0.3523809523809524 0.6198142414860681 0.3523809523809524 
14 0.6513931888544892 0.37142857142857144 0.6489164086687307 0.3726190476190476 0.6439628482972136 0.39285714285714285 0.6390092879256966 0.48095238095238096 0.6390092879256966 0.5583333333333333 0.6396284829721363 0.5607142857142857 0.6588235294117647 0.5702380952380952 0.6631578947368421 0.5702380952380952 0.6879256965944273 0.5607142857142857 0.6879256965944273 0.4857142857142857 0.6829721362229102 0.4107142857142857 0.6631578947368421 0.37142857142857144 0.6513931888544892 0.37142857142857144 
15 0.6891640866873066 0.34285714285714286 0.6786377708978328 0.3630952380952381 0.6736842105263158 0.3821428571428571 0.6736842105263158 0.4166666666666667 0.6835913312693499 0.5607142857142857 0.7126934984520124 0.5607142857142857 0.7226006191950465 0.5511904761904762 0.7325077399380805 0.5321428571428571 0.7325077399380805 0.49642857142857144 0.7226006191950465 0.38095238095238093 0.7176470588235294 0.37142857142857144 0.7021671826625387 0.34285714285714286 0.6891640866873066 0.34285714285714286 
16 0.7337461300309598 0.37142857142857144 0.7281733746130031 0.38095238095238093 0.718266253869969 0.4 0.718266253869969 0.45476190476190476 0.7232198142414861 0.5 0.7281733746130031 0.5297619047619048 0.7331269349845201 0.55 0.7356037151702787 0.5511904761904762 0.756656346749226 0.5511904761904762 0.7721362229102167 0.5214285714285715 0.7721362229102167 0.4869047619047619 0.756656346749226 0.3904761904761905 0.746749226006192 0.37142857142857144 0.7337461300309598 0.37142857142857144 
18 0.698452012383901 0.5428571428571428 0.6687306501547987 0.5535714285714286 0.6637770897832818 0.5630952380952381 0.6637770897832818 0.5988095238095238 0.6743034055727554 0.6369047619047619 0.6934984520123839 0.6845238095238095 0.698452012383901 0.694047619047619 0.708359133126935 0.7119047619047619 0.7095975232198143 0.7130952380952381 0.7275541795665634 0.7130952380952381 0.7275541795665634 0.638095238095238 0.7226006191950465 0.5726190476190476 0.7176470588235294 0.5535714285714286 0.7126934984520124 0.5428571428571428 0.698452012383901 0.5428571428571428 
19 0.6538699690402476 0.5619047619047619 0.614860681114551 0.5714285714285714 0.6142414860681115 0.5738095238095238 0.6142414860681115 0.6166666666666667 0.6439628482972136 0.7321428571428571 0.6489164086687307 0.7416666666666667 0.6625386996904025 0.7416666666666667 0.6879256965944273 0.7119047619047619 0.6879256965944273 0.6761904761904762 0.6730650154798762 0.5904761904761905 0.6681114551083591 0.5630952380952381 0.6668730650154798 0.5619047619047619 0.6538699690402476 0.5619047619047619 
20 0.5894736842105263 0.5714285714285714 0.5845201238390093 0.5916666666666667 0.5845201238390093 0.6261904761904762 0.6092879256965944 0.7416666666666667 0.6142414860681115 0.7607142857142857 0.6191950464396285 0.7702380952380953 0.6253869969040248 0.7797619047619048 0.6334365325077399 0.7797619047619048 0.638390092879257 0.7702380952380953 0.638390092879257 0.7345238095238096 0.628482972136223 0.6190476190476191 0.6185758513931888 0.5726190476190476 0.6179566563467492 0.5714285714285714 0.5894736842105263 0.5714285714285714 
21 0.5702786377708978 0.5714285714285714 0.5597523219814241 0.5916666666666667 0.5597523219814241 0.6357142857142857 0.5696594427244582 0.7404761904761905 0.5746130030959752 0.7607142857142857 0.5795665634674922 0.7797619047619048 0.5845201238390093 0.7892857142857143 0.5938080495356037 0.7892857142857143 0.5987616099071208 0.7785714285714286 0.5987616099071208 0.7464285714285714 0.5938080495356037 0.5821428571428572 0.5888544891640867 0.5714285714285714 0.5702786377708978 0.5714285714285714 
22 0.5405572755417957 0.580952380952381 0.5356037151702786 0.5904761904761905 0.534984520123839 0.5928571428571429 0.534984520123839 0.655952380952381 0.5399380804953561 0.7404761904761905 0.544891640866873 0.7702380952380953 0.5547987616099072 0.7892857142857143 0.5690402476780185 0.7892857142857143 0.5690402476780185 0.6297619047619047 0.5640866873065016 0.5904761904761905 0.5486068111455108 0.580952380952381 0.5405572755417957 0.580952380952381 
23 0.5157894736842106 0.580952380952381 0.5151702786377709 0.5821428571428572 0.5102167182662539 0.7154761904761905 0.5102167182662539 0.7404761904761905 0.5157894736842106 0.7511904761904762 0.5238390092879257 0.7511904761904762 0.5287925696594428 0.7416666666666667 0.5343653250773994 0.7035714285714286 0.5393188854489164 0.6523809523809524 0.5442724458204334 0.5928571428571429 0.5442724458204334 0.5904761904761905 0.5195046439628483 0.580952380952381 0.5157894736842106 0.580952380952381 
24 0.4904024767801858 0.580952380952381 0.4904024767801858 0.6273809523809524 0.4953560371517028 0.7511904761904762 0.513312693498452 0.7511904761904762 0.5145510835913313 0.75 0.5145510835913313 0.580952380952381 0.4904024767801858 0.580952380952381 
25 0.47058823529411764 0.580952380952381 0.47058823529411764 0.6369047619047619 0.47554179566563465 0.7345238095238096 0.4804953560371517 0.7511904761904762 0.4873065015479876 0.7511904761904762 0.48978328173374613 0.75 0.49473684210526314 0.7404761904761905 0.4996904024767802 0.6345238095238095 0.4996904024767802 0.6285714285714286 0.49473684210526314 0.5845238095238096 0.49411764705882355 0.580952380952381 0.47058823529411764 0.580952380952381 
26 0.4718266253869969 0.5714285714285714 0.45572755417956656 0.580952380952381 0.45572755417956656 0.7511904761904762 0.469969040247678 0.7511904761904762 0.47492260061919506 0.7226190476190476 0.47987616099071206 0.6369047619047619 0.47987616099071206 0.5761904761904761 0.4792569659442725 0.5714285714285714 0.4718266253869969 0.5714285714285714 
27 0.4371517027863777 0.5714285714285714 0.4359133126934985 0.5726190476190476 0.4309597523219814 0.580952380952381 0.426625386996904 0.5904761904761905 0.4260061919504644 0.5928571428571429 0.41609907120743034 0.6964285714285714 0.41609907120743034 0.7892857142857143 0.4297213622291022 0.7892857142857143 0.43529411764705883 0.7797619047619048 0.4452012383900929 0.7321428571428571 0.460061919504644 0.6357142857142857 0.460061919504644 0.5928571428571429 0.45944272445820433 0.5904761904761905 0.4551083591331269 0.580952380952381 0.4501547987616099 0.5726190476190476 0.448297213622291 0.5714285714285714 0.4371517027863777 0.5714285714285714 
28 0.40619195046439627 0.5714285714285714 0.39628482972136225 0.5904761904761905 0.39504643962848296 0.6095238095238096 0.3913312693498452 0.6952380952380952 0.3913312693498452 0.7702380952380953 0.4055727554179567 0.7702380952380953 0.4105263157894737 0.7511904761904762 0.43034055727554177 0.6440476190476191 0.43529411764705883 0.5892857142857143 0.43529411764705883 0.5821428571428572 0.4297213622291022 0.5714285714285714 0.40619195046439627 0.5714285714285714 
29 0.36656346749226004 0.580952380952381 0.36160990712074303 0.5916666666666667 0.35170278637770896 0.7261904761904762 0.35170278637770896 0.7595238095238095 0.35294117647058826 0.7607142857142857 0.37089783281733746 0.7607142857142857 0.4006191950464396 0.6464285714285715 0.4055727554179567 0.5976190476190476 0.4055727554179567 0.5821428571428572 0.40495356037151703 0.580952380952381 0.36656346749226004 0.580952380952381 
30 0.3219814241486068 0.5619047619047619 0.3170278637770898 0.5714285714285714 0.3021671826625387 0.6571428571428571 0.29721362229102166 0.6880952380952381 0.29721362229102166 0.7130952380952381 0.3021671826625387 0.7226190476190476 0.3269349845201238 0.7321428571428571 0.339938080495356 0.7321428571428571 0.3411764705882353 0.7297619047619047 0.3461300309597523 0.7130952380952381 0.36594427244582045 0.6369047619047619 0.37585139318885447 0.5869047619047619 0.37585139318885447 0.5833333333333334 0.3702786377708978 0.5714285714285714 0.33622291021671824 0.5619047619047619 0.3219814241486068 0.5619047619047619 
31 0.27306501547987616 0.5428571428571428 0.2724458204334365 0.544047619047619 0.2674922600619195 0.5726190476190476 0.25263157894736843 0.6964285714285714 0.25263157894736843 0.7309523809523809 0.25572755417956655 0.7321428571428571 0.26687306501547986 0.7321428571428571 0.28606811145510835 0.7035714285714286 0.3015479876160991 0.6738095238095239 0.3065015479876161 0.6630952380952381 0.32136222910216716 0.6071428571428571 0.3256965944272446 0.5797619047619048 0.3263157894736842 0.5738095238095238 0.3263157894736842 0.5619047619047619 0.31640866873065016 0.5523809523809524 0.3015479876160991 0.5428571428571428 0.27306501547987616 0.5428571428571428 
32 0.2284829721362229 0.5238095238095238 0.2130030959752322 0.6297619047619047 0.2130030959752322 0.675 0.24210526315789474 0.675 0.2520123839009288 0.6642857142857143 0.2563467492260062 0.655952380952381 0.26191950464396285 0.6369047619047619 0.27678018575851393 0.5797619047619048 0.27678018575851393 0.5464285714285714 0.2761609907120743 0.5428571428571428 0.2718266253869969 0.5333333333333333 0.26687306501547986 0.5238095238095238 0.2284829721362229 0.5238095238095238 