5 0.40619195046439627 0.3142857142857143 0.3814241486068111 0.4773809523809524 0.3814241486068111 0.5035714285714286 0.3863777089783282 0.5321428571428571 0.4154798761609907 0.5321428571428571 0.42538699690402476 0.513095238095238 0.42538699690402476 0.34404761904761905 0.42043343653250775 0.325 0.4154798761609907 0.3142857142857143 0.40619195046439627 0.3142857142857143 
6 0.43157894736842106 0.3333333333333333 0.42105263157894735 0.3726190476190476 0.41609907120743034 0.5154761904761904 0.41609907120743034 0.5202380952380953 0.41671826625387 0.5226190476190476 0.42910216718266253 0.5226190476190476 0.4544891640866873 0.513095238095238 0.4551083591331269 0.5119047619047619 0.4551083591331269 0.4511904761904762 0.4501547987616099 0.38333333333333336 0.4452012383900929 0.3535714285714286 0.44024767801857584 0.3345238095238095 0.4390092879256966 0.3333333333333333 0.43157894736842106 0.3333333333333333 
7 0.46191950464396286 0.34285714285714286 0.46068111455108357 0.34523809523809523 0.45572755417956656 0.3630952380952381 0.45077399380804956 0.41904761904761906 0.45077399380804956 0.48333333333333334 0.45572755417956656 0.49404761904761907 0.47058823529411764 0.5119047619047619 0.4724458204334365 0.513095238095238 0.47987616099071206 0.513095238095238 0.47987616099071206 0.38452380952380955 0.47492260061919506 0.3619047619047619 0.469969040247678 0.34523809523809523 0.465015479876161 0.34285714285714286 0.46191950464396286 0.34285714285714286 
8 0.4854489164086687 0.34285714285714286 0.4804953560371517 0.3630952380952381 0.47554179566563465 0.39166666666666666 0.47554179566563465 0.5035714285714286 0.496594427244582 0.513095238095238 0.5040247678018576 0.513095238095238 0.5046439628482973 0.5119047619047619 0.5046439628482973 0.4488095238095238 0.4996904024767802 0.35595238095238096 0.4984520123839009 0.3523809523809524 0.49473684210526314 0.34285714285714286 0.4854489164086687 0.34285714285714286 
9 0.5157894736842106 0.3238095238095238 0.5151702786377709 0.325 0.5102167182662539 0.34404761904761905 0.5052631578947369 0.38333333333333336 0.5003095975232198 0.45714285714285713 0.5003095975232198 0.5023809523809524 0.5015479876160991 0.5035714285714286 0.5139318885448917 0.5035714285714286 0.5343653250773994 0.49404761904761907 0.5343653250773994 0.36547619047619045 0.5294117647058824 0.325 0.5281733746130031 0.3238095238095238 0.5157894736842106 0.3238095238095238 
10 0.5498452012383901 0.37142857142857144 0.5405572755417957 0.38095238095238093 0.534984520123839 0.39166666666666666 0.530030959752322 0.4095238095238095 0.530030959752322 0.4928571428571429 0.5306501547987617 0.49404761904761907 0.5504643962848297 0.513095238095238 0.5591331269349845 0.513095238095238 0.5591331269349845 0.38095238095238093 0.5529411764705883 0.3726190476190476 0.5504643962848297 0.37142857142857144 0.5498452012383901 0.37142857142857144 
11 0.5795665634674922 0.3333333333333333 0.5647058823529412 0.3630952380952381 0.5603715170278638 0.38095238095238093 0.5547987616099072 0.41904761904761906 0.5547987616099072 0.513095238095238 0.5603715170278638 0.5321428571428571 0.5746130030959752 0.5404761904761904 0.5777089783281734 0.5416666666666666 0.5888544891640867 0.5416666666666666 0.5938080495356037 0.530952380952381 0.5938080495356037 0.3333333333333333 0.5795665634674922 0.3333333333333333 
12 0.5956656346749226 0.45714285714285713 0.5944272445820433 0.4583333333333333 0.5894736842105263 0.4666666666666667 0.5894736842105263 0.5404761904761904 0.5907120743034056 0.5416666666666666 0.6179566563467492 0.5416666666666666 0.6185758513931888 0.5392857142857143 0.6185758513931888 0.46904761904761905 0.6136222910216719 0.4583333333333333 0.6130030959752322 0.45714285714285713 0.5956656346749226 0.45714285714285713 
13 0.6247678018575852 0.3333333333333333 0.6191950464396285 0.34404761904761905 0.6142414860681115 0.39166666666666666 0.6092879256965944 0.44761904761904764 0.6092879256965944 0.475 0.6142414860681115 0.5261904761904762 0.614860681114551 0.5321428571428571 0.6198142414860681 0.5511904761904762 0.6427244582043343 0.5511904761904762 0.648297213622291 0.5416666666666666 0.648297213622291 0.45714285714285713 0.638390092879257 0.34523809523809523 0.6377708978328174 0.34285714285714286 0.6328173374613003 0.3333333333333333 0.6247678018575852 0.3333333333333333 
14 0.6544891640866873 0.34285714285714286 0.6489164086687307 0.3523809523809524 0.6445820433436532 0.3619047619047619 0.6390092879256966 0.38095238095238093 0.6390092879256966 0.4654761904761905 0.6439628482972136 0.5297619047619048 0.6445820433436532 0.5321428571428571 0.6489164086687307 0.5416666666666666 0.6582043343653251 0.5416666666666666 0.6724458204334365 0.5321428571428571 0.6817337461300309 0.5214285714285715 0.6829721362229102 0.5190476190476191 0.6829721362229102 0.45714285714285713 0.6730650154798762 0.3523809523809524 0.6674922600619195 0.34285714285714286 0.6544891640866873 0.34285714285714286 
18 0.6941176470588235 0.4666666666666667 0.6842105263157895 0.47619047619047616 0.6786377708978328 0.4869047619047619 0.6637770897832818 0.5238095238095238 0.6637770897832818 0.5595238095238095 0.6792569659442724 0.5797619047619048 0.7089783281733746 0.6083333333333333 0.7312693498452012 0.6083333333333333 0.7325077399380805 0.6071428571428571 0.7374613003095976 0.5880952380952381 0.7374613003095976 0.5619047619047619 0.7325077399380805 0.5333333333333333 0.7226006191950465 0.49523809523809526 0.7170278637770898 0.47619047619047616 0.7120743034055728 0.4666666666666667 0.6941176470588235 0.4666666666666667 