2 0.27306501547987616 0.3333333333333333 0.2724458204334365 0.3345238095238095 0.2674922600619195 0.4785714285714286 0.2674922600619195 0.5011904761904762 0.26811145510835915 0.5035714285714286 0.2773993808049536 0.5226190476190476 0.29226006191950465 0.5321428571428571 0.31021671826625385 0.5321428571428571 0.32136222910216716 0.5226190476190476 0.32136222910216716 0.45714285714285713 0.31145510835913315 0.3619047619047619 0.3058823529411765 0.34285714285714286 0.2959752321981424 0.3333333333333333 0.27306501547987616 0.3333333333333333 
3 0.3269349845201238 0.3238095238095238 0.3077399380804954 0.34285714285714286 0.30712074303405573 0.34523809523809523 0.30712074303405573 0.3892857142857143 0.3170278637770898 0.5214285714285715 0.3219814241486068 0.5416666666666666 0.33436532507739936 0.5416666666666666 0.3609907120743034 0.5321428571428571 0.36594427244582045 0.5190476190476191 0.36594427244582045 0.4666666666666667 0.3510835913312694 0.3523809523809524 0.3461300309597523 0.3345238095238095 0.3411764705882353 0.325 0.33869969040247677 0.3238095238095238 0.3269349845201238 0.3238095238095238 
4 0.3572755417956656 0.3238095238095238 0.356656346749226 0.32857142857142857 0.356656346749226 0.3964285714285714 0.36160990712074303 0.5297619047619048 0.3622291021671827 0.5321428571428571 0.373374613003096 0.5416666666666666 0.38080495356037153 0.5416666666666666 0.3907120743034056 0.5214285714285715 0.3907120743034056 0.4392857142857143 0.38575851393188854 0.39404761904761904 0.38080495356037153 0.3619047619047619 0.37089783281733746 0.3238095238095238 0.3572755417956656 0.3238095238095238 
5 0.3913312693498452 0.3238095238095238 0.3863777089783282 0.46904761904761905 0.3863777089783282 0.5023809523809524 0.3913312693498452 0.5297619047619048 0.39195046439628484 0.5321428571428571 0.40928792569659445 0.5321428571428571 0.4105263157894737 0.530952380952381 0.4154798761609907 0.5226190476190476 0.42043343653250775 0.49404761904761907 0.42043343653250775 0.45714285714285713 0.4105263157894737 0.37142857142857144 0.4055727554179567 0.3333333333333333 0.4 0.3238095238095238 0.3913312693498452 0.3238095238095238 
6 0.41609907120743034 0.3142857142857143 0.41609907120743034 0.513095238095238 0.42105263157894735 0.5226190476190476 0.426625386996904 0.5321428571428571 0.44024767801857584 0.5321428571428571 0.4452012383900929 0.5226190476190476 0.4501547987616099 0.5119047619047619 0.4501547987616099 0.44761904761904764 0.44024767801857584 0.3535714285714286 0.43529411764705883 0.3238095238095238 0.4297213622291022 0.3142857142857143 0.41609907120743034 0.3142857142857143 
7 0.4613003095975232 0.3142857142857143 0.46068111455108357 0.31547619047619047 0.45572755417956656 0.3464285714285714 0.4458204334365325 0.4607142857142857 0.4458204334365325 0.4726190476190476 0.45077399380804956 0.513095238095238 0.4613003095975232 0.5226190476190476 0.47492260061919506 0.5226190476190476 0.47492260061919506 0.3333333333333333 0.469969040247678 0.3142857142857143 0.4613003095975232 0.3142857142857143 
8 0.48606811145510836 0.3238095238095238 0.4804953560371517 0.3273809523809524 0.47554179566563465 0.34404761904761905 0.47058823529411764 0.46785714285714286 0.47058823529411764 0.513095238095238 0.47554179566563465 0.5226190476190476 0.5040247678018576 0.5226190476190476 0.5046439628482973 0.5202380952380953 0.5046439628482973 0.38095238095238093 0.4996904024767802 0.34404761904761905 0.49473684210526314 0.3238095238095238 0.48606811145510836 0.3238095238095238 
9 0.5256965944272446 0.3142857142857143 0.5201238390092879 0.325 0.5151702786377709 0.34285714285714286 0.5102167182662539 0.36428571428571427 0.5052631578947369 0.4511904761904762 0.5052631578947369 0.5214285714285715 0.5058823529411764 0.5226190476190476 0.5157894736842106 0.5321428571428571 0.5393188854489164 0.5321428571428571 0.5393188854489164 0.4011904761904762 0.5343653250773994 0.31666666666666665 0.5331269349845201 0.3142857142857143 0.5256965944272446 0.3142857142857143 
10 0.5461300309597523 0.3142857142857143 0.544891640866873 0.31547619047619047 0.534984520123839 0.38333333333333336 0.534984520123839 0.5011904761904762 0.5399380804953561 0.5226190476190476 0.5591331269349845 0.5226190476190476 0.5690402476780185 0.5035714285714286 0.5690402476780185 0.45 0.5591331269349845 0.3142857142857143 0.5461300309597523 0.3142857142857143 
11 0.5944272445820433 0.29523809523809524 0.5845201238390093 0.3047619047619048 0.5795665634674922 0.3142857142857143 0.5746130030959752 0.325 0.5696594427244582 0.3726190476190476 0.5647058823529412 0.42857142857142855 0.5647058823529412 0.5035714285714286 0.5702786377708978 0.530952380952381 0.5708978328173374 0.5321428571428571 0.5882352941176471 0.5321428571428571 0.5888544891640867 0.530952380952381 0.5938080495356037 0.5190476190476191 0.5987616099071208 0.4654761904761905 0.5987616099071208 0.29523809523809524 0.5944272445820433 0.29523809523809524 
12 0.6092879256965944 0.3142857142857143 0.6043343653250774 0.3333333333333333 0.5944272445820433 0.39285714285714285 0.5894736842105263 0.4583333333333333 0.5894736842105263 0.5226190476190476 0.6043343653250774 0.5321428571428571 0.6185758513931888 0.5321428571428571 0.6235294117647059 0.5119047619047619 0.628482972136223 0.40714285714285714 0.628482972136223 0.34285714285714286 0.6235294117647059 0.3142857142857143 0.6092879256965944 0.3142857142857143 
13 0.6340557275541796 0.3238095238095238 0.6291021671826625 0.3333333333333333 0.6247678018575852 0.34285714285714286 0.6241486068111455 0.34523809523809523 0.6191950464396285 0.4011904761904762 0.6142414860681115 0.5059523809523809 0.6142414860681115 0.5226190476190476 0.6297213622291021 0.5321428571428571 0.6365325077399381 0.5321428571428571 0.638390092879257 0.530952380952381 0.648297213622291 0.5226190476190476 0.648297213622291 0.35 0.6476780185758514 0.34285714285714286 0.643343653250774 0.3238095238095238 0.6340557275541796 0.3238095238095238 
14 0.6588235294117647 0.3238095238095238 0.6538699690402476 0.3333333333333333 0.6489164086687307 0.3619047619047619 0.6439628482972136 0.40476190476190477 0.6396284829721363 0.5142857142857142 0.6396284829721363 0.5154761904761904 0.6402476780185758 0.5178571428571429 0.6445820433436532 0.5226190476190476 0.6693498452012384 0.5321428571428571 0.6773993808049535 0.5321428571428571 0.6879256965944273 0.5226190476190476 0.7027863777089783 0.3595238095238095 0.7027863777089783 0.34523809523809523 0.7021671826625387 0.34285714285714286 0.6972136222910217 0.3333333333333333 0.6718266253869969 0.3238095238095238 0.6588235294117647 0.3238095238095238 
15 0.698452012383901 0.3238095238095238 0.6885448916408669 0.3738095238095238 0.6835913312693499 0.42857142857142855 0.6835913312693499 0.513095238095238 0.6885448916408669 0.5226190476190476 0.7219814241486068 0.5226190476190476 0.7318885448916409 0.513095238095238 0.7325077399380805 0.5119047619047619 0.7325077399380805 0.45714285714285713 0.7275541795665634 0.34285714285714286 0.7226006191950465 0.3333333333333333 0.7120743034055728 0.3238095238095238 0.698452012383901 0.3238095238095238 
18 0.6842105263157895 0.5333333333333333 0.6637770897832818 0.5428571428571428 0.6588235294117647 0.5535714285714286 0.6588235294117647 0.5797619047619048 0.6736842105263158 0.6464285714285715 0.6835913312693499 0.6845238095238095 0.708359133126935 0.7321428571428571 0.7368421052631579 0.7321428571428571 0.7374613003095976 0.7297619047619047 0.7374613003095976 0.6773809523809524 0.7325077399380805 0.6190476190476191 0.7275541795665634 0.580952380952381 0.7219814241486068 0.5523809523809524 0.7176470588235294 0.5345238095238095 0.7170278637770898 0.5333333333333333 0.6842105263157895 0.5333333333333333 
19 0.614860681114551 0.5428571428571428 0.6142414860681115 0.5464285714285714 0.6142414860681115 0.6071428571428571 0.6191950464396285 0.6369047619047619 0.6241486068111455 0.6642857142857143 0.6445820433436532 0.7321428571428571 0.6489164086687307 0.7416666666666667 0.6544891640866873 0.7511904761904762 0.6625386996904025 0.7511904761904762 0.6730650154798762 0.75 0.6823529411764706 0.7404761904761905 0.6829721362229102 0.7380952380952381 0.6829721362229102 0.6595238095238095 0.6780185758513931 0.6095238095238096 0.6681114551083591 0.5428571428571428 0.614860681114551 0.5428571428571428 
20 0.5969040247678019 0.5523809523809524 0.5944272445820433 0.5535714285714286 0.5894736842105263 0.5630952380952381 0.5894736842105263 0.6166666666666667 0.5993808049535604 0.7023809523809523 0.6043343653250774 0.7297619047619047 0.604953560371517 0.7321428571428571 0.6142414860681115 0.7595238095238095 0.6167182662538699 0.7607142857142857 0.628482972136223 0.7607142857142857 0.628482972136223 0.6095238095238096 0.6185758513931888 0.5523809523809524 0.5969040247678019 0.5523809523809524 
21 0.5746130030959752 0.5523809523809524 0.5647058823529412 0.5714285714285714 0.5647058823529412 0.7035714285714286 0.5696594427244582 0.7321428571428571 0.5752321981424149 0.7607142857142857 0.5801857585139318 0.7702380952380953 0.5882352941176471 0.7702380952380953 0.5888544891640867 0.7690476190476191 0.5987616099071208 0.6369047619047619 0.5987616099071208 0.5619047619047619 0.5938080495356037 0.5535714285714286 0.5919504643962848 0.5523809523809524 0.5746130030959752 0.5523809523809524 
22 0.551702786377709 0.5333333333333333 0.5498452012383901 0.5345238095238095 0.544891640866873 0.544047619047619 0.5399380804953561 0.5630952380952381 0.530030959752322 0.6285714285714286 0.530030959752322 0.7202380952380952 0.534984520123839 0.7607142857142857 0.5399380804953561 0.7880952380952381 0.5405572755417957 0.7892857142857143 0.5541795665634675 0.7892857142857143 0.5690402476780185 0.6369047619047619 0.5739938080495356 0.5785714285714286 0.5739938080495356 0.5523809523809524 0.5690402476780185 0.5428571428571428 0.5640866873065016 0.5345238095238095 0.5622291021671827 0.5333333333333333 0.551702786377709 0.5333333333333333 
24 0.5009287925696595 0.5238095238095238 0.5003095975232198 0.525 0.5003095975232198 0.7214285714285714 0.5052631578947369 0.7321428571428571 0.513312693498452 0.7321428571428571 0.5145510835913313 0.7309523809523809 0.5195046439628483 0.6547619047619048 0.5244582043343653 0.5416666666666666 0.5244582043343653 0.5238095238095238 0.5009287925696595 0.5238095238095238 
25 0.4804953560371517 0.5142857142857142 0.4804953560371517 0.7130952380952381 0.4854489164086687 0.7226190476190476 0.49411764705882355 0.7226190476190476 0.49473684210526314 0.7214285714285714 0.4996904024767802 0.7023809523809523 0.5046439628482973 0.5988095238095238 0.5046439628482973 0.5238095238095238 0.49907120743034056 0.5142857142857142 0.4804953560371517 0.5142857142857142 
26 0.46191950464396286 0.5428571428571428 0.46068111455108357 0.544047619047619 0.46068111455108357 0.6357142857142857 0.46563467492260063 0.7416666666666667 0.47058823529411764 0.75 0.4724458204334365 0.7511904761904762 0.4786377708978328 0.7511904761904762 0.47987616099071206 0.7464285714285714 0.4848297213622291 0.7107142857142857 0.4848297213622291 0.544047619047619 0.48297213622291024 0.5428571428571428 0.46191950464396286 0.5428571428571428 
27 0.4408668730650155 0.5428571428571428 0.4359133126934985 0.5523809523809524 0.4359133126934985 0.6654761904761904 0.4408668730650155 0.7321428571428571 0.4458204334365325 0.7880952380952381 0.4470588235294118 0.7892857142857143 0.4551083591331269 0.7892857142857143 0.460061919504644 0.7773809523809524 0.465015479876161 0.7511904761904762 0.465015479876161 0.5916666666666667 0.460061919504644 0.5619047619047619 0.4551083591331269 0.5452380952380952 0.4538699690402477 0.5428571428571428 0.4408668730650155 0.5428571428571428 
28 0.4068111455108359 0.5523809523809524 0.40619195046439627 0.5535714285714286 0.40619195046439627 0.675 0.41114551083591333 0.7702380952380953 0.4247678018575851 0.7702380952380953 0.42538699690402476 0.7690476190476191 0.43034055727554177 0.7511904761904762 0.43529411764705883 0.7214285714285714 0.44024767801857584 0.6619047619047619 0.44024767801857584 0.6285714285714286 0.43529411764705883 0.5630952380952381 0.43034055727554177 0.5523809523809524 0.4068111455108359 0.5523809523809524 
29 0.3845201238390093 0.5523809523809524 0.3814241486068111 0.5535714285714286 0.37708978328173376 0.5619047619047619 0.3764705882352941 0.5642857142857143 0.3764705882352941 0.6083333333333333 0.3814241486068111 0.7607142857142857 0.4006191950464396 0.7607142857142857 0.4055727554179567 0.75 0.4105263157894737 0.7321428571428571 0.4105263157894737 0.5797619047619048 0.40990712074303404 0.5642857142857143 0.40928792569659445 0.5619047619047619 0.4055727554179567 0.5523809523809524 0.3845201238390093 0.5523809523809524 
30 0.3622291021671827 0.5523809523809524 0.33436532507739936 0.5619047619047619 0.3331269349845201 0.5630952380952381 0.3318885448916409 0.5654761904761905 0.3170278637770898 0.7238095238095238 0.3170278637770898 0.7607142857142857 0.3609907120743034 0.7607142857142857 0.36594427244582045 0.7511904761904762 0.3702786377708978 0.7321428571428571 0.37585139318885447 0.7035714285714286 0.38080495356037153 0.6738095238095239 0.38575851393188854 0.6261904761904762 0.38575851393188854 0.5523809523809524 0.3622291021671827 0.5523809523809524 
31 0.3126934984520124 0.5333333333333333 0.2891640866873065 0.5428571428571428 0.2873065015479876 0.544047619047619 0.2823529411764706 0.5619047619047619 0.2773993808049536 0.6190476190476191 0.2773993808049536 0.7309523809523809 0.2823529411764706 0.7511904761904762 0.30030959752321984 0.7511904761904762 0.3015479876160991 0.75 0.3065015479876161 0.7416666666666667 0.31145510835913315 0.7321428571428571 0.3263157894736842 0.6738095238095239 0.3461300309597523 0.5702380952380952 0.3461300309597523 0.5523809523809524 0.3411764705882353 0.5428571428571428 0.3256965944272446 0.5333333333333333 0.3126934984520124 0.5333333333333333 