1 0.3170278637770898 0.3142857142857143 0.31207430340557274 0.3238095238095238 0.29721362229102166 0.38095238095238093 0.29721362229102166 0.40714285714285714 0.3021671826625387 0.41785714285714287 0.3176470588235294 0.4369047619047619 0.34055727554179566 0.4369047619047619 0.3461300309597523 0.4261904761904762 0.3510835913312694 0.40714285714285714 0.3510835913312694 0.3821428571428571 0.3461300309597523 0.325 0.3455108359133127 0.3238095238095238 0.33126934984520123 0.3142857142857143 0.3170278637770898 0.3142857142857143 
2 0.3622291021671827 0.37142857142857144 0.3318885448916409 0.42857142857142855 0.3269349845201238 0.4380952380952381 0.31207430340557274 0.4773809523809524 0.31207430340557274 0.513095238095238 0.3170278637770898 0.5226190476190476 0.3269349845201238 0.5321428571428571 0.3498452012383901 0.5321428571428571 0.3510835913312694 0.530952380952381 0.35541795665634673 0.5226190476190476 0.3560371517027864 0.5202380952380953 0.38080495356037153 0.4083333333333333 0.38080495356037153 0.3821428571428571 0.3752321981424149 0.37142857142857144 0.3622291021671827 0.37142857142857144 
3 0.3826625386996904 0.3904761904761905 0.3814241486068111 0.39166666666666666 0.34674922600619196 0.5142857142857142 0.34674922600619196 0.5464285714285714 0.3473684210526316 0.5511904761904762 0.3523219814241486 0.5595238095238095 0.3541795665634675 0.5607142857142857 0.3715170278637771 0.5702380952380952 0.39009287925696595 0.5702380952380952 0.3956656346749226 0.5607142857142857 0.3956656346749226 0.39166666666666666 0.39442724458204337 0.3904761904761905 0.3826625386996904 0.3904761904761905 
4 0.4117647058823529 0.41904761904761906 0.41114551083591333 0.42023809523809524 0.40619195046439627 0.4380952380952381 0.3913312693498452 0.5142857142857142 0.3863777089783282 0.5642857142857143 0.3863777089783282 0.569047619047619 0.3913312693498452 0.5892857142857143 0.4148606811145511 0.5892857142857143 0.42043343653250775 0.5785714285714286 0.42043343653250775 0.42142857142857143 0.4198142414860681 0.41904761904761906 0.4117647058823529 0.41904761904761906 
5 0.4371517027863777 0.41904761904761906 0.4359133126934985 0.42023809523809524 0.4309597523219814 0.42857142857142855 0.426625386996904 0.4380952380952381 0.42105263157894735 0.4666666666666667 0.41609907120743034 0.49642857142857144 0.41114551083591333 0.5738095238095238 0.41114551083591333 0.6071428571428571 0.41238390092879257 0.6083333333333333 0.42538699690402476 0.6083333333333333 0.44024767801857584 0.5880952380952381 0.4452012383900929 0.4845238095238095 0.4452012383900929 0.42023809523809524 0.443343653250774 0.41904761904761906 0.4371517027863777 0.41904761904761906 
6 0.45572755417956656 0.4095238095238095 0.45077399380804956 0.42023809523809524 0.4408668730650155 0.4583333333333333 0.4359133126934985 0.49523809523809526 0.4309597523219814 0.5821428571428572 0.4309597523219814 0.6071428571428571 0.4359133126934985 0.6178571428571429 0.4551083591331269 0.6178571428571429 0.465015479876161 0.5797619047619048 0.465015479876161 0.4119047619047619 0.46439628482972134 0.4095238095238095 0.45572755417956656 0.4095238095238095 
7 0.47554179566563465 0.44761904761904764 0.47058823529411764 0.4583333333333333 0.46563467492260063 0.49523809523809526 0.46068111455108357 0.5333333333333333 0.45572755417956656 0.575 0.45572755417956656 0.6059523809523809 0.4563467492260062 0.6083333333333333 0.46563467492260063 0.6273809523809524 0.47987616099071206 0.6273809523809524 0.4848297213622291 0.6083333333333333 0.4848297213622291 0.45 0.4842105263157895 0.44761904761904764 0.47554179566563465 0.44761904761904764 
8 0.491640866873065 0.45714285714285713 0.4904024767801858 0.4583333333333333 0.4854489164086687 0.49523809523809526 0.47554179566563465 0.5904761904761905 0.47554179566563465 0.6238095238095238 0.4761609907120743 0.6273809523809524 0.4804953560371517 0.6369047619047619 0.508359133126935 0.6369047619047619 0.5095975232198142 0.6345238095238095 0.5095975232198142 0.5714285714285714 0.5046439628482973 0.4583333333333333 0.5027863777089784 0.45714285714285713 0.491640866873065 0.45714285714285713 
9 0.5306501547987617 0.4666666666666667 0.5201238390092879 0.4857142857142857 0.5151702786377709 0.5047619047619047 0.5102167182662539 0.5345238095238095 0.5102167182662539 0.6345238095238095 0.5108359133126935 0.6369047619047619 0.5337461300309597 0.6369047619047619 0.5393188854489164 0.6273809523809524 0.5393188854489164 0.4726190476190476 0.5386996904024768 0.4666666666666667 0.5306501547987617 0.4666666666666667 
10 0.5455108359133127 0.4666666666666667 0.5399380804953561 0.4857142857142857 0.534984520123839 0.5345238095238095 0.534984520123839 0.55 0.5399380804953561 0.6261904761904762 0.5411764705882353 0.6273809523809524 0.5591331269349845 0.6273809523809524 0.5591331269349845 0.5047619047619047 0.5541795665634675 0.4666666666666667 0.5455108359133127 0.4666666666666667 
11 0.5653250773993808 0.42857142857142855 0.5647058823529412 0.4297619047619048 0.5597523219814241 0.46904761904761905 0.5547987616099072 0.5726190476190476 0.5547987616099072 0.6166666666666667 0.5603715170278638 0.6273809523809524 0.58328173374613 0.6273809523809524 0.5888544891640867 0.6071428571428571 0.5888544891640867 0.5630952380952381 0.5739938080495356 0.42857142857142855 0.5653250773993808 0.42857142857142855 
12 0.5795665634674922 0.45714285714285713 0.5795665634674922 0.5666666666666667 0.5845201238390093 0.6166666666666667 0.5894736842105263 0.6261904761904762 0.5907120743034056 0.6273809523809524 0.6012383900928793 0.6273809523809524 0.6037151702786377 0.6261904761904762 0.6080495356037152 0.6178571428571429 0.6086687306501548 0.6154761904761905 0.6086687306501548 0.5523809523809524 0.5987616099071208 0.4880952380952381 0.5938080495356037 0.4583333333333333 0.5931888544891641 0.45714285714285713 0.5795665634674922 0.45714285714285713 
13 0.5993808049535604 0.44761904761904764 0.5993808049535604 0.5595238095238095 0.6043343653250774 0.6071428571428571 0.6055727554179566 0.6083333333333333 0.6321981424148607 0.6083333333333333 0.6334365325077399 0.6059523809523809 0.6334365325077399 0.580952380952381 0.6136222910216719 0.44761904761904764 0.5993808049535604 0.44761904761904764 
14 0.6191950464396285 0.4 0.6191950464396285 0.5607142857142857 0.6241486068111455 0.5892857142857143 0.6291021671826625 0.5976190476190476 0.6303405572755418 0.5988095238095238 0.6476780185758514 0.5988095238095238 0.6631578947368421 0.5892857142857143 0.6631578947368421 0.5238095238095238 0.653250773993808 0.4583333333333333 0.648297213622291 0.4380952380952381 0.6427244582043343 0.41904761904761906 0.6334365325077399 0.4 0.6191950464396285 0.4 
15 0.6551083591331269 0.3904761904761905 0.6538699690402476 0.39166666666666666 0.6538699690402476 0.4797619047619048 0.6588235294117647 0.5511904761904762 0.6637770897832818 0.5595238095238095 0.6650154798761609 0.5607142857142857 0.6879256965944273 0.5607142857142857 0.6978328173374613 0.5404761904761904 0.6978328173374613 0.49523809523809526 0.6922600619195046 0.47619047619047616 0.6681114551083591 0.4 0.6631578947368421 0.3904761904761905 0.6551083591331269 0.3904761904761905 
16 0.6934984520123839 0.3523809523809524 0.6736842105263158 0.3619047619047619 0.6687306501547987 0.4 0.6687306501547987 0.44642857142857145 0.6786377708978328 0.4654761904761905 0.6953560371517028 0.4654761904761905 0.6978328173374613 0.4642857142857143 0.7176470588235294 0.44642857142857145 0.7176470588235294 0.4119047619047619 0.7027863777089783 0.3535714285714286 0.7021671826625387 0.3523809523809524 0.6934984520123839 0.3523809523809524 
17 0.7281733746130031 0.5333333333333333 0.718266253869969 0.5619047619047619 0.718266253869969 0.6178571428571429 0.7238390092879257 0.6273809523809524 0.7343653250773994 0.6369047619047619 0.7479876160990712 0.6464285714285715 0.7622291021671826 0.6464285714285715 0.7671826625386997 0.6357142857142857 0.7671826625386997 0.5726190476190476 0.7622291021671826 0.544047619047619 0.7616099071207431 0.5428571428571428 0.7523219814241486 0.5333333333333333 0.7281733746130031 0.5333333333333333 
18 0.6990712074303406 0.5428571428571428 0.6835913312693499 0.5523809523809524 0.6687306501547987 0.5619047619047619 0.6637770897832818 0.5714285714285714 0.6637770897832818 0.6071428571428571 0.6934984520123839 0.675 0.7040247678018576 0.694047619047619 0.7126934984520124 0.694047619047619 0.7368421052631579 0.675 0.7374613003095976 0.6714285714285714 0.7374613003095976 0.6392857142857142 0.7176470588235294 0.5619047619047619 0.7126934984520124 0.5523809523809524 0.7071207430340557 0.5428571428571428 0.6990712074303406 0.5428571428571428 
19 0.6495356037151703 0.580952380952381 0.6198142414860681 0.6 0.6191950464396285 0.6023809523809524 0.6191950464396285 0.6369047619047619 0.6390092879256966 0.7130952380952381 0.6489164086687307 0.75 0.6538699690402476 0.7607142857142857 0.6674922600619195 0.7607142857142857 0.6978328173374613 0.7226190476190476 0.6978328173374613 0.6952380952380952 0.6681114551083591 0.5821428571428572 0.6668730650154798 0.580952380952381 0.6495356037151703 0.580952380952381 
20 0.5993808049535604 0.6095238095238096 0.5894736842105263 0.6202380952380953 0.5894736842105263 0.6547619047619048 0.6191950464396285 0.7607142857142857 0.6297213622291021 0.7702380952380953 0.638390092879257 0.7702380952380953 0.638390092879257 0.7261904761904762 0.6235294117647059 0.6107142857142858 0.6229102167182663 0.6095238095238096 0.5993808049535604 0.6095238095238096 
21 0.5746130030959752 0.6285714285714286 0.5647058823529412 0.638095238095238 0.5647058823529412 0.6714285714285714 0.5653250773993808 0.675 0.5746130030959752 0.7130952380952381 0.5851393188854489 0.7511904761904762 0.5894736842105263 0.7607142857142857 0.6086687306501548 0.7607142857142857 0.6086687306501548 0.7357142857142858 0.6030959752321982 0.6857142857142857 0.5987616099071208 0.6571428571428571 0.5938080495356037 0.6285714285714286 0.5746130030959752 0.6285714285714286 
22 0.5498452012383901 0.6285714285714286 0.544891640866873 0.638095238095238 0.544891640866873 0.694047619047619 0.5498452012383901 0.7321428571428571 0.5547987616099072 0.7607142857142857 0.5647058823529412 0.7892857142857143 0.5696594427244582 0.7976190476190477 0.5715170278637771 0.7988095238095239 0.58328173374613 0.7988095238095239 0.5839009287925696 0.7964285714285714 0.5839009287925696 0.7559523809523809 0.5739938080495356 0.6571428571428571 0.5690402476780185 0.6297619047619047 0.5684210526315789 0.6285714285714286 0.5498452012383901 0.6285714285714286 
23 0.5275541795665635 0.638095238095238 0.525077399380805 0.6392857142857142 0.525077399380805 0.6821428571428572 0.530030959752322 0.7226190476190476 0.534984520123839 0.7488095238095238 0.5399380804953561 0.7607142857142857 0.5486068111455108 0.7607142857142857 0.5492260061919505 0.7595238095238095 0.5492260061919505 0.638095238095238 0.5275541795665635 0.638095238095238 
24 0.5015479876160991 0.638095238095238 0.5003095975232198 0.6416666666666667 0.5003095975232198 0.6464285714285715 0.5151702786377709 0.7678571428571429 0.5157894736842106 0.7702380952380953 0.5294117647058824 0.7702380952380953 0.5294117647058824 0.6857142857142857 0.5244582043343653 0.6392857142857142 0.5226006191950464 0.638095238095238 0.5015479876160991 0.638095238095238 
25 0.486687306501548 0.6285714285714286 0.4854489164086687 0.6297619047619047 0.4854489164086687 0.7023809523809523 0.4904024767801858 0.7392857142857143 0.4953560371517028 0.7607142857142857 0.5095975232198142 0.7607142857142857 0.5095975232198142 0.7345238095238096 0.5046439628482973 0.6392857142857142 0.4996904024767802 0.6285714285714286 0.486687306501548 0.6285714285714286 
26 0.46068111455108357 0.6285714285714286 0.46068111455108357 0.675 0.46563467492260063 0.7416666666666667 0.47058823529411764 0.7607142857142857 0.47554179566563465 0.7702380952380953 0.48978328173374613 0.7702380952380953 0.48978328173374613 0.6285714285714286 0.46068111455108357 0.6285714285714286 
27 0.4470588235294118 0.6285714285714286 0.4458204334365325 0.6297619047619047 0.4359133126934985 0.6476190476190476 0.4309597523219814 0.6857142857142857 0.4309597523219814 0.7119047619047619 0.4359133126934985 0.7583333333333333 0.44148606811145513 0.7702380952380953 0.4458204334365325 0.7738095238095238 0.4501547987616099 0.7738095238095238 0.4551083591331269 0.7690476190476191 0.465015479876161 0.7035714285714286 0.465015479876161 0.638095238095238 0.45944272445820433 0.6297619047619047 0.45758513931888545 0.6285714285714286 0.4470588235294118 0.6285714285714286 
28 0.41671826625387 0.6190476190476191 0.41114551083591333 0.6285714285714286 0.40619195046439627 0.6678571428571428 0.40123839009287926 0.7083333333333334 0.40123839009287926 0.7595238095238095 0.4018575851393189 0.7607142857142857 0.4154798761609907 0.7607142857142857 0.42538699690402476 0.7416666666666667 0.43529411764705883 0.7035714285714286 0.4452012383900929 0.655952380952381 0.4452012383900929 0.6321428571428571 0.44458204334365325 0.6285714285714286 0.43962848297213625 0.6190476190476191 0.41671826625387 0.6190476190476191 
29 0.39195046439628484 0.6 0.3913312693498452 0.6011904761904762 0.3863777089783282 0.6190476190476191 0.3814241486068111 0.6869047619047619 0.3814241486068111 0.7702380952380953 0.39009287925696595 0.7702380952380953 0.3956656346749226 0.7607142857142857 0.4006191950464396 0.75 0.43529411764705883 0.6273809523809524 0.43529411764705883 0.6202380952380953 0.43034055727554177 0.6011904761904762 0.4297213622291022 0.6 0.39195046439628484 0.6 
30 0.35170278637770896 0.5619047619047619 0.34674922600619196 0.5714285714285714 0.34241486068111454 0.580952380952381 0.31207430340557274 0.6869047619047619 0.31207430340557274 0.7130952380952381 0.3473684210526316 0.7416666666666667 0.3560371517027864 0.7416666666666667 0.36594427244582045 0.7321428571428571 0.3801857585139319 0.6845238095238095 0.38575851393188854 0.6654761904761904 0.3956656346749226 0.6273809523809524 0.4006191950464396 0.6071428571428571 0.4006191950464396 0.5904761904761905 0.3653250773993808 0.5619047619047619 0.35170278637770896 0.5619047619047619 
31 0.30340557275541796 0.5238095238095238 0.29287925696594425 0.5428571428571428 0.29226006191950465 0.544047619047619 0.2631578947368421 0.638095238095238 0.2625386996904025 0.6416666666666667 0.2625386996904025 0.6642857142857143 0.2873065015479876 0.6845238095238095 0.30092879256965943 0.6845238095238095 0.3065015479876161 0.675 0.3461300309597523 0.5988095238095238 0.3510835913312694 0.5880952380952381 0.3510835913312694 0.5571428571428572 0.3504643962848297 0.5535714285714286 0.3461300309597523 0.5428571428571428 0.3256965944272446 0.5238095238095238 0.30340557275541796 0.5238095238095238 
32 0.24891640866873066 0.5142857142857142 0.21795665634674924 0.5619047619047619 0.21795665634674924 0.5880952380952381 0.23281733746130032 0.6273809523809524 0.23777089783281732 0.6357142857142857 0.2390092879256966 0.6369047619047619 0.25077399380804954 0.6369047619047619 0.286687306501548 0.6178571428571429 0.286687306501548 0.575 0.28606811145510835 0.5714285714285714 0.2718266253869969 0.5238095238095238 0.26687306501547986 0.5142857142857142 0.24891640866873066 0.5142857142857142 