2 0.2674922600619195 0.29523809523809524 0.2582043343653251 0.3238095238095238 0.25263157894736843 0.34285714285714286 0.23777089783281732 0.44761904761904764 0.23777089783281732 0.4928571428571429 0.243343653250774 0.5035714285714286 0.2625386996904025 0.5226190476190476 0.2761609907120743 0.5226190476190476 0.29102167182662536 0.5035714285714286 0.2959752321981424 0.49404761904761907 0.29659442724458207 0.49047619047619045 0.29659442724458207 0.45714285714285713 0.291640866873065 0.30714285714285716 0.286687306501548 0.29523809523809524 0.2674922600619195 0.29523809523809524 
3 0.3021671826625387 0.2761904761904762 0.2978328173374613 0.2857142857142857 0.29721362229102166 0.28809523809523807 0.29226006191950465 0.33690476190476193 0.2873065015479876 0.44761904761904764 0.2873065015479876 0.4642857142857143 0.29226006191950465 0.5083333333333333 0.29287925696594425 0.513095238095238 0.29721362229102166 0.5226190476190476 0.31640866873065016 0.5226190476190476 0.34055727554179566 0.513095238095238 0.3461300309597523 0.5035714285714286 0.3461300309597523 0.4785714285714286 0.33126934984520123 0.3464285714285714 0.3263157894736842 0.3142857142857143 0.31640866873065016 0.2857142857142857 0.31145510835913315 0.2761904761904762 0.3021671826625387 0.2761904761904762 
4 0.34241486068111454 0.29523809523809524 0.3368421052631579 0.31547619047619047 0.3368421052631579 0.48333333333333334 0.34179566563467495 0.5107142857142857 0.34241486068111454 0.513095238095238 0.35170278637770896 0.5226190476190476 0.3702786377708978 0.5226190476190476 0.37585139318885447 0.513095238095238 0.37585139318885447 0.4666666666666667 0.36594427244582045 0.38452380952380955 0.3560371517027864 0.3238095238095238 0.3510835913312694 0.29523809523809524 0.34241486068111454 0.29523809523809524 
5 0.3715170278637771 0.3238095238095238 0.3715170278637771 0.5214285714285715 0.3721362229102167 0.5226190476190476 0.3826625386996904 0.5321428571428571 0.3993808049535604 0.5321428571428571 0.4006191950464396 0.530952380952381 0.4055727554179567 0.5226190476190476 0.4105263157894737 0.5023809523809524 0.4105263157894737 0.45714285714285713 0.3907120743034056 0.3333333333333333 0.38575851393188854 0.325 0.3845201238390093 0.3238095238095238 0.3715170278637771 0.3238095238095238 
6 0.39690402476780184 0.2761904761904762 0.39628482972136225 0.2785714285714286 0.39628482972136225 0.44285714285714284 0.40123839009287926 0.5214285714285715 0.40619195046439627 0.5321428571428571 0.41609907120743034 0.5416666666666666 0.43529411764705883 0.5416666666666666 0.44024767801857584 0.5226190476190476 0.44024767801857584 0.44761904761904764 0.42538699690402476 0.3238095238095238 0.42043343653250775 0.29642857142857143 0.4154798761609907 0.2761904761904762 0.39690402476780184 0.2761904761904762 
7 0.4408668730650155 0.3333333333333333 0.4359133126934985 0.3619047619047619 0.4359133126934985 0.5226190476190476 0.4408668730650155 0.5321428571428571 0.45139318885448915 0.55 0.45263157894736844 0.5511904761904762 0.469969040247678 0.5511904761904762 0.47492260061919506 0.5392857142857143 0.47492260061919506 0.47619047619047616 0.469969040247678 0.38095238095238093 0.460061919504644 0.3333333333333333 0.4408668730650155 0.3333333333333333 
8 0.4804953560371517 0.3142857142857143 0.47554179566563465 0.3464285714285714 0.47058823529411764 0.38095238095238093 0.47058823529411764 0.5511904761904762 0.47554179566563465 0.5583333333333333 0.48173374613003095 0.5607142857142857 0.5139318885448917 0.5607142857142857 0.5145510835913313 0.5583333333333333 0.5145510835913313 0.4642857142857143 0.5139318885448917 0.45714285714285713 0.5095975232198142 0.4119047619047619 0.5046439628482973 0.3619047619047619 0.4996904024767802 0.3333333333333333 0.49473684210526314 0.3238095238095238 0.4891640866873065 0.3142857142857143 0.4804953560371517 0.3142857142857143 
9 0.534984520123839 0.3047619047619048 0.530030959752322 0.3142857142857143 0.525077399380805 0.34404761904761905 0.5201238390092879 0.38333333333333336 0.5102167182662539 0.47619047619047616 0.5102167182662539 0.5511904761904762 0.5151702786377709 0.5607142857142857 0.5535603715170279 0.5607142857142857 0.5591331269349845 0.5404761904761904 0.5591331269349845 0.4511904761904762 0.5541795665634675 0.3630952380952381 0.5492260061919505 0.3142857142857143 0.5436532507739938 0.3047619047619048 0.534984520123839 0.3047619047619048 
10 0.5647058823529412 0.3333333333333333 0.5597523219814241 0.3547619047619048 0.5554179566563467 0.38095238095238093 0.5547987616099072 0.4011904761904762 0.5547987616099072 0.5416666666666666 0.5839009287925696 0.5416666666666666 0.5888544891640867 0.5202380952380953 0.5888544891640867 0.46785714285714286 0.5839009287925696 0.3333333333333333 0.5647058823529412 0.3333333333333333 
11 0.5993808049535604 0.3142857142857143 0.5944272445820433 0.3333333333333333 0.5894736842105263 0.3726190476190476 0.5845201238390093 0.4488095238095238 0.5845201238390093 0.5345238095238095 0.5857585139318885 0.5380952380952381 0.5944272445820433 0.5511904761904762 0.6086687306501548 0.5511904761904762 0.6185758513931888 0.5416666666666666 0.6185758513931888 0.37142857142857144 0.6136222910216719 0.31547619047619047 0.6130030959752322 0.3142857142857143 0.5993808049535604 0.3142857142857143 
12 0.6346749226006192 0.26666666666666666 0.6291021671826625 0.2773809523809524 0.6247678018575852 0.3047619047619048 0.6191950464396285 0.37142857142857144 0.6142414860681115 0.4595238095238095 0.6142414860681115 0.5226190476190476 0.6198142414860681 0.530952380952381 0.6291021671826625 0.5404761904761904 0.6328173374613003 0.5416666666666666 0.6414860681114551 0.5416666666666666 0.643343653250774 0.5392857142857143 0.648297213622291 0.33214285714285713 0.648297213622291 0.2785714285714286 0.6476780185758514 0.2761904761904762 0.643343653250774 0.26666666666666666 0.6346749226006192 0.26666666666666666 
13 0.6588235294117647 0.29523809523809524 0.6538699690402476 0.3142857142857143 0.6439628482972136 0.42857142857142855 0.6439628482972136 0.5107142857142857 0.6489164086687307 0.5226190476190476 0.6724458204334365 0.5226190476190476 0.6780185758513931 0.5023809523809524 0.6780185758513931 0.4583333333333333 0.6730650154798762 0.2976190476190476 0.6724458204334365 0.29523809523809524 0.6588235294117647 0.29523809523809524 
14 0.698452012383901 0.3047619047619048 0.6934984520123839 0.31547619047619047 0.6835913312693499 0.3535714285714286 0.6736842105263158 0.4488095238095238 0.6687306501547987 0.4976190476190476 0.6687306501547987 0.5119047619047619 0.6786377708978328 0.5226190476190476 0.691640866873065 0.5226190476190476 0.7219814241486068 0.513095238095238 0.7275541795665634 0.5035714285714286 0.7275541795665634 0.45714285714285713 0.7176470588235294 0.3345238095238095 0.7120743034055728 0.3142857142857143 0.7071207430340557 0.3047619047619048 0.698452012383901 0.3047619047619048 
15 0.7287925696594427 0.2857142857142857 0.7281733746130031 0.2869047619047619 0.7232198142414861 0.3142857142857143 0.718266253869969 0.4392857142857143 0.718266253869969 0.5011904761904762 0.7195046439628483 0.5035714285714286 0.7281733746130031 0.513095238095238 0.7424148606811145 0.513095238095238 0.7721362229102167 0.49404761904761907 0.7770897832817337 0.46190476190476193 0.7770897832817337 0.44047619047619047 0.756656346749226 0.3333333333333333 0.7424148606811145 0.2869047619047619 0.7417956656346749 0.2857142857142857 0.7287925696594427 0.2857142857142857 
18 0.7430340557275542 0.5238095238095238 0.7095975232198143 0.5428571428571428 0.708359133126935 0.544047619047619 0.7034055727554179 0.5523809523809524 0.7034055727554179 0.5988095238095238 0.7380804953560371 0.7214285714285714 0.7393188854489164 0.7226190476190476 0.756656346749226 0.7226190476190476 0.7721362229102167 0.7130952380952381 0.7721362229102167 0.6797619047619048 0.7671826625386997 0.6107142857142858 0.7622291021671826 0.5523809523809524 0.7572755417956656 0.5273809523809524 0.7560371517027864 0.525 0.7547987616099071 0.5238095238095238 0.7430340557275542 0.5238095238095238 
19 0.6551083591331269 0.5523809523809524 0.6538699690402476 0.5535714285714286 0.6489164086687307 0.5619047619047619 0.6489164086687307 0.5988095238095238 0.6637770897832818 0.6845238095238095 0.6693498452012384 0.7130952380952381 0.6736842105263158 0.7321428571428571 0.6786377708978328 0.7416666666666667 0.6885448916408669 0.7511904761904762 0.7003095975232199 0.7511904761904762 0.7170278637770898 0.7416666666666667 0.7176470588235294 0.7392857142857143 0.7176470588235294 0.6869047619047619 0.7077399380804954 0.5642857142857143 0.7071207430340557 0.5619047619047619 0.7027863777089783 0.5535714285714286 0.7009287925696595 0.5523809523809524 0.6551083591331269 0.5523809523809524 
20 0.6340557275541796 0.5619047619047619 0.6191950464396285 0.5714285714285714 0.6191950464396285 0.5964285714285714 0.6241486068111455 0.6238095238095238 0.6340557275541796 0.675 0.6489164086687307 0.7511904761904762 0.6538699690402476 0.7607142857142857 0.6662538699690402 0.7607142857142857 0.6681114551083591 0.7595238095238095 0.6730650154798762 0.7511904761904762 0.6730650154798762 0.7333333333333333 0.653250773993808 0.5630952380952381 0.6526315789473685 0.5619047619047619 0.6340557275541796 0.5619047619047619 
21 0.6 0.5619047619047619 0.5944272445820433 0.5714285714285714 0.590092879256966 0.580952380952381 0.5894736842105263 0.5845238095238096 0.5894736842105263 0.6178571428571429 0.6043343653250774 0.7321428571428571 0.6142414860681115 0.7702380952380953 0.6198142414860681 0.7797619047619048 0.6241486068111455 0.7869047619047619 0.6260061919504644 0.7892857142857143 0.638390092879257 0.7892857142857143 0.643343653250774 0.7797619047619048 0.643343653250774 0.7642857142857142 0.6278637770897832 0.580952380952381 0.6235294117647059 0.5619047619047619 0.6 0.5619047619047619 
22 0.5603715170278638 0.5619047619047619 0.5597523219814241 0.5630952380952381 0.5597523219814241 0.6142857142857143 0.5795665634674922 0.7690476190476191 0.5845201238390093 0.7869047619047619 0.5863777089783282 0.7892857142857143 0.6080495356037152 0.7892857142857143 0.6086687306501548 0.7880952380952381 0.6086687306501548 0.7440476190476191 0.5938080495356037 0.5833333333333334 0.5888544891640867 0.5714285714285714 0.58328173374613 0.5619047619047619 0.5603715170278638 0.5619047619047619 
23 0.5399380804953561 0.5619047619047619 0.534984520123839 0.5714285714285714 0.534984520123839 0.6083333333333333 0.544891640866873 0.694047619047619 0.5504643962848297 0.7321428571428571 0.5547987616099072 0.7511904761904762 0.5789473684210527 0.7511904761904762 0.5789473684210527 0.7345238095238096 0.5640866873065016 0.5726190476190476 0.5591331269349845 0.5619047619047619 0.5399380804953561 0.5619047619047619 
24 0.5151702786377709 0.5714285714285714 0.5102167182662539 0.5821428571428572 0.5102167182662539 0.6083333333333333 0.5151702786377709 0.6642857142857143 0.5201238390092879 0.7035714285714286 0.530030959752322 0.7404761904761905 0.534984520123839 0.7511904761904762 0.5541795665634675 0.7511904761904762 0.5541795665634675 0.7047619047619048 0.5442724458204334 0.6035714285714285 0.5393188854489164 0.5714285714285714 0.5151702786377709 0.5714285714285714 
25 0.4854489164086687 0.5714285714285714 0.4854489164086687 0.6261904761904762 0.4904024767801858 0.6833333333333333 0.4953560371517028 0.7380952380952381 0.49597523219814244 0.7416666666666667 0.5003095975232198 0.7583333333333333 0.5015479876160991 0.7607142857142857 0.518266253869969 0.7607142857142857 0.5195046439628483 0.7583333333333333 0.5195046439628483 0.7333333333333333 0.5145510835913313 0.5714285714285714 0.4854489164086687 0.5714285714285714 
26 0.4563467492260062 0.5619047619047619 0.45572755417956656 0.5630952380952381 0.45572755417956656 0.6273809523809524 0.46068111455108357 0.7511904761904762 0.4662538699690402 0.7607142857142857 0.4891640866873065 0.7607142857142857 0.48978328173374613 0.7595238095238095 0.48978328173374613 0.5619047619047619 0.4563467492260062 0.5619047619047619 
27 0.42105263157894735 0.5619047619047619 0.42105263157894735 0.5797619047619048 0.4260061919504644 0.7857142857142857 0.426625386996904 0.7892857142857143 0.4309597523219814 0.7988095238095239 0.4439628482972136 0.7988095238095239 0.4452012383900929 0.7976190476190477 0.4588235294117647 0.7607142857142857 0.460061919504644 0.7559523809523809 0.465015479876161 0.625 0.465015479876161 0.5630952380952381 0.46439628482972134 0.5619047619047619 0.42105263157894735 0.5619047619047619 
28 0.38699690402476783 0.5714285714285714 0.3863777089783282 0.5738095238095238 0.3863777089783282 0.5880952380952381 0.3913312693498452 0.7571428571428571 0.39195046439628484 0.7595238095238095 0.3925696594427245 0.7607142857142857 0.4105263157894737 0.7607142857142857 0.4154798761609907 0.7321428571428571 0.42043343653250775 0.694047619047619 0.42538699690402476 0.6273809523809524 0.42538699690402476 0.5726190476190476 0.4241486068111455 0.5714285714285714 0.38699690402476783 0.5714285714285714 
29 0.36160990712074303 0.5619047619047619 0.356656346749226 0.5726190476190476 0.35170278637770896 0.6678571428571428 0.35170278637770896 0.7559523809523809 0.3523219814241486 0.7607142857142857 0.36470588235294116 0.7607142857142857 0.36594427244582045 0.7595238095238095 0.37089783281733746 0.75 0.38080495356037153 0.7119047619047619 0.3956656346749226 0.6178571428571429 0.3956656346749226 0.575 0.39504643962848296 0.5714285714285714 0.39009287925696595 0.5630952380952381 0.38823529411764707 0.5619047619047619 0.36160990712074303 0.5619047619047619 
30 0.3021671826625387 0.5523809523809524 0.29721362229102166 0.6761904761904762 0.29721362229102166 0.7488095238095238 0.2978328173374613 0.7511904761904762 0.32260061919504646 0.7607142857142857 0.3411764705882353 0.7607142857142857 0.3510835913312694 0.7035714285714286 0.3609907120743034 0.6261904761904762 0.3609907120743034 0.5619047619047619 0.31331269349845203 0.5523809523809524 0.3021671826625387 0.5523809523809524 
31 0.25263157894736843 0.5428571428571428 0.2476780185758514 0.5619047619047619 0.24272445820433436 0.6488095238095238 0.24272445820433436 0.7416666666666667 0.248297213622291 0.7511904761904762 0.2656346749226006 0.7511904761904762 0.26687306501547986 0.75 0.27678018575851393 0.7321428571428571 0.28173374613003094 0.7214285714285714 0.291640866873065 0.694047619047619 0.30526315789473685 0.6178571428571429 0.3065015479876161 0.6071428571428571 0.3065015479876161 0.5523809523809524 0.3015479876160991 0.5464285714285714 0.29907120743034055 0.544047619047619 0.2761609907120743 0.5428571428571428 0.25263157894736843 0.5428571428571428 