1 0.2693498452012384 0.41904761904761906 0.2674922600619195 0.42023809523809524 0.2625386996904025 0.4380952380952381 0.2625386996904025 0.5797619047619048 0.2674922600619195 0.5964285714285714 0.26873065015479874 0.5976190476190476 0.27058823529411763 0.5988095238095238 0.2959752321981424 0.5988095238095238 0.3065015479876161 0.5880952380952381 0.31145510835913315 0.5797619047619048 0.31145510835913315 0.5595238095238095 0.3015479876160991 0.48928571428571427 0.29659442724458207 0.45714285714285713 0.291640866873065 0.4380952380952381 0.286687306501548 0.42023809523809524 0.2835913312693498 0.41904761904761906 0.2693498452012384 0.41904761904761906 
2 0.2978328173374613 0.4380952380952381 0.29721362229102166 0.44166666666666665 0.29721362229102166 0.5321428571428571 0.30712074303405573 0.6166666666666667 0.31207430340557274 0.6273809523809524 0.3256965944272446 0.6273809523809524 0.3461300309597523 0.6178571428571429 0.3461300309597523 0.5666666666666667 0.32136222910216716 0.45714285714285713 0.31640866873065016 0.44047619047619047 0.3157894736842105 0.4392857142857143 0.31455108359133127 0.4380952380952381 0.2978328173374613 0.4380952380952381 
3 0.33250773993808047 0.42857142857142855 0.3318885448916409 0.43214285714285716 0.3269349845201238 0.46785714285714286 0.3269349845201238 0.5035714285714286 0.3318885448916409 0.5321428571428571 0.3473684210526316 0.6178571428571429 0.36594427244582045 0.6178571428571429 0.38080495356037153 0.6083333333333333 0.3851393188854489 0.5988095238095238 0.38575851393188854 0.5964285714285714 0.38575851393188854 0.5345238095238095 0.3560371517027864 0.4380952380952381 0.3504643962848297 0.42857142857142855 0.33250773993808047 0.42857142857142855 
4 0.36656346749226004 0.42857142857142855 0.36656346749226004 0.5035714285714286 0.3814241486068111 0.5797619047619048 0.40495356037151703 0.5797619047619048 0.4148606811145511 0.5511904761904762 0.4154798761609907 0.5488095238095239 0.4154798761609907 0.5369047619047619 0.4148606811145511 0.5333333333333333 0.4105263157894737 0.5142857142857142 0.4055727554179567 0.4928571428571429 0.4043343653250774 0.48928571428571427 0.3851393188854489 0.4380952380952381 0.3801857585139319 0.42857142857142855 0.36656346749226004 0.42857142857142855 
5 0.40619195046439627 0.4095238095238095 0.40123839009287926 0.42023809523809524 0.39628482972136225 0.45 0.39628482972136225 0.4880952380952381 0.39690402476780184 0.49404761904761907 0.40619195046439627 0.5595238095238095 0.40743034055727556 0.5607142857142857 0.43034055727554177 0.5607142857142857 0.4346749226006192 0.5511904761904762 0.43529411764705883 0.5488095238095239 0.43529411764705883 0.5261904761904762 0.43034055727554177 0.4857142857142857 0.4154798761609907 0.4095238095238095 0.40619195046439627 0.4095238095238095 
6 0.41609907120743034 0.3619047619047619 0.41609907120743034 0.4738095238095238 0.4260061919504644 0.5511904761904762 0.4551083591331269 0.5511904761904762 0.4551083591331269 0.4988095238095238 0.4501547987616099 0.46785714285714286 0.43034055727554177 0.38095238095238093 0.42538699690402476 0.3619047619047619 0.41609907120743034 0.3619047619047619 
7 0.45572755417956656 0.4 0.45077399380804956 0.4095238095238095 0.45077399380804956 0.5476190476190477 0.45139318885448915 0.5511904761904762 0.47492260061919506 0.5511904761904762 0.47492260061919506 0.4226190476190476 0.4743034055727554 0.41904761904761906 0.46439628482972134 0.4 0.45572755417956656 0.4 
8 0.47554179566563465 0.38095238095238093 0.47058823529411764 0.3904761904761905 0.47058823529411764 0.5511904761904762 0.48978328173374613 0.5511904761904762 0.5040247678018576 0.5416666666666666 0.5046439628482973 0.5380952380952381 0.5046439628482973 0.49642857142857144 0.4996904024767802 0.45 0.49473684210526314 0.4107142857142857 0.48978328173374613 0.3904761904761905 0.4842105263157895 0.38095238095238093 0.47554179566563465 0.38095238095238093 
9 0.5108359133126935 0.37142857142857144 0.5058823529411764 0.38095238095238093 0.5003095975232198 0.4023809523809524 0.5003095975232198 0.5392857142857143 0.5009287925696595 0.5416666666666666 0.5337461300309597 0.5416666666666666 0.5343653250773994 0.5404761904761904 0.5343653250773994 0.49642857142857144 0.5294117647058824 0.41904761904761906 0.5244582043343653 0.37142857142857144 0.5108359133126935 0.37142857142857144 
10 0.5405572755417957 0.37142857142857144 0.5399380804953561 0.3726190476190476 0.534984520123839 0.3904761904761905 0.530030959752322 0.42023809523809524 0.530030959752322 0.5321428571428571 0.5541795665634675 0.5321428571428571 0.5541795665634675 0.4773809523809524 0.5492260061919505 0.3904761904761905 0.5442724458204334 0.37142857142857144 0.5405572755417957 0.37142857142857144 
11 0.5647058823529412 0.3523809523809524 0.5609907120743034 0.3619047619047619 0.5597523219814241 0.36547619047619045 0.5547987616099072 0.3904761904761905 0.5498452012383901 0.4785714285714286 0.5498452012383901 0.5321428571428571 0.5789473684210527 0.5321428571428571 0.5839009287925696 0.45476190476190476 0.5839009287925696 0.37142857142857144 0.5789473684210527 0.3535714285714286 0.5770897832817338 0.3523809523809524 0.5647058823529412 0.3523809523809524 
12 0.5944272445820433 0.38095238095238093 0.5795665634674922 0.4095238095238095 0.5746130030959752 0.44761904761904764 0.5746130030959752 0.5321428571428571 0.5894736842105263 0.5416666666666666 0.6030959752321982 0.5416666666666666 0.6037151702786377 0.5404761904761904 0.6037151702786377 0.38095238095238093 0.5944272445820433 0.38095238095238093 
13 0.6241486068111455 0.4 0.6191950464396285 0.4095238095238095 0.6092879256965944 0.4297619047619048 0.5993808049535604 0.4583333333333333 0.5993808049535604 0.5035714285714286 0.6229102167182663 0.5035714285714286 0.628482972136223 0.4928571428571429 0.6334365325077399 0.475 0.638390092879257 0.45357142857142857 0.638390092879257 0.4011904761904762 0.6377708978328174 0.4 0.6241486068111455 0.4 
17 0.6953560371517028 0.5047619047619047 0.6792569659442724 0.5142857142857142 0.6687306501547987 0.5238095238095238 0.6687306501547987 0.5607142857142857 0.6736842105263158 0.5797619047619048 0.6835913312693499 0.6166666666666667 0.6891640866873066 0.6369047619047619 0.6934984520123839 0.6440476190476191 0.6953560371517028 0.6464285714285715 0.708359133126935 0.655952380952381 0.7269349845201238 0.655952380952381 0.7275541795665634 0.6523809523809524 0.7275541795665634 0.638095238095238 0.7126934984520124 0.5154761904761904 0.7077399380804954 0.5047619047619047 0.6953560371517028 0.5047619047619047 
18 0.6650154798761609 0.5333333333333333 0.6588235294117647 0.5345238095238095 0.6495356037151703 0.5428571428571428 0.6390092879256966 0.5535714285714286 0.6390092879256966 0.6166666666666667 0.6538699690402476 0.6464285714285715 0.6687306501547987 0.675 0.6743034055727554 0.6845238095238095 0.6829721362229102 0.6845238095238095 0.6928792569659443 0.675 0.6928792569659443 0.65 0.6879256965944273 0.6035714285714285 0.6873065015479877 0.6 0.6829721362229102 0.5773809523809523 0.6780185758513931 0.5535714285714286 0.6724458204334365 0.5333333333333333 0.6650154798761609 0.5333333333333333 
19 0.6241486068111455 0.5333333333333333 0.6006191950464397 0.5428571428571428 0.5993808049535604 0.544047619047619 0.5993808049535604 0.5892857142857143 0.6043343653250774 0.6238095238095238 0.604953560371517 0.6273809523809524 0.6142414860681115 0.6738095238095239 0.6198142414860681 0.694047619047619 0.6297213622291021 0.7130952380952381 0.6377708978328174 0.7130952380952381 0.6625386996904025 0.6845238095238095 0.6631578947368421 0.680952380952381 0.6631578947368421 0.6452380952380953 0.643343653250774 0.5535714285714286 0.638390092879257 0.5428571428571428 0.6334365325077399 0.5333333333333333 0.6241486068111455 0.5333333333333333 
20 0.5851393188854489 0.5523809523809524 0.5746130030959752 0.5630952380952381 0.5746130030959752 0.594047619047619 0.5752321981424149 0.5988095238095238 0.5845201238390093 0.6178571428571429 0.6030959752321982 0.6178571428571429 0.6037151702786377 0.6154761904761905 0.6037151702786377 0.5642857142857143 0.6030959752321982 0.5619047619047619 0.5987616099071208 0.5547619047619048 0.5962848297213622 0.5535714285714286 0.5888544891640867 0.5523809523809524 0.5851393188854489 0.5523809523809524 
21 0.5603715170278638 0.5619047619047619 0.5597523219814241 0.5630952380952381 0.5597523219814241 0.6178571428571429 0.5653250773993808 0.6273809523809524 0.5789473684210527 0.6273809523809524 0.5839009287925696 0.6166666666666667 0.5839009287925696 0.5904761904761905 0.5789473684210527 0.5630952380952381 0.5777089783281734 0.5619047619047619 0.5603715170278638 0.5619047619047619 
22 0.5356037151702786 0.5523809523809524 0.534984520123839 0.5547619047619048 0.534984520123839 0.6071428571428571 0.5498452012383901 0.7023809523809523 0.551702786377709 0.7035714285714286 0.5634674922600619 0.7035714285714286 0.5640866873065016 0.7023809523809523 0.5640866873065016 0.5642857142857143 0.5634674922600619 0.5619047619047619 0.5591331269349845 0.5535714285714286 0.5578947368421052 0.5523809523809524 0.5356037151702786 0.5523809523809524 
23 0.5151702786377709 0.5619047619047619 0.5151702786377709 0.5702380952380952 0.525077399380805 0.6714285714285714 0.5256965944272446 0.675 0.530030959752322 0.694047619047619 0.5430340557275541 0.694047619047619 0.5442724458204334 0.6928571428571428 0.5442724458204334 0.6011904761904762 0.5393188854489164 0.5619047619047619 0.5151702786377709 0.5619047619047619 
24 0.5021671826625387 0.5619047619047619 0.5003095975232198 0.5630952380952381 0.5003095975232198 0.6071428571428571 0.5102167182662539 0.6535714285714286 0.5151702786377709 0.6738095238095239 0.5207430340557275 0.6845238095238095 0.5244582043343653 0.6845238095238095 0.5244582043343653 0.5928571428571429 0.5195046439628483 0.5630952380952381 0.5170278637770898 0.5619047619047619 0.5021671826625387 0.5619047619047619 
25 0.48111455108359136 0.5619047619047619 0.4804953560371517 0.5630952380952381 0.4804953560371517 0.5892857142857143 0.4904024767801858 0.675 0.4953560371517028 0.6845238095238095 0.5095975232198142 0.6845238095238095 0.5095975232198142 0.6488095238095238 0.5046439628482973 0.5642857142857143 0.5040247678018576 0.5619047619047619 0.48111455108359136 0.5619047619047619 
26 0.46563467492260063 0.5714285714285714 0.46563467492260063 0.6083333333333333 0.47554179566563465 0.675 0.4854489164086687 0.694047619047619 0.49907120743034056 0.694047619047619 0.4996904024767802 0.6916666666666667 0.4996904024767802 0.6678571428571428 0.48978328173374613 0.580952380952381 0.4848297213622291 0.5726190476190476 0.48359133126934983 0.5714285714285714 0.46563467492260063 0.5714285714285714 
27 0.45139318885448915 0.5619047619047619 0.4408668730650155 0.5714285714285714 0.4408668730650155 0.5976190476190476 0.4458204334365325 0.6345238095238095 0.45572755417956656 0.7011904761904761 0.4563467492260062 0.7035714285714286 0.46068111455108357 0.7130952380952381 0.4743034055727554 0.7130952380952381 0.47492260061919506 0.7119047619047619 0.47492260061919506 0.6285714285714286 0.469969040247678 0.5630952380952381 0.4681114551083591 0.5619047619047619 0.45139318885448915 0.5619047619047619 
28 0.4260061919504644 0.580952380952381 0.421671826625387 0.5916666666666667 0.42105263157894735 0.5964285714285714 0.42105263157894735 0.6178571428571429 0.4260061919504644 0.6642857142857143 0.4309597523219814 0.6833333333333333 0.43653250773993807 0.694047619047619 0.44272445820433437 0.694047619047619 0.4452012383900929 0.6928571428571428 0.4501547987616099 0.6261904761904762 0.4501547987616099 0.5928571428571429 0.44953560371517026 0.5904761904761905 0.4452012383900929 0.580952380952381 0.4260061919504644 0.580952380952381 
29 0.40123839009287926 0.6190476190476191 0.39690402476780184 0.6285714285714286 0.39628482972136225 0.638095238095238 0.39628482972136225 0.7035714285714286 0.4154798761609907 0.7035714285714286 0.42043343653250775 0.694047619047619 0.42538699690402476 0.6654761904761904 0.42538699690402476 0.6285714285714286 0.4105263157894737 0.6202380952380953 0.40804953560371515 0.6190476190476191 0.40123839009287926 0.6190476190476191 