1 0.30030959752321984 0.38095238095238093 0.2978328173374613 0.3821428571428571 0.29721362229102166 0.38571428571428573 0.29721362229102166 0.41785714285714287 0.3021671826625387 0.44642857142857145 0.30712074303405573 0.45595238095238094 0.3126934984520124 0.4654761904761905 0.33126934984520123 0.4654761904761905 0.33560371517027865 0.45595238095238094 0.3411764705882353 0.4357142857142857 0.3411764705882353 0.4107142857142857 0.34055727554179566 0.4095238095238095 0.32136222910216716 0.38095238095238093 0.30030959752321984 0.38095238095238093 
2 0.33746130030959753 0.3904761904761905 0.3368421052631579 0.39166666666666666 0.31207430340557274 0.4857142857142857 0.31207430340557274 0.5214285714285715 0.3176470588235294 0.5321428571428571 0.3318885448916409 0.5511904761904762 0.34179566563467495 0.5511904761904762 0.3504643962848297 0.5416666666666666 0.3510835913312694 0.5404761904761904 0.35541795665634673 0.513095238095238 0.3560371517027864 0.5083333333333333 0.3560371517027864 0.4 0.34055727554179566 0.3904761904761905 0.33746130030959753 0.3904761904761905 
3 0.35789473684210527 0.4380952380952381 0.356656346749226 0.4392857142857143 0.35170278637770896 0.44761904761904764 0.34179566563467495 0.5345238095238095 0.34179566563467495 0.5892857142857143 0.3473684210526316 0.5988095238095238 0.38575851393188854 0.5988095238095238 0.38575851393188854 0.5619047619047619 0.38080495356037153 0.4488095238095238 0.37956656346749224 0.44761904761904764 0.3609907120743034 0.4380952380952381 0.35789473684210527 0.4380952380952381 
4 0.3913312693498452 0.4380952380952381 0.3863777089783282 0.4488095238095238 0.3814241486068111 0.4773809523809524 0.3764705882352941 0.5428571428571428 0.3764705882352941 0.5988095238095238 0.3814241486068111 0.6083333333333333 0.4006191950464396 0.6083333333333333 0.40990712074303404 0.5988095238095238 0.4105263157894737 0.5976190476190476 0.4105263157894737 0.44761904761904764 0.40495356037151703 0.4380952380952381 0.3913312693498452 0.4380952380952381 
5 0.41114551083591333 0.42857142857142855 0.40123839009287926 0.5904761904761905 0.40123839009287926 0.5988095238095238 0.41114551083591333 0.6166666666666667 0.41238390092879257 0.6178571428571429 0.41919504643962846 0.6178571428571429 0.43034055727554177 0.6071428571428571 0.43529411764705883 0.5988095238095238 0.43529411764705883 0.47619047619047616 0.43034055727554177 0.4488095238095238 0.42538699690402476 0.4297619047619048 0.4247678018575851 0.42857142857142855 0.41114551083591333 0.42857142857142855 
6 0.43653250773993807 0.4095238095238095 0.4359133126934985 0.41309523809523807 0.4309597523219814 0.4666666666666667 0.4260061919504644 0.5952380952380952 0.4260061919504644 0.6035714285714285 0.426625386996904 0.6083333333333333 0.43157894736842106 0.6178571428571429 0.44891640866873067 0.6178571428571429 0.4501547987616099 0.6166666666666667 0.4551083591331269 0.5988095238095238 0.4551083591331269 0.5154761904761904 0.4501547987616099 0.42857142857142855 0.4452012383900929 0.4095238095238095 0.43653250773993807 0.4095238095238095 
7 0.45572755417956656 0.42857142857142855 0.45077399380804956 0.4380952380952381 0.45077399380804956 0.625 0.45139318885448915 0.6273809523809524 0.469969040247678 0.6273809523809524 0.47987616099071206 0.6178571428571429 0.47987616099071206 0.5738095238095238 0.47492260061919506 0.45714285714285713 0.469969040247678 0.4380952380952381 0.465015479876161 0.42857142857142855 0.45572755417956656 0.42857142857142855 
8 0.47554179566563465 0.44761904761904764 0.47058823529411764 0.45714285714285713 0.47058823529411764 0.6178571428571429 0.5046439628482973 0.6178571428571429 0.5046439628482973 0.5547619047619048 0.4996904024767802 0.49642857142857144 0.49473684210526314 0.4583333333333333 0.48978328173374613 0.44761904761904764 0.47554179566563465 0.44761904761904764 
9 0.5102167182662539 0.44761904761904764 0.5003095975232198 0.4666666666666667 0.5003095975232198 0.6154761904761905 0.5015479876160991 0.6178571428571429 0.5294117647058824 0.6178571428571429 0.5343653250773994 0.6071428571428571 0.5343653250773994 0.5821428571428572 0.5244582043343653 0.4583333333333333 0.5188854489164086 0.44761904761904764 0.5102167182662539 0.44761904761904764 
10 0.530030959752322 0.42857142857142855 0.525077399380805 0.4607142857142857 0.525077399380805 0.6178571428571429 0.5399380804953561 0.6261904761904762 0.5442724458204334 0.6273809523809524 0.5486068111455108 0.6273809523809524 0.5541795665634675 0.6178571428571429 0.5541795665634675 0.5428571428571428 0.5486068111455108 0.47619047619047616 0.5442724458204334 0.4380952380952381 0.5386996904024768 0.42857142857142855 0.530030959752322 0.42857142857142855 
11 0.5597523219814241 0.4 0.5547987616099072 0.4107142857142857 0.5498452012383901 0.4392857142857143 0.544891640866873 0.4773809523809524 0.544891640866873 0.5511904761904762 0.5498452012383901 0.6083333333333333 0.5547987616099072 0.6178571428571429 0.5777089783281734 0.6178571428571429 0.5789473684210527 0.6166666666666667 0.5789473684210527 0.525 0.5690402476780185 0.4011904761904762 0.5678018575851393 0.4 0.5597523219814241 0.4 
12 0.5801857585139318 0.4095238095238095 0.5746130030959752 0.41904761904761906 0.5696594427244582 0.42857142857142855 0.5647058823529412 0.4595238095238095 0.5647058823529412 0.4726190476190476 0.5746130030959752 0.6083333333333333 0.5808049535603715 0.6178571428571429 0.5987616099071208 0.6178571428571429 0.6030959752321982 0.5988095238095238 0.6037151702786377 0.5928571428571429 0.6037151702786377 0.5547619047619048 0.5938080495356037 0.41904761904761906 0.5888544891640867 0.4095238095238095 0.5801857585139318 0.4095238095238095 
13 0.5962848297213622 0.44761904761904764 0.595046439628483 0.4488095238095238 0.5894736842105263 0.46785714285714286 0.5894736842105263 0.513095238095238 0.5944272445820433 0.5964285714285714 0.595046439628483 0.5988095238095238 0.5993808049535604 0.6083333333333333 0.6278637770897832 0.6083333333333333 0.628482972136223 0.6071428571428571 0.628482972136223 0.5630952380952381 0.6235294117647059 0.5142857142857142 0.6185758513931888 0.47619047619047616 0.6080495356037152 0.45714285714285713 0.5987616099071208 0.44761904761904764 0.5962848297213622 0.44761904761904764 
14 0.6402476780185758 0.42857142857142855 0.6204334365325077 0.4380952380952381 0.6191950464396285 0.4392857142857143 0.6142414860681115 0.4988095238095238 0.6142414860681115 0.5226190476190476 0.6241486068111455 0.5988095238095238 0.6291021671826625 0.6083333333333333 0.6421052631578947 0.6083333333333333 0.6625386996904025 0.5988095238095238 0.6631578947368421 0.5964285714285714 0.6631578947368421 0.5071428571428571 0.653250773993808 0.44761904761904764 0.6507739938080496 0.4380952380952381 0.6476780185758514 0.42857142857142855 0.6402476780185758 0.42857142857142855 
15 0.6445820433436532 0.42857142857142855 0.6439628482972136 0.430952380952381 0.6439628482972136 0.4452380952380952 0.6489164086687307 0.5023809523809524 0.6588235294117647 0.569047619047619 0.6637770897832818 0.5785714285714286 0.6650154798761609 0.5797619047619048 0.6829721362229102 0.5797619047619048 0.6978328173374613 0.5607142857142857 0.7021671826625387 0.5511904761904762 0.7027863777089783 0.5476190476190477 0.7027863777089783 0.49523809523809526 0.6631578947368421 0.42857142857142855 0.6445820433436532 0.42857142857142855 
16 0.6910216718266254 0.3904761904761905 0.6885448916408669 0.39166666666666666 0.6588235294117647 0.42857142857142855 0.6588235294117647 0.44642857142857145 0.6687306501547987 0.4654761904761905 0.6743034055727554 0.475 0.6922600619195046 0.475 0.7027863777089783 0.4642857142857143 0.7126934984520124 0.4369047619047619 0.7126934984520124 0.4011904761904762 0.7120743034055728 0.4 0.7021671826625387 0.3904761904761905 0.6910216718266254 0.3904761904761905 
17 0.7188854489164087 0.6190476190476191 0.713312693498452 0.6214285714285714 0.708359133126935 0.6285714285714286 0.7034055727554179 0.638095238095238 0.6934984520123839 0.6666666666666666 0.6934984520123839 0.694047619047619 0.698452012383901 0.7119047619047619 0.7040247678018576 0.7226190476190476 0.7170278637770898 0.7226190476190476 0.7424148606811145 0.675 0.7424148606811145 0.6404761904761904 0.7417956656346749 0.638095238095238 0.7374613003095976 0.6285714285714286 0.7325077399380805 0.6202380952380953 0.7312693498452012 0.6190476190476191 0.7188854489164087 0.6190476190476191 
18 0.6594427244582043 0.6 0.6390092879256966 0.6095238095238096 0.6291021671826625 0.6202380952380953 0.6291021671826625 0.6547619047619048 0.6439628482972136 0.694047619047619 0.6736842105263158 0.7607142857142857 0.7027863777089783 0.7607142857142857 0.7027863777089783 0.7178571428571429 0.6978328173374613 0.6857142857142857 0.6829721362229102 0.6 0.6594427244582043 0.6 
19 0.6043343653250774 0.6285714285714286 0.5845201238390093 0.638095238095238 0.5845201238390093 0.6738095238095239 0.5993808049535604 0.75 0.6247678018575852 0.805952380952381 0.6266253869969041 0.8083333333333333 0.6575851393188854 0.8083333333333333 0.6582043343653251 0.805952380952381 0.6582043343653251 0.7523809523809524 0.643343653250774 0.6583333333333333 0.6334365325077399 0.6285714285714286 0.6043343653250774 0.6285714285714286 
20 0.5746130030959752 0.638095238095238 0.5647058823529412 0.6476190476190476 0.5603715170278638 0.6571428571428571 0.5597523219814241 0.6595238095238095 0.5597523219814241 0.6845238095238095 0.5795665634674922 0.8178571428571428 0.5845201238390093 0.8273809523809523 0.5938080495356037 0.8273809523809523 0.5987616099071208 0.8166666666666667 0.5987616099071208 0.6761904761904762 0.5888544891640867 0.638095238095238 0.5746130030959752 0.638095238095238 
21 0.5504643962848297 0.6476190476190476 0.544891640866873 0.6571428571428571 0.544891640866873 0.8083333333333333 0.5547987616099072 0.8261904761904761 0.5560371517027863 0.8273809523809523 0.5640866873065016 0.8273809523809523 0.5739938080495356 0.7285714285714285 0.5739938080495356 0.6869047619047619 0.5690402476780185 0.6488095238095238 0.5678018575851393 0.6476190476190476 0.5504643962848297 0.6476190476190476 
22 0.5306501547987617 0.638095238095238 0.530030959752322 0.6392857142857142 0.5201238390092879 0.7261904761904762 0.5201238390092879 0.8345238095238096 0.5207430340557275 0.8369047619047619 0.5393188854489164 0.8369047619047619 0.5442724458204334 0.8273809523809523 0.5492260061919505 0.7988095238095239 0.5541795665634675 0.6642857142857143 0.5541795665634675 0.6523809523809524 0.5535603715170279 0.6488095238095238 0.5492260061919505 0.638095238095238 0.5306501547987617 0.638095238095238 
23 0.525077399380805 0.6476190476190476 0.5102167182662539 0.6583333333333333 0.4953560371517028 0.8047619047619048 0.4953560371517028 0.8083333333333333 0.5003095975232198 0.8178571428571428 0.5095975232198142 0.8178571428571428 0.5188854489164086 0.8083333333333333 0.5195046439628483 0.8071428571428572 0.5244582043343653 0.7702380952380953 0.5294117647058824 0.7321428571428571 0.5343653250773994 0.6833333333333333 0.5343653250773994 0.6476190476190476 0.525077399380805 0.6476190476190476 
24 0.5003095975232198 0.638095238095238 0.4953560371517028 0.6583333333333333 0.4904024767801858 0.7440476190476191 0.4904024767801858 0.8071428571428572 0.491640866873065 0.8083333333333333 0.4996904024767802 0.8083333333333333 0.5046439628482973 0.7988095238095239 0.5095975232198142 0.7702380952380953 0.5145510835913313 0.7107142857142857 0.5145510835913313 0.638095238095238 0.5003095975232198 0.638095238095238 
25 0.4804953560371517 0.638095238095238 0.47554179566563465 0.7559523809523809 0.47554179566563465 0.7702380952380953 0.4804953560371517 0.8071428571428572 0.48111455108359136 0.8083333333333333 0.4848297213622291 0.8083333333333333 0.48978328173374613 0.7976190476190477 0.49473684210526314 0.7595238095238095 0.4996904024767802 0.6845238095238095 0.4996904024767802 0.638095238095238 0.4804953560371517 0.638095238095238 
26 0.46068111455108357 0.638095238095238 0.46068111455108357 0.6654761904761904 0.46563467492260063 0.7976190476190477 0.4712074303405573 0.8083333333333333 0.47368421052631576 0.8083333333333333 0.47492260061919506 0.8071428571428572 0.47987616099071206 0.7773809523809524 0.4848297213622291 0.694047619047619 0.4848297213622291 0.6476190476190476 0.4786377708978328 0.638095238095238 0.46068111455108357 0.638095238095238 
27 0.4458204334365325 0.638095238095238 0.4408668730650155 0.6416666666666667 0.4408668730650155 0.7880952380952381 0.4458204334365325 0.8166666666666667 0.44643962848297214 0.8178571428571428 0.45944272445820433 0.8178571428571428 0.460061919504644 0.8154761904761905 0.465015479876161 0.7380952380952381 0.465015479876161 0.6392857142857142 0.46439628482972134 0.638095238095238 0.4458204334365325 0.638095238095238 
28 0.421671826625387 0.638095238095238 0.42105263157894735 0.6392857142857142 0.41671826625387 0.6571428571428571 0.41609907120743034 0.6607142857142857 0.41609907120743034 0.7023809523809523 0.42105263157894735 0.8083333333333333 0.44024767801857584 0.8083333333333333 0.4452012383900929 0.7976190476190477 0.4452012383900929 0.6571428571428571 0.43529411764705883 0.638095238095238 0.421671826625387 0.638095238095238 
29 0.39628482972136225 0.638095238095238 0.3913312693498452 0.6476190476190476 0.3913312693498452 0.7892857142857143 0.4086687306501548 0.7892857142857143 0.4105263157894737 0.7869047619047619 0.4154798761609907 0.7702380952380953 0.42043343653250775 0.7404761904761905 0.42538699690402476 0.6654761904761904 0.42538699690402476 0.6488095238095238 0.4198142414860681 0.638095238095238 0.39628482972136225 0.638095238095238 
30 0.356656346749226 0.6285714285714286 0.35170278637770896 0.638095238095238 0.3368421052631579 0.7714285714285715 0.3368421052631579 0.7869047619047619 0.33746130030959753 0.7892857142857143 0.35170278637770896 0.7988095238095239 0.37089783281733746 0.7988095238095239 0.3752321981424149 0.7892857142857143 0.38080495356037153 0.7702380952380953 0.3956656346749226 0.7023809523809523 0.4006191950464396 0.655952380952381 0.4006191950464396 0.638095238095238 0.37585139318885447 0.6285714285714286 0.356656346749226 0.6285714285714286 
31 0.3170278637770898 0.6095238095238096 0.31207430340557274 0.6297619047619047 0.3021671826625387 0.6857142857142857 0.29721362229102166 0.7142857142857143 0.29721362229102166 0.7511904761904762 0.3021671826625387 0.7607142857142857 0.3263157894736842 0.7607142857142857 0.3461300309597523 0.7226190476190476 0.3560371517027864 0.6845238095238095 0.3609907120743034 0.655952380952381 0.3609907120743034 0.638095238095238 0.35541795665634673 0.6285714285714286 0.334984520123839 0.6095238095238096 0.3170278637770898 0.6095238095238096 
32 0.2835913312693498 0.6190476190476191 0.2724458204334365 0.6285714285714286 0.2724458204334365 0.655952380952381 0.2823529411764706 0.7226190476190476 0.2891640866873065 0.7226190476190476 0.29659442724458207 0.7214285714285714 0.3065015479876161 0.7130952380952381 0.31145510835913315 0.694047619047619 0.31145510835913315 0.6583333333333333 0.3015479876160991 0.6297619047619047 0.2959752321981424 0.6190476190476191 0.2835913312693498 0.6190476190476191 