1 0.23343653250773994 0.3047619047619048 0.22786377708978328 0.31547619047619047 0.22786377708978328 0.4369047619047619 0.23281733746130032 0.4654761904761905 0.2606811145510836 0.4654761904761905 0.2761609907120743 0.45595238095238094 0.28173374613003094 0.44642857142857145 0.28173374613003094 0.4 0.2718266253869969 0.37142857142857144 0.24705882352941178 0.305952380952381 0.2458204334365325 0.3047619047619048 0.23343653250773994 0.3047619047619048 
3 0.28792569659442724 0.3619047619047619 0.2873065015479876 0.3630952380952381 0.2873065015479876 0.569047619047619 0.29226006191950465 0.5880952380952381 0.29287925696594425 0.5892857142857143 0.3306501547987616 0.5892857142857143 0.3510835913312694 0.5761904761904761 0.3510835913312694 0.5345238095238095 0.33622291021671824 0.4 0.33126934984520123 0.37142857142857144 0.3263157894736842 0.3619047619047619 0.28792569659442724 0.3619047619047619 
4 0.35170278637770896 0.34285714285714286 0.34674922600619196 0.3619047619047619 0.34179566563467495 0.4035714285714286 0.34179566563467495 0.5392857142857143 0.34674922600619196 0.5511904761904762 0.35541795665634673 0.5511904761904762 0.3696594427244582 0.5416666666666666 0.37089783281733746 0.5404761904761904 0.37585139318885447 0.5321428571428571 0.37585139318885447 0.4857142857142857 0.36594427244582045 0.35595238095238096 0.3653250773993808 0.3523809523809524 0.3603715170278638 0.34285714285714286 0.35170278637770896 0.34285714285714286 
5 0.37956656346749224 0.3523809523809524 0.3764705882352941 0.3535714285714286 0.3715170278637771 0.3726190476190476 0.36656346749226004 0.5345238095238095 0.36656346749226004 0.5511904761904762 0.3715170278637771 0.5702380952380952 0.3764705882352941 0.5797619047619048 0.39504643962848296 0.5797619047619048 0.4105263157894737 0.5702380952380952 0.4105263157894737 0.5059523809523809 0.4055727554179567 0.44047619047619047 0.4006191950464396 0.4011904761904762 0.3907120743034056 0.3535714285714286 0.39009287925696595 0.3523809523809524 0.37956656346749224 0.3523809523809524 
6 0.4173374613003096 0.3142857142857143 0.4117647058823529 0.325 0.40619195046439627 0.34404761904761905 0.40123839009287926 0.38452380952380955 0.40123839009287926 0.5011904761904762 0.40619195046439627 0.5702380952380952 0.41114551083591333 0.5797619047619048 0.43034055727554177 0.5797619047619048 0.44024767801857584 0.5595238095238095 0.44024767801857584 0.49642857142857144 0.43034055727554177 0.3345238095238095 0.42538699690402476 0.31547619047619047 0.4235294117647059 0.3142857142857143 0.4173374613003096 0.3142857142857143 
7 0.46068111455108357 0.37142857142857144 0.45572755417956656 0.38095238095238093 0.45077399380804956 0.4011904761904762 0.4458204334365325 0.42857142857142855 0.4408668730650155 0.45714285714285713 0.4408668730650155 0.55 0.4458204334365325 0.5607142857142857 0.46439628482972134 0.5607142857142857 0.469969040247678 0.5511904761904762 0.469969040247678 0.42023809523809524 0.465015479876161 0.37142857142857144 0.46068111455108357 0.37142857142857144 
8 0.4854489164086687 0.3619047619047619 0.4804953560371517 0.3726190476190476 0.47554179566563465 0.3904761904761905 0.47058823529411764 0.42857142857142855 0.46563467492260063 0.4880952380952381 0.46563467492260063 0.5226190476190476 0.47058823529411764 0.5797619047619048 0.4996904024767802 0.5797619047619048 0.4996904024767802 0.3619047619047619 0.4854489164086687 0.3619047619047619 
9 0.5164086687306502 0.3619047619047619 0.5151702786377709 0.3630952380952381 0.5102167182662539 0.37142857142857144 0.5052631578947369 0.39166666666666666 0.5003095975232198 0.42857142857142855 0.4953560371517028 0.5047619047619047 0.4953560371517028 0.5797619047619048 0.5244582043343653 0.5797619047619048 0.5343653250773994 0.5702380952380952 0.5343653250773994 0.36428571428571427 0.5331269349845201 0.3619047619047619 0.5164086687306502 0.3619047619047619 
10 0.5510835913312694 0.37142857142857144 0.5498452012383901 0.3726190476190476 0.5411764705882353 0.38452380952380955 0.5399380804953561 0.3880952380952381 0.530030959752322 0.5083333333333333 0.530030959752322 0.5595238095238095 0.5356037151702786 0.5702380952380952 0.5591331269349845 0.5702380952380952 0.5640866873065016 0.55 0.5684210526315789 0.5035714285714286 0.5690402476780185 0.44047619047619047 0.5690402476780185 0.4392857142857143 0.5640866873065016 0.4 0.5591331269349845 0.38095238095238093 0.5541795665634675 0.3726190476190476 0.5529411764705883 0.37142857142857144 0.5510835913312694 0.37142857142857144 
11 0.5857585139318885 0.3142857142857143 0.5795665634674922 0.3238095238095238 0.5746130030959752 0.3547619047619048 0.5696594427244582 0.3904761904761905 0.5647058823529412 0.43214285714285716 0.5597523219814241 0.49642857142857144 0.5597523219814241 0.5595238095238095 0.5647058823529412 0.5785714285714286 0.5659442724458205 0.5797619047619048 0.5826625386996904 0.5797619047619048 0.5938080495356037 0.5702380952380952 0.5987616099071208 0.5607142857142857 0.5987616099071208 0.3333333333333333 0.5938080495356037 0.3142857142857143 0.5857585139318885 0.3142857142857143 
12 0.6142414860681115 0.3333333333333333 0.6099071207430341 0.34285714285714286 0.6043343653250774 0.3630952380952381 0.5894736842105263 0.4773809523809524 0.5894736842105263 0.569047619047619 0.5944272445820433 0.5797619047619048 0.6222910216718266 0.5797619047619048 0.6334365325077399 0.569047619047619 0.6334365325077399 0.5047619047619047 0.628482972136223 0.33690476190476193 0.6278637770897832 0.3333333333333333 0.6142414860681115 0.3333333333333333 
13 0.6390092879256966 0.3523809523809524 0.6340557275541796 0.3726190476190476 0.6291021671826625 0.4095238095238095 0.6241486068111455 0.47619047619047616 0.6241486068111455 0.5785714285714286 0.6297213622291021 0.5892857142857143 0.648297213622291 0.5892857142857143 0.6582043343653251 0.5797619047619048 0.6582043343653251 0.3535714285714286 0.6569659442724458 0.3523809523809524 0.6390092879256966 0.3523809523809524 
14 0.6755417956656347 0.37142857142857144 0.6736842105263158 0.3738095238095238 0.6687306501547987 0.38095238095238093 0.6637770897832818 0.3904761904761905 0.6538699690402476 0.4488095238095238 0.6538699690402476 0.5892857142857143 0.6637770897832818 0.5976190476190476 0.669969040247678 0.5988095238095238 0.6928792569659443 0.5988095238095238 0.6978328173374613 0.5892857142857143 0.7027863777089783 0.5785714285714286 0.7126934984520124 0.4845238095238095 0.7126934984520124 0.42857142857142855 0.7071207430340557 0.4107142857142857 0.6829721362229102 0.37142857142857144 0.6755417956656347 0.37142857142857144 
15 0.7188854489164087 0.4095238095238095 0.713312693498452 0.42023809523809524 0.708359133126935 0.44761904761904764 0.698452012383901 0.5238095238095238 0.698452012383901 0.5797619047619048 0.7034055727554179 0.5976190476190476 0.7046439628482972 0.5988095238095238 0.7269349845201238 0.5988095238095238 0.7374613003095976 0.5892857142857143 0.7473684210526316 0.5785714285714286 0.7473684210526316 0.5059523809523809 0.7325077399380805 0.4095238095238095 0.7188854489164087 0.4095238095238095 
16 0.7430340557275542 0.34285714285714286 0.7337461300309598 0.3523809523809524 0.7331269349845201 0.3535714285714286 0.7281733746130031 0.4297619047619048 0.7281733746130031 0.444047619047619 0.7331269349845201 0.4845238095238095 0.7622291021671826 0.4845238095238095 0.7764705882352941 0.475 0.7770897832817337 0.4726190476190476 0.7770897832817337 0.4380952380952381 0.7671826625386997 0.3630952380952381 0.7572755417956656 0.34285714285714286 0.7430340557275542 0.34285714285714286 
20 0.5993808049535604 0.5904761904761905 0.5993808049535604 0.6369047619047619 0.6291021671826625 0.7869047619047619 0.6297213622291021 0.7892857142857143 0.6346749226006192 0.7988095238095239 0.6427244582043343 0.7988095238095239 0.648297213622291 0.7892857142857143 0.648297213622291 0.7261904761904762 0.643343653250774 0.6011904761904762 0.6377708978328174 0.5904761904761905 0.5993808049535604 0.5904761904761905 
21 0.5801857585139318 0.5904761904761905 0.5795665634674922 0.5916666666666667 0.5795665634674922 0.6333333333333333 0.5894736842105263 0.7988095238095239 0.595046439628483 0.8083333333333333 0.6086687306501548 0.8083333333333333 0.6136222910216719 0.7035714285714286 0.6136222910216719 0.638095238095238 0.6086687306501548 0.5916666666666667 0.6068111455108359 0.5904761904761905 0.5801857585139318 0.5904761904761905 
22 0.5547987616099072 0.580952380952381 0.5498452012383901 0.5904761904761905 0.544891640866873 0.6011904761904762 0.544891640866873 0.6738095238095239 0.5547987616099072 0.8083333333333333 0.5597523219814241 0.8178571428571428 0.5690402476780185 0.8178571428571428 0.5739938080495356 0.8071428571428572 0.5789473684210527 0.7702380952380953 0.5789473684210527 0.6190476190476191 0.578328173374613 0.6095238095238096 0.5739938080495356 0.5904761904761905 0.5684210526315789 0.580952380952381 0.5547987616099072 0.580952380952381 
23 0.5201238390092879 0.580952380952381 0.5201238390092879 0.6630952380952381 0.525077399380805 0.75 0.530030959752322 0.7773809523809524 0.5306501547987617 0.7797619047619048 0.5486068111455108 0.7797619047619048 0.5492260061919505 0.7785714285714286 0.5541795665634675 0.7607142857142857 0.5541795665634675 0.580952380952381 0.5201238390092879 0.580952380952381 
24 0.5065015479876162 0.5904761904761905 0.5058823529411764 0.5916666666666667 0.5052631578947369 0.594047619047619 0.5052631578947369 0.7285714285714285 0.5058823529411764 0.7321428571428571 0.5102167182662539 0.7404761904761905 0.5120743034055728 0.7416666666666667 0.5294117647058824 0.7416666666666667 0.5294117647058824 0.6297619047619047 0.5244582043343653 0.5916666666666667 0.5232198142414861 0.5904761904761905 0.5065015479876162 0.5904761904761905 
25 0.48111455108359136 0.5904761904761905 0.4804953560371517 0.5916666666666667 0.4804953560371517 0.6297619047619047 0.4854489164086687 0.7035714285714286 0.4904024767801858 0.7380952380952381 0.49102167182662537 0.7416666666666667 0.4953560371517028 0.7511904761904762 0.503405572755418 0.7511904761904762 0.5089783281733746 0.7416666666666667 0.5095975232198142 0.7380952380952381 0.5095975232198142 0.5904761904761905 0.48111455108359136 0.5904761904761905 
26 0.4712074303405573 0.580952380952381 0.46068111455108357 0.5904761904761905 0.46068111455108357 0.6928571428571428 0.47058823529411764 0.7511904761904762 0.4761609907120743 0.7607142857142857 0.4848297213622291 0.7607142857142857 0.4848297213622291 0.6 0.47987616099071206 0.580952380952381 0.4712074303405573 0.580952380952381 
27 0.43653250773993807 0.5714285714285714 0.4309597523219814 0.5821428571428572 0.4309597523219814 0.680952380952381 0.4359133126934985 0.7511904761904762 0.4408668730650155 0.7988095238095239 0.44643962848297214 0.8083333333333333 0.460061919504644 0.8083333333333333 0.465015479876161 0.7988095238095239 0.465015479876161 0.7238095238095238 0.460061919504644 0.6 0.4501547987616099 0.5726190476190476 0.448297213622291 0.5714285714285714 0.43653250773993807 0.5714285714285714 
28 0.39690402476780184 0.580952380952381 0.3913312693498452 0.5904761904761905 0.3913312693498452 0.6357142857142857 0.40123839009287926 0.7583333333333333 0.40619195046439627 0.7785714285714286 0.41114551083591333 0.7964285714285714 0.4117647058823529 0.7976190476190477 0.4136222910216718 0.7988095238095239 0.4198142414860681 0.7988095238095239 0.42538699690402476 0.7880952380952381 0.43034055727554177 0.6357142857142857 0.43034055727554177 0.6011904761904762 0.42538699690402476 0.5904761904761905 0.4154798761609907 0.580952380952381 0.39690402476780184 0.580952380952381 
29 0.3739938080495356 0.580952380952381 0.3715170278637771 0.5821428571428572 0.36160990712074303 0.5916666666666667 0.356656346749226 0.6011904761904762 0.356656346749226 0.6357142857142857 0.3764705882352941 0.7797619047619048 0.3907120743034056 0.7797619047619048 0.3956656346749226 0.7702380952380953 0.3956656346749226 0.580952380952381 0.3739938080495356 0.580952380952381 