4 0.36656346749226004 0.4 0.36160990712074303 0.41904761904761906 0.3523219814241486 0.5428571428571428 0.35170278637770896 0.5666666666666667 0.35170278637770896 0.5702380952380952 0.36160990712074303 0.5892857142857143 0.38080495356037153 0.5892857142857143 0.3956656346749226 0.569047619047619 0.3956656346749226 0.5357142857142857 0.3907120743034056 0.4607142857142857 0.38575851393188854 0.42023809523809524 0.38080495356037153 0.4011904761904762 0.37956656346749224 0.4 0.36656346749226004 0.4 
5 0.40123839009287926 0.3904761904761905 0.39628482972136225 0.4095238095238095 0.3913312693498452 0.430952380952381 0.3863777089783282 0.47619047619047616 0.3814241486068111 0.5619047619047619 0.3814241486068111 0.5773809523809523 0.38204334365325077 0.5797619047619048 0.38699690402476783 0.5892857142857143 0.40804953560371515 0.5892857142857143 0.40990712074303404 0.5880952380952381 0.41919504643962846 0.5797619047619048 0.42538699690402476 0.5702380952380952 0.42538699690402476 0.5333333333333333 0.42043343653250775 0.4380952380952381 0.4154798761609907 0.4107142857142857 0.40990712074303404 0.39166666666666666 0.40804953560371515 0.3904761904761905 0.40123839009287926 0.3904761904761905 
6 0.42724458204334365 0.3904761904761905 0.4260061919504644 0.39166666666666666 0.42105263157894735 0.4119047619047619 0.41609907120743034 0.4488095238095238 0.41609907120743034 0.5797619047619048 0.42105263157894735 0.5892857142857143 0.4328173374613003 0.5892857142857143 0.44953560371517026 0.5797619047619048 0.4501547987616099 0.5785714285714286 0.4501547987616099 0.4857142857142857 0.4452012383900929 0.42142857142857143 0.43962848297213625 0.4 0.4346749226006192 0.3904761904761905 0.42724458204334365 0.3904761904761905 
7 0.46068111455108357 0.44761904761904764 0.45572755417956656 0.46785714285714286 0.4458204334365325 0.525 0.4458204334365325 0.5630952380952381 0.45077399380804956 0.5892857142857143 0.45572755417956656 0.5976190476190476 0.4569659442724458 0.5988095238095238 0.4743034055727554 0.5988095238095238 0.47492260061919506 0.5976190476190476 0.47492260061919506 0.44761904761904764 0.46068111455108357 0.44761904761904764 
8 0.48606811145510836 0.44761904761904764 0.4854489164086687 0.45 0.4804953560371517 0.4785714285714286 0.47058823529411764 0.5654761904761905 0.47058823529411764 0.6011904761904762 0.4712074303405573 0.6083333333333333 0.48111455108359136 0.6273809523809524 0.5095975232198142 0.6273809523809524 0.5095975232198142 0.5595238095238095 0.5046439628482973 0.4666666666666667 0.4996904024767802 0.4488095238095238 0.4984520123839009 0.44761904761904764 0.48606811145510836 0.44761904761904764 
9 0.5213622291021672 0.44761904761904764 0.5201238390092879 0.4488095238095238 0.5151702786377709 0.46904761904761905 0.5052631578947369 0.555952380952381 0.5052631578947369 0.625 0.5065015479876162 0.6273809523809524 0.5386996904024768 0.6273809523809524 0.5393188854489164 0.6261904761904762 0.5393188854489164 0.5047619047619047 0.5386996904024768 0.49523809523809526 0.5343653250773994 0.45714285714285713 0.5294117647058824 0.4488095238095238 0.5256965944272446 0.44761904761904764 0.5213622291021672 0.44761904761904764 
10 0.5498452012383901 0.47619047619047616 0.5399380804953561 0.5154761904761904 0.534984520123839 0.5547619047619048 0.534984520123839 0.6154761904761905 0.5356037151702786 0.6178571428571429 0.5690402476780185 0.6178571428571429 0.5690402476780185 0.5333333333333333 0.5640866873065016 0.4857142857142857 0.5591331269349845 0.4773809523809524 0.5578947368421052 0.47619047619047616 0.5498452012383901 0.47619047619047616 
11 0.5845201238390093 0.4380952380952381 0.5795665634674922 0.45714285714285713 0.5696594427244582 0.5333333333333333 0.5647058823529412 0.580952380952381 0.5647058823529412 0.6083333333333333 0.5696594427244582 0.6273809523809524 0.5746130030959752 0.6369047619047619 0.5931888544891641 0.6369047619047619 0.5987616099071208 0.6273809523809524 0.6037151702786377 0.6178571428571429 0.6037151702786377 0.555952380952381 0.5987616099071208 0.4607142857142857 0.5975232198142415 0.45714285714285713 0.5938080495356037 0.44761904761904764 0.5882352941176471 0.4380952380952381 0.5845201238390093 0.4380952380952381 
12 0.6099071207430341 0.4380952380952381 0.6092879256965944 0.4392857142857143 0.6043343653250774 0.4666666666666667 0.5993808049535604 0.5547619047619048 0.5993808049535604 0.6130952380952381 0.6 0.6178571428571429 0.6321981424148607 0.6178571428571429 0.6334365325077399 0.6166666666666667 0.638390092879257 0.6083333333333333 0.638390092879257 0.5619047619047619 0.628482972136223 0.45714285714285713 0.6235294117647059 0.4380952380952381 0.6099071207430341 0.4380952380952381 
13 0.6340557275541796 0.4380952380952381 0.6291021671826625 0.4583333333333333 0.6241486068111455 0.49523809523809526 0.6241486068111455 0.5202380952380953 0.6291021671826625 0.6071428571428571 0.6340557275541796 0.6178571428571429 0.6526315789473685 0.6178571428571429 0.6582043343653251 0.6083333333333333 0.6625386996904025 0.5988095238095238 0.6631578947368421 0.5964285714285714 0.6631578947368421 0.5428571428571428 0.6582043343653251 0.46785714285714286 0.653250773993808 0.44761904761904764 0.648297213622291 0.4380952380952381 0.6340557275541796 0.4380952380952381 
15 0.6941176470588235 0.3904761904761905 0.6885448916408669 0.4 0.6786377708978328 0.4583333333333333 0.6736842105263158 0.5154761904761904 0.6736842105263158 0.5583333333333333 0.6743034055727554 0.5607142857142857 0.6848297213622291 0.5702380952380952 0.7027863777089783 0.5702380952380952 0.7126934984520124 0.5607142857142857 0.7219814241486068 0.5511904761904762 0.7226006191950465 0.5464285714285714 0.7226006191950465 0.5047619047619047 0.7176470588235294 0.42023809523809524 0.7126934984520124 0.39166666666666666 0.7114551083591332 0.3904761904761905 0.6941176470588235 0.3904761904761905 
17 0.7380804953560371 0.5238095238095238 0.708359133126935 0.544047619047619 0.7034055727554179 0.5523809523809524 0.7034055727554179 0.5797619047619048 0.708359133126935 0.5988095238095238 0.713312693498452 0.6166666666666667 0.718266253869969 0.6273809523809524 0.7479876160990712 0.6845238095238095 0.7622291021671826 0.6845238095238095 0.7721362229102167 0.6440476190476191 0.7721362229102167 0.6190476190476191 0.7572755417956656 0.5333333333333333 0.7523219814241486 0.525 0.7510835913312693 0.5238095238095238 0.7380804953560371 0.5238095238095238 
18 0.7040247678018576 0.5619047619047619 0.6693498452012384 0.580952380952381 0.6643962848297214 0.5904761904761905 0.6637770897832818 0.5928571428571429 0.6637770897832818 0.6166666666666667 0.6687306501547987 0.6357142857142857 0.6885448916408669 0.675 0.708359133126935 0.7130952380952381 0.7269349845201238 0.7130952380952381 0.7374613003095976 0.7023809523809523 0.7374613003095976 0.6583333333333333 0.7126934984520124 0.5726190476190476 0.7077399380804954 0.5619047619047619 0.7040247678018576 0.5619047619047619 
19 0.6544891640866873 0.5904761904761905 0.6297213622291021 0.6 0.6191950464396285 0.6095238095238096 0.6191950464396285 0.6273809523809524 0.6291021671826625 0.6833333333333333 0.6340557275541796 0.7107142857142857 0.6390092879256966 0.7321428571428571 0.6489164086687307 0.7511904761904762 0.6575851393188854 0.7511904761904762 0.6879256965944273 0.7321428571428571 0.6879256965944273 0.7142857142857143 0.6829721362229102 0.6583333333333333 0.6730650154798762 0.611904761904762 0.6681114551083591 0.5904761904761905 0.6544891640866873 0.5904761904761905 
20 0.5944272445820433 0.6095238095238096 0.590092879256966 0.6190476190476191 0.5894736842105263 0.6226190476190476 0.5894736842105263 0.6535714285714286 0.5944272445820433 0.675 0.6191950464396285 0.7702380952380953 0.6334365325077399 0.7702380952380953 0.6334365325077399 0.7047619047619048 0.628482972136223 0.6202380952380953 0.6235294117647059 0.6095238095238096 0.5944272445820433 0.6095238095238096 
21 0.5702786377708978 0.6285714285714286 0.5696594427244582 0.6297619047619047 0.5647058823529412 0.6428571428571429 0.5647058823529412 0.694047619047619 0.5696594427244582 0.7511904761904762 0.5746130030959752 0.7892857142857143 0.5845201238390093 0.7988095238095239 0.5938080495356037 0.7988095238095239 0.5987616099071208 0.7607142857142857 0.6037151702786377 0.675 0.6037151702786377 0.6738095238095239 0.6024767801857586 0.6666666666666666 0.5987616099071208 0.6476190476190476 0.5938080495356037 0.6285714285714286 0.5702786377708978 0.6285714285714286 
22 0.5455108359133127 0.6190476190476191 0.544891640866873 0.6202380952380953 0.5399380804953561 0.638095238095238 0.5399380804953561 0.7285714285714285 0.544891640866873 0.7880952380952381 0.5498452012383901 0.8071428571428572 0.5504643962848297 0.8083333333333333 0.5591331269349845 0.8083333333333333 0.5640866873065016 0.7869047619047619 0.5690402476780185 0.7607142857142857 0.573374613003096 0.7321428571428571 0.5739938080495356 0.7273809523809524 0.5739938080495356 0.6190476190476191 0.5455108359133127 0.6190476190476191 
23 0.5213622291021672 0.6285714285714286 0.5201238390092879 0.6309523809523809 0.5151702786377709 0.6666666666666666 0.5151702786377709 0.7416666666666667 0.5201238390092879 0.7607142857142857 0.5337461300309597 0.7607142857142857 0.5343653250773994 0.7595238095238095 0.5393188854489164 0.7321428571428571 0.5442724458204334 0.7023809523809523 0.5442724458204334 0.6297619047619047 0.5430340557275541 0.6285714285714286 0.5213622291021672 0.6285714285714286 
24 0.5009287925696595 0.6190476190476191 0.5003095975232198 0.6202380952380953 0.5003095975232198 0.7690476190476191 0.5009287925696595 0.7702380952380953 0.5095975232198142 0.7702380952380953 0.5145510835913313 0.7607142857142857 0.5195046439628483 0.7321428571428571 0.5244582043343653 0.655952380952381 0.5244582043343653 0.6309523809523809 0.5238390092879257 0.6285714285714286 0.5195046439628483 0.6190476190476191 0.5009287925696595 0.6190476190476191 
25 0.4804953560371517 0.6190476190476191 0.4804953560371517 0.7595238095238095 0.48606811145510836 0.7702380952380953 0.49473684210526314 0.7702380952380953 0.4996904024767802 0.7511904761904762 0.5046439628482973 0.7202380952380952 0.5046439628482973 0.6202380952380953 0.5040247678018576 0.6190476190476191 0.4804953560371517 0.6190476190476191 
26 0.45572755417956656 0.6285714285714286 0.45572755417956656 0.6630952380952381 0.46068111455108357 0.719047619047619 0.46563467492260063 0.7511904761904762 0.4792569659442725 0.7511904761904762 0.47987616099071206 0.75 0.4842105263157895 0.7404761904761905 0.4848297213622291 0.7345238095238096 0.4848297213622291 0.6297619047619047 0.4842105263157895 0.6285714285714286 0.45572755417956656 0.6285714285714286 
27 0.4359133126934985 0.6190476190476191 0.4309597523219814 0.6285714285714286 0.4309597523219814 0.7761904761904762 0.43157894736842106 0.7797619047619048 0.44458204334365325 0.7797619047619048 0.4501547987616099 0.7690476190476191 0.4551083591331269 0.75 0.460061919504644 0.7202380952380952 0.465015479876161 0.6833333333333333 0.469969040247678 0.6369047619047619 0.469969040247678 0.6190476190476191 0.4359133126934985 0.6190476190476191 
28 0.40619195046439627 0.6095238095238096 0.40123839009287926 0.6416666666666667 0.39628482972136225 0.6857142857142857 0.3913312693498452 0.7357142857142858 0.3913312693498452 0.7690476190476191 0.39628482972136225 0.7785714285714286 0.39814241486068114 0.7797619047619048 0.4055727554179567 0.7797619047619048 0.4154798761609907 0.7607142857142857 0.42043343653250775 0.75 0.42538699690402476 0.7321428571428571 0.43034055727554177 0.7130952380952381 0.43529411764705883 0.6916666666666667 0.44024767801857584 0.6345238095238095 0.44024767801857584 0.6285714285714286 0.43529411764705883 0.6107142857142858 0.4346749226006192 0.6095238095238096 0.40619195046439627 0.6095238095238096 
29 0.3814241486068111 0.6 0.3764705882352941 0.6095238095238096 0.3715170278637771 0.6285714285714286 0.356656346749226 0.7142857142857143 0.356656346749226 0.7440476190476191 0.3572755417956656 0.7511904761904762 0.36160990712074303 0.7607142857142857 0.3696594427244582 0.7607142857142857 0.37089783281733746 0.7595238095238095 0.37585139318885447 0.7511904761904762 0.38080495356037153 0.7416666666666667 0.38575851393188854 0.7309523809523809 0.4 0.694047619047619 0.4055727554179567 0.6726190476190477 0.4154798761609907 0.6178571428571429 0.4154798761609907 0.6095238095238096 0.4105263157894737 0.6011904761904762 0.40804953560371515 0.6 0.3814241486068111 0.6 
31 0.31331269349845203 0.5238095238095238 0.30712074303405573 0.5333333333333333 0.2674922600619195 0.6190476190476191 0.2674922600619195 0.6452380952380953 0.2773993808049536 0.6833333333333333 0.27801857585139317 0.6845238095238095 0.2959752321981424 0.6845238095238095 0.3157894736842105 0.6654761904761904 0.33622291021671824 0.6273809523809524 0.3461300309597523 0.6083333333333333 0.35541795665634673 0.5892857142857143 0.3560371517027864 0.5869047619047619 0.3560371517027864 0.5619047619047619 0.3498452012383901 0.5464285714285714 0.33126934984520123 0.5238095238095238 0.31331269349845203 0.5238095238095238 
32 0.2724458204334365 0.4857142857142857 0.2625386996904025 0.49523809523809526 0.23281733746130032 0.5523809523809524 0.22786377708978328 0.5630952380952381 0.22786377708978328 0.5892857142857143 0.25263157894736843 0.6369047619047619 0.26687306501547986 0.6369047619047619 0.2761609907120743 0.6273809523809524 0.286687306501548 0.6083333333333333 0.29659442724458207 0.5892857142857143 0.3065015479876161 0.569047619047619 0.31145510835913315 0.55 0.31145510835913315 0.5071428571428571 0.3108359133126935 0.5059523809523809 0.30959752321981426 0.5047619047619047 0.286687306501548 0.4857142857142857 0.2724458204334365 0.4857142857142857 