3 0.3318885448916409 0.38095238095238093 0.3269349845201238 0.4011904761904762 0.3219814241486068 0.5047619047619047 0.3219814241486068 0.5511904761904762 0.3318885448916409 0.5607142857142857 0.37089783281733746 0.5607142857142857 0.37089783281733746 0.5059523809523809 0.36594427244582045 0.4488095238095238 0.3609907120743034 0.41904761904761906 0.3560371517027864 0.39404761904761904 0.35541795665634673 0.39166666666666666 0.3510835913312694 0.3821428571428571 0.3504643962848297 0.38095238095238093 0.3318885448916409 0.38095238095238093 
4 0.36160990712074303 0.38095238095238093 0.356656346749226 0.4095238095238095 0.356656346749226 0.4452380952380952 0.36160990712074303 0.5107142857142857 0.36656346749226004 0.5702380952380952 0.38080495356037153 0.5702380952380952 0.3956656346749226 0.5607142857142857 0.3956656346749226 0.5047619047619047 0.38080495356037153 0.3904761904761905 0.37585139318885447 0.38095238095238093 0.36160990712074303 0.38095238095238093 
5 0.39195046439628484 0.3904761904761905 0.3913312693498452 0.39166666666666666 0.3863777089783282 0.42023809523809524 0.3863777089783282 0.513095238095238 0.3913312693498452 0.5488095238095239 0.39628482972136225 0.5797619047619048 0.4154798761609907 0.5797619047619048 0.42538699690402476 0.5702380952380952 0.42538699690402476 0.5345238095238095 0.4055727554179567 0.39285714285714285 0.40495356037151703 0.3904761904761905 0.39195046439628484 0.3904761904761905 
6 0.41609907120743034 0.37142857142857144 0.41609907120743034 0.5226190476190476 0.42105263157894735 0.5785714285714286 0.426625386996904 0.5892857142857143 0.43962848297213625 0.5892857142857143 0.4501547987616099 0.5797619047619048 0.4501547987616099 0.4785714285714286 0.4452012383900929 0.4380952380952381 0.43529411764705883 0.3880952380952381 0.43034055727554177 0.3726190476190476 0.42910216718266253 0.37142857142857144 0.41609907120743034 0.37142857142857144 
7 0.4458204334365325 0.4095238095238095 0.4458204334365325 0.5547619047619048 0.44643962848297214 0.5607142857142857 0.45139318885448915 0.5797619047619048 0.47368421052631576 0.5797619047619048 0.47492260061919506 0.5773809523809523 0.4780185758513932 0.5702380952380952 0.4792569659442725 0.5607142857142857 0.4792569659442725 0.5238095238095238 0.469969040247678 0.44761904761904764 0.465015479876161 0.41904761904761906 0.460061919504644 0.4095238095238095 0.4458204334365325 0.4095238095238095 
8 0.47058823529411764 0.3904761904761905 0.46563467492260063 0.4 0.46563467492260063 0.4642857142857143 0.47058823529411764 0.5416666666666666 0.47554179566563465 0.5797619047619048 0.4804953560371517 0.5892857142857143 0.4996904024767802 0.5892857142857143 0.5089783281733746 0.5797619047619048 0.5095975232198142 0.575 0.5095975232198142 0.5535714285714286 0.5046439628482973 0.49047619047619045 0.4996904024767802 0.44761904761904764 0.49473684210526314 0.4095238095238095 0.48978328173374613 0.3904761904761905 0.47058823529411764 0.3904761904761905 
9 0.5256965944272446 0.4 0.525077399380805 0.4011904761904762 0.5201238390092879 0.41904761904761906 0.5151702786377709 0.4380952380952381 0.5102167182662539 0.4583333333333333 0.5052631578947369 0.4869047619047619 0.5003095975232198 0.5357142857142857 0.5003095975232198 0.5607142857142857 0.5052631578947369 0.5892857142857143 0.5386996904024768 0.5892857142857143 0.5393188854489164 0.5857142857142857 0.5393188854489164 0.5142857142857142 0.5343653250773994 0.4 0.5256965944272446 0.4 
10 0.551702786377709 0.41904761904761906 0.5498452012383901 0.42023809523809524 0.544891640866873 0.42857142857142855 0.5399380804953561 0.4595238095238095 0.534984520123839 0.5059523809523809 0.534984520123839 0.5797619047619048 0.5405572755417957 0.5892857142857143 0.5640866873065016 0.5892857142857143 0.5640866873065016 0.42023809523809524 0.5628482972136223 0.41904761904761906 0.551702786377709 0.41904761904761906 
11 0.5795665634674922 0.38095238095238093 0.5746130030959752 0.4011904761904762 0.5696594427244582 0.42857142857142855 0.5647058823529412 0.45714285714285713 0.5597523219814241 0.5345238095238095 0.5597523219814241 0.5416666666666666 0.5647058823529412 0.5964285714285714 0.5653250773993808 0.5976190476190476 0.5671826625386996 0.5988095238095238 0.5888544891640867 0.5988095238095238 0.5938080495356037 0.5880952380952381 0.5938080495356037 0.38333333333333336 0.5931888544891641 0.38095238095238093 0.5795665634674922 0.38095238095238093 
12 0.595046439628483 0.5047619047619047 0.5894736842105263 0.5142857142857142 0.5894736842105263 0.5988095238095238 0.6086687306501548 0.5988095238095238 0.6185758513931888 0.5892857142857143 0.6185758513931888 0.5273809523809524 0.6179566563467492 0.5142857142857142 0.6136222910216719 0.5059523809523809 0.6123839009287926 0.5047619047619047 0.595046439628483 0.5047619047619047 
13 0.6204334365325077 0.4 0.6191950464396285 0.4011904761904762 0.6092879256965944 0.41904761904761906 0.6043343653250774 0.5059523809523809 0.6043343653250774 0.513095238095238 0.6142414860681115 0.5892857142857143 0.6365325077399381 0.5892857142857143 0.638390092879257 0.5880952380952381 0.643343653250774 0.5797619047619048 0.643343653250774 0.5452380952380952 0.638390092879257 0.42023809523809524 0.628482972136223 0.4 0.6204334365325077 0.4 
14 0.6544891640866873 0.4095238095238095 0.6439628482972136 0.42857142857142855 0.6340557275541796 0.4857142857142857 0.6340557275541796 0.5892857142857143 0.6575851393188854 0.5892857142857143 0.6780185758513931 0.5702380952380952 0.6780185758513931 0.46904761904761905 0.6730650154798762 0.42857142857142855 0.6681114551083591 0.4095238095238095 0.6544891640866873 0.4095238095238095 
18 0.6743034055727554 0.5523809523809524 0.6637770897832818 0.5619047619047619 0.6538699690402476 0.5714285714285714 0.6489164086687307 0.5821428571428572 0.6489164086687307 0.6059523809523809 0.6538699690402476 0.6261904761904762 0.6786377708978328 0.7035714285714286 0.6934984520123839 0.7404761904761905 0.6941176470588235 0.7416666666666667 0.7058823529411765 0.7416666666666667 0.7077399380804954 0.7404761904761905 0.7269349845201238 0.7130952380952381 0.7275541795665634 0.7119047619047619 0.7275541795665634 0.6773809523809524 0.7027863777089783 0.5547619047619048 0.7021671826625387 0.5523809523809524 0.6743034055727554 0.5523809523809524 
19 0.6099071207430341 0.580952380952381 0.6092879256965944 0.5821428571428572 0.6092879256965944 0.655952380952381 0.6396284829721363 0.7321428571428571 0.6439628482972136 0.7416666666666667 0.6495356037151703 0.7511904761904762 0.6575851393188854 0.7511904761904762 0.6829721362229102 0.7130952380952381 0.6829721362229102 0.6857142857142857 0.653250773993808 0.580952380952381 0.6099071207430341 0.580952380952381 
21 0.5647058823529412 0.6095238095238096 0.5647058823529412 0.6535714285714286 0.5795665634674922 0.7690476190476191 0.5808049535603715 0.7702380952380953 0.5931888544891641 0.7702380952380953 0.5938080495356037 0.7678571428571429 0.5938080495356037 0.6190476190476191 0.5888544891640867 0.6095238095238096 0.5647058823529412 0.6095238095238096 
22 0.544891640866873 0.6190476190476191 0.544891640866873 0.7130952380952381 0.5498452012383901 0.7511904761904762 0.5547987616099072 0.7595238095238095 0.5560371517027863 0.7607142857142857 0.5634674922600619 0.7607142857142857 0.5690402476780185 0.75 0.5690402476780185 0.6190476190476191 0.544891640866873 0.6190476190476191 
23 0.5263157894736842 0.6095238095238096 0.525077399380805 0.6107142857142858 0.5201238390092879 0.6761904761904762 0.5201238390092879 0.7416666666666667 0.5436532507739938 0.7416666666666667 0.5442724458204334 0.7404761904761905 0.5492260061919505 0.7119047619047619 0.5492260061919505 0.6202380952380953 0.5442724458204334 0.6095238095238096 0.5263157894736842 0.6095238095238096 
24 0.5003095975232198 0.6 0.5003095975232198 0.6642857142857143 0.5102167182662539 0.7511904761904762 0.5170278637770898 0.7511904761904762 0.5195046439628483 0.75 0.5244582043343653 0.7309523809523809 0.5294117647058824 0.6583333333333333 0.5294117647058824 0.6321428571428571 0.5287925696594428 0.6285714285714286 0.5238390092879257 0.6095238095238096 0.5188854489164086 0.6 0.5003095975232198 0.6 
25 0.486687306501548 0.6 0.4854489164086687 0.6023809523809524 0.4854489164086687 0.7035714285714286 0.4904024767801858 0.7226190476190476 0.4996904024767802 0.7226190476190476 0.5046439628482973 0.7119047619047619 0.5046439628482973 0.6 0.486687306501548 0.6 
26 0.4674922600619195 0.6095238095238096 0.46563467492260063 0.6107142857142858 0.46563467492260063 0.7321428571428571 0.47058823529411764 0.7416666666666667 0.4792569659442725 0.7416666666666667 0.47987616099071206 0.7404761904761905 0.4848297213622291 0.7226190476190476 0.4848297213622291 0.6095238095238096 0.4674922600619195 0.6095238095238096 
27 0.4359133126934985 0.6095238095238096 0.4359133126934985 0.7666666666666667 0.43653250773993807 0.7690476190476191 0.43777089783281736 0.7702380952380953 0.4452012383900929 0.7702380952380953 0.4501547987616099 0.7583333333333333 0.4551083591331269 0.7416666666666667 0.460061919504644 0.7202380952380952 0.465015479876161 0.6928571428571428 0.465015479876161 0.6214285714285714 0.46439628482972134 0.6190476190476191 0.460061919504644 0.6095238095238096 0.4359133126934985 0.6095238095238096 
28 0.40619195046439627 0.6 0.40123839009287926 0.6107142857142858 0.40123839009287926 0.6452380952380953 0.40619195046439627 0.7607142857142857 0.4154798761609907 0.7607142857142857 0.4247678018575851 0.7416666666666667 0.43034055727554177 0.7226190476190476 0.44024767801857584 0.6702380952380952 0.44024767801857584 0.6 0.40619195046439627 0.6 
30 0.34241486068111454 0.580952380952381 0.34179566563467495 0.5833333333333334 0.3269349845201238 0.6571428571428571 0.3269349845201238 0.7035714285714286 0.3318885448916409 0.7214285714285714 0.3523219814241486 0.7321428571428571 0.36594427244582045 0.7321428571428571 0.37089783281733746 0.7214285714285714 0.37585139318885447 0.7011904761904761 0.3907120743034056 0.6357142857142857 0.3907120743034056 0.5916666666666667 0.3894736842105263 0.5904761904761905 0.37585139318885447 0.580952380952381 0.34241486068111454 0.580952380952381 
31 0.29721362229102166 0.5333333333333333 0.2625386996904025 0.6011904761904762 0.2625386996904025 0.6333333333333333 0.2631578947368421 0.6369047619047619 0.2674922600619195 0.6464285714285715 0.2823529411764706 0.675 0.3015479876160991 0.675 0.3157894736842105 0.655952380952381 0.34055727554179566 0.6178571428571429 0.3411764705882353 0.6166666666666667 0.3411764705882353 0.5523809523809524 0.33622291021671824 0.5428571428571428 0.33126934984520123 0.5369047619047619 0.3263157894736842 0.5333333333333333 0.29721362229102166 0.5333333333333333 