1 0.30712074303405573 0.38095238095238093 0.3021671826625387 0.39166666666666666 0.29721362229102166 0.4666666666666667 0.29721362229102166 0.5119047619047619 0.2978328173374613 0.513095238095238 0.30712074303405573 0.5226190476190476 0.3263157894736842 0.5226190476190476 0.33622291021671824 0.513095238095238 0.33622291021671824 0.44761904761904764 0.33126934984520123 0.41904761904761906 0.3263157894736842 0.4 0.3157894736842105 0.38095238095238093 0.30712074303405573 0.38095238095238093 
2 0.34179566563467495 0.4095238095238095 0.33746130030959753 0.41904761904761906 0.3368421052631579 0.42142857142857143 0.3269349845201238 0.5238095238095238 0.3269349845201238 0.5476190476190477 0.32755417956656346 0.5511904761904762 0.3318885448916409 0.5607142857142857 0.37089783281733746 0.5607142857142857 0.37089783281733746 0.4857142857142857 0.3609907120743034 0.4297619047619048 0.3510835913312694 0.4095238095238095 0.34179566563467495 0.4095238095238095 
3 0.3764705882352941 0.41904761904761906 0.3715170278637771 0.4297619047619048 0.36656346749226004 0.5238095238095238 0.36656346749226004 0.5511904761904762 0.3715170278637771 0.569047619047619 0.3721362229102167 0.5702380952380952 0.4148606811145511 0.5702380952380952 0.4154798761609907 0.5678571428571428 0.4154798761609907 0.5238095238095238 0.4105263157894737 0.4869047619047619 0.4006191950464396 0.44047619047619047 0.4 0.4380952380952381 0.39009287925696595 0.41904761904761906 0.3764705882352941 0.41904761904761906 
4 0.4117647058823529 0.4380952380952381 0.41114551083591333 0.4392857142857143 0.40619195046439627 0.5630952380952381 0.40619195046439627 0.5797619047619048 0.4340557275541796 0.5797619047619048 0.43529411764705883 0.5785714285714286 0.44024767801857584 0.5702380952380952 0.44024767801857584 0.5357142857142857 0.43034055727554177 0.4595238095238095 0.4247678018575851 0.4380952380952381 0.4117647058823529 0.4380952380952381 
6 0.44148606811145513 0.38095238095238093 0.4359133126934985 0.3904761904761905 0.4309597523219814 0.5142857142857142 0.4309597523219814 0.5321428571428571 0.4359133126934985 0.5892857142857143 0.460061919504644 0.5892857142857143 0.465015479876161 0.5797619047619048 0.465015479876161 0.4785714285714286 0.460061919504644 0.4392857142857143 0.4551083591331269 0.4023809523809524 0.4501547987616099 0.38095238095238093 0.44148606811145513 0.38095238095238093 
7 0.4662538699690402 0.41904761904761906 0.46563467492260063 0.42023809523809524 0.46068111455108357 0.4392857142857143 0.46068111455108357 0.5702380952380952 0.46563467492260063 0.5797619047619048 0.4848297213622291 0.5797619047619048 0.4848297213622291 0.5261904761904762 0.47987616099071206 0.42857142857142855 0.4743034055727554 0.41904761904761906 0.4662538699690402 0.41904761904761906 
8 0.4904024767801858 0.4095238095238095 0.4854489164086687 0.42023809523809524 0.4804953560371517 0.4666666666666667 0.4804953560371517 0.5857142857142857 0.48111455108359136 0.5892857142857143 0.4854489164086687 0.5964285714285714 0.4873065015479876 0.5988095238095238 0.5046439628482973 0.5988095238095238 0.5095975232198142 0.5880952380952381 0.5095975232198142 0.49523809523809526 0.5046439628482973 0.4380952380952381 0.49907120743034056 0.4095238095238095 0.4904024767801858 0.4095238095238095 
9 0.5207430340557275 0.41904761904761906 0.5151702786377709 0.42857142857142855 0.5052631578947369 0.5428571428571428 0.5052631578947369 0.5511904761904762 0.5102167182662539 0.5880952380952381 0.5120743034055728 0.5892857142857143 0.5386996904024768 0.5892857142857143 0.5393188854489164 0.5880952380952381 0.5393188854489164 0.47619047619047616 0.5343653250773994 0.4297619047619048 0.5294117647058824 0.41904761904761906 0.5207430340557275 0.41904761904761906 
10 0.544891640866873 0.4095238095238095 0.5399380804953561 0.4380952380952381 0.534984520123839 0.5083333333333333 0.534984520123839 0.5880952380952381 0.5399380804953561 0.5988095238095238 0.5535603715170279 0.5988095238095238 0.5634674922600619 0.5892857142857143 0.5640866873065016 0.5869047619047619 0.5640866873065016 0.5452380952380952 0.5541795665634675 0.4095238095238095 0.544891640866873 0.4095238095238095 
11 0.5801857585139318 0.3904761904761905 0.5696594427244582 0.4107142857142857 0.5647058823529412 0.4380952380952381 0.5597523219814241 0.5071428571428571 0.5597523219814241 0.5797619047619048 0.5647058823529412 0.5880952380952381 0.5659442724458205 0.5892857142857143 0.5826625386996904 0.5892857142857143 0.5839009287925696 0.5880952380952381 0.5888544891640867 0.5702380952380952 0.5938080495356037 0.513095238095238 0.5938080495356037 0.41904761904761906 0.5888544891640867 0.39285714285714285 0.5869969040247678 0.3904761904761905 0.5801857585139318 0.3904761904761905 
13 0.595046439628483 0.42857142857142855 0.5894736842105263 0.4380952380952381 0.5845201238390093 0.5047619047619047 0.5845201238390093 0.5773809523809523 0.5894736842105263 0.5892857142857143 0.6037151702786377 0.5892857142857143 0.6130030959752322 0.5797619047619048 0.6136222910216719 0.5785714285714286 0.6136222910216719 0.4380952380952381 0.6080495356037152 0.42857142857142855 0.595046439628483 0.42857142857142855 
14 0.6340557275541796 0.41904761904761906 0.6241486068111455 0.4380952380952381 0.6191950464396285 0.4488095238095238 0.6142414860681115 0.46785714285714286 0.6092879256965944 0.5047619047619047 0.6043343653250774 0.5452380952380952 0.6043343653250774 0.5702380952380952 0.6476780185758514 0.5702380952380952 0.648297213622291 0.569047619047619 0.648297213622291 0.4857142857142857 0.643343653250774 0.41904761904761906 0.6340557275541796 0.41904761904761906 
15 0.6643962848297214 0.4095238095238095 0.6538699690402476 0.44761904761904764 0.6489164086687307 0.4773809523809524 0.6439628482972136 0.5154761904761904 0.6439628482972136 0.5607142857142857 0.6829721362229102 0.5607142857142857 0.6879256965944273 0.55 0.6879256965944273 0.5142857142857142 0.6829721362229102 0.4226190476190476 0.6780185758513931 0.4107142857142857 0.6773993808049535 0.4095238095238095 0.6643962848297214 0.4095238095238095 
16 0.7034055727554179 0.37142857142857144 0.6885448916408669 0.4 0.6885448916408669 0.4654761904761905 0.6934984520123839 0.4738095238095238 0.6947368421052632 0.475 0.7058823529411765 0.475 0.7077399380804954 0.4738095238095238 0.7176470588235294 0.45476190476190476 0.7176470588235294 0.38095238095238093 0.7120743034055728 0.37142857142857144 0.7034055727554179 0.37142857142857144 
17 0.6990712074303406 0.5714285714285714 0.6934984520123839 0.580952380952381 0.6736842105263158 0.6190476190476191 0.6736842105263158 0.6642857142857143 0.698452012383901 0.694047619047619 0.7095975232198143 0.7035714285714286 0.7269349845201238 0.7035714285714286 0.7275541795665634 0.7023809523809523 0.7424148606811145 0.6654761904761904 0.7424148606811145 0.6285714285714286 0.7374613003095976 0.6107142857142858 0.7126934984520124 0.5714285714285714 0.6990712074303406 0.5714285714285714 
18 0.6340557275541796 0.580952380952381 0.6291021671826625 0.5916666666666667 0.6291021671826625 0.6357142857142857 0.6340557275541796 0.655952380952381 0.6489164086687307 0.7130952380952381 0.6643962848297214 0.7416666666666667 0.6736842105263158 0.7416666666666667 0.676780185758514 0.7380952380952381 0.6780185758513931 0.7345238095238096 0.6829721362229102 0.7107142857142857 0.6829721362229102 0.6666666666666666 0.6780185758513931 0.594047619047619 0.6773993808049535 0.5904761904761905 0.6724458204334365 0.580952380952381 0.6340557275541796 0.580952380952381 
19 0.6160990712074303 0.5904761904761905 0.5845201238390093 0.6 0.5845201238390093 0.6369047619047619 0.6043343653250774 0.7202380952380952 0.6092879256965944 0.7404761904761905 0.6142414860681115 0.7511904761904762 0.6278637770897832 0.7511904761904762 0.648297213622291 0.7321428571428571 0.648297213622291 0.6952380952380952 0.643343653250774 0.6595238095238095 0.6334365325077399 0.5904761904761905 0.6160990712074303 0.5904761904761905 
20 0.5696594427244582 0.6095238095238096 0.5647058823529412 0.6202380952380953 0.5647058823529412 0.6440476190476191 0.5795665634674922 0.7226190476190476 0.5845201238390093 0.7404761904761905 0.5851393188854489 0.7416666666666667 0.5975232198142415 0.7416666666666667 0.5987616099071208 0.736904761904762 0.5987616099071208 0.6892857142857143 0.5938080495356037 0.6309523809523809 0.5888544891640867 0.6107142857142858 0.5882352941176471 0.6095238095238096 0.5696594427244582 0.6095238095238096 
22 0.5547987616099072 0.5904761904761905 0.544891640866873 0.6 0.544891640866873 0.655952380952381 0.5547987616099072 0.7321428571428571 0.5597523219814241 0.7595238095238095 0.5653250773993808 0.7702380952380953 0.5678018575851393 0.7702380952380953 0.5690402476780185 0.7690476190476191 0.5739938080495356 0.7607142857142857 0.5739938080495356 0.65 0.5690402476780185 0.6 0.5640866873065016 0.5916666666666667 0.5622291021671827 0.5904761904761905 0.5547987616099072 0.5904761904761905 
23 0.525077399380805 0.6095238095238096 0.525077399380805 0.6511904761904762 0.530030959752322 0.7380952380952381 0.5306501547987617 0.7416666666666667 0.5356037151702786 0.7511904761904762 0.5442724458204334 0.7511904761904762 0.5492260061919505 0.675 0.5492260061919505 0.6095238095238096 0.525077399380805 0.6095238095238096 
24 0.5052631578947369 0.6095238095238096 0.5052631578947369 0.655952380952381 0.5151702786377709 0.7404761904761905 0.5207430340557275 0.7511904761904762 0.5287925696594428 0.7511904761904762 0.5294117647058824 0.75 0.5294117647058824 0.611904761904762 0.5281733746130031 0.6095238095238096 0.5052631578947369 0.6095238095238096 
25 0.4904024767801858 0.6095238095238096 0.4904024767801858 0.6642857142857143 0.4953560371517028 0.7416666666666667 0.5003095975232198 0.7511904761904762 0.508359133126935 0.7511904761904762 0.5095975232198142 0.7488095238095238 0.5095975232198142 0.6095238095238096 0.4904024767801858 0.6095238095238096 
26 0.4712074303405573 0.6 0.47058823529411764 0.6011904761904762 0.47058823529411764 0.6261904761904762 0.47554179566563465 0.7023809523809523 0.4804953560371517 0.7321428571428571 0.48606811145510836 0.7416666666666667 0.49411764705882355 0.7416666666666667 0.49473684210526314 0.7392857142857143 0.49473684210526314 0.6095238095238096 0.48978328173374613 0.6011904761904762 0.4885448916408669 0.6 0.4712074303405573 0.6 
27 0.45077399380804956 0.6 0.4458204334365325 0.6202380952380953 0.4458204334365325 0.6845238095238095 0.45572755417956656 0.7797619047619048 0.46377708978328175 0.7797619047619048 0.465015479876161 0.7785714285714286 0.469969040247678 0.7690476190476191 0.47492260061919506 0.7392857142857143 0.47987616099071206 0.655952380952381 0.47987616099071206 0.6190476190476191 0.47492260061919506 0.6 0.45077399380804956 0.6 
29 0.4309597523219814 0.6 0.42229102167182664 0.6190476190476191 0.42105263157894735 0.6226190476190476 0.42105263157894735 0.6523809523809524 0.4260061919504644 0.7119047619047619 0.4309597523219814 0.7583333333333333 0.43157894736842106 0.7607142857142857 0.4359133126934985 0.7690476190476191 0.43839009287925695 0.7702380952380953 0.44024767801857584 0.7702380952380953 0.4452012383900929 0.7607142857142857 0.4501547987616099 0.7226190476190476 0.4551083591331269 0.6238095238095238 0.4551083591331269 0.6107142857142858 0.44891640866873067 0.6 0.4309597523219814 0.6 
30 0.3863777089783282 0.580952380952381 0.3814241486068111 0.6011904761904762 0.3715170278637771 0.6666666666666666 0.3715170278637771 0.7226190476190476 0.39628482972136225 0.7416666666666667 0.4055727554179567 0.7416666666666667 0.40990712074303404 0.7309523809523809 0.4154798761609907 0.7130952380952381 0.42043343653250775 0.6928571428571428 0.42538699690402476 0.6642857142857143 0.43034055727554177 0.6273809523809524 0.43034055727554177 0.5916666666666667 0.4284829721362229 0.5904761904761905 0.4055727554179567 0.580952380952381 0.3863777089783282 0.580952380952381 
31 0.3479876160990712 0.5714285714285714 0.34674922600619196 0.5726190476190476 0.34179566563467495 0.580952380952381 0.3368421052631579 0.5916666666666667 0.3368421052631579 0.7321428571428571 0.35541795665634673 0.7321428571428571 0.36594427244582045 0.7130952380952381 0.37089783281733746 0.7035714285714286 0.38575851393188854 0.6369047619047619 0.38575851393188854 0.5904761904761905 0.38080495356037153 0.580952380952381 0.3560371517027864 0.5714285714285714 0.3479876160990712 0.5714285714285714 