1 0.2631578947368421 0.3904761904761905 0.25263157894736843 0.4 0.24272445820433436 0.41904761904761906 0.24272445820433436 0.4654761904761905 0.2532507739938081 0.4845238095238095 0.2631578947368421 0.49404761904761907 0.28173374613003094 0.49404761904761907 0.291640866873065 0.45595238095238094 0.29659442724458207 0.4357142857142857 0.29659442724458207 0.4107142857142857 0.291640866873065 0.3904761904761905 0.2631578947368421 0.3904761904761905 
2 0.29226006191950465 0.42857142857142855 0.28297213622291023 0.44761904761904764 0.2823529411764706 0.45 0.2674922600619195 0.5142857142857142 0.2631578947368421 0.5333333333333333 0.2625386996904025 0.5380952380952381 0.2625386996904025 0.5702380952380952 0.27306501547987616 0.5892857142857143 0.29845201238390096 0.5988095238095238 0.31145510835913315 0.5988095238095238 0.31640866873065016 0.5880952380952381 0.31640866873065016 0.4857142857142857 0.31145510835913315 0.45 0.3065015479876161 0.42857142857142855 0.29226006191950465 0.42857142857142855 
3 0.3318885448916409 0.41904761904761906 0.3126934984520124 0.4380952380952381 0.30712074303405573 0.4488095238095238 0.30712074303405573 0.48333333333333334 0.31207430340557274 0.5988095238095238 0.3176470588235294 0.6083333333333333 0.36594427244582045 0.6083333333333333 0.37089783281733746 0.5988095238095238 0.37089783281733746 0.5619047619047619 0.36594427244582045 0.5142857142857142 0.3609907120743034 0.4773809523809524 0.3560371517027864 0.45714285714285713 0.3510835913312694 0.4392857142857143 0.3461300309597523 0.4297619047619048 0.339938080495356 0.41904761904761906 0.3318885448916409 0.41904761904761906 
4 0.3764705882352941 0.42857142857142855 0.3715170278637771 0.4380952380952381 0.36656346749226004 0.4666666666666667 0.36160990712074303 0.5047619047619047 0.356656346749226 0.6011904761904762 0.356656346749226 0.6178571428571429 0.36656346749226004 0.6273809523809524 0.3752321981424149 0.6273809523809524 0.4 0.6083333333333333 0.4006191950464396 0.6059523809523809 0.4006191950464396 0.5535714285714286 0.3956656346749226 0.47619047619047616 0.3907120743034056 0.4380952380952381 0.38575851393188854 0.4297619047619048 0.38328173374613 0.42857142857142855 0.3764705882352941 0.42857142857142855 
5 0.39690402476780184 0.42857142857142855 0.39628482972136225 0.4297619047619048 0.39195046439628484 0.44761904761904764 0.3913312693498452 0.4511904761904762 0.3913312693498452 0.6178571428571429 0.39628482972136225 0.6261904761904762 0.39814241486068114 0.6273809523809524 0.4043343653250774 0.6273809523809524 0.42538699690402476 0.6071428571428571 0.42538699690402476 0.5547619047619048 0.4105263157894737 0.44761904761904764 0.4055727554179567 0.42857142857142855 0.39690402476780184 0.42857142857142855 
6 0.42229102167182664 0.4 0.42105263157894735 0.4011904761904762 0.41609907120743034 0.4095238095238095 0.41114551083591333 0.4392857142857143 0.41114551083591333 0.6166666666666667 0.421671826625387 0.6369047619047619 0.43529411764705883 0.6369047619047619 0.4452012383900929 0.6178571428571429 0.44953560371517026 0.6083333333333333 0.4501547987616099 0.6059523809523809 0.4501547987616099 0.5535714285714286 0.4452012383900929 0.5047619047619047 0.43529411764705883 0.42023809523809524 0.43034055727554177 0.4011904761904762 0.4297213622291022 0.4 0.42229102167182664 0.4 
7 0.45572755417956656 0.41904761904761906 0.45077399380804956 0.4297619047619048 0.4458204334365325 0.45714285714285713 0.4458204334365325 0.6178571428571429 0.45139318885448915 0.6273809523809524 0.4743034055727554 0.6273809523809524 0.47492260061919506 0.6261904761904762 0.47492260061919506 0.544047619047619 0.469969040247678 0.4380952380952381 0.465015479876161 0.42023809523809524 0.46439628482972134 0.41904761904761906 0.45572755417956656 0.41904761904761906 
8 0.48111455108359136 0.4380952380952381 0.4761609907120743 0.44761904761904764 0.47554179566563465 0.4511904761904762 0.47058823529411764 0.5428571428571428 0.47058823529411764 0.6142857142857143 0.4712074303405573 0.6178571428571429 0.47554179566563465 0.6357142857142857 0.4761609907120743 0.6369047619047619 0.5046439628482973 0.6369047619047619 0.5046439628482973 0.575 0.4996904024767802 0.5119047619047619 0.49473684210526314 0.45714285714285713 0.48978328173374613 0.4392857142857143 0.4891640866873065 0.4380952380952381 0.48111455108359136 0.4380952380952381 
9 0.5164086687306502 0.4380952380952381 0.5108359133126935 0.44761904761904764 0.5102167182662539 0.4488095238095238 0.5052631578947369 0.49047619047619045 0.5003095975232198 0.5333333333333333 0.5003095975232198 0.6369047619047619 0.5337461300309597 0.6369047619047619 0.5343653250773994 0.6345238095238095 0.5343653250773994 0.4666666666666667 0.5294117647058824 0.44166666666666665 0.5281733746130031 0.4380952380952381 0.5164086687306502 0.4380952380952381 
10 0.5399380804953561 0.4666666666666667 0.534984520123839 0.4869047619047619 0.530030959752322 0.5642857142857143 0.530030959752322 0.6273809523809524 0.5585139318885449 0.6273809523809524 0.5634674922600619 0.6178571428571429 0.5640866873065016 0.6107142857142858 0.5640866873065016 0.5714285714285714 0.5492260061919505 0.4666666666666667 0.5399380804953561 0.4666666666666667 
11 0.5708978328173374 0.4095238095238095 0.5696594427244582 0.4107142857142857 0.5647058823529412 0.4392857142857143 0.5547987616099072 0.5535714285714286 0.5547987616099072 0.5797619047619048 0.5597523219814241 0.6166666666666667 0.5647058823529412 0.6273809523809524 0.5882352941176471 0.6273809523809524 0.5938080495356037 0.6083333333333333 0.5938080495356037 0.5738095238095238 0.5839009287925696 0.42142857142857143 0.58328173374613 0.41904761904761906 0.5789473684210527 0.4095238095238095 0.5708978328173374 0.4095238095238095 
12 0.5956656346749226 0.41904761904761906 0.5944272445820433 0.42023809523809524 0.5894736842105263 0.42857142857142855 0.5845201238390093 0.44166666666666665 0.5795665634674922 0.4666666666666667 0.5795665634674922 0.5107142857142857 0.5845201238390093 0.5785714285714286 0.5894736842105263 0.6071428571428571 0.5993808049535604 0.6178571428571429 0.6136222910216719 0.6178571428571429 0.6136222910216719 0.42857142857142855 0.6086687306501548 0.41904761904761906 0.5956656346749226 0.41904761904761906 
13 0.6297213622291021 0.4380952380952381 0.6191950464396285 0.44761904761904764 0.614860681114551 0.45714285714285713 0.6092879256965944 0.47619047619047616 0.6092879256965944 0.6083333333333333 0.6260061919504644 0.6178571428571429 0.6427244582043343 0.6178571428571429 0.643343653250774 0.6154761904761905 0.643343653250774 0.4488095238095238 0.638390092879257 0.4380952380952381 0.6297213622291021 0.4380952380952381 
14 0.6594427244582043 0.42857142857142855 0.6588235294117647 0.4297619047619048 0.6538699690402476 0.44761904761904764 0.6489164086687307 0.46785714285714286 0.6439628482972136 0.49642857142857144 0.6390092879256966 0.544047619047619 0.6390092879256966 0.5988095238095238 0.6439628482972136 0.6083333333333333 0.6829721362229102 0.6083333333333333 0.6879256965944273 0.5976190476190476 0.6879256965944273 0.45714285714285713 0.6829721362229102 0.4392857142857143 0.6773993808049535 0.42857142857142855 0.6594427244582043 0.42857142857142855 
15 0.6947368421052632 0.41904761904761906 0.6934984520123839 0.42023809523809524 0.6885448916408669 0.4392857142857143 0.6835913312693499 0.5523809523809524 0.6835913312693499 0.5869047619047619 0.6885448916408669 0.5988095238095238 0.6934984520123839 0.6083333333333333 0.7176470588235294 0.6083333333333333 0.7318885448916409 0.5892857142857143 0.7325077399380805 0.5880952380952381 0.7325077399380805 0.5357142857142857 0.7275541795665634 0.5047619047619047 0.7126934984520124 0.4380952380952381 0.7077399380804954 0.42023809523809524 0.7071207430340557 0.41904761904761906 0.6947368421052632 0.41904761904761906 
16 0.708359133126935 0.4 0.708359133126935 0.4726190476190476 0.7089783281733746 0.475 0.718266253869969 0.5035714285714286 0.7232198142414861 0.513095238095238 0.7331269349845201 0.5226190476190476 0.7386996904024767 0.5226190476190476 0.7424148606811145 0.5214285714285715 0.7523219814241486 0.5119047619047619 0.7572755417956656 0.4845238095238095 0.7572755417956656 0.4297619047619048 0.7517027863777089 0.41904761904761906 0.7325077399380805 0.4 0.708359133126935 0.4 
17 0.7647058823529411 0.6285714285714286 0.7634674922600619 0.6297619047619047 0.7578947368421053 0.638095238095238 0.7529411764705882 0.6488095238095238 0.7529411764705882 0.7130952380952381 0.7863777089783281 0.7130952380952381 0.7919504643962848 0.7023809523809523 0.7919504643962848 0.65 0.7913312693498452 0.6476190476190476 0.7869969040247679 0.638095238095238 0.7814241486068112 0.6285714285714286 0.7647058823529411 0.6285714285714286 
18 0.7207430340557276 0.6 0.6990712074303406 0.6095238095238096 0.6934984520123839 0.6202380952380953 0.6934984520123839 0.675 0.708359133126935 0.7404761904761905 0.713312693498452 0.7511904761904762 0.7331269349845201 0.7892857142857143 0.7523219814241486 0.7892857142857143 0.76656346749226 0.7702380952380953 0.7671826625386997 0.7690476190476191 0.7671826625386997 0.7142857142857143 0.7523219814241486 0.6309523809523809 0.7473684210526316 0.6107142857142858 0.7424148606811145 0.6 0.7207430340557276 0.6 
19 0.6687306501547987 0.6285714285714286 0.6452012383900929 0.638095238095238 0.6439628482972136 0.6392857142857142 0.6439628482972136 0.7023809523809523 0.6594427244582043 0.7702380952380953 0.6643962848297214 0.7880952380952381 0.6693498452012384 0.7988095238095239 0.6842105263157895 0.8273809523809523 0.6922600619195046 0.8273809523809523 0.7120743034055728 0.8071428571428572 0.7170278637770898 0.7988095238095239 0.7176470588235294 0.7976190476190477 0.7176470588235294 0.7738095238095238 0.7126934984520124 0.7357142857142858 0.6972136222910217 0.638095238095238 0.6928792569659443 0.6297619047619047 0.691640866873065 0.6285714285714286 0.6687306501547987 0.6285714285714286 
20 0.6142414860681115 0.638095238095238 0.6092879256965944 0.6488095238095238 0.6092879256965944 0.6928571428571428 0.6142414860681115 0.7309523809523809 0.6191950464396285 0.7595238095238095 0.6241486068111455 0.7869047619047619 0.6247678018575852 0.7892857142857143 0.6445820433436532 0.8273809523809523 0.6538699690402476 0.8369047619047619 0.6631578947368421 0.8369047619047619 0.6631578947368421 0.7916666666666666 0.648297213622291 0.6476190476190476 0.643343653250774 0.638095238095238 0.6142414860681115 0.638095238095238 
21 0.5814241486068111 0.6476190476190476 0.5801857585139318 0.6488095238095238 0.5795665634674922 0.65 0.5795665634674922 0.7035714285714286 0.5845201238390093 0.7595238095238095 0.5894736842105263 0.8071428571428572 0.5944272445820433 0.8273809523809523 0.5993808049535604 0.8464285714285714 0.6043343653250774 0.8559523809523809 0.6136222910216719 0.8559523809523809 0.6185758513931888 0.7321428571428571 0.6185758513931888 0.6880952380952381 0.6136222910216719 0.6583333333333333 0.6086687306501548 0.6476190476190476 0.5814241486068111 0.6476190476190476 
22 0.5504643962848297 0.6190476190476191 0.544891640866873 0.6285714285714286 0.544891640866873 0.7130952380952381 0.5498452012383901 0.8178571428571428 0.5554179566563467 0.8369047619047619 0.5597523219814241 0.8464285714285714 0.5647058823529412 0.8559523809523809 0.5839009287925696 0.8559523809523809 0.5839009287925696 0.8035714285714286 0.5789473684210527 0.638095238095238 0.5739938080495356 0.6202380952380953 0.573374613003096 0.6190476190476191 0.5504643962848297 0.6190476190476191 
23 0.5151702786377709 0.6285714285714286 0.5151702786377709 0.6845238095238095 0.5201238390092879 0.7309523809523809 0.530030959752322 0.8071428571428572 0.5306501547987617 0.8083333333333333 0.5436532507739938 0.8083333333333333 0.5442724458204334 0.8071428571428572 0.5486068111455108 0.7892857142857143 0.5492260061919505 0.7857142857142857 0.5492260061919505 0.6297619047619047 0.5479876160990712 0.6285714285714286 0.5151702786377709 0.6285714285714286 
24 0.49597523219814244 0.6285714285714286 0.4953560371517028 0.6297619047619047 0.4953560371517028 0.7035714285714286 0.5003095975232198 0.7571428571428571 0.5052631578947369 0.8071428571428572 0.5065015479876162 0.8083333333333333 0.5139318885448917 0.8083333333333333 0.5188854489164086 0.7892857142857143 0.5195046439628483 0.7857142857142857 0.5195046439628483 0.6297619047619047 0.518266253869969 0.6285714285714286 0.49597523219814244 0.6285714285714286 
25 0.47058823529411764 0.638095238095238 0.47058823529411764 0.694047619047619 0.47554179566563465 0.7702380952380953 0.4804953560371517 0.7988095238095239 0.49473684210526314 0.7988095238095239 0.49473684210526314 0.638095238095238 0.47058823529411764 0.638095238095238 
26 0.44643962848297214 0.638095238095238 0.4458204334365325 0.6428571428571429 0.4458204334365325 0.7130952380952381 0.45077399380804956 0.8083333333333333 0.465015479876161 0.8083333333333333 0.469969040247678 0.7976190476190477 0.469969040247678 0.638095238095238 0.44643962848297214 0.638095238095238 
27 0.41671826625387 0.638095238095238 0.41114551083591333 0.6488095238095238 0.41114551083591333 0.7690476190476191 0.41609907120743034 0.861904761904762 0.41671826625387 0.8642857142857143 0.4173374613003096 0.8654761904761905 0.4346749226006192 0.8654761904761905 0.43529411764705883 0.8642857142857143 0.43962848297213625 0.8464285714285714 0.44024767801857584 0.8416666666666667 0.4452012383900929 0.7988095238095239 0.4452012383900929 0.6488095238095238 0.44024767801857584 0.6392857142857142 0.4390092879256966 0.638095238095238 0.41671826625387 0.638095238095238 
28 0.3863777089783282 0.6476190476190476 0.3764705882352941 0.6666666666666666 0.3764705882352941 0.7678571428571429 0.3814241486068111 0.8559523809523809 0.3956656346749226 0.8559523809523809 0.4006191950464396 0.8464285714285714 0.4055727554179567 0.8273809523809523 0.4105263157894737 0.7797619047619048 0.4154798761609907 0.7035714285714286 0.4154798761609907 0.6571428571428571 0.4105263157894737 0.6476190476190476 0.3863777089783282 0.6476190476190476 
29 0.34674922600619196 0.638095238095238 0.3269349845201238 0.8214285714285714 0.3269349845201238 0.8369047619047619 0.33250773993808047 0.8464285714285714 0.3411764705882353 0.8464285714285714 0.3510835913312694 0.8357142857142857 0.3609907120743034 0.8178571428571428 0.3653250773993808 0.8083333333333333 0.37089783281733746 0.7785714285714286 0.37585139318885447 0.7416666666666667 0.38080495356037153 0.7035714285714286 0.38080495356037153 0.6488095238095238 0.37585139318885447 0.638095238095238 0.34674922600619196 0.638095238095238 
30 0.29721362229102166 0.6190476190476191 0.2724458204334365 0.7619047619047619 0.2724458204334365 0.7988095238095239 0.3027863777089783 0.8273809523809523 0.3058823529411765 0.8273809523809523 0.32074303405572757 0.8178571428571428 0.3256965944272446 0.8083333333333333 0.33622291021671824 0.7797619047619048 0.3510835913312694 0.7035714285714286 0.3560371517027864 0.6440476190476191 0.3560371517027864 0.6416666666666667 0.3461300309597523 0.6285714285714286 0.3201238390092879 0.6190476190476191 0.29721362229102166 0.6190476190476191 
31 0.2544891640866873 0.5904761904761905 0.2532507739938081 0.5916666666666667 0.248297213622291 0.6 0.20804953560371517 0.7333333333333333 0.20804953560371517 0.7488095238095238 0.22786377708978328 0.7892857142857143 0.24086687306501547 0.7892857142857143 0.2520123839009288 0.7797619047619048 0.2712074303405573 0.7607142857142857 0.27678018575851393 0.7511904761904762 0.28111455108359135 0.7416666666666667 0.291640866873065 0.7130952380952381 0.29659442724458207 0.6904761904761905 0.3015479876160991 0.65 0.3015479876160991 0.6297619047619047 0.29659442724458207 0.6190476190476191 0.291640866873065 0.6095238095238096 0.286687306501548 0.6011904761904762 0.2854489164086687 0.6 0.26625386996904027 0.5904761904761905 0.2544891640866873 0.5904761904761905 
32 0.18328173374613002 0.6285714285714286 0.18204334365325078 0.6476190476190476 0.18204334365325078 0.675 0.18328173374613002 0.7035714285714286 0.18885448916408668 0.7130952380952381 0.19876160990712075 0.7226190476190476 0.2260061919504644 0.7226190476190476 0.22724458204334366 0.7214285714285714 0.23219814241486067 0.7035714285714286 0.2371517027863777 0.6833333333333333 0.2371517027863777 0.6595238095238095 0.23219814241486067 0.6476190476190476 0.22724458204334366 0.638095238095238 0.21671826625386997 0.6285714285714286 0.18328173374613002 0.6285714285714286 