1 0.29287925696594425 0.4 0.29226006191950465 0.4011904761904762 0.25263157894736843 0.4869047619047619 0.2476780185758514 0.5047619047619047 0.2476780185758514 0.55 0.2674922600619195 0.5797619047619048 0.2804953560371517 0.5797619047619048 0.28173374613003094 0.5785714285714286 0.3015479876160991 0.5404761904761904 0.3065015479876161 0.5119047619047619 0.31145510835913315 0.4654761904761905 0.31145510835913315 0.4023809523809524 0.3108359133126935 0.4 0.29287925696594425 0.4 
2 0.3170278637770898 0.4095238095238095 0.2873065015479876 0.5428571428571428 0.2873065015479876 0.5702380952380952 0.29226006191950465 0.5797619047619048 0.29721362229102166 0.5880952380952381 0.3077399380804954 0.5988095238095238 0.3256965944272446 0.5988095238095238 0.34055727554179566 0.5892857142857143 0.3411764705882353 0.5880952380952381 0.3411764705882353 0.41904761904761906 0.3306501547987616 0.4095238095238095 0.3170278637770898 0.4095238095238095 
3 0.36160990712074303 0.41904761904761906 0.356656346749226 0.4297619047619048 0.3368421052631579 0.5345238095238095 0.3318885448916409 0.5833333333333334 0.3318885448916409 0.5880952380952381 0.3368421052631579 0.6083333333333333 0.38080495356037153 0.6083333333333333 0.3907120743034056 0.5892857142857143 0.3907120743034056 0.5345238095238095 0.38080495356037153 0.47619047619047616 0.37089783281733746 0.41904761904761906 0.36160990712074303 0.41904761904761906 
4 0.38699690402476783 0.42857142857142855 0.3814241486068111 0.44761904761904764 0.37708978328173376 0.46785714285714286 0.3764705882352941 0.475 0.3764705882352941 0.6083333333333333 0.40928792569659445 0.6083333333333333 0.4148606811145511 0.5988095238095238 0.4154798761609907 0.5976190476190476 0.4154798761609907 0.5523809523809524 0.4105263157894737 0.47619047619047616 0.4055727554179567 0.4380952380952381 0.4 0.42857142857142855 0.38699690402476783 0.42857142857142855 
5 0.4117647058823529 0.4380952380952381 0.4068111455108359 0.45714285714285713 0.40619195046439627 0.4654761904761905 0.40619195046439627 0.6071428571428571 0.40743034055727556 0.6083333333333333 0.42538699690402476 0.6083333333333333 0.44458204334365325 0.5988095238095238 0.4452012383900929 0.5964285714285714 0.4452012383900929 0.5154761904761904 0.43529411764705883 0.46785714285714286 0.43034055727554177 0.4488095238095238 0.42538699690402476 0.4380952380952381 0.4117647058823529 0.4380952380952381 
6 0.44148606811145513 0.4095238095238095 0.4408668730650155 0.4107142857142857 0.4359133126934985 0.42857142857142855 0.4309597523219814 0.47619047619047616 0.4309597523219814 0.5023809523809524 0.4359133126934985 0.5976190476190476 0.43653250773993807 0.5988095238095238 0.4588235294117647 0.5988095238095238 0.460061919504644 0.5976190476190476 0.46439628482972134 0.5892857142857143 0.465015479876161 0.5869047619047619 0.465015479876161 0.5523809523809524 0.4551083591331269 0.4392857142857143 0.4501547987616099 0.4119047619047619 0.44953560371517026 0.4095238095238095 0.44148606811145513 0.4095238095238095 
7 0.46563467492260063 0.4380952380952381 0.46068111455108357 0.44761904761904764 0.45572755417956656 0.544047619047619 0.45572755417956656 0.5595238095238095 0.46068111455108357 0.5976190476190476 0.4613003095975232 0.5988095238095238 0.4848297213622291 0.5988095238095238 0.4848297213622291 0.5047619047619047 0.47987616099071206 0.4511904761904762 0.47492260061919506 0.4392857142857143 0.4743034055727554 0.4380952380952381 0.46563467492260063 0.4380952380952381 
8 0.4953560371517028 0.4380952380952381 0.4904024767801858 0.44761904761904764 0.4804953560371517 0.5452380952380952 0.4804953560371517 0.6035714285714285 0.48111455108359136 0.6083333333333333 0.49102167182662537 0.6178571428571429 0.5046439628482973 0.6178571428571429 0.5095975232198142 0.5988095238095238 0.5095975232198142 0.49642857142857144 0.5046439628482973 0.4380952380952381 0.4953560371517028 0.4380952380952381 
9 0.5207430340557275 0.42857142857142855 0.5201238390092879 0.4297619047619048 0.5151702786377709 0.44761904761904764 0.5052631578947369 0.5452380952380952 0.5052631578947369 0.6083333333333333 0.5343653250773994 0.6083333333333333 0.5343653250773994 0.5523809523809524 0.5294117647058824 0.4392857142857143 0.5244582043343653 0.42857142857142855 0.5207430340557275 0.42857142857142855 
10 0.5498452012383901 0.44761904761904764 0.544891640866873 0.45714285714285713 0.5399380804953561 0.47023809523809523 0.530030959752322 0.5714285714285714 0.530030959752322 0.5976190476190476 0.534984520123839 0.6083333333333333 0.5572755417956656 0.6083333333333333 0.5591331269349845 0.6071428571428571 0.5591331269349845 0.4488095238095238 0.5585139318885449 0.44761904761904764 0.5498452012383901 0.44761904761904764 
11 0.5702786377708978 0.41904761904761906 0.5696594427244582 0.42023809523809524 0.5597523219814241 0.4595238095238095 0.5547987616099072 0.4988095238095238 0.5547987616099072 0.6083333333333333 0.5603715170278638 0.6178571428571429 0.5839009287925696 0.6178571428571429 0.5888544891640867 0.5976190476190476 0.5888544891640867 0.5833333333333334 0.5839009287925696 0.41904761904761906 0.5702786377708978 0.41904761904761906 
12 0.5956656346749226 0.4380952380952381 0.5944272445820433 0.4392857142857143 0.5894736842105263 0.4488095238095238 0.5845201238390093 0.46904761904761905 0.5795665634674922 0.5059523809523809 0.5795665634674922 0.6166666666666667 0.5808049535603715 0.6178571428571429 0.5944272445820433 0.6273809523809524 0.6136222910216719 0.6273809523809524 0.6136222910216719 0.5154761904761904 0.6086687306501548 0.44761904761904764 0.6037151702786377 0.4380952380952381 0.5956656346749226 0.4380952380952381 
13 0.6191950464396285 0.4380952380952381 0.6142414860681115 0.44761904761904764 0.6092879256965944 0.47619047619047616 0.6092879256965944 0.6178571428571429 0.6421052631578947 0.6178571428571429 0.643343653250774 0.6166666666666667 0.643343653250774 0.5738095238095238 0.6334365325077399 0.4583333333333333 0.628482972136223 0.4392857142857143 0.6253869969040248 0.4380952380952381 0.6191950464396285 0.4380952380952381 
14 0.6390092879256966 0.44761904761904764 0.6340557275541796 0.47619047619047616 0.6340557275541796 0.5797619047619048 0.6390092879256966 0.6107142857142858 0.6396284829721363 0.6142857142857143 0.6402476780185758 0.6166666666666667 0.6414860681114551 0.6178571428571429 0.6730650154798762 0.6178571428571429 0.6773993808049535 0.6083333333333333 0.6780185758513931 0.6047619047619047 0.6780185758513931 0.5833333333333334 0.6730650154798762 0.49523809523809526 0.6674922600619195 0.47619047619047616 0.648297213622291 0.44761904761904764 0.6390092879256966 0.44761904761904764 
15 0.6885448916408669 0.44761904761904764 0.6687306501547987 0.46785714285714286 0.6637770897832818 0.4773809523809524 0.6637770897832818 0.49404761904761907 0.6687306501547987 0.6083333333333333 0.6922600619195046 0.6083333333333333 0.7077399380804954 0.5976190476190476 0.7126934984520124 0.5892857142857143 0.7126934984520124 0.544047619047619 0.7027863777089783 0.45714285714285713 0.6972136222910217 0.44761904761904764 0.6885448916408669 0.44761904761904764 
16 0.7095975232198143 0.42857142857142855 0.708359133126935 0.4297619047619048 0.7034055727554179 0.4380952380952381 0.698452012383901 0.4488095238095238 0.698452012383901 0.5285714285714286 0.6990712074303406 0.5321428571428571 0.708359133126935 0.5797619047619048 0.718266253869969 0.5988095238095238 0.7269349845201238 0.5988095238095238 0.7368421052631579 0.5892857142857143 0.7417956656346749 0.5797619047619048 0.7523219814241486 0.5583333333333333 0.7523219814241486 0.5142857142857142 0.7226006191950465 0.4380952380952381 0.7176470588235294 0.4297619047619048 0.7164086687306501 0.42857142857142855 0.7095975232198143 0.42857142857142855 
17 0.7195046439628483 0.5904761904761905 0.718266253869969 0.5916666666666667 0.7139318885448916 0.6 0.713312693498452 0.6023809523809524 0.713312693498452 0.6654761904761904 0.7232198142414861 0.7130952380952381 0.7281733746130031 0.7321428571428571 0.7331269349845201 0.75 0.7356037151702787 0.7511904761904762 0.746749226006192 0.7511904761904762 0.7572755417956656 0.7416666666666667 0.7622291021671826 0.7309523809523809 0.7622291021671826 0.6011904761904762 0.7616099071207431 0.6 0.7523219814241486 0.5904761904761905 0.7195046439628483 0.5904761904761905 
18 0.6996904024767802 0.6 0.6736842105263158 0.6190476190476191 0.6637770897832818 0.638095238095238 0.6637770897832818 0.6654761904761904 0.6687306501547987 0.6845238095238095 0.6736842105263158 0.7023809523809523 0.6990712074303406 0.7702380952380953 0.7034055727554179 0.7797619047619048 0.7151702786377709 0.7797619047619048 0.7170278637770898 0.7785714285714286 0.7226006191950465 0.7702380952380953 0.7269349845201238 0.7607142857142857 0.7275541795665634 0.7416666666666667 0.7275541795665634 0.7333333333333333 0.7176470588235294 0.6285714285714286 0.7126934984520124 0.6095238095238096 0.7077399380804954 0.6 0.6996904024767802 0.6 
19 0.6445820433436532 0.6285714285714286 0.6198142414860681 0.638095238095238 0.6191950464396285 0.6404761904761904 0.6191950464396285 0.6738095238095239 0.6390092879256966 0.7607142857142857 0.6489164086687307 0.7976190476190477 0.6495356037151703 0.7988095238095239 0.6625386996904025 0.7988095238095239 0.6829721362229102 0.7892857142857143 0.6829721362229102 0.7642857142857142 0.6730650154798762 0.6345238095238095 0.6724458204334365 0.6285714285714286 0.6445820433436532 0.6285714285714286 
20 0.6006191950464397 0.638095238095238 0.590092879256966 0.6476190476190476 0.5894736842105263 0.6488095238095238 0.5894736842105263 0.6845238095238095 0.6142414860681115 0.8166666666666667 0.6198142414860681 0.8273809523809523 0.628482972136223 0.8273809523809523 0.628482972136223 0.6666666666666666 0.6235294117647059 0.638095238095238 0.6006191950464397 0.638095238095238 
21 0.5758513931888545 0.638095238095238 0.5653250773993808 0.6476190476190476 0.5647058823529412 0.6488095238095238 0.5647058823529412 0.7035714285714286 0.5696594427244582 0.7392857142857143 0.5795665634674922 0.8083333333333333 0.5851393188854489 0.8178571428571428 0.5938080495356037 0.8178571428571428 0.5987616099071208 0.719047619047619 0.5987616099071208 0.65 0.5981424148606811 0.6476190476190476 0.5938080495356037 0.638095238095238 0.5758513931888545 0.638095238095238 
22 0.5473684210526316 0.638095238095238 0.544891640866873 0.6392857142857142 0.5399380804953561 0.6476190476190476 0.5399380804953561 0.7035714285714286 0.544891640866873 0.7702380952380953 0.5498452012383901 0.8083333333333333 0.5547987616099072 0.8178571428571428 0.5591331269349845 0.8178571428571428 0.5640866873065016 0.8083333333333333 0.5690402476780185 0.7321428571428571 0.5690402476780185 0.6488095238095238 0.5684210526315789 0.6476190476190476 0.5585139318885449 0.638095238095238 0.5473684210526316 0.638095238095238 
23 0.525077399380805 0.638095238095238 0.525077399380805 0.719047619047619 0.530030959752322 0.7892857142857143 0.5386996904024768 0.7892857142857143 0.5393188854489164 0.7857142857142857 0.5442724458204334 0.7511904761904762 0.5442724458204334 0.6476190476190476 0.5343653250773994 0.638095238095238 0.525077399380805 0.638095238095238 
24 0.5052631578947369 0.638095238095238 0.5003095975232198 0.6952380952380952 0.5003095975232198 0.7107142857142857 0.5052631578947369 0.7892857142857143 0.5102167182662539 0.8083333333333333 0.5226006191950464 0.8083333333333333 0.5238390092879257 0.8071428571428572 0.5244582043343653 0.8047619047619048 0.5294117647058824 0.7690476190476191 0.5294117647058824 0.6547619047619048 0.5287925696594428 0.6476190476190476 0.5244582043343653 0.638095238095238 0.5052631578947369 0.638095238095238 
25 0.49597523219814244 0.638095238095238 0.4904024767801858 0.6476190476190476 0.4904024767801858 0.8071428571428572 0.49597523219814244 0.8178571428571428 0.5046439628482973 0.8178571428571428 0.5095975232198142 0.8083333333333333 0.5095975232198142 0.6416666666666667 0.5089783281733746 0.638095238095238 0.49597523219814244 0.638095238095238 
26 0.47058823529411764 0.638095238095238 0.47058823529411764 0.7416666666666667 0.47554179566563465 0.7797619047619048 0.48111455108359136 0.7892857142857143 0.48978328173374613 0.7892857142857143 0.49411764705882355 0.7797619047619048 0.49473684210526314 0.7773809523809524 0.49473684210526314 0.638095238095238 0.47058823529411764 0.638095238095238 
27 0.45077399380804956 0.6285714285714286 0.4458204334365325 0.638095238095238 0.4458204334365325 0.7107142857142857 0.45077399380804956 0.7702380952380953 0.45572755417956656 0.7964285714285714 0.4563467492260062 0.7988095238095239 0.47492260061919506 0.7988095238095239 0.47492260061919506 0.6785714285714286 0.469969040247678 0.638095238095238 0.465015479876161 0.6297619047619047 0.4631578947368421 0.6285714285714286 0.45077399380804956 0.6285714285714286 
28 0.421671826625387 0.6285714285714286 0.42105263157894735 0.6297619047619047 0.42105263157894735 0.7392857142857143 0.4260061919504644 0.7976190476190477 0.4278637770897833 0.7988095238095239 0.43034055727554177 0.7988095238095239 0.44024767801857584 0.7785714285714286 0.4501547987616099 0.7309523809523809 0.4501547987616099 0.6297619047619047 0.44953560371517026 0.6285714285714286 0.421671826625387 0.6285714285714286 
29 0.3913312693498452 0.6285714285714286 0.3913312693498452 0.7416666666666667 0.39628482972136225 0.7988095238095239 0.40990712074303404 0.7988095238095239 0.4105263157894737 0.7976190476190477 0.4154798761609907 0.7869047619047619 0.42043343653250775 0.7702380952380953 0.42538699690402476 0.7309523809523809 0.42538699690402476 0.6297619047619047 0.4247678018575851 0.6285714285714286 0.3913312693498452 0.6285714285714286 
30 0.34241486068111454 0.6190476190476191 0.34179566563467495 0.6202380952380953 0.3269349845201238 0.763095238095238 0.3269349845201238 0.7785714285714286 0.3281733746130031 0.7797619047619048 0.356656346749226 0.7892857142857143 0.36594427244582045 0.7892857142857143 0.37585139318885447 0.7702380952380953 0.38575851393188854 0.7321428571428571 0.3956656346749226 0.6928571428571428 0.4006191950464396 0.6369047619047619 0.4006191950464396 0.6202380952380953 0.4 0.6190476190476191 0.34241486068111454 0.6190476190476191 
31 0.29721362229102166 0.5904761904761905 0.2873065015479876 0.6107142857142858 0.2873065015479876 0.7571428571428571 0.28792569659442724 0.7607142857142857 0.30092879256965943 0.7607142857142857 0.32136222910216716 0.7309523809523809 0.3306501547987616 0.7130952380952381 0.3411764705882353 0.6845238095238095 0.3461300309597523 0.6654761904761904 0.3510835913312694 0.6261904761904762 0.3510835913312694 0.6095238095238096 0.3411764705882353 0.6 0.31145510835913315 0.5904761904761905 0.29721362229102166 0.5904761904761905 
32 0.2582043343653251 0.6 0.21795665634674924 0.6190476190476191 0.21795665634674924 0.6845238095238095 0.22291021671826625 0.6928571428571428 0.23343653250773994 0.7035714285714286 0.2476780185758514 0.7130952380952381 0.2804953560371517 0.7130952380952381 0.291640866873065 0.7023809523809523 0.291640866873065 0.6095238095238096 0.286687306501548 0.6 0.2582043343653251 0.6 