1 0.25263157894736843 0.3333333333333333 0.2476780185758514 0.34285714285714286 0.20371517027863778 0.42857142857142855 0.20309597523219813 0.430952380952381 0.20309597523219813 0.4642857142857143 0.20804953560371517 0.475 0.2284829721362229 0.513095238095238 0.24705882352941178 0.513095238095238 0.25696594427244585 0.475 0.26191950464396285 0.4452380952380952 0.26191950464396285 0.3464285714285714 0.2613003095975232 0.34285714285714286 0.25696594427244585 0.3333333333333333 0.25263157894736843 0.3333333333333333 
2 0.2674922600619195 0.3523809523809524 0.2631578947368421 0.3619047619047619 0.25758513931888544 0.38095238095238093 0.2476780185758514 0.46904761904761905 0.2476780185758514 0.5214285714285715 0.25263157894736843 0.5416666666666666 0.2674922600619195 0.5511904761904762 0.291640866873065 0.5511904761904762 0.291640866873065 0.48928571428571427 0.286687306501548 0.4154761904761905 0.28606811145510835 0.4095238095238095 0.28173374613003094 0.37142857142857144 0.27678018575851393 0.3535714285714286 0.2761609907120743 0.3523809523809524 0.2674922600619195 0.3523809523809524 
3 0.29721362229102166 0.3904761904761905 0.2873065015479876 0.5047619047619047 0.2873065015479876 0.5476190476190477 0.28792569659442724 0.55 0.29226006191950465 0.5595238095238095 0.29287925696594425 0.5607142857142857 0.34055727554179566 0.5607142857142857 0.3411764705882353 0.5571428571428572 0.3411764705882353 0.5142857142857142 0.33126934984520123 0.4 0.3256965944272446 0.3904761904761905 0.29721362229102166 0.3904761904761905 
4 0.33746130030959753 0.38095238095238093 0.3368421052631579 0.3821428571428571 0.3318885448916409 0.4607142857142857 0.3318885448916409 0.5607142857142857 0.3430340557275542 0.5702380952380952 0.37089783281733746 0.5702380952380952 0.37585139318885447 0.5583333333333333 0.37585139318885447 0.5452380952380952 0.36594427244582045 0.4666666666666667 0.3560371517027864 0.3904761904761905 0.3510835913312694 0.38095238095238093 0.33746130030959753 0.38095238095238093 
5 0.36656346749226004 0.38095238095238093 0.36160990712074303 0.3904761904761905 0.36160990712074303 0.5095238095238095 0.36656346749226004 0.5607142857142857 0.3715170278637771 0.569047619047619 0.37275541795665634 0.5702380952380952 0.39814241486068114 0.5702380952380952 0.4006191950464396 0.569047619047619 0.4055727554179567 0.5607142857142857 0.4055727554179567 0.5261904761904762 0.38575851393188854 0.4 0.3801857585139319 0.38095238095238093 0.36656346749226004 0.38095238095238093 
6 0.39195046439628484 0.3523809523809524 0.3913312693498452 0.3535714285714286 0.38699690402476783 0.37142857142857144 0.3863777089783282 0.3761904761904762 0.3863777089783282 0.41785714285714287 0.39628482972136225 0.5321428571428571 0.40123839009287926 0.5607142857142857 0.40619195046439627 0.5702380952380952 0.43529411764705883 0.5702380952380952 0.44024767801857584 0.5607142857142857 0.44024767801857584 0.5083333333333333 0.43529411764705883 0.46785714285714286 0.43034055727554177 0.44761904761904764 0.42538699690402476 0.4297619047619048 0.4006191950464396 0.3535714285714286 0.3993808049535604 0.3523809523809524 0.39195046439628484 0.3523809523809524 
7 0.4458204334365325 0.3619047619047619 0.4408668730650155 0.37142857142857144 0.4359133126934985 0.47619047619047616 0.4359133126934985 0.5476190476190477 0.43653250773993807 0.5511904761904762 0.4408668730650155 0.5702380952380952 0.465015479876161 0.5702380952380952 0.465015479876161 0.4380952380952381 0.46439628482972134 0.42857142857142855 0.45944272445820433 0.38095238095238093 0.4544891640866873 0.3619047619047619 0.4458204334365325 0.3619047619047619 
8 0.47554179566563465 0.37142857142857144 0.47058823529411764 0.39166666666666666 0.46563467492260063 0.45 0.46068111455108357 0.5142857142857142 0.46068111455108357 0.5678571428571428 0.4613003095975232 0.5702380952380952 0.4996904024767802 0.5702380952380952 0.4996904024767802 0.4595238095238095 0.49473684210526314 0.4 0.48978328173374613 0.3738095238095238 0.4891640866873065 0.37142857142857144 0.47554179566563465 0.37142857142857144 
9 0.5157894736842106 0.3619047619047619 0.5151702786377709 0.36428571428571427 0.5102167182662539 0.3880952380952381 0.5003095975232198 0.5047619047619047 0.5003095975232198 0.569047619047619 0.5015479876160991 0.5702380952380952 0.5343653250773994 0.5702380952380952 0.5343653250773994 0.430952380952381 0.5294117647058824 0.37142857142857144 0.5238390092879257 0.3619047619047619 0.5157894736842106 0.3619047619047619 
10 0.5554179566563467 0.3904761904761905 0.5498452012383901 0.4 0.544891640866873 0.4095238095238095 0.5399380804953561 0.430952380952381 0.5356037151702786 0.45714285714285713 0.530030959752322 0.5047619047619047 0.530030959752322 0.5583333333333333 0.534984520123839 0.5797619047619048 0.5585139318885449 0.5797619047619048 0.5640866873065016 0.5702380952380952 0.5690402476780185 0.4845238095238095 0.5690402476780185 0.3904761904761905 0.5554179566563467 0.3904761904761905 
11 0.595046439628483 0.3523809523809524 0.590092879256966 0.3619047619047619 0.5795665634674922 0.4 0.5597523219814241 0.5059523809523809 0.5597523219814241 0.5583333333333333 0.5647058823529412 0.5797619047619048 0.5876160990712074 0.5797619047619048 0.5888544891640867 0.5785714285714286 0.5938080495356037 0.5702380952380952 0.5987616099071208 0.5511904761904762 0.6037151702786377 0.475 0.6037151702786377 0.36428571428571427 0.5987616099071208 0.3535714285714286 0.5962848297213622 0.3523809523809524 0.595046439628483 0.3523809523809524 
12 0.6260061919504644 0.38095238095238093 0.6154798761609908 0.3904761904761905 0.6142414860681115 0.39166666666666666 0.6092879256965944 0.4095238095238095 0.5993808049535604 0.4583333333333333 0.5944272445820433 0.4857142857142857 0.5894736842105263 0.544047619047619 0.5894736842105263 0.5797619047619048 0.611764705882353 0.5892857142857143 0.6229102167182663 0.5892857142857143 0.628482972136223 0.5797619047619048 0.6328173374613003 0.5702380952380952 0.6334365325077399 0.5678571428571428 0.6334365325077399 0.3904761904761905 0.628482972136223 0.3821428571428571 0.6266253869969041 0.38095238095238093 0.6260061919504644 0.38095238095238093 
13 0.6439628482972136 0.3904761904761905 0.6291021671826625 0.47619047619047616 0.6241486068111455 0.5619047619047619 0.6241486068111455 0.5797619047619048 0.6346749226006192 0.5892857142857143 0.6625386996904025 0.5892857142857143 0.6681114551083591 0.5797619047619048 0.6681114551083591 0.4095238095238095 0.6631578947368421 0.39166666666666666 0.6625386996904025 0.3904761904761905 0.6439628482972136 0.3904761904761905 
14 0.6792569659442724 0.4095238095238095 0.6736842105263158 0.42023809523809524 0.6687306501547987 0.46190476190476193 0.6637770897832818 0.5047619047619047 0.6637770897832818 0.5773809523809523 0.6643962848297214 0.5797619047619048 0.7065015479876161 0.5797619047619048 0.7077399380804954 0.5785714285714286 0.7126934984520124 0.569047619047619 0.7126934984520124 0.43214285714285716 0.7120743034055728 0.42857142857142855 0.6922600619195046 0.4095238095238095 0.6792569659442724 0.4095238095238095 
16 0.7238390092879257 0.3904761904761905 0.718266253869969 0.4011904761904762 0.713312693498452 0.4166666666666667 0.708359133126935 0.44047619047619047 0.708359133126935 0.5678571428571428 0.7089783281733746 0.5702380952380952 0.7176470588235294 0.5702380952380952 0.7523219814241486 0.5607142857142857 0.7523219814241486 0.3904761904761905 0.7238390092879257 0.3904761904761905 
17 0.7585139318885449 0.5714285714285714 0.7529411764705882 0.5821428571428572 0.7529411764705882 0.6619047619047619 0.7578947368421053 0.7321428571428571 0.7628482972136222 0.75 0.7678018575851393 0.7607142857142857 0.7727554179566564 0.7702380952380953 0.7857585139318886 0.7702380952380953 0.8068111455108359 0.7607142857142857 0.8117647058823529 0.6440476190476191 0.8117647058823529 0.6190476190476191 0.8068111455108359 0.5916666666666667 0.7969040247678019 0.580952380952381 0.7764705882352941 0.5714285714285714 0.7585139318885449 0.5714285714285714 
18 0.7089783281733746 0.5714285714285714 0.6990712074303406 0.580952380952381 0.6941176470588235 0.5904761904761905 0.6934984520123839 0.594047619047619 0.6934984520123839 0.6178571428571429 0.7034055727554179 0.655952380952381 0.718266253869969 0.7035714285714286 0.7281733746130031 0.7321428571428571 0.7380804953560371 0.7511904761904762 0.7436532507739938 0.7607142857142857 0.7622291021671826 0.7607142857142857 0.7622291021671826 0.7047619047619048 0.7572755417956656 0.5916666666666667 0.7523219814241486 0.580952380952381 0.746749226006192 0.5714285714285714 0.7089783281733746 0.5714285714285714 
19 0.6489164086687307 0.6 0.6489164086687307 0.6297619047619047 0.6637770897832818 0.7511904761904762 0.6687306501547987 0.7702380952380953 0.6786377708978328 0.7892857142857143 0.6842105263157895 0.7988095238095239 0.6928792569659443 0.7988095238095239 0.7126934984520124 0.7702380952380953 0.7126934984520124 0.7142857142857143 0.7077399380804954 0.6297619047619047 0.7027863777089783 0.6095238095238096 0.6972136222910217 0.6 0.6489164086687307 0.6 
20 0.614860681114551 0.6 0.6142414860681115 0.6035714285714285 0.6142414860681115 0.6547619047619048 0.6291021671826625 0.7511904761904762 0.6340557275541796 0.7797619047619048 0.6390092879256966 0.7976190476190477 0.6402476780185758 0.7988095238095239 0.6526315789473685 0.7988095238095239 0.6575851393188854 0.7892857142857143 0.6582043343653251 0.7607142857142857 0.6582043343653251 0.7595238095238095 0.653250773993808 0.6107142857142858 0.648297213622291 0.6 0.614860681114551 0.6 
21 0.5956656346749226 0.6 0.5845201238390093 0.6107142857142858 0.5845201238390093 0.6833333333333333 0.5944272445820433 0.7797619047619048 0.6 0.7976190476190477 0.6006191950464397 0.7988095238095239 0.6136222910216719 0.7988095238095239 0.6185758513931888 0.7309523809523809 0.6185758513931888 0.6107142857142858 0.6074303405572755 0.6 0.5956656346749226 0.6 
22 0.551702786377709 0.6 0.5504643962848297 0.6011904761904762 0.5498452012383901 0.6023809523809524 0.5498452012383901 0.7988095238095239 0.5634674922600619 0.7988095238095239 0.5739938080495356 0.7880952380952381 0.5789473684210527 0.7488095238095238 0.5789473684210527 0.6011904761904762 0.5777089783281734 0.6 0.551702786377709 0.6 
23 0.5201238390092879 0.5904761904761905 0.5151702786377709 0.65 0.5151702786377709 0.6904761904761905 0.5201238390092879 0.7226190476190476 0.525077399380805 0.7309523809523809 0.5263157894736842 0.7321428571428571 0.5294117647058824 0.7321428571428571 0.5343653250773994 0.7226190476190476 0.5393188854489164 0.7035714285714286 0.5492260061919505 0.6452380952380953 0.5492260061919505 0.5928571428571429 0.5479876160990712 0.5904761904761905 0.5201238390092879 0.5904761904761905 
24 0.4953560371517028 0.5904761904761905 0.4953560371517028 0.6369047619047619 0.5003095975232198 0.7285714285714285 0.5009287925696595 0.7321428571428571 0.5195046439628483 0.7321428571428571 0.5244582043343653 0.6547619047619048 0.5244582043343653 0.5928571428571429 0.5232198142414861 0.5904761904761905 0.4953560371517028 0.5904761904761905 
25 0.4761609907120743 0.580952380952381 0.47058823529411764 0.5904761904761905 0.47058823529411764 0.6178571428571429 0.47554179566563465 0.7321428571428571 0.4804953560371517 0.7404761904761905 0.48173374613003095 0.7416666666666667 0.48978328173374613 0.7416666666666667 0.49473684210526314 0.7321428571428571 0.4996904024767802 0.7130952380952381 0.4996904024767802 0.5821428571428572 0.49907120743034056 0.580952380952381 0.4761609907120743 0.580952380952381 
26 0.45139318885448915 0.5904761904761905 0.4458204334365325 0.5976190476190476 0.4458204334365325 0.7226190476190476 0.45077399380804956 0.7511904761904762 0.465015479876161 0.7511904761904762 0.469969040247678 0.7321428571428571 0.47492260061919506 0.6833333333333333 0.47492260061919506 0.5916666666666667 0.4743034055727554 0.5904761904761905 0.45139318885448915 0.5904761904761905 
27 0.42105263157894735 0.580952380952381 0.4117647058823529 0.6 0.41114551083591333 0.6023809523809524 0.41114551083591333 0.6714285714285714 0.41609907120743034 0.7404761904761905 0.42105263157894735 0.8035714285714286 0.421671826625387 0.8083333333333333 0.43529411764705883 0.8083333333333333 0.44024767801857584 0.7869047619047619 0.4452012383900929 0.7595238095238095 0.4551083591331269 0.6261904761904762 0.4551083591331269 0.5904761904761905 0.4452012383900929 0.580952380952381 0.42105263157894735 0.580952380952381 
28 0.38328173374613 0.580952380952381 0.3814241486068111 0.5821428571428572 0.3764705882352941 0.5904761904761905 0.3764705882352941 0.6452380952380953 0.3814241486068111 0.7690476190476191 0.3826625386996904 0.7702380952380953 0.3956656346749226 0.7702380952380953 0.4006191950464396 0.7511904761904762 0.4055727554179567 0.7214285714285714 0.4154798761609907 0.6428571428571429 0.4154798761609907 0.5904761904761905 0.4043343653250774 0.580952380952381 0.38328173374613 0.580952380952381 
29 0.34674922600619196 0.580952380952381 0.34179566563467495 0.5916666666666667 0.34179566563467495 0.7702380952380953 0.3473684210526316 0.7797619047619048 0.3609907120743034 0.7797619047619048 0.36594427244582045 0.7488095238095238 0.38080495356037153 0.6464285714285715 0.38080495356037153 0.5928571428571429 0.3801857585139319 0.5904761904761905 0.37585139318885447 0.580952380952381 0.34674922600619196 0.580952380952381 
30 0.29907120743034055 0.5714285714285714 0.29721362229102166 0.5726190476190476 0.29226006191950465 0.5821428571428572 0.27801857585139317 0.7142857142857143 0.2773993808049536 0.7202380952380952 0.2786377708978328 0.7321428571428571 0.2823529411764706 0.75 0.2835913312693498 0.7511904761904762 0.3077399380804954 0.7607142857142857 0.32136222910216716 0.7607142857142857 0.33126934984520123 0.7214285714285714 0.33560371517027865 0.7035714285714286 0.3461300309597523 0.6428571428571429 0.3461300309597523 0.580952380952381 0.3411764705882353 0.5714285714285714 0.29907120743034055 0.5714285714285714 
31 0.25758513931888544 0.5523809523809524 0.2476780185758514 0.5714285714285714 0.24272445820433436 0.5916666666666667 0.23281733746130032 0.6761904761904762 0.23281733746130032 0.7095238095238096 0.23343653250773994 0.7130952380952381 0.23777089783281732 0.7226190476190476 0.26687306501547986 0.7226190476190476 0.2718266253869969 0.7130952380952381 0.27678018575851393 0.7023809523809523 0.29659442724458207 0.6464285714285715 0.3015479876160991 0.5869047619047619 0.3015479876160991 0.5726190476190476 0.2959752321981424 0.5619047619047619 0.286687306501548 0.5523809523809524 0.25758513931888544 0.5523809523809524 
32 0.19876160990712075 0.5619047619047619 0.1931888544891641 0.5714285714285714 0.18823529411764706 0.580952380952381 0.18823529411764706 0.6178571428571429 0.19814241486068113 0.7297619047619047 0.20309597523219813 0.7416666666666667 0.22476780185758513 0.7416666666666667 0.22662538699690402 0.7404761904761905 0.23157894736842105 0.7321428571428571 0.2371517027863777 0.7130952380952381 0.24210526315789474 0.6821428571428572 0.24705882352941178 0.6345238095238095 0.24705882352941178 0.5904761904761905 0.24210526315789474 0.5630952380952381 0.24148606811145512 0.5619047619047619 0.19876160990712075 0.5619047619047619 