1 0.21919504643962848 0.42857142857142855 0.21795665634674924 0.4297619047619048 0.20371517027863778 0.4666666666666667 0.1931888544891641 0.49642857142857144 0.1931888544891641 0.5511904761904762 0.19876160990712075 0.5607142857142857 0.2130030959752322 0.5702380952380952 0.2371517027863777 0.5702380952380952 0.24643962848297213 0.5607142857142857 0.24705882352941178 0.5595238095238095 0.24705882352941178 0.45 0.24643962848297213 0.44761904761904764 0.23653250773993809 0.42857142857142855 0.21919504643962848 0.42857142857142855 
2 0.2532507739938081 0.4380952380952381 0.2476780185758514 0.4583333333333333 0.24272445820433436 0.4773809523809524 0.23777089783281732 0.5523809523809524 0.23777089783281732 0.5892857142857143 0.24272445820433436 0.5988095238095238 0.2712074303405573 0.5988095238095238 0.28173374613003094 0.5892857142857143 0.286687306501548 0.5797619047619048 0.286687306501548 0.5238095238095238 0.2718266253869969 0.45714285714285713 0.26687306501547986 0.4392857142857143 0.265015479876161 0.4380952380952381 0.2532507739938081 0.4380952380952381 
3 0.2873065015479876 0.44761904761904764 0.2823529411764706 0.4773809523809524 0.2823529411764706 0.5785714285714286 0.29226006191950465 0.5988095238095238 0.3021671826625387 0.6083333333333333 0.33622291021671824 0.6083333333333333 0.33622291021671824 0.5726190476190476 0.32136222910216716 0.4666666666666667 0.31640866873065016 0.4488095238095238 0.3157894736842105 0.44761904761904764 0.2873065015479876 0.44761904761904764 
4 0.33869969040247677 0.42857142857142855 0.3368421052631579 0.4297619047619048 0.3318885448916409 0.45 0.3269349845201238 0.5535714285714286 0.3269349845201238 0.6083333333333333 0.3318885448916409 0.6166666666666667 0.3331269349845201 0.6178571428571429 0.3603715170278638 0.6178571428571429 0.3609907120743034 0.6166666666666667 0.3609907120743034 0.5238095238095238 0.3560371517027864 0.4714285714285714 0.3510835913312694 0.4297619047619048 0.3504643962848297 0.42857142857142855 0.33869969040247677 0.42857142857142855 
5 0.3690402476780186 0.4380952380952381 0.36656346749226004 0.4392857142857143 0.36160990712074303 0.47619047619047616 0.356656346749226 0.5297619047619048 0.356656346749226 0.6273809523809524 0.3907120743034056 0.6273809523809524 0.3956656346749226 0.6166666666666667 0.3956656346749226 0.5619047619047619 0.3907120743034056 0.4988095238095238 0.38575851393188854 0.46190476190476193 0.3851393188854489 0.4595238095238095 0.38080495356037153 0.44761904761904764 0.37585139318885447 0.4380952380952381 0.3690402476780186 0.4380952380952381 
6 0.3913312693498452 0.4 0.3863777089783282 0.42023809523809524 0.3814241486068111 0.45714285714285713 0.3814241486068111 0.5321428571428571 0.3863777089783282 0.6273809523809524 0.3913312693498452 0.6452380952380953 0.39628482972136225 0.655952380952381 0.4148606811145511 0.655952380952381 0.42538699690402476 0.6428571428571429 0.4297213622291022 0.6273809523809524 0.43034055727554177 0.6214285714285714 0.43034055727554177 0.5916666666666667 0.42538699690402476 0.5523809523809524 0.4105263157894737 0.4511904761904762 0.40495356037151703 0.41904761904761906 0.4006191950464396 0.4 0.3913312693498452 0.4 
7 0.4371517027863777 0.44761904761904764 0.4359133126934985 0.4488095238095238 0.4309597523219814 0.4583333333333333 0.4260061919504644 0.5047619047619047 0.42105263157894735 0.5821428571428572 0.42105263157894735 0.6369047619047619 0.4260061919504644 0.6547619047619048 0.42724458204334365 0.655952380952381 0.460061919504644 0.655952380952381 0.465015479876161 0.6464285714285715 0.465015479876161 0.6011904761904762 0.460061919504644 0.49642857142857144 0.4501547987616099 0.4583333333333333 0.44953560371517026 0.45714285714285713 0.44024767801857584 0.44761904761904764 0.4371517027863777 0.44761904761904764 
8 0.46563467492260063 0.44761904761904764 0.46068111455108357 0.49523809523809526 0.46068111455108357 0.6654761904761904 0.46563467492260063 0.675 0.49411764705882355 0.675 0.49907120743034056 0.6654761904761904 0.5046439628482973 0.6452380952380953 0.5046439628482973 0.6 0.49473684210526314 0.47619047619047616 0.48978328173374613 0.4583333333333333 0.48359133126934983 0.44761904761904764 0.46563467492260063 0.44761904761904764 
9 0.5219814241486068 0.4666666666666667 0.5201238390092879 0.46785714285714286 0.5052631578947369 0.49523809523809526 0.5003095975232198 0.5142857142857142 0.5003095975232198 0.6642857142857143 0.5015479876160991 0.6654761904761904 0.5256965944272446 0.675 0.5393188854489164 0.675 0.5442724458204334 0.6642857142857143 0.5492260061919505 0.6464285714285715 0.5492260061919505 0.6190476190476191 0.5393188854489164 0.49642857142857144 0.5380804953560372 0.4857142857142857 0.5294117647058824 0.4666666666666667 0.5219814241486068 0.4666666666666667 
10 0.5554179566563467 0.4666666666666667 0.5504643962848297 0.47619047619047616 0.544891640866873 0.49523809523809526 0.5399380804953561 0.5845238095238096 0.5399380804953561 0.6547619047619048 0.5504643962848297 0.6654761904761904 0.5541795665634675 0.6654761904761904 0.5591331269349845 0.6642857142857143 0.5684210526315789 0.655952380952381 0.5739938080495356 0.6464285714285715 0.5739938080495356 0.544047619047619 0.5690402476780185 0.48095238095238096 0.5684210526315789 0.47619047619047616 0.5640866873065016 0.4666666666666667 0.5554179566563467 0.4666666666666667 
11 0.5907120743034056 0.4380952380952381 0.5894736842105263 0.4392857142857143 0.5845201238390093 0.4666666666666667 0.5795665634674922 0.49523809523809526 0.5746130030959752 0.5642857142857143 0.5746130030959752 0.655952380952381 0.5801857585139318 0.6654761904761904 0.6030959752321982 0.6654761904761904 0.6080495356037152 0.655952380952381 0.6086687306501548 0.6523809523809524 0.6136222910216719 0.6071428571428571 0.6136222910216719 0.5619047619047619 0.6037151702786377 0.44166666666666665 0.6030959752321982 0.4380952380952381 0.5907120743034056 0.4380952380952381 
12 0.6142414860681115 0.45714285714285713 0.6092879256965944 0.4785714285714286 0.6043343653250774 0.5238095238095238 0.6043343653250774 0.6273809523809524 0.6241486068111455 0.6369047619047619 0.6334365325077399 0.6369047619047619 0.638390092879257 0.6261904761904762 0.638390092879257 0.5642857142857143 0.628482972136223 0.4773809523809524 0.6235294117647059 0.4583333333333333 0.6222910216718266 0.45714285714285713 0.6142414860681115 0.45714285714285713 
13 0.6470588235294118 0.44761904761904764 0.6402476780185758 0.45714285714285713 0.6340557275541796 0.4666666666666667 0.6291021671826625 0.5142857142857142 0.6291021671826625 0.569047619047619 0.6340557275541796 0.6273809523809524 0.6526315789473685 0.6273809523809524 0.6631578947368421 0.6178571428571429 0.6681114551083591 0.6083333333333333 0.6681114551083591 0.5821428571428572 0.6582043343653251 0.5047619047619047 0.653250773993808 0.4666666666666667 0.648297213622291 0.44761904761904764 0.6470588235294118 0.44761904761904764 
14 0.6743034055727554 0.45714285714285713 0.6687306501547987 0.4666666666666667 0.6643962848297214 0.4857142857142857 0.6637770897832818 0.48928571428571427 0.6588235294117647 0.5238095238095238 0.6588235294117647 0.5892857142857143 0.6637770897832818 0.6083333333333333 0.6922600619195046 0.6083333333333333 0.7021671826625387 0.5988095238095238 0.7077399380804954 0.5892857142857143 0.7077399380804954 0.5642857142857143 0.6972136222910217 0.4666666666666667 0.6879256965944273 0.45714285714285713 0.6743034055727554 0.45714285714285713 
15 0.718266253869969 0.42857142857142855 0.713312693498452 0.44761904761904764 0.698452012383901 0.5333333333333333 0.698452012383901 0.5702380952380952 0.7040247678018576 0.5892857142857143 0.7318885448916409 0.5892857142857143 0.7424148606811145 0.5797619047619048 0.7424148606811145 0.4380952380952381 0.7374613003095976 0.42857142857142855 0.718266253869969 0.42857142857142855 
16 0.7529411764705882 0.4 0.7479876160990712 0.4095238095238095 0.7430340557275542 0.42023809523809524 0.7430340557275542 0.55 0.7436532507739938 0.5511904761904762 0.7541795665634675 0.5607142857142857 0.7609907120743034 0.5607142857142857 0.7863777089783281 0.5416666666666666 0.7869969040247679 0.5380952380952381 0.7869969040247679 0.49523809523809526 0.7671826625386997 0.41904761904761906 0.7572755417956656 0.4 0.7529411764705882 0.4 
17 0.7832817337461301 0.5238095238095238 0.7684210526315789 0.5333333333333333 0.7578947368421053 0.5428571428571428 0.7578947368421053 0.5797619047619048 0.7684210526315789 0.6178571428571429 0.7727554179566564 0.6273809523809524 0.7876160990712074 0.655952380952381 0.7925696594427245 0.6642857142857143 0.7944272445820434 0.6654761904761904 0.804953560371517 0.6654761904761904 0.8068111455108359 0.6642857142857143 0.8117647058823529 0.6214285714285714 0.8117647058823529 0.5523809523809524 0.8068111455108359 0.5238095238095238 0.7832817337461301 0.5238095238095238 
18 0.7486068111455109 0.5428571428571428 0.7380804953560371 0.5535714285714286 0.713312693498452 0.580952380952381 0.713312693498452 0.6178571428571429 0.7281733746130031 0.655952380952381 0.7578947368421053 0.694047619047619 0.7678018575851393 0.7023809523809523 0.7746130030959752 0.7035714285714286 0.785139318885449 0.7035714285714286 0.7869969040247679 0.7023809523809523 0.7919504643962848 0.694047619047619 0.7919504643962848 0.6785714285714286 0.7770897832817337 0.6095238095238096 0.7622291021671826 0.5523809523809524 0.7572755417956656 0.544047619047619 0.7560371517027864 0.5428571428571428 0.7486068111455109 0.5428571428571428 
19 0.6996904024767802 0.580952380952381 0.6637770897832818 0.6 0.6637770897832818 0.625 0.6643962848297214 0.6273809523809524 0.6835913312693499 0.6845238095238095 0.708359133126935 0.75 0.7089783281733746 0.7511904761904762 0.7226006191950465 0.7511904761904762 0.7368421052631579 0.7226190476190476 0.7374613003095976 0.719047619047619 0.7374613003095976 0.7083333333333334 0.7325077399380805 0.6607142857142857 0.7318885448916409 0.6571428571428571 0.7226006191950465 0.6202380952380953 0.7126934984520124 0.580952380952381 0.6996904024767802 0.580952380952381 
20 0.6489164086687307 0.6095238095238096 0.6346749226006192 0.6190476190476191 0.6291021671826625 0.6285714285714286 0.6291021671826625 0.655952380952381 0.6390092879256966 0.694047619047619 0.6637770897832818 0.75 0.6687306501547987 0.7607142857142857 0.6786377708978328 0.7797619047619048 0.686687306501548 0.7797619047619048 0.6879256965944273 0.7785714285714286 0.6879256965944273 0.7523809523809524 0.6829721362229102 0.6952380952380952 0.6780185758513931 0.6571428571428571 0.6681114551083591 0.611904761904762 0.6674922600619195 0.6095238095238096 0.6489164086687307 0.6095238095238096 
21 0.6043343653250774 0.6190476190476191 0.5993808049535604 0.6488095238095238 0.5993808049535604 0.7119047619047619 0.6043343653250774 0.75 0.6092879256965944 0.7702380952380953 0.6291021671826625 0.8083333333333333 0.6427244582043343 0.8083333333333333 0.643343653250774 0.8047619047619048 0.643343653250774 0.7619047619047619 0.6377708978328174 0.6476190476190476 0.6334365325077399 0.6297619047619047 0.6328173374613003 0.6285714285714286 0.6229102167182663 0.6190476190476191 0.6043343653250774 0.6190476190476191 
22 0.5696594427244582 0.6285714285714286 0.5653250773993808 0.638095238095238 0.5647058823529412 0.6404761904761904 0.5647058823529412 0.675 0.5696594427244582 0.7214285714285714 0.5894736842105263 0.8273809523809523 0.6030959752321982 0.8273809523809523 0.6086687306501548 0.8166666666666667 0.6086687306501548 0.7333333333333333 0.6037151702786377 0.6571428571428571 0.5789473684210527 0.6285714285714286 0.5696594427244582 0.6285714285714286 
23 0.5399380804953561 0.638095238095238 0.530030959752322 0.6666666666666666 0.530030959752322 0.6928571428571428 0.544891640866873 0.7511904761904762 0.5547987616099072 0.7880952380952381 0.5554179566563467 0.7892857142857143 0.5684210526315789 0.7892857142857143 0.5690402476780185 0.7857142857142857 0.5690402476780185 0.7535714285714286 0.5640866873065016 0.6488095238095238 0.5634674922600619 0.6476190476190476 0.5442724458204334 0.638095238095238 0.5399380804953561 0.638095238095238 
24 0.49597523219814244 0.638095238095238 0.4953560371517028 0.6404761904761904 0.4953560371517028 0.6642857142857143 0.5003095975232198 0.7095238095238096 0.5009287925696595 0.7130952380952381 0.5058823529411764 0.7321428571428571 0.5151702786377709 0.7595238095238095 0.5201238390092879 0.7702380952380953 0.525077399380805 0.7797619047619048 0.5306501547987617 0.7797619047619048 0.5337461300309597 0.7785714285714286 0.5343653250773994 0.7738095238095238 0.5343653250773994 0.7440476190476191 0.5294117647058824 0.6583333333333333 0.5287925696594428 0.6571428571428571 0.503405572755418 0.638095238095238 0.49597523219814244 0.638095238095238 
25 0.4662538699690402 0.6571428571428571 0.46563467492260063 0.6619047619047619 0.46563467492260063 0.7119047619047619 0.47058823529411764 0.7488095238095238 0.4712074303405573 0.7511904761904762 0.47554179566563465 0.763095238095238 0.4804953560371517 0.7702380952380953 0.49411764705882355 0.7702380952380953 0.49473684210526314 0.7678571428571429 0.49473684210526314 0.6571428571428571 0.4662538699690402 0.6571428571428571 
26 0.45572755417956656 0.638095238095238 0.43157894736842106 0.6476190476190476 0.4309597523219814 0.6488095238095238 0.4309597523219814 0.6738095238095239 0.4359133126934985 0.7869047619047619 0.43653250773993807 0.7892857142857143 0.4538699690402477 0.7892857142857143 0.45944272445820433 0.7797619047619048 0.460061919504644 0.7785714285714286 0.465015479876161 0.6833333333333333 0.465015479876161 0.638095238095238 0.45572755417956656 0.638095238095238 
27 0.42105263157894735 0.6190476190476191 0.39195046439628484 0.6285714285714286 0.3863777089783282 0.6392857142857142 0.3764705882352941 0.7833333333333333 0.3764705882352941 0.8369047619047619 0.3907120743034056 0.8369047619047619 0.3956656346749226 0.8273809523809523 0.40495356037151703 0.8083333333333333 0.4105263157894737 0.7880952380952381 0.42043343653250775 0.75 0.42538699690402476 0.7202380952380952 0.4297213622291022 0.694047619047619 0.43034055727554177 0.6857142857142857 0.43034055727554177 0.6285714285714286 0.4247678018575851 0.6190476190476191 0.42105263157894735 0.6190476190476191 
28 0.34674922600619196 0.6190476190476191 0.34674922600619196 0.6261904761904762 0.35170278637770896 0.7119047619047619 0.356656346749226 0.7892857142857143 0.3702786377708978 0.7892857142857143 0.37585139318885447 0.7797619047619048 0.38080495356037153 0.7702380952380953 0.3907120743034056 0.6309523809523809 0.3907120743034056 0.6285714285714286 0.38575851393188854 0.6202380952380953 0.3653250773993808 0.6190476190476191 0.34674922600619196 0.6190476190476191 
29 0.31207430340557274 0.6095238095238096 0.30712074303405573 0.7142857142857143 0.30712074303405573 0.7797619047619048 0.3263157894736842 0.7797619047619048 0.33622291021671824 0.7404761904761905 0.3510835913312694 0.6738095238095239 0.3560371517027864 0.6452380952380953 0.3560371517027864 0.6202380952380953 0.3510835913312694 0.6095238095238096 0.31207430340557274 0.6095238095238096 
30 0.2674922600619195 0.580952380952381 0.2631578947368421 0.6 0.2476780185758514 0.6773809523809524 0.24272445820433436 0.7083333333333334 0.24272445820433436 0.7309523809523809 0.2476780185758514 0.7416666666666667 0.25758513931888544 0.7511904761904762 0.27678018575851393 0.7511904761904762 0.29102167182662536 0.7321428571428571 0.291640866873065 0.7309523809523809 0.31145510835913315 0.675 0.31640866873065016 0.6547619047619048 0.32136222910216716 0.6178571428571429 0.32136222910216716 0.6035714285714285 0.32074303405572757 0.6 0.29659442724458207 0.5821428571428572 0.2934984520123839 0.580952380952381 0.2674922600619195 0.580952380952381 
31 0.23343653250773994 0.5523809523809524 0.21795665634674924 0.5619047619047619 0.2130030959752322 0.580952380952381 0.20804953560371517 0.6011904761904762 0.20309597523219813 0.638095238095238 0.20309597523219813 0.675 0.20804953560371517 0.7035714285714286 0.22724458204334366 0.7035714285714286 0.26191950464396285 0.655952380952381 0.26687306501547986 0.6369047619047619 0.2712074303405573 0.6142857142857143 0.2712074303405573 0.594047619047619 0.2693498452012384 0.5904761904761905 0.2371517027863777 0.5523809523809524 0.23343653250773994 0.5523809523809524 
32 0.17461300309597524 0.5238095238095238 0.1634674922600619 0.5333333333333333 0.1585139318885449 0.6357142857142857 0.1585139318885449 0.675 0.1634674922600619 0.694047619047619 0.18204334365325078 0.694047619047619 0.18761609907120744 0.6845238095238095 0.20743034055727555 0.6452380952380953 0.21238390092879256 0.6273809523809524 0.21671826625386997 0.6083333333333333 0.2173374613003096 0.6035714285714285 0.2173374613003096 0.5535714285714286 0.18637770897832817 0.5238095238095238 0.17461300309597524 0.5238095238095238 