1 0.20928792569659443 0.49523809523809526 0.20804953560371517 0.49642857142857144 0.19814241486068113 0.5535714285714286 0.19814241486068113 0.555952380952381 0.19876160990712075 0.5595238095238095 0.20309597523219813 0.569047619047619 0.20371517027863778 0.5702380952380952 0.2284829721362229 0.5892857142857143 0.24643962848297213 0.5892857142857143 0.2520123839009288 0.5797619047619048 0.2520123839009288 0.5166666666666667 0.2513931888544892 0.5142857142857142 0.221671826625387 0.49523809523809526 0.20928792569659443 0.49523809523809526 
2 0.248297213622291 0.5428571428571428 0.2476780185758514 0.544047619047619 0.22291021671826625 0.6285714285714286 0.22291021671826625 0.6821428571428572 0.2235294117647059 0.6833333333333333 0.22476780185758513 0.6845238095238095 0.2476780185758514 0.7023809523809523 0.24953560371517028 0.7035714285714286 0.2718266253869969 0.7035714285714286 0.2718266253869969 0.5726190476190476 0.26687306501547986 0.5535714285714286 0.25696594427244585 0.5428571428571428 0.248297213622291 0.5428571428571428 
3 0.2724458204334365 0.5142857142857142 0.2674922600619195 0.6607142857142857 0.2674922600619195 0.7130952380952381 0.28173374613003094 0.7130952380952381 0.31640866873065016 0.7035714285714286 0.31640866873065016 0.6476190476190476 0.31145510835913315 0.5738095238095238 0.3015479876160991 0.5333333333333333 0.29659442724458207 0.5238095238095238 0.28173374613003094 0.5142857142857142 0.2724458204334365 0.5142857142857142 
4 0.3269349845201238 0.5142857142857142 0.3219814241486068 0.5238095238095238 0.3170278637770898 0.5452380952380952 0.31207430340557274 0.6666666666666666 0.31207430340557274 0.7011904761904761 0.3126934984520124 0.7035714285714286 0.3455108359133127 0.7035714285714286 0.3461300309597523 0.7023809523809523 0.3510835913312694 0.6833333333333333 0.3510835913312694 0.6476190476190476 0.3461300309597523 0.5345238095238095 0.3411764705882353 0.5238095238095238 0.33560371517027865 0.5142857142857142 0.3269349845201238 0.5142857142857142 
5 0.3473684210526316 0.5142857142857142 0.34674922600619196 0.5154761904761904 0.34674922600619196 0.6928571428571428 0.35170278637770896 0.7035714285714286 0.37089783281733746 0.7035714285714286 0.37585139318885447 0.694047619047619 0.38080495356037153 0.6833333333333333 0.38080495356037153 0.6583333333333333 0.37585139318885447 0.6190476190476191 0.36594427244582045 0.5428571428571428 0.3609907120743034 0.525 0.3560371517027864 0.5154761904761904 0.3541795665634675 0.5142857142857142 0.3473684210526316 0.5142857142857142 
6 0.3721362229102167 0.44761904761904764 0.3715170278637771 0.4488095238095238 0.36656346749226004 0.4666666666666667 0.36656346749226004 0.5119047619047619 0.3715170278637771 0.6178571428571429 0.3814241486068111 0.6464285714285715 0.4024767801857585 0.6464285714285715 0.4055727554179567 0.6452380952380953 0.4148606811145511 0.6273809523809524 0.4154798761609907 0.625 0.4154798761609907 0.5916666666666667 0.3907120743034056 0.45714285714285713 0.38575851393188854 0.44761904761904764 0.3721362229102167 0.44761904761904764 
7 0.421671826625387 0.49523809523809526 0.42105263157894735 0.4976190476190476 0.41609907120743034 0.5714285714285714 0.41609907120743034 0.6928571428571428 0.41671826625387 0.694047619047619 0.44458204334365325 0.694047619047619 0.4452012383900929 0.6928571428571428 0.4452012383900929 0.6095238095238096 0.44024767801857584 0.5333333333333333 0.43529411764705883 0.5142857142857142 0.43034055727554177 0.49642857142857144 0.42910216718266253 0.49523809523809526 0.421671826625387 0.49523809523809526 
8 0.4662538699690402 0.47619047619047616 0.45572755417956656 0.49642857142857144 0.4458204334365325 0.6428571428571429 0.4458204334365325 0.6928571428571428 0.45077399380804956 0.7035714285714286 0.4934984520123839 0.7035714285714286 0.49473684210526314 0.7011904761904761 0.49473684210526314 0.65 0.4848297213622291 0.49642857142857144 0.47987616099071206 0.4857142857142857 0.4743034055727554 0.47619047619047616 0.4662538699690402 0.47619047619047616 
9 0.5058823529411764 0.49523809523809526 0.5052631578947369 0.49642857142857144 0.5003095975232198 0.5142857142857142 0.4953560371517028 0.5773809523809523 0.4904024767801858 0.6595238095238095 0.4904024767801858 0.6928571428571428 0.49597523219814244 0.7035714285714286 0.530030959752322 0.7130952380952381 0.5386996904024768 0.7130952380952381 0.5436532507739938 0.7035714285714286 0.5442724458204334 0.7011904761904761 0.5442724458204334 0.6595238095238095 0.5393188854489164 0.594047619047619 0.5294117647058824 0.5119047619047619 0.5244582043343653 0.49523809523809526 0.5058823529411764 0.49523809523809526 
11 0.595046439628483 0.47619047619047616 0.5894736842105263 0.4857142857142857 0.5851393188854489 0.49523809523809526 0.544891640866873 0.5916666666666667 0.5399380804953561 0.6095238095238096 0.5399380804953561 0.6654761904761904 0.573374613003096 0.6654761904761904 0.5839009287925696 0.655952380952381 0.6086687306501548 0.5595238095238095 0.6130030959752322 0.5416666666666666 0.6136222910216719 0.5380952380952381 0.6136222910216719 0.47619047619047616 0.595046439628483 0.47619047619047616 
12 0.6253869969040248 0.5047619047619047 0.6191950464396285 0.5142857142857142 0.604953560371517 0.5523809523809524 0.5993808049535604 0.5726190476190476 0.5845201238390093 0.6583333333333333 0.5845201238390093 0.6916666666666667 0.5851393188854489 0.694047619047619 0.5993808049535604 0.7226190476190476 0.6229102167182663 0.7226190476190476 0.6334365325077399 0.7130952380952381 0.6334365325077399 0.5059523809523809 0.6328173374613003 0.5047619047619047 0.6253869969040248 0.5047619047619047 
13 0.6439628482972136 0.4666666666666667 0.6390092879256966 0.4857142857142857 0.6142414860681115 0.7142857142857143 0.6142414860681115 0.7321428571428571 0.6613003095975232 0.7321428571428571 0.6631578947368421 0.7309523809523809 0.6730650154798762 0.675 0.6780185758513931 0.6464285714285715 0.6780185758513931 0.580952380952381 0.6681114551083591 0.525 0.6625386996904025 0.49523809523809526 0.6575851393188854 0.47619047619047616 0.653250773993808 0.46785714285714286 0.6520123839009287 0.4666666666666667 0.6439628482972136 0.4666666666666667 
14 0.6990712074303406 0.5238095238095238 0.6934984520123839 0.5333333333333333 0.6885448916408669 0.5428571428571428 0.6786377708978328 0.5916666666666667 0.6637770897832818 0.6666666666666666 0.6637770897832818 0.7119047619047619 0.6643962848297214 0.7130952380952381 0.6792569659442724 0.7226190476190476 0.698452012383901 0.7321428571428571 0.7170278637770898 0.7321428571428571 0.7176470588235294 0.7309523809523809 0.7325077399380805 0.5702380952380952 0.7325077399380805 0.5571428571428572 0.7318885448916409 0.5523809523809524 0.7275541795665634 0.5428571428571428 0.7077399380804954 0.5238095238095238 0.6990712074303406 0.5238095238095238 
15 0.7386996904024767 0.49523809523809526 0.7331269349845201 0.5047619047619047 0.7281733746130031 0.5238095238095238 0.7232198142414861 0.5523809523809524 0.718266253869969 0.5821428571428572 0.713312693498452 0.6476190476190476 0.713312693498452 0.7107142857142857 0.7139318885448916 0.7130952380952381 0.7188854489164087 0.7226190476190476 0.7281733746130031 0.7297619047619047 0.7331269349845201 0.7321428571428571 0.7473684210526316 0.7321428571428571 0.756656346749226 0.7226190476190476 0.7622291021671826 0.7130952380952381 0.7671826625386997 0.6928571428571428 0.7671826625386997 0.6869047619047619 0.7523219814241486 0.5226190476190476 0.7510835913312693 0.5142857142857142 0.7473684210526316 0.4976190476190476 0.746749226006192 0.49523809523809526 0.7386996904024767 0.49523809523809526 
16 0.7585139318885449 0.5238095238095238 0.7380804953560371 0.5428571428571428 0.7331269349845201 0.5619047619047619 0.7331269349845201 0.569047619047619 0.7380804953560371 0.5964285714285714 0.7386996904024767 0.5988095238095238 0.7479876160990712 0.6178571428571429 0.7535603715170278 0.6273809523809524 0.7715170278637771 0.6273809523809524 0.7919504643962848 0.5892857142857143 0.7919504643962848 0.5678571428571428 0.7913312693498452 0.5619047619047619 0.7869969040247679 0.5523809523809524 0.7715170278637771 0.5238095238095238 0.7585139318885449 0.5238095238095238 
17 0.7876160990712074 0.7238095238095238 0.7777089783281734 0.7333333333333333 0.7628482972136222 0.7535714285714286 0.7585139318885449 0.7619047619047619 0.7578947368421053 0.7714285714285715 0.7578947368421053 0.7964285714285714 0.7628482972136222 0.8178571428571428 0.7684210526315789 0.8273809523809523 0.773374613003096 0.8357142857142857 0.7746130030959752 0.8369047619047619 0.7919504643962848 0.8369047619047619 0.8117647058823529 0.7988095238095239 0.8117647058823529 0.7535714285714286 0.8068111455108359 0.7333333333333333 0.8018575851393189 0.7238095238095238 0.7876160990712074 0.7238095238095238 
18 0.7238390092879257 0.7142857142857143 0.713312693498452 0.7238095238095238 0.7034055727554179 0.7333333333333333 0.7034055727554179 0.7595238095238095 0.713312693498452 0.8178571428571428 0.718266253869969 0.8369047619047619 0.7232198142414861 0.8547619047619047 0.7281733746130031 0.8654761904761905 0.7386996904024767 0.875 0.7671826625386997 0.875 0.7721362229102167 0.8642857142857143 0.7721362229102167 0.8392857142857143 0.7671826625386997 0.7202380952380952 0.76656346749226 0.7142857142857143 0.7238390092879257 0.7142857142857143 
19 0.6538699690402476 0.7238095238095238 0.6495356037151703 0.7333333333333333 0.6489164086687307 0.7357142857142858 0.6489164086687307 0.7797619047619048 0.6637770897832818 0.8916666666666667 0.6643962848297214 0.8940476190476191 0.6743034055727554 0.9130952380952381 0.6879256965944273 0.9130952380952381 0.7065015479876161 0.9035714285714286 0.7077399380804954 0.9023809523809524 0.7126934984520124 0.8940476190476191 0.7126934984520124 0.8321428571428572 0.7077399380804954 0.7261904761904762 0.7065015479876161 0.7238095238095238 0.6538699690402476 0.7238095238095238 
20 0.614860681114551 0.7238095238095238 0.6092879256965944 0.7333333333333333 0.6043343653250774 0.7547619047619047 0.6043343653250774 0.7702380952380953 0.6191950464396285 0.8928571428571429 0.6241486068111455 0.9107142857142857 0.6291021671826625 0.9226190476190477 0.6340557275541796 0.9321428571428572 0.6427244582043343 0.9321428571428572 0.648297213622291 0.9226190476190477 0.6526315789473685 0.9035714285714286 0.653250773993808 0.8988095238095238 0.6582043343653251 0.8511904761904762 0.6582043343653251 0.8083333333333333 0.6575851393188854 0.8 0.653250773993808 0.7535714285714286 0.648297213622291 0.7345238095238096 0.643343653250774 0.725 0.6421052631578947 0.7238095238095238 0.614860681114551 0.7238095238095238 
21 0.5894736842105263 0.7047619047619048 0.5845201238390093 0.7142857142857143 0.5795665634674922 0.7523809523809524 0.5746130030959752 0.8416666666666667 0.5746130030959752 0.8833333333333333 0.5752321981424149 0.8845238095238095 0.5882352941176471 0.8845238095238095 0.6086687306501548 0.8154761904761905 0.6185758513931888 0.7416666666666667 0.6185758513931888 0.7238095238095238 0.6130030959752322 0.7142857142857143 0.6037151702786377 0.7047619047619048 0.5894736842105263 0.7047619047619048 
22 0.5671826625386996 0.6857142857142857 0.5647058823529412 0.6869047619047619 0.5554179566563467 0.6952380952380952 0.5498452012383901 0.7154761904761905 0.544891640866873 0.7428571428571429 0.544891640866873 0.861904761904762 0.5498452012383901 0.9011904761904762 0.5504643962848297 0.9035714285714286 0.5547987616099072 0.9130952380952381 0.5578947368421052 0.9130952380952381 0.5591331269349845 0.9119047619047619 0.5634674922600619 0.8940476190476191 0.5888544891640867 0.7416666666666667 0.5888544891640867 0.719047619047619 0.5882352941176471 0.7142857142857143 0.5839009287925696 0.6952380952380952 0.5789473684210527 0.6869047619047619 0.5777089783281734 0.6857142857142857 0.5671826625386996 0.6857142857142857 
23 0.5399380804953561 0.6857142857142857 0.5151702786377709 0.6952380952380952 0.5102167182662539 0.7285714285714285 0.4953560371517028 0.8666666666666667 0.4953560371517028 0.8928571428571429 0.496594427244582 0.8940476190476191 0.5188854489164086 0.8940476190476191 0.5244582043343653 0.8845238095238095 0.5393188854489164 0.8083333333333333 0.5492260061919505 0.7511904761904762 0.5492260061919505 0.6857142857142857 0.5399380804953561 0.6857142857142857 
24 0.49102167182662537 0.6761904761904762 0.4904024767801858 0.6773809523809524 0.48111455108359136 0.6964285714285714 0.4804953560371517 0.6988095238095238 0.4804953560371517 0.8642857142857143 0.48606811145510836 0.875 0.49411764705882355 0.875 0.49907120743034056 0.844047619047619 0.5046439628482973 0.8071428571428572 0.5095975232198142 0.7702380952380953 0.5145510835913313 0.7297619047619047 0.5145510835913313 0.6952380952380952 0.49473684210526314 0.6761904761904762 0.49102167182662537 0.6761904761904762 
25 0.4520123839009288 0.6857142857142857 0.45077399380804956 0.6869047619047619 0.4458204334365325 0.7333333333333333 0.4408668730650155 0.8226190476190476 0.4408668730650155 0.875 0.4458204334365325 0.8845238095238095 0.4588235294117647 0.8845238095238095 0.460061919504644 0.8833333333333333 0.46439628482972134 0.875 0.465015479876161 0.8714285714285714 0.47987616099071206 0.7392857142857143 0.47987616099071206 0.6976190476190476 0.4792569659442725 0.6952380952380952 0.4551083591331269 0.6857142857142857 0.4520123839009288 0.6857142857142857 
26 0.44148606811145513 0.6761904761904762 0.4173374613003096 0.6857142857142857 0.41609907120743034 0.6869047619047619 0.41609907120743034 0.7511904761904762 0.42105263157894735 0.8845238095238095 0.426625386996904 0.8940476190476191 0.4346749226006192 0.8940476190476191 0.44024767801857584 0.8845238095238095 0.4452012383900929 0.8654761904761905 0.4501547987616099 0.7952380952380952 0.4501547987616099 0.6880952380952381 0.4452012383900929 0.6773809523809524 0.4439628482972136 0.6761904761904762 0.44148606811145513 0.6761904761904762 
27 0.3845201238390093 0.6952380952380952 0.3814241486068111 0.6964285714285714 0.3814241486068111 0.75 0.3913312693498452 0.8845238095238095 0.40495356037151703 0.8845238095238095 0.4055727554179567 0.8833333333333333 0.4154798761609907 0.8464285714285714 0.42043343653250775 0.8261904761904761 0.42043343653250775 0.7440476190476191 0.4154798761609907 0.6952380952380952 0.3845201238390093 0.6952380952380952 
28 0.3572755417956656 0.6952380952380952 0.35170278637770896 0.7047619047619048 0.35170278637770896 0.7404761904761905 0.36160990712074303 0.8369047619047619 0.36656346749226004 0.875 0.3715170278637771 0.8940476190476191 0.37585139318885447 0.8940476190476191 0.3801857585139319 0.8845238095238095 0.38575851393188854 0.8369047619047619 0.38575851393188854 0.6952380952380952 0.3572755417956656 0.6952380952380952 
29 0.3170278637770898 0.7047619047619048 0.3170278637770898 0.7476190476190476 0.3219814241486068 0.7964285714285714 0.3269349845201238 0.8357142857142857 0.3318885448916409 0.8738095238095238 0.3331269349845201 0.875 0.3448916408668731 0.875 0.3461300309597523 0.8738095238095238 0.3510835913312694 0.8357142857142857 0.3560371517027864 0.7511904761904762 0.3560371517027864 0.7047619047619048 0.3170278637770898 0.7047619047619048 
30 0.28792569659442724 0.7047619047619048 0.2674922600619195 0.7142857142857143 0.25263157894736843 0.8392857142857143 0.25263157894736843 0.8559523809523809 0.25758513931888544 0.8654761904761905 0.28792569659442724 0.8845238095238095 0.30092879256965943 0.8845238095238095 0.3065015479876161 0.875 0.31145510835913315 0.8464285714285714 0.32136222910216716 0.75 0.32136222910216716 0.7285714285714285 0.32074303405572757 0.7238095238095238 0.3157894736842105 0.7142857142857143 0.3065015479876161 0.7047619047619048 0.28792569659442724 0.7047619047619048 
31 0.23281733746130032 0.6857142857142857 0.22291021671826625 0.6964285714285714 0.21795665634674924 0.705952380952381 0.21795665634674924 0.8273809523809523 0.22786377708978328 0.8369047619047619 0.23839009287925697 0.8464285714285714 0.2513931888544892 0.8464285714285714 0.25696594427244585 0.8273809523809523 0.2718266253869969 0.7297619047619047 0.2718266253869969 0.7142857142857143 0.26687306501547986 0.6952380952380952 0.2476780185758514 0.6857142857142857 0.23281733746130032 0.6857142857142857 
32 0.19442724458204336 0.6857142857142857 0.18390092879256967 0.6952380952380952 0.18328173374613002 0.6964285714285714 0.18328173374613002 0.7595238095238095 0.1931888544891641 0.7892857142857143 0.19814241486068113 0.7988095238095239 0.22229102167182663 0.7988095238095239 0.22229102167182663 0.6952380952380952 0.2068111455108359 0.6857142857142857 0.19442724458204336 0.6857142857142857 