1 0.2743034055727554 0.3047619047619048 0.2724458204334365 0.305952380952381 0.25758513931888544 0.38095238095238093 0.25263157894736843 0.4095238095238095 0.25263157894736843 0.4726190476190476 0.2532507739938081 0.475 0.2625386996904025 0.4845238095238095 0.2724458204334365 0.49404761904761907 0.291640866873065 0.49404761904761907 0.29659442724458207 0.48333333333333334 0.3015479876160991 0.4654761904761905 0.3015479876160991 0.42023809523809524 0.29659442724458207 0.3619047619047619 0.291640866873065 0.31547619047619047 0.28606811145510835 0.3047619047619048 0.2743034055727554 0.3047619047619048 
2 0.30712074303405573 0.34285714285714286 0.29226006191950465 0.45714285714285713 0.29226006191950465 0.5011904761904762 0.3021671826625387 0.5226190476190476 0.33622291021671824 0.5226190476190476 0.3411764705882353 0.5119047619047619 0.3411764705882353 0.34404761904761905 0.34055727554179566 0.34285714285714286 0.30712074303405573 0.34285714285714286 
3 0.3368421052631579 0.3619047619047619 0.3368421052631579 0.5392857142857143 0.33746130030959753 0.5416666666666666 0.36160990712074303 0.5511904761904762 0.3752321981424149 0.5511904761904762 0.38575851393188854 0.5321428571428571 0.38575851393188854 0.5047619047619047 0.38080495356037153 0.3619047619047619 0.3368421052631579 0.3619047619047619 
4 0.39628482972136225 0.3238095238095238 0.3863777089783282 0.34285714285714286 0.3764705882352941 0.49523809523809526 0.3764705882352941 0.5107142857142857 0.3814241486068111 0.55 0.3863777089783282 0.5607142857142857 0.4006191950464396 0.5607142857142857 0.40990712074303404 0.5511904761904762 0.4105263157894737 0.55 0.4105263157894737 0.42857142857142855 0.4055727554179567 0.3238095238095238 0.39628482972136225 0.3238095238095238 
5 0.42105263157894735 0.3238095238095238 0.41609907120743034 0.3345238095238095 0.41114551083591333 0.3535714285714286 0.40619195046439627 0.44761904761904764 0.40123839009287926 0.5428571428571428 0.40123839009287926 0.5595238095238095 0.40619195046439627 0.5880952380952381 0.4068111455108359 0.5892857142857143 0.4247678018575851 0.5892857142857143 0.43034055727554177 0.5797619047619048 0.44024767801857584 0.5595238095238095 0.44024767801857584 0.45 0.43529411764705883 0.3261904761904762 0.4346749226006192 0.3238095238095238 0.42105263157894735 0.3238095238095238 
6 0.4408668730650155 0.3333333333333333 0.4359133126934985 0.3523809523809524 0.4309597523219814 0.42023809523809524 0.4309597523219814 0.4523809523809524 0.4359133126934985 0.5892857142857143 0.4501547987616099 0.5892857142857143 0.4551083591331269 0.5773809523809523 0.465015479876161 0.55 0.465015479876161 0.49523809523809526 0.4551083591331269 0.3523809523809524 0.4501547987616099 0.3345238095238095 0.4476780185758514 0.3333333333333333 0.4408668730650155 0.3333333333333333 
7 0.47058823529411764 0.3523809523809524 0.46563467492260063 0.3821428571428571 0.46068111455108357 0.41904761904761906 0.46068111455108357 0.575 0.4613003095975232 0.5785714285714286 0.46563467492260063 0.5880952380952381 0.4662538699690402 0.5892857142857143 0.47987616099071206 0.5892857142857143 0.4842105263157895 0.5785714285714286 0.4848297213622291 0.5714285714285714 0.4848297213622291 0.3535714285714286 0.4842105263157895 0.3523809523809524 0.47058823529411764 0.3523809523809524 
8 0.5009287925696595 0.3523809523809524 0.5003095975232198 0.3547619047619048 0.4953560371517028 0.375 0.4904024767801858 0.4095238095238095 0.4854489164086687 0.4583333333333333 0.48111455108359136 0.5047619047619047 0.4804953560371517 0.5154761904761904 0.4804953560371517 0.5595238095238095 0.48111455108359136 0.5702380952380952 0.4854489164086687 0.5892857142857143 0.5139318885448917 0.5892857142857143 0.5145510835913313 0.5880952380952381 0.5145510835913313 0.5059523809523809 0.5095975232198142 0.3630952380952381 0.5040247678018576 0.3523809523809524 0.5009287925696595 0.3523809523809524 
9 0.525077399380805 0.37142857142857144 0.5201238390092879 0.38095238095238093 0.5102167182662539 0.4869047619047619 0.5102167182662539 0.5892857142857143 0.5436532507739938 0.5892857142857143 0.5442724458204334 0.5880952380952381 0.5442724458204334 0.3904761904761905 0.5393188854489164 0.3726190476190476 0.5374613003095975 0.37142857142857144 0.525077399380805 0.37142857142857144 
10 0.5547987616099072 0.3619047619047619 0.5498452012383901 0.38095238095238093 0.544891640866873 0.41904761904761906 0.5399380804953561 0.5142857142857142 0.5399380804953561 0.5785714285714286 0.544891640866873 0.5892857142857143 0.5684210526315789 0.5892857142857143 0.573374613003096 0.5797619047619048 0.5739938080495356 0.5773809523809523 0.5739938080495356 0.5547619047619048 0.5640866873065016 0.3678571428571429 0.5634674922600619 0.36428571428571427 0.5628482972136223 0.3619047619047619 0.5547987616099072 0.3619047619047619 
11 0.5795665634674922 0.3142857142857143 0.5746130030959752 0.34285714285714286 0.5696594427244582 0.42142857142857143 0.5647058823529412 0.5059523809523809 0.5647058823529412 0.55 0.5702786377708978 0.5797619047619048 0.5752321981424149 0.5892857142857143 0.5888544891640867 0.5892857142857143 0.5938080495356037 0.5797619047619048 0.5938080495356037 0.34523809523809523 0.5888544891640867 0.31547619047619047 0.5863777089783282 0.3142857142857143 0.5795665634674922 0.3142857142857143 
12 0.5944272445820433 0.37142857142857144 0.590092879256966 0.4095238095238095 0.5894736842105263 0.4154761904761905 0.5894736842105263 0.530952380952381 0.5944272445820433 0.5761904761904761 0.5956656346749226 0.5797619047619048 0.6179566563467492 0.5797619047619048 0.6229102167182663 0.5702380952380952 0.6235294117647059 0.5678571428571428 0.6235294117647059 0.5178571428571429 0.6136222910216719 0.3904761904761905 0.6086687306501548 0.37142857142857144 0.5944272445820433 0.37142857142857144 
13 0.6142414860681115 0.34285714285714286 0.6092879256965944 0.3630952380952381 0.6092879256965944 0.4738095238095238 0.6142414860681115 0.5226190476190476 0.6191950464396285 0.5666666666666667 0.6198142414860681 0.569047619047619 0.6204334365325077 0.5702380952380952 0.6377708978328174 0.5702380952380952 0.648297213622291 0.5607142857142857 0.648297213622291 0.49523809523809526 0.6334365325077399 0.37142857142857144 0.628482972136223 0.34404761904761905 0.6278637770897832 0.34285714285714286 0.6142414860681115 0.34285714285714286 
14 0.6489164086687307 0.3333333333333333 0.6439628482972136 0.34404761904761905 0.6390092879256966 0.3619047619047619 0.6390092879256966 0.5226190476190476 0.6439628482972136 0.55 0.6445820433436532 0.5511904761904762 0.6575851393188854 0.5511904761904762 0.6804953560371517 0.5321428571428571 0.6829721362229102 0.5297619047619048 0.6879256965944273 0.5226190476190476 0.6879256965944273 0.4880952380952381 0.6829721362229102 0.3619047619047619 0.6681114551083591 0.3345238095238095 0.6668730650154798 0.3333333333333333 0.6489164086687307 0.3333333333333333 
15 0.6934984520123839 0.3238095238095238 0.6885448916408669 0.3333333333333333 0.6835913312693499 0.3535714285714286 0.6786377708978328 0.38095238095238093 0.6786377708978328 0.49404761904761907 0.6835913312693499 0.5214285714285715 0.6842105263157895 0.5226190476190476 0.7077399380804954 0.5226190476190476 0.7275541795665634 0.513095238095238 0.7275541795665634 0.46904761904761905 0.7226006191950465 0.38333333333333336 0.7176470588235294 0.3333333333333333 0.7021671826625387 0.3238095238095238 0.6934984520123839 0.3238095238095238 
16 0.7232198142414861 0.3047619047619048 0.7188854489164087 0.3142857142857143 0.718266253869969 0.31666666666666665 0.718266253869969 0.475 0.7238390092879257 0.49404761904761907 0.7325077399380805 0.49404761904761907 0.7560371517027864 0.4845238095238095 0.7622291021671826 0.475 0.7671826625386997 0.3892857142857143 0.7671826625386997 0.31666666666666665 0.7659442724458204 0.3142857142857143 0.7312693498452012 0.3047619047619048 0.7232198142414861 0.3047619047619048 
17 0.7578947368421053 0.4666666666666667 0.7343653250773994 0.47619047619047616 0.7331269349845201 0.4773809523809524 0.713312693498452 0.5047619047619047 0.713312693498452 0.5297619047619048 0.718266253869969 0.5607142857142857 0.7386996904024767 0.6178571428571429 0.7430340557275542 0.6261904761904762 0.7628482972136222 0.6464285714285715 0.7808049535603715 0.6464285714285715 0.8068111455108359 0.6083333333333333 0.8068111455108359 0.6 0.7622291021671826 0.46785714285714286 0.7609907120743034 0.4666666666666667 0.7578947368421053 0.4666666666666667 
18 0.6885448916408669 0.5142857142857142 0.6736842105263158 0.5238095238095238 0.6687306501547987 0.5345238095238095 0.6687306501547987 0.569047619047619 0.6835913312693499 0.6357142857142857 0.6941176470588235 0.675 0.708359133126935 0.7130952380952381 0.718266253869969 0.7226190476190476 0.7318885448916409 0.7226190476190476 0.7417956656346749 0.7035714285714286 0.7424148606811145 0.7011904761904761 0.7424148606811145 0.6535714285714286 0.7417956656346749 0.6488095238095238 0.7226006191950465 0.5452380952380952 0.7176470588235294 0.5238095238095238 0.7126934984520124 0.5154761904761904 0.7095975232198143 0.5142857142857142 0.6885448916408669 0.5142857142857142 
19 0.6489164086687307 0.5428571428571428 0.6340557275541796 0.5535714285714286 0.6291021671826625 0.5630952380952381 0.6291021671826625 0.6273809523809524 0.6340557275541796 0.6654761904761904 0.6390092879256966 0.694047619047619 0.6489164086687307 0.7321428571428571 0.6588235294117647 0.7595238095238095 0.6594427244582043 0.7607142857142857 0.6773993808049535 0.7607142857142857 0.7027863777089783 0.7321428571428571 0.7027863777089783 0.6869047619047619 0.6780185758513931 0.5642857142857143 0.6730650154798762 0.5452380952380952 0.6718266253869969 0.5428571428571428 0.6489164086687307 0.5428571428571428 
20 0.614860681114551 0.5619047619047619 0.604953560371517 0.5714285714285714 0.6043343653250774 0.5726190476190476 0.6043343653250774 0.6166666666666667 0.6291021671826625 0.7892857142857143 0.648297213622291 0.7892857142857143 0.648297213622291 0.7404761904761905 0.638390092879257 0.5738095238095238 0.6377708978328174 0.5714285714285714 0.6328173374613003 0.5619047619047619 0.614860681114551 0.5619047619047619 
21 0.5795665634674922 0.580952380952381 0.5795665634674922 0.6726190476190477 0.5894736842105263 0.7130952380952381 0.6142414860681115 0.7880952380952381 0.6191950464396285 0.7988095238095239 0.6229102167182663 0.7988095238095239 0.6235294117647059 0.7976190476190477 0.6235294117647059 0.7357142857142858 0.6037151702786377 0.580952380952381 0.5795665634674922 0.580952380952381 
22 0.5597523219814241 0.580952380952381 0.5547987616099072 0.6130952380952381 0.5547987616099072 0.6369047619047619 0.5597523219814241 0.7166666666666667 0.5696594427244582 0.7797619047619048 0.5746130030959752 0.7988095238095239 0.5801857585139318 0.8083333333333333 0.5931888544891641 0.8083333333333333 0.5938080495356037 0.8071428571428572 0.5938080495356037 0.763095238095238 0.5839009287925696 0.6214285714285714 0.5789473684210527 0.6 0.5739938080495356 0.580952380952381 0.5597523219814241 0.580952380952381 
23 0.5399380804953561 0.6 0.534984520123839 0.6095238095238096 0.534984520123839 0.6738095238095239 0.544891640866873 0.7404761904761905 0.5498452012383901 0.7607142857142857 0.5597523219814241 0.7785714285714286 0.5628482972136223 0.7797619047619048 0.5684210526315789 0.7797619047619048 0.5690402476780185 0.7785714285714286 0.5690402476780185 0.7333333333333333 0.5591331269349845 0.6107142857142858 0.5535603715170279 0.6 0.5399380804953561 0.6 
24 0.530030959752322 0.6 0.5108359133126935 0.6095238095238096 0.5102167182662539 0.6107142857142858 0.5102167182662539 0.6273809523809524 0.5201238390092879 0.7214285714285714 0.525077399380805 0.7511904761904762 0.530030959752322 0.7702380952380953 0.5356037151702786 0.7797619047619048 0.5442724458204334 0.7797619047619048 0.5442724458204334 0.7083333333333334 0.5393188854489164 0.6285714285714286 0.5343653250773994 0.6 0.530030959752322 0.6 
25 0.5009287925696595 0.6 0.5003095975232198 0.6011904761904762 0.49597523219814244 0.6107142857142858 0.4953560371517028 0.6130952380952381 0.4953560371517028 0.7130952380952381 0.5003095975232198 0.7607142857142857 0.5058823529411764 0.7690476190476191 0.5077399380804953 0.7702380952380953 0.513312693498452 0.7702380952380953 0.5145510835913313 0.7678571428571429 0.5188854489164086 0.7511904761904762 0.5195046439628483 0.7404761904761905 0.5195046439628483 0.6226190476190476 0.5188854489164086 0.6190476190476191 0.5145510835913313 0.6 0.5009287925696595 0.6 
26 0.4761609907120743 0.6 0.47058823529411764 0.6095238095238096 0.47058823529411764 0.6654761904761904 0.47554179566563465 0.7416666666666667 0.4804953560371517 0.7607142857142857 0.4854489164086687 0.7702380952380953 0.49473684210526314 0.7702380952380953 0.4996904024767802 0.6654761904761904 0.4996904024767802 0.6 0.4761609907120743 0.6 
27 0.45139318885448915 0.5904761904761905 0.45077399380804956 0.5916666666666667 0.44643962848297214 0.611904761904762 0.4458204334365325 0.6154761904761905 0.4458204334365325 0.7226190476190476 0.45077399380804956 0.7702380952380953 0.46068111455108357 0.8178571428571428 0.46563467492260063 0.8273809523809523 0.47492260061919506 0.8273809523809523 0.4792569659442725 0.8178571428571428 0.47987616099071206 0.8154761904761905 0.47987616099071206 0.7916666666666666 0.47492260061919506 0.6190476190476191 0.465015479876161 0.5916666666666667 0.46439628482972134 0.5904761904761905 0.45139318885448915 0.5904761904761905 
28 0.421671826625387 0.580952380952381 0.41609907120743034 0.5904761904761905 0.41114551083591333 0.6 0.40619195046439627 0.6952380952380952 0.40619195046439627 0.7892857142857143 0.4117647058823529 0.7988095238095239 0.42538699690402476 0.7988095238095239 0.43529411764705883 0.7702380952380953 0.44024767801857584 0.7404761904761905 0.4452012383900929 0.7023809523809523 0.4501547987616099 0.6523809523809524 0.4501547987616099 0.5916666666666667 0.4452012383900929 0.5821428571428572 0.443343653250774 0.580952380952381 0.421671826625387 0.580952380952381 
29 0.38699690402476783 0.5714285714285714 0.3863777089783282 0.5726190476190476 0.3764705882352941 0.7428571428571429 0.3764705882352941 0.7976190476190477 0.37894736842105264 0.7988095238095239 0.3907120743034056 0.7988095238095239 0.4006191950464396 0.7797619047619048 0.4055727554179567 0.7583333333333333 0.4105263157894737 0.7226190476190476 0.42043343653250775 0.6464285714285715 0.42043343653250775 0.580952380952381 0.40990712074303404 0.5714285714285714 0.38699690402476783 0.5714285714285714 
30 0.3473684210526316 0.5428571428571428 0.34674922600619196 0.544047619047619 0.34179566563467495 0.5642857142857143 0.3170278637770898 0.6952380952380952 0.3170278637770898 0.7321428571428571 0.3523219814241486 0.7511904761904762 0.3702786377708978 0.7511904761904762 0.37089783281733746 0.7488095238095238 0.38080495356037153 0.7035714285714286 0.3907120743034056 0.6357142857142857 0.3956656346749226 0.5785714285714286 0.3956656346749226 0.5535714285714286 0.3907120743034056 0.5428571428571428 0.3473684210526316 0.5428571428571428 
31 0.2978328173374613 0.5142857142857142 0.29226006191950465 0.5345238095238095 0.26811145510835915 0.6571428571428571 0.2674922600619195 0.6630952380952381 0.2674922600619195 0.6845238095238095 0.27306501547987616 0.6928571428571428 0.2873065015479876 0.7130952380952381 0.30092879256965943 0.7130952380952381 0.3040247678018576 0.7119047619047619 0.3065015479876161 0.7107142857142857 0.31145510835913315 0.7023809523809523 0.32136222910216716 0.6833333333333333 0.3306501547987616 0.655952380952381 0.33126934984520123 0.6535714285714286 0.3510835913312694 0.5702380952380952 0.3510835913312694 0.5345238095238095 0.3504643962848297 0.5333333333333333 0.32074303405572757 0.5142857142857142 0.2978328173374613 0.5142857142857142 
32 0.25758513931888544 0.47619047619047616 0.25263157894736843 0.4857142857142857 0.21795665634674924 0.5821428571428572 0.21795665634674924 0.6261904761904762 0.2235294117647059 0.6369047619047619 0.23281733746130032 0.6464285714285715 0.2563467492260062 0.6464285714285715 0.2594427244582043 0.6452380952380953 0.26687306501547986 0.6357142857142857 0.27678018575851393 0.6166666666666667 0.30092879256965943 0.5416666666666666 0.3015479876160991 0.5380952380952381 0.3015479876160991 0.49523809523809526 0.2755417956656347 0.47619047619047616 0.25758513931888544 0.47619047619047616 