1 0.29226006191950465 0.34285714285714286 0.2724458204334365 0.38095238095238093 0.2724458204334365 0.41785714285714287 0.2873065015479876 0.44642857142857145 0.3157894736842105 0.44642857142857145 0.31640866873065016 0.4452380952380952 0.32136222910216716 0.3892857142857143 0.32136222910216716 0.3619047619047619 0.31640866873065016 0.34285714285714286 0.29226006191950465 0.34285714285714286 
2 0.3269349845201238 0.38095238095238093 0.29721362229102166 0.45714285714285713 0.2873065015479876 0.4869047619047619 0.2873065015479876 0.5321428571428571 0.29226006191950465 0.5416666666666666 0.3027863777089783 0.5607142857142857 0.3256965944272446 0.5607142857142857 0.3263157894736842 0.5595238095238095 0.33126934984520123 0.5416666666666666 0.33622291021671824 0.513095238095238 0.3411764705882353 0.475 0.3411764705882353 0.38095238095238093 0.3269349845201238 0.38095238095238093 
3 0.34674922600619196 0.38095238095238093 0.34179566563467495 0.39166666666666666 0.3269349845201238 0.5190476190476191 0.3269349845201238 0.5678571428571428 0.32755417956656346 0.5702380952380952 0.33250773993808047 0.5797619047619048 0.37089783281733746 0.5797619047619048 0.37089783281733746 0.5047619047619047 0.3609907120743034 0.4 0.3560371517027864 0.3821428571428571 0.35479876160990714 0.38095238095238093 0.34674922600619196 0.38095238095238093 
4 0.37894736842105264 0.41904761904761906 0.37708978328173376 0.42023809523809524 0.3764705882352941 0.4238095238095238 0.36656346749226004 0.49642857142857144 0.36656346749226004 0.5785714285714286 0.3671826625386997 0.5797619047619048 0.3956656346749226 0.5797619047619048 0.3956656346749226 0.42857142857142855 0.39009287925696595 0.41904761904761906 0.37894736842105264 0.41904761904761906 
5 0.39690402476780184 0.4095238095238095 0.39628482972136225 0.4107142857142857 0.3913312693498452 0.46785714285714286 0.3913312693498452 0.5785714285714286 0.39690402476780184 0.5892857142857143 0.42043343653250775 0.5892857142857143 0.42538699690402476 0.5773809523809523 0.42538699690402476 0.5142857142857142 0.42043343653250775 0.4583333333333333 0.4154798761609907 0.4107142857142857 0.4148606811145511 0.4095238095238095 0.39690402476780184 0.4095238095238095 
6 0.421671826625387 0.38095238095238093 0.41671826625387 0.3904761904761905 0.41609907120743034 0.3952380952380952 0.41609907120743034 0.5226190476190476 0.42105263157894735 0.5880952380952381 0.421671826625387 0.5892857142857143 0.4328173374613003 0.5892857142857143 0.43529411764705883 0.5880952380952381 0.44024767801857584 0.5785714285714286 0.4452012383900929 0.5511904761904762 0.4452012383900929 0.525 0.43529411764705883 0.42857142857142855 0.43034055727554177 0.3904761904761905 0.4247678018575851 0.38095238095238093 0.421671826625387 0.38095238095238093 
7 0.4408668730650155 0.4095238095238095 0.4359133126934985 0.5154761904761904 0.4359133126934985 0.530952380952381 0.4408668730650155 0.5785714285714286 0.44148606811145513 0.5797619047619048 0.46377708978328175 0.5797619047619048 0.465015479876161 0.5785714285714286 0.465015479876161 0.5059523809523809 0.460061919504644 0.42857142857142855 0.4551083591331269 0.4095238095238095 0.4408668730650155 0.4095238095238095 
8 0.46687306501547987 0.4 0.46563467492260063 0.4011904761904762 0.46068111455108357 0.4107142857142857 0.46068111455108357 0.5869047619047619 0.4613003095975232 0.5892857142857143 0.4891640866873065 0.5892857142857143 0.48978328173374613 0.5869047619047619 0.48978328173374613 0.575 0.4848297213622291 0.4857142857142857 0.47987616099071206 0.4023809523809524 0.4792569659442725 0.4 0.46687306501547987 0.4 
9 0.49102167182662537 0.4 0.4904024767801858 0.4023809523809524 0.4854489164086687 0.44166666666666665 0.4804953560371517 0.5369047619047619 0.4804953560371517 0.5797619047619048 0.4854489164086687 0.5892857142857143 0.5139318885448917 0.5892857142857143 0.5145510835913313 0.5869047619047619 0.5145510835913313 0.5333333333333333 0.5046439628482973 0.4011904761904762 0.503405572755418 0.4 0.49102167182662537 0.4 
10 0.5151702786377709 0.4095238095238095 0.5102167182662539 0.41904761904761906 0.5102167182662539 0.5702380952380952 0.5207430340557275 0.5892857142857143 0.5331269349845201 0.5892857142857143 0.5343653250773994 0.5880952380952381 0.5343653250773994 0.4797619047619048 0.5294117647058824 0.4095238095238095 0.5151702786377709 0.4095238095238095 
11 0.544891640866873 0.37142857142857144 0.534984520123839 0.4119047619047619 0.530030959752322 0.45 0.530030959752322 0.5702380952380952 0.534984520123839 0.5880952380952381 0.5405572755417957 0.5988095238095238 0.5578947368421052 0.5988095238095238 0.5591331269349845 0.5976190476190476 0.5640866873065016 0.5476190476190477 0.5640866873065016 0.3738095238095238 0.5628482972136223 0.37142857142857144 0.544891640866873 0.37142857142857144 
12 0.5653250773993808 0.4095238095238095 0.5647058823529412 0.4107142857142857 0.5597523219814241 0.43214285714285716 0.5547987616099072 0.5464285714285714 0.5547987616099072 0.5988095238095238 0.5702786377708978 0.6083333333333333 0.5789473684210527 0.6083333333333333 0.5888544891640867 0.5988095238095238 0.5888544891640867 0.42857142857142855 0.5839009287925696 0.4107142857142857 0.58328173374613 0.4095238095238095 0.5653250773993808 0.4095238095238095 
13 0.5894736842105263 0.4095238095238095 0.5845201238390093 0.42023809523809524 0.5795665634674922 0.48928571428571427 0.5795665634674922 0.5583333333333333 0.5845201238390093 0.5976190476190476 0.5851393188854489 0.5988095238095238 0.6080495356037152 0.5988095238095238 0.6136222910216719 0.5880952380952381 0.6136222910216719 0.544047619047619 0.6037151702786377 0.41904761904761906 0.5987616099071208 0.4095238095238095 0.5894736842105263 0.4095238095238095 
14 0.6191950464396285 0.4095238095238095 0.6142414860681115 0.4380952380952381 0.6092879256965944 0.4773809523809524 0.6043343653250774 0.5238095238095238 0.6043343653250774 0.5511904761904762 0.6099071207430341 0.5892857142857143 0.6191950464396285 0.5988095238095238 0.631578947368421 0.5988095238095238 0.6569659442724458 0.5892857142857143 0.6582043343653251 0.5869047619047619 0.6631578947368421 0.5678571428571428 0.6631578947368421 0.5523809523809524 0.6582043343653251 0.5154761904761904 0.6427244582043343 0.41904761904761906 0.638390092879257 0.4095238095238095 0.6191950464396285 0.4095238095238095 
15 0.6445820433436532 0.4 0.6439628482972136 0.4011904761904762 0.6439628482972136 0.4654761904761905 0.6489164086687307 0.5226190476190476 0.6588235294117647 0.5595238095238095 0.6687306501547987 0.5797619047619048 0.6829721362229102 0.5797619047619048 0.7027863777089783 0.5511904761904762 0.7077399380804954 0.5416666666666666 0.7077399380804954 0.5047619047619047 0.7027863777089783 0.4857142857142857 0.6730650154798762 0.42023809523809524 0.6631578947368421 0.4 0.6445820433436532 0.4 
16 0.6736842105263158 0.34285714285714286 0.6687306501547987 0.3535714285714286 0.6687306501547987 0.43333333333333335 0.6693498452012384 0.4369047619047619 0.6736842105263158 0.44642857142857145 0.6786377708978328 0.45595238095238094 0.6897832817337461 0.4654761904761905 0.7021671826625387 0.4654761904761905 0.7176470588235294 0.44642857142857145 0.7176470588235294 0.3904761904761905 0.7120743034055728 0.3726190476190476 0.7077399380804954 0.3619047619047619 0.7027863777089783 0.3523809523809524 0.6972136222910217 0.34404761904761905 0.6959752321981424 0.34285714285714286 0.6736842105263158 0.34285714285714286 
17 0.7188854489164087 0.5904761904761905 0.7034055727554179 0.6095238095238096 0.6934984520123839 0.6297619047619047 0.6934984520123839 0.6821428571428572 0.6941176470588235 0.6845238095238095 0.698452012383901 0.694047619047619 0.7040247678018576 0.7035714285714286 0.7281733746130031 0.7130952380952381 0.7461300309597523 0.7130952380952381 0.7572755417956656 0.7023809523809523 0.7572755417956656 0.638095238095238 0.7424148606811145 0.5904761904761905 0.7188854489164087 0.5904761904761905 
18 0.6656346749226006 0.5904761904761905 0.6346749226006192 0.6 0.6340557275541796 0.6023809523809524 0.6340557275541796 0.6357142857142857 0.6390092879256966 0.655952380952381 0.6544891640866873 0.7130952380952381 0.6786377708978328 0.7797619047619048 0.6922600619195046 0.7797619047619048 0.7027863777089783 0.7702380952380953 0.7027863777089783 0.6785714285714286 0.6972136222910217 0.6190476190476191 0.6928792569659443 0.5928571428571429 0.6922600619195046 0.5904761904761905 0.6656346749226006 0.5904761904761905 
19 0.6142414860681115 0.6095238095238096 0.5808049535603715 0.6190476190476191 0.5795665634674922 0.6202380952380953 0.5795665634674922 0.6619047619047619 0.5801857585139318 0.6654761904761904 0.6142414860681115 0.7892857142857143 0.6241486068111455 0.8083333333333333 0.628482972136223 0.8083333333333333 0.6334365325077399 0.8047619047619048 0.648297213622291 0.7880952380952381 0.648297213622291 0.736904761904762 0.643343653250774 0.6309523809523809 0.638390092879257 0.6107142857142858 0.6377708978328174 0.6095238095238096 0.6142414860681115 0.6095238095238096 
20 0.5554179566563467 0.6190476190476191 0.5498452012383901 0.6285714285714286 0.5498452012383901 0.6642857142857143 0.5597523219814241 0.7416666666666667 0.5696594427244582 0.8166666666666667 0.5746130030959752 0.8261904761904761 0.5770897832817338 0.8273809523809523 0.5789473684210527 0.8273809523809523 0.5839009287925696 0.8166666666666667 0.5888544891640867 0.7690476190476191 0.5888544891640867 0.6583333333333333 0.5839009287925696 0.6190476190476191 0.5554179566563467 0.6190476190476191 
21 0.5356037151702786 0.6190476190476191 0.530030959752322 0.6297619047619047 0.530030959752322 0.675 0.5399380804953561 0.7869047619047619 0.5405572755417957 0.7892857142857143 0.544891640866873 0.7988095238095239 0.5585139318885449 0.7988095238095239 0.5591331269349845 0.7976190476190477 0.5640866873065016 0.7761904761904762 0.5640866873065016 0.6773809523809524 0.5591331269349845 0.6202380952380953 0.5585139318885449 0.6190476190476191 0.5356037151702786 0.6190476190476191 
22 0.525077399380805 0.6190476190476191 0.5151702786377709 0.6571428571428571 0.5151702786377709 0.7988095238095239 0.5201238390092879 0.8166666666666667 0.5207430340557275 0.8178571428571428 0.5343653250773994 0.8178571428571428 0.5393188854489164 0.8071428571428572 0.5442724458204334 0.7416666666666667 0.5442724458204334 0.7142857142857143 0.5393188854489164 0.6190476190476191 0.525077399380805 0.6190476190476191 
23 0.5077399380804953 0.6095238095238096 0.5052631578947369 0.6190476190476191 0.5009287925696595 0.6583333333333333 0.4953560371517028 0.7261904761904762 0.4953560371517028 0.7785714285714286 0.49597523219814244 0.7797619047619048 0.5040247678018576 0.7797619047619048 0.5095975232198142 0.7690476190476191 0.5195046439628483 0.7321428571428571 0.5244582043343653 0.6642857142857143 0.5244582043343653 0.6095238095238096 0.5077399380804953 0.6095238095238096 
24 0.4904024767801858 0.6 0.4904024767801858 0.7511904761904762 0.4996904024767802 0.7511904761904762 0.5046439628482973 0.7202380952380952 0.5095975232198142 0.6654761904761904 0.5095975232198142 0.6 0.4904024767801858 0.6 
25 0.47678018575851394 0.6 0.47554179566563465 0.6011904761904762 0.47554179566563465 0.7488095238095238 0.4761609907120743 0.7511904761904762 0.48359133126934983 0.7511904761904762 0.48978328173374613 0.7416666666666667 0.49473684210526314 0.694047619047619 0.49473684210526314 0.6095238095238096 0.48359133126934983 0.6 0.47678018575851394 0.6 
26 0.46191950464396286 0.6 0.46068111455108357 0.6011904761904762 0.46068111455108357 0.7130952380952381 0.46563467492260063 0.75 0.4662538699690402 0.7511904761904762 0.4743034055727554 0.7511904761904762 0.47987616099071206 0.7297619047619047 0.47987616099071206 0.6023809523809524 0.4786377708978328 0.6 0.46191950464396286 0.6 
27 0.4458204334365325 0.5904761904761905 0.4408668730650155 0.6 0.4408668730650155 0.7976190476190477 0.44148606811145513 0.7988095238095239 0.44953560371517026 0.7988095238095239 0.4551083591331269 0.7892857142857143 0.460061919504644 0.7595238095238095 0.465015479876161 0.7202380952380952 0.465015479876161 0.6309523809523809 0.460061919504644 0.6 0.4551083591331269 0.5916666666666667 0.4538699690402477 0.5904761904761905 0.4458204334365325 0.5904761904761905 
28 0.426625386996904 0.6 0.421671826625387 0.6095238095238096 0.42105263157894735 0.611904761904762 0.42105263157894735 0.7607142857142857 0.43529411764705883 0.7607142857142857 0.43962848297213625 0.7511904761904762 0.44024767801857584 0.7464285714285714 0.4452012383900929 0.6547619047619048 0.4452012383900929 0.6107142857142858 0.43962848297213625 0.6 0.426625386996904 0.6 
29 0.3975232198142415 0.6095238095238096 0.39628482972136225 0.6107142857142858 0.3913312693498452 0.6190476190476191 0.3913312693498452 0.6654761904761904 0.39628482972136225 0.8071428571428572 0.39690402476780184 0.8083333333333333 0.4037151702786378 0.8083333333333333 0.4055727554179567 0.8071428571428572 0.4105263157894737 0.7988095238095239 0.4154798761609907 0.7702380952380953 0.42043343653250775 0.7321428571428571 0.42538699690402476 0.6654761904761904 0.42538699690402476 0.6214285714285714 0.4247678018575851 0.6190476190476191 0.42043343653250775 0.6095238095238096 0.3975232198142415 0.6095238095238096 
30 0.3523219814241486 0.6 0.34674922600619196 0.6095238095238096 0.34179566563467495 0.6952380952380952 0.34179566563467495 0.7690476190476191 0.3572755417956656 0.7892857142857143 0.3702786377708978 0.7892857142857143 0.37585139318885447 0.7785714285714286 0.3801857585139319 0.7690476190476191 0.38575851393188854 0.75 0.3907120743034056 0.7321428571428571 0.3956656346749226 0.6928571428571428 0.4006191950464396 0.625 0.4006191950464396 0.6095238095238096 0.3851393188854489 0.6 0.3523219814241486 0.6 
31 0.3077399380804954 0.580952380952381 0.3027863777089783 0.5904761904761905 0.3021671826625387 0.5952380952380952 0.29721362229102166 0.6666666666666666 0.29721362229102166 0.7511904761904762 0.3157894736842105 0.7511904761904762 0.3411764705882353 0.7035714285714286 0.3461300309597523 0.6833333333333333 0.3510835913312694 0.6547619047619048 0.3510835913312694 0.5916666666666667 0.3498452012383901 0.5904761904761905 0.3256965944272446 0.580952380952381 0.3077399380804954 0.580952380952381 
32 0.2631578947368421 0.5904761904761905 0.2625386996904025 0.5916666666666667 0.2476780185758514 0.638095238095238 0.2476780185758514 0.6833333333333333 0.2625386996904025 0.7035714285714286 0.29102167182662536 0.7035714285714286 0.30092879256965943 0.694047619047619 0.3015479876160991 0.6928571428571428 0.3065015479876161 0.675 0.3065015479876161 0.6285714285714286 0.291640866873065 0.6 0.286687306501548 0.5916666666666667 0.2848297213622291 0.5904761904761905 0.2631578947368421 0.5904761904761905 