2 0.22291021671826625 0.4095238095238095 0.22291021671826625 0.45595238095238094 0.22786377708978328 0.5797619047619048 0.24272445820433436 0.5892857142857143 0.2761609907120743 0.5892857142857143 0.27678018575851393 0.5880952380952381 0.28173374613003094 0.5583333333333333 0.28173374613003094 0.5142857142857142 0.27678018575851393 0.4773809523809524 0.2718266253869969 0.4488095238095238 0.2563467492260062 0.41904761904761906 0.24643962848297213 0.4095238095238095 0.22291021671826625 0.4095238095238095 
3 0.29226006191950465 0.4 0.27801857585139317 0.4095238095238095 0.2773993808049536 0.4119047619047619 0.2724458204334365 0.5523809523809524 0.2724458204334365 0.5785714285714286 0.2773993808049536 0.5892857142857143 0.32445820433436534 0.5892857142857143 0.3263157894736842 0.5880952380952381 0.33126934984520123 0.5785714285714286 0.33126934984520123 0.5535714285714286 0.3263157894736842 0.4607142857142857 0.3256965944272446 0.45714285714285713 0.3108359133126935 0.4095238095238095 0.29907120743034055 0.4011904761904762 0.29226006191950465 0.4 
5 0.34179566563467495 0.4095238095238095 0.33746130030959753 0.41904761904761906 0.3368421052631579 0.42738095238095236 0.3368421052631579 0.5880952380952381 0.33746130030959753 0.5892857142857143 0.35170278637770896 0.5988095238095238 0.37089783281733746 0.5988095238095238 0.38080495356037153 0.5892857142857143 0.38080495356037153 0.544047619047619 0.37089783281733746 0.4642857142857143 0.36594427244582045 0.4380952380952381 0.3609907120743034 0.42023809523809524 0.35541795665634673 0.4095238095238095 0.34179566563467495 0.4095238095238095 
6 0.3622291021671827 0.37142857142857144 0.36160990712074303 0.375 0.36160990712074303 0.41785714285714287 0.3715170278637771 0.5845238095238096 0.3721362229102167 0.5892857142857143 0.3814241486068111 0.6083333333333333 0.40495356037151703 0.6083333333333333 0.4105263157894737 0.5892857142857143 0.4105263157894737 0.5273809523809524 0.4055727554179567 0.4666666666666667 0.3956656346749226 0.4107142857142857 0.3907120743034056 0.3904761904761905 0.38575851393188854 0.37142857142857144 0.3622291021671827 0.37142857142857144 
7 0.41114551083591333 0.4 0.41114551083591333 0.5892857142857143 0.42105263157894735 0.5988095238095238 0.43653250773993807 0.5988095238095238 0.44024767801857584 0.5976190476190476 0.4452012383900929 0.5869047619047619 0.4452012383900929 0.5059523809523809 0.44024767801857584 0.46785714285714286 0.43034055727554177 0.4095238095238095 0.4247678018575851 0.4 0.41114551083591333 0.4 
8 0.44643962848297214 0.38095238095238093 0.4408668730650155 0.4 0.4408668730650155 0.5880952380952381 0.45077399380804956 0.5988095238095238 0.4848297213622291 0.5988095238095238 0.48978328173374613 0.5785714285714286 0.48978328173374613 0.5535714285714286 0.469969040247678 0.3904761904761905 0.465015479876161 0.38095238095238093 0.44643962848297214 0.38095238095238093 
9 0.49597523219814244 0.38095238095238093 0.4854489164086687 0.42857142857142855 0.4804953560371517 0.525 0.4804953560371517 0.5785714285714286 0.4854489164086687 0.5892857142857143 0.5139318885448917 0.5892857142857143 0.5244582043343653 0.5797619047619048 0.5244582043343653 0.41904761904761906 0.5195046439628483 0.39166666666666666 0.5145510835913313 0.38095238095238093 0.49597523219814244 0.38095238095238093 
10 0.5405572755417957 0.4 0.530030959752322 0.42023809523809524 0.525077399380805 0.4380952380952381 0.5201238390092879 0.48928571428571427 0.5201238390092879 0.5797619047619048 0.5486068111455108 0.5797619047619048 0.5541795665634675 0.569047619047619 0.5591331269349845 0.5035714285714286 0.5591331269349845 0.4380952380952381 0.5492260061919505 0.4 0.5405572755417957 0.4 
11 0.5863777089783282 0.34285714285714286 0.5851393188854489 0.34404761904761905 0.5795665634674922 0.3523809523809524 0.5746130030959752 0.38333333333333336 0.5647058823529412 0.544047619047619 0.5647058823529412 0.569047619047619 0.5696594427244582 0.5797619047619048 0.5752321981424149 0.5892857142857143 0.6061919504643963 0.5892857142857143 0.6086687306501548 0.5880952380952381 0.6136222910216719 0.5797619047619048 0.6136222910216719 0.45714285714285713 0.6086687306501548 0.3535714285714286 0.6037151702786377 0.34404761904761905 0.6012383900928793 0.34285714285714286 0.5863777089783282 0.34285714285714286 
13 0.6390092879256966 0.3904761904761905 0.6340557275541796 0.4095238095238095 0.6340557275541796 0.5702380952380952 0.6396284829721363 0.5797619047619048 0.6489164086687307 0.5892857142857143 0.6582043343653251 0.5892857142857143 0.6681114551083591 0.5797619047619048 0.6681114551083591 0.4119047619047619 0.6674922600619195 0.4095238095238095 0.6631578947368421 0.4 0.6575851393188854 0.3904761904761905 0.6390092879256966 0.3904761904761905 
14 0.6743034055727554 0.4857142857142857 0.6643962848297214 0.49523809523809526 0.6637770897832818 0.49642857142857144 0.6637770897832818 0.5797619047619048 0.7077399380804954 0.5797619047619048 0.7126934984520124 0.5702380952380952 0.7126934984520124 0.5345238095238095 0.7077399380804954 0.5154761904761904 0.7021671826625387 0.49523809523809526 0.6972136222910217 0.4857142857142857 0.6743034055727554 0.4857142857142857 
15 0.7256965944272445 0.4 0.7232198142414861 0.4011904761904762 0.7089783281733746 0.44761904761904764 0.708359133126935 0.45 0.7034055727554179 0.5059523809523809 0.7034055727554179 0.5773809523809523 0.7040247678018576 0.5797619047619048 0.7213622291021672 0.5797619047619048 0.7510835913312693 0.5607142857142857 0.7523219814241486 0.5595238095238095 0.7523219814241486 0.4 0.7256965944272445 0.4 
17 0.7337461300309598 0.5523809523809524 0.718266253869969 0.5619047619047619 0.7040247678018576 0.5714285714285714 0.7034055727554179 0.5726190476190476 0.7034055727554179 0.6071428571428571 0.713312693498452 0.6452380952380953 0.7232198142414861 0.6738095238095239 0.7331269349845201 0.694047619047619 0.7380804953560371 0.7035714285714286 0.7622291021671826 0.7035714285714286 0.7814241486068112 0.694047619047619 0.7820433436532508 0.6916666666666667 0.7820433436532508 0.6595238095238095 0.7572755417956656 0.5523809523809524 0.7337461300309598 0.5523809523809524 
18 0.6445820433436532 0.5714285714285714 0.6439628482972136 0.5726190476190476 0.6439628482972136 0.6059523809523809 0.6489164086687307 0.6273809523809524 0.6687306501547987 0.7011904761904761 0.6885448916408669 0.75 0.6934984520123839 0.7607142857142857 0.7114551083591332 0.7607142857142857 0.7126934984520124 0.7595238095238095 0.7269349845201238 0.7416666666666667 0.7275541795665634 0.7404761904761905 0.7275541795665634 0.6773809523809524 0.7071207430340557 0.5726190476190476 0.7052631578947368 0.5714285714285714 0.6445820433436532 0.5714285714285714 
20 0.614860681114551 0.5619047619047619 0.6092879256965944 0.5714285714285714 0.6092879256965944 0.6845238095238095 0.6142414860681115 0.7416666666666667 0.6191950464396285 0.7583333333333333 0.6241486068111455 0.7702380952380953 0.6352941176470588 0.7702380952380953 0.6377708978328174 0.7690476190476191 0.638390092879257 0.7678571428571429 0.643343653250774 0.7380952380952381 0.653250773993808 0.6071428571428571 0.653250773993808 0.6011904761904762 0.648297213622291 0.5714285714285714 0.643343653250774 0.5619047619047619 0.614860681114551 0.5619047619047619 
21 0.6092879256965944 0.5619047619047619 0.5851393188854489 0.580952380952381 0.5845201238390093 0.5833333333333334 0.5845201238390093 0.7404761904761905 0.5894736842105263 0.7595238095238095 0.590092879256966 0.7607142857142857 0.6037151702786377 0.7607142857142857 0.6080495356037152 0.7511904761904762 0.6086687306501548 0.7488095238095238 0.6185758513931888 0.6273809523809524 0.6185758513931888 0.5630952380952381 0.6173374613003096 0.5619047619047619 0.6092879256965944 0.5619047619047619 
22 0.5504643962848297 0.5428571428571428 0.5405572755417957 0.5714285714285714 0.5399380804953561 0.5738095238095238 0.5399380804953561 0.5976190476190476 0.544891640866873 0.6738095238095239 0.5547987616099072 0.7511904761904762 0.5647058823529412 0.7702380952380953 0.578328173374613 0.7702380952380953 0.5789473684210527 0.7690476190476191 0.5839009287925696 0.7214285714285714 0.5839009287925696 0.638095238095238 0.5789473684210527 0.5714285714285714 0.5690402476780185 0.544047619047619 0.5684210526315789 0.5428571428571428 0.5504643962848297 0.5428571428571428 
23 0.5108359133126935 0.5714285714285714 0.5102167182662539 0.5726190476190476 0.5102167182662539 0.6083333333333333 0.5201238390092879 0.7309523809523809 0.5306501547987617 0.7416666666666667 0.5436532507739938 0.7416666666666667 0.5442724458204334 0.7404761904761905 0.5442724458204334 0.5738095238095238 0.5436532507739938 0.5726190476190476 0.5424148606811146 0.5714285714285714 0.5108359133126935 0.5714285714285714 
24 0.5102167182662539 0.5714285714285714 0.4854489164086687 0.580952380952381 0.4854489164086687 0.5988095238095238 0.4904024767801858 0.655952380952381 0.4953560371517028 0.7119047619047619 0.5003095975232198 0.7226190476190476 0.5052631578947369 0.7321428571428571 0.518266253869969 0.7321428571428571 0.5195046439628483 0.7309523809523809 0.5195046439628483 0.6059523809523809 0.5188854489164086 0.6011904761904762 0.5145510835913313 0.5738095238095238 0.5139318885448917 0.5714285714285714 0.5102167182662539 0.5714285714285714 
25 0.4873065015479876 0.5714285714285714 0.4804953560371517 0.575 0.46068111455108357 0.5916666666666667 0.46068111455108357 0.5988095238095238 0.46563467492260063 0.7226190476190476 0.4712074303405573 0.7321428571428571 0.48359133126934983 0.7321428571428571 0.4848297213622291 0.7309523809523809 0.48978328173374613 0.7107142857142857 0.48978328173374613 0.5714285714285714 0.4873065015479876 0.5714285714285714 
26 0.4359133126934985 0.580952380952381 0.4260061919504644 0.5904761904761905 0.4260061919504644 0.5976190476190476 0.4458204334365325 0.7488095238095238 0.44643962848297214 0.75 0.448297213622291 0.7511904761904762 0.469969040247678 0.7511904761904762 0.469969040247678 0.6869047619047619 0.465015479876161 0.5916666666666667 0.46439628482972134 0.5904761904761905 0.44891640866873067 0.580952380952381 0.4359133126934985 0.580952380952381 
27 0.4068111455108359 0.5619047619047619 0.40123839009287926 0.580952380952381 0.40123839009287926 0.7035714285714286 0.40619195046439627 0.7892857142857143 0.42043343653250775 0.7892857142857143 0.43034055727554177 0.7702380952380953 0.43529411764705883 0.7416666666666667 0.43529411764705883 0.6 0.42538699690402476 0.580952380952381 0.4148606811145511 0.5619047619047619 0.4068111455108359 0.5619047619047619 
28 0.3715170278637771 0.580952380952381 0.36656346749226004 0.5904761904761905 0.36656346749226004 0.6642857142857143 0.3764705882352941 0.75 0.38204334365325077 0.7607142857142857 0.3993808049535604 0.7607142857142857 0.4006191950464396 0.7595238095238095 0.4006191950464396 0.6011904761904762 0.37956656346749224 0.580952380952381 0.3715170278637771 0.580952380952381 
29 0.3368421052631579 0.580952380952381 0.3318885448916409 0.5904761904761905 0.3318885448916409 0.6369047619047619 0.3368421052631579 0.7226190476190476 0.34179566563467495 0.7488095238095238 0.3473684210526316 0.7702380952380953 0.35170278637770896 0.7797619047619048 0.36470588235294116 0.7797619047619048 0.36594427244582045 0.7785714285714286 0.37089783281733746 0.7702380952380953 0.37585139318885447 0.75 0.37585139318885447 0.6880952380952381 0.37089783281733746 0.5904761904761905 0.35789473684210527 0.580952380952381 0.3368421052631579 0.580952380952381 
30 0.3281733746130031 0.5714285714285714 0.28792569659442724 0.5904761904761905 0.2873065015479876 0.5916666666666667 0.2873065015479876 0.6642857142857143 0.29287925696594425 0.675 0.33622291021671824 0.675 0.34055727554179566 0.655952380952381 0.3411764705882353 0.6523809523809524 0.3411764705882353 0.5821428571428572 0.34055727554179566 0.580952380952381 0.334984520123839 0.5714285714285714 0.3281733746130031 0.5714285714285714 
31 0.26811145510835915 0.580952380952381 0.24891640866873066 0.5904761904761905 0.2476780185758514 0.5916666666666667 0.24272445820433436 0.6011904761904762 0.24272445820433436 0.6452380952380953 0.25263157894736843 0.655952380952381 0.2724458204334365 0.675 0.291640866873065 0.675 0.29659442724458207 0.6642857142857143 0.29659442724458207 0.5904761904761905 0.28173374613003094 0.580952380952381 0.26811145510835915 0.580952380952381 
32 0.20309597523219813 0.5428571428571428 0.19814241486068113 0.5535714285714286 0.16842105263157894 0.638095238095238 0.16842105263157894 0.6845238095238095 0.17894736842105263 0.7035714285714286 0.21176470588235294 0.7035714285714286 0.221671826625387 0.694047619047619 0.22724458204334366 0.6845238095238095 0.24705882352941178 0.6452380952380953 0.2520123839009288 0.6071428571428571 0.2520123839009288 0.5869047619047619 0.24891640866873066 0.580952380952381 0.22662538699690402 0.5523809523809524 0.2173374613003096 0.5428571428571428 0.20309597523219813 0.5428571428571428 