2 0.2885448916408669 0.37142857142857144 0.2873065015479876 0.3726190476190476 0.2823529411764706 0.4 0.2724458204334365 0.49523809523809526 0.2724458204334365 0.55 0.27306501547987616 0.5511904761904762 0.3108359133126935 0.5511904761904762 0.32136222910216716 0.5404761904761904 0.32136222910216716 0.44761904761904764 0.31640866873065016 0.3904761904761905 0.31145510835913315 0.37142857142857144 0.2885448916408669 0.37142857142857144 
4 0.356656346749226 0.3523809523809524 0.356656346749226 0.555952380952381 0.3572755417956656 0.5607142857142857 0.36160990712074303 0.5702380952380952 0.3702786377708978 0.5702380952380952 0.39504643962848296 0.5416666666666666 0.3956656346749226 0.5392857142857143 0.3956656346749226 0.49642857142857144 0.3907120743034056 0.44761904761904764 0.38575851393188854 0.41309523809523807 0.38080495356037153 0.38095238095238093 0.37585139318885447 0.3523809523809524 0.356656346749226 0.3523809523809524 
5 0.39628482972136225 0.38095238095238093 0.39195046439628484 0.3904761904761905 0.3913312693498452 0.3952380952380952 0.3913312693498452 0.5488095238095239 0.39628482972136225 0.569047619047619 0.3975232198142415 0.5702380952380952 0.42043343653250775 0.5702380952380952 0.42538699690402476 0.5595238095238095 0.42538699690402476 0.5142857142857142 0.42043343653250775 0.4797619047619048 0.4055727554179567 0.3821428571428571 0.40495356037151703 0.38095238095238093 0.39628482972136225 0.38095238095238093 
6 0.4278637770897833 0.3619047619047619 0.4260061919504644 0.36428571428571427 0.41609907120743034 0.47619047619047616 0.41609907120743034 0.513095238095238 0.42105263157894735 0.5892857142857143 0.44024767801857584 0.5892857142857143 0.4501547987616099 0.5785714285714286 0.4501547987616099 0.4666666666666667 0.44024767801857584 0.3619047619047619 0.4278637770897833 0.3619047619047619 
7 0.45263157894736844 0.38095238095238093 0.45077399380804956 0.3821428571428571 0.4458204334365325 0.3904761904761905 0.4458204334365325 0.5880952380952381 0.4470588235294118 0.5892857142857143 0.469969040247678 0.5892857142857143 0.469969040247678 0.4392857142857143 0.465015479876161 0.4023809523809524 0.4538699690402477 0.38095238095238093 0.45263157894736844 0.38095238095238093 
8 0.47554179566563465 0.37142857142857144 0.47058823529411764 0.4119047619047619 0.46563467492260063 0.5428571428571428 0.46563467492260063 0.5892857142857143 0.49907120743034056 0.5892857142857143 0.4996904024767802 0.5857142857142857 0.4996904024767802 0.544047619047619 0.49473684210526314 0.42142857142857143 0.48978328173374613 0.37142857142857144 0.47554179566563465 0.37142857142857144 
9 0.5003095975232198 0.37142857142857144 0.4953560371517028 0.4392857142857143 0.4904024767801858 0.5833333333333334 0.4904024767801858 0.5869047619047619 0.491640866873065 0.5892857142857143 0.5244582043343653 0.5892857142857143 0.5244582043343653 0.4869047619047619 0.5195046439628483 0.38333333333333336 0.5188854489164086 0.38095238095238093 0.5139318885448917 0.3726190476190476 0.5126934984520124 0.37142857142857144 0.5003095975232198 0.37142857142857144 
10 0.530030959752322 0.38095238095238093 0.5201238390092879 0.4011904761904762 0.5201238390092879 0.5857142857142857 0.5207430340557275 0.5892857142857143 0.5442724458204334 0.5892857142857143 0.5535603715170279 0.5797619047619048 0.5541795665634675 0.5773809523809523 0.5541795665634675 0.5452380952380952 0.5442724458204334 0.3904761904761905 0.5393188854489164 0.3821428571428571 0.5380804953560372 0.38095238095238093 0.530030959752322 0.38095238095238093 
11 0.5715170278637771 0.34285714285714286 0.5696594427244582 0.34404761904761905 0.5653250773993808 0.3523809523809524 0.5547987616099072 0.38095238095238093 0.5498452012383901 0.4119047619047619 0.5399380804953561 0.4773809523809524 0.5399380804953561 0.5880952380952381 0.544891640866873 0.5988095238095238 0.5640866873065016 0.5988095238095238 0.5739938080495356 0.5892857142857143 0.5789473684210527 0.5595238095238095 0.5789473684210527 0.34285714285714286 0.5715170278637771 0.34285714285714286 
12 0.5857585139318885 0.3904761904761905 0.5845201238390093 0.39166666666666666 0.5795665634674922 0.4023809523809524 0.5746130030959752 0.4392857142857143 0.5746130030959752 0.569047619047619 0.5795665634674922 0.5785714285714286 0.5814241486068111 0.5797619047619048 0.5981424148606811 0.5797619047619048 0.5987616099071208 0.5785714285714286 0.6037151702786377 0.5595238095238095 0.6037151702786377 0.5142857142857142 0.5987616099071208 0.39285714285714285 0.5981424148606811 0.3904761904761905 0.5857585139318885 0.3904761904761905 
13 0.6092879256965944 0.3523809523809524 0.6043343653250774 0.3630952380952381 0.595046439628483 0.47619047619047616 0.5944272445820433 0.4857142857142857 0.5944272445820433 0.5154761904761904 0.5993808049535604 0.5607142857142857 0.638390092879257 0.5607142857142857 0.6427244582043343 0.5511904761904762 0.643343653250774 0.5488095238095239 0.643343653250774 0.46904761904761905 0.6235294117647059 0.3619047619047619 0.6185758513931888 0.3523809523809524 0.6092879256965944 0.3523809523809524 
14 0.6390092879256966 0.4 0.6241486068111455 0.5523809523809524 0.6241486068111455 0.5785714285714286 0.6291021671826625 0.5892857142857143 0.6681114551083591 0.5892857142857143 0.6773993808049535 0.5797619047619048 0.6780185758513931 0.5773809523809523 0.6829721362229102 0.4845238095238095 0.6829721362229102 0.42023809523809524 0.6817337461300309 0.41904761904761906 0.6575851393188854 0.4 0.6390092879256966 0.4 
15 0.6897832817337461 0.3904761904761905 0.6885448916408669 0.39166666666666666 0.6842105263157895 0.4 0.6835913312693499 0.40476190476190477 0.6786377708978328 0.4583333333333333 0.6786377708978328 0.5892857142857143 0.7027863777089783 0.5892857142857143 0.7275541795665634 0.5702380952380952 0.7275541795665634 0.525 0.7077399380804954 0.3904761904761905 0.6897832817337461 0.3904761904761905 
20 0.5845201238390093 0.6095238095238096 0.5752321981424149 0.6190476190476191 0.5746130030959752 0.6202380952380953 0.5746130030959752 0.6642857142857143 0.5845201238390093 0.7214285714285714 0.5944272445820433 0.7702380952380953 0.5993808049535604 0.7892857142857143 0.604953560371517 0.8083333333333333 0.6185758513931888 0.8083333333333333 0.6185758513931888 0.7642857142857142 0.6086687306501548 0.6202380952380953 0.5987616099071208 0.6095238095238096 0.5845201238390093 0.6095238095238096 
21 0.56656346749226 0.6190476190476191 0.5498452012383901 0.6285714285714286 0.5498452012383901 0.7357142857142858 0.5547987616099072 0.7880952380952381 0.5597523219814241 0.8083333333333333 0.573374613003096 0.8083333333333333 0.5789473684210527 0.7988095238095239 0.5839009287925696 0.6857142857142857 0.5839009287925696 0.6571428571428571 0.5789473684210527 0.6202380952380953 0.578328173374613 0.6190476190476191 0.56656346749226 0.6190476190476191 
22 0.525077399380805 0.6095238095238096 0.525077399380805 0.6738095238095239 0.534984520123839 0.7976190476190477 0.5399380804953561 0.8083333333333333 0.5479876160990712 0.8083333333333333 0.5492260061919505 0.8071428571428572 0.5541795665634675 0.7797619047619048 0.5541795665634675 0.6392857142857142 0.5492260061919505 0.6107142857142858 0.5473684210526316 0.6095238095238096 0.525077399380805 0.6095238095238096 
23 0.5157894736842106 0.6285714285714286 0.5151702786377709 0.6309523809523809 0.5102167182662539 0.705952380952381 0.5102167182662539 0.7702380952380953 0.5244582043343653 0.7702380952380953 0.5337461300309597 0.7226190476190476 0.5343653250773994 0.719047619047619 0.5343653250773994 0.6666666666666666 0.5294117647058824 0.6285714285714286 0.5157894736842106 0.6285714285714286 
24 0.503405572755418 0.6190476190476191 0.5015479876160991 0.6202380952380953 0.5003095975232198 0.6226190476190476 0.5003095975232198 0.7690476190476191 0.5009287925696595 0.7702380952380953 0.5095975232198142 0.7702380952380953 0.5139318885448917 0.7511904761904762 0.5145510835913313 0.7476190476190476 0.5195046439628483 0.7023809523809523 0.5244582043343653 0.6333333333333333 0.5244582043343653 0.6214285714285714 0.5238390092879257 0.6190476190476191 0.503405572755418 0.6190476190476191 
25 0.4854489164086687 0.6095238095238096 0.4854489164086687 0.7607142857142857 0.49287925696594426 0.7607142857142857 0.49473684210526314 0.7595238095238095 0.4996904024767802 0.7511904761904762 0.5046439628482973 0.7226190476190476 0.5145510835913313 0.6226190476190476 0.5145510835913313 0.6095238095238096 0.4854489164086687 0.6095238095238096 
26 0.46563467492260063 0.6190476190476191 0.46563467492260063 0.6345238095238095 0.47058823529411764 0.7595238095238095 0.4712074303405573 0.7607142857142857 0.4842105263157895 0.7607142857142857 0.4848297213622291 0.7583333333333333 0.48978328173374613 0.6821428571428572 0.48978328173374613 0.6202380952380953 0.4891640866873065 0.6190476190476191 0.46563467492260063 0.6190476190476191 
27 0.45572755417956656 0.6190476190476191 0.45077399380804956 0.638095238095238 0.4458204334365325 0.6857142857142857 0.4408668730650155 0.7440476190476191 0.4408668730650155 0.8166666666666667 0.4421052631578947 0.8178571428571428 0.4544891640866873 0.8178571428571428 0.4551083591331269 0.8166666666666667 0.465015479876161 0.7869047619047619 0.469969040247678 0.7702380952380953 0.47492260061919506 0.7416666666666667 0.47492260061919506 0.6297619047619047 0.4693498452012384 0.6190476190476191 0.45572755417956656 0.6190476190476191 
28 0.4371517027863777 0.6095238095238096 0.4260061919504644 0.6190476190476191 0.41609907120743034 0.7142857142857143 0.41114551083591333 0.7726190476190476 0.41114551083591333 0.8178571428571428 0.4148606811145511 0.8178571428571428 0.42043343653250775 0.8154761904761905 0.43034055727554177 0.8083333333333333 0.4551083591331269 0.6928571428571428 0.4551083591331269 0.638095238095238 0.4501547987616099 0.6095238095238096 0.4371517027863777 0.6095238095238096 
29 0.4130030959752322 0.6 0.41114551083591333 0.6011904761904762 0.4024767801857585 0.6095238095238096 0.39628482972136225 0.6190476190476191 0.39628482972136225 0.7880952380952381 0.39690402476780184 0.7892857142857143 0.4055727554179567 0.7892857142857143 0.4105263157894737 0.7785714285714286 0.43034055727554177 0.675 0.43529411764705883 0.6261904761904762 0.43529411764705883 0.6 0.4130030959752322 0.6 
30 0.35170278637770896 0.6 0.3473684210526316 0.6095238095238096 0.3368421052631579 0.7261904761904762 0.3368421052631579 0.7666666666666667 0.33746130030959753 0.7702380952380953 0.36780185758513934 0.7892857142857143 0.38575851393188854 0.7892857142857143 0.3907120743034056 0.7797619047619048 0.3956656346749226 0.7583333333333333 0.4055727554179567 0.625 0.4055727554179567 0.6 0.35170278637770896 0.6 
31 0.31331269349845203 0.580952380952381 0.3027863777089783 0.5904761904761905 0.3021671826625387 0.5916666666666667 0.2724458204334365 0.6952380952380952 0.2724458204334365 0.7202380952380952 0.27306501547987616 0.7226190476190476 0.3027863777089783 0.7607142857142857 0.3256965944272446 0.7607142857142857 0.33126934984520123 0.7511904761904762 0.3411764705882353 0.7214285714285714 0.3560371517027864 0.6642857142857143 0.3560371517027864 0.5904761904761905 0.3461300309597523 0.580952380952381 0.31331269349845203 0.580952380952381 