6 0.3764705882352941 0.45714285714285713 0.3764705882352941 0.5023809523809524 0.3814241486068111 0.5773809523809523 0.38204334365325077 0.5797619047619048 0.3975232198142415 0.5892857142857143 0.42043343653250775 0.5892857142857143 0.4247678018575851 0.5797619047619048 0.42538699690402476 0.5773809523809523 0.42538699690402476 0.5619047619047619 0.4198142414860681 0.5333333333333333 0.4 0.45714285714285713 0.3764705882352941 0.45714285714285713 
7 0.41671826625387 0.45714285714285713 0.41609907120743034 0.4583333333333333 0.4117647058823529 0.46785714285714286 0.41114551083591333 0.47023809523809523 0.41114551083591333 0.5392857142857143 0.42105263157894735 0.5892857142857143 0.4260061919504644 0.5976190476190476 0.4359133126934985 0.6083333333333333 0.4588235294117647 0.6083333333333333 0.460061919504644 0.6059523809523809 0.460061919504644 0.5714285714285714 0.43529411764705883 0.46904761904761905 0.4346749226006192 0.4666666666666667 0.4297213622291022 0.45714285714285713 0.41671826625387 0.45714285714285713 
8 0.4712074303405573 0.4380952380952381 0.46563467492260063 0.44761904761904764 0.46068111455108357 0.4666666666666667 0.45572755417956656 0.5059523809523809 0.45572755417956656 0.6154761904761905 0.4563467492260062 0.6178571428571429 0.48978328173374613 0.6178571428571429 0.4996904024767802 0.6071428571428571 0.4996904024767802 0.5523809523809524 0.49473684210526314 0.5083333333333333 0.48978328173374613 0.4666666666666667 0.4848297213622291 0.4392857142857143 0.4842105263157895 0.4380952380952381 0.4712074303405573 0.4380952380952381 
9 0.5164086687306502 0.4380952380952381 0.5151702786377709 0.4392857142857143 0.5102167182662539 0.44761904761904764 0.4953560371517028 0.5047619047619047 0.4904024767801858 0.5333333333333333 0.4904024767801858 0.6047619047619047 0.49102167182662537 0.6083333333333333 0.5009287925696595 0.6178571428571429 0.5269349845201239 0.6178571428571429 0.5294117647058824 0.6166666666666667 0.5343653250773994 0.6083333333333333 0.5343653250773994 0.4392857142857143 0.5337461300309597 0.4380952380952381 0.5164086687306502 0.4380952380952381 
10 0.556656346749226 0.44761904761904764 0.5554179566563467 0.4488095238095238 0.5504643962848297 0.45714285714285713 0.5498452012383901 0.4583333333333333 0.5405572755417957 0.4857142857142857 0.5399380804953561 0.4880952380952381 0.530030959752322 0.5428571428571428 0.530030959752322 0.6035714285714285 0.5312693498452012 0.6083333333333333 0.5455108359133127 0.6178571428571429 0.5591331269349845 0.6178571428571429 0.5640866873065016 0.5988095238095238 0.5690402476780185 0.5702380952380952 0.5789473684210527 0.49404761904761907 0.5789473684210527 0.44761904761904764 0.556656346749226 0.44761904761904764 
11 0.604953560371517 0.45714285714285713 0.595046439628483 0.4666666666666667 0.5894736842105263 0.47619047619047616 0.5746130030959752 0.5047619047619047 0.5647058823529412 0.544047619047619 0.5597523219814241 0.5642857142857143 0.5597523219814241 0.6178571428571429 0.5696594427244582 0.6369047619047619 0.5938080495356037 0.6369047619047619 0.6037151702786377 0.6166666666666667 0.6080495356037152 0.5988095238095238 0.6086687306501548 0.5952380952380952 0.628482972136223 0.4738095238095238 0.628482972136223 0.4583333333333333 0.6278637770897832 0.45714285714285713 0.604953560371517 0.45714285714285713 
12 0.6092879256965944 0.5619047619047619 0.6043343653250774 0.5726190476190476 0.5894736842105263 0.6190476190476191 0.5894736842105263 0.6333333333333333 0.590092879256966 0.6369047619047619 0.6278637770897832 0.6369047619047619 0.6328173374613003 0.6273809523809524 0.6334365325077399 0.625 0.6334365325077399 0.5761904761904761 0.6328173374613003 0.5714285714285714 0.628482972136223 0.5619047619047619 0.6092879256965944 0.5619047619047619 
13 0.6538699690402476 0.4666666666666667 0.6489164086687307 0.47619047619047616 0.6439628482972136 0.4869047619047619 0.6241486068111455 0.5535714285714286 0.6241486068111455 0.6440476190476191 0.6247678018575852 0.6464285714285715 0.6526315789473685 0.6464285714285715 0.6582043343653251 0.6261904761904762 0.6681114551083591 0.5226190476190476 0.6681114551083591 0.46785714285714286 0.6674922600619195 0.4666666666666667 0.6538699690402476 0.4666666666666667 
14 0.6538699690402476 0.5714285714285714 0.6439628482972136 0.6392857142857142 0.6439628482972136 0.6452380952380953 0.6594427244582043 0.6642857142857143 0.6613003095975232 0.6654761904761904 0.6922600619195046 0.6654761904761904 0.6978328173374613 0.6547619047619048 0.6978328173374613 0.5714285714285714 0.6538699690402476 0.5714285714285714 
15 0.7343653250773994 0.5142857142857142 0.7331269349845201 0.5154761904761904 0.7281733746130031 0.5238095238095238 0.7232198142414861 0.5333333333333333 0.7139318885448916 0.5523809523809524 0.6934984520123839 0.6 0.6885448916408669 0.6476190476190476 0.6885448916408669 0.655952380952381 0.6941176470588235 0.6654761904761904 0.708359133126935 0.6833333333333333 0.7095975232198143 0.6845238095238095 0.7374613003095976 0.6845238095238095 0.7473684210526316 0.655952380952381 0.7523219814241486 0.6261904761904762 0.7572755417956656 0.5892857142857143 0.7572755417956656 0.5238095238095238 0.7523219814241486 0.5154761904761904 0.7510835913312693 0.5142857142857142 0.7343653250773994 0.5142857142857142 
22 0.5547987616099072 0.5904761904761905 0.5498452012383901 0.611904761904762 0.544891640866873 0.6511904761904762 0.544891640866873 0.6642857142857143 0.5547987616099072 0.7404761904761905 0.5597523219814241 0.7607142857142857 0.573374613003096 0.7607142857142857 0.5739938080495356 0.7583333333333333 0.5789473684210527 0.7226190476190476 0.5839009287925696 0.6619047619047619 0.5839009287925696 0.6297619047619047 0.5640866873065016 0.5904761904761905 0.5547987616099072 0.5904761904761905 
23 0.5325077399380805 0.5904761904761905 0.530030959752322 0.5916666666666667 0.525077399380805 0.6011904761904762 0.525077399380805 0.7511904761904762 0.5393188854489164 0.7511904761904762 0.5442724458204334 0.7404761904761905 0.5541795665634675 0.6738095238095239 0.5541795665634675 0.6095238095238096 0.5492260061919505 0.6 0.5331269349845201 0.5904761904761905 0.5325077399380805 0.5904761904761905 
24 0.4904024767801858 0.6 0.4904024767801858 0.7476190476190476 0.49102167182662537 0.7511904761904762 0.4953560371517028 0.7607142857142857 0.5009287925696595 0.7702380952380953 0.5095975232198142 0.7702380952380953 0.5145510835913313 0.75 0.5294117647058824 0.6726190476190477 0.5294117647058824 0.6095238095238096 0.5046439628482973 0.6 0.4904024767801858 0.6 
25 0.45139318885448915 0.6 0.45077399380804956 0.6047619047619047 0.45077399380804956 0.6178571428571429 0.46068111455108357 0.7511904761904762 0.46563467492260063 0.7702380952380953 0.47058823529411764 0.7785714285714286 0.47306501547987617 0.7797619047619048 0.4848297213622291 0.7797619047619048 0.48978328173374613 0.7702380952380953 0.48978328173374613 0.6011904761904762 0.4891640866873065 0.6 0.45139318885448915 0.6 
26 0.4018575851393189 0.5904761904761905 0.40123839009287926 0.6190476190476191 0.40123839009287926 0.6238095238095238 0.41114551083591333 0.7130952380952381 0.41609907120743034 0.7416666666666667 0.426625386996904 0.7607142857142857 0.4390092879256966 0.7607142857142857 0.44024767801857584 0.7595238095238095 0.4452012383900929 0.7309523809523809 0.4452012383900929 0.6047619047619047 0.44458204334365325 0.6 0.4390092879256966 0.5904761904761905 0.4018575851393189 0.5904761904761905 
27 0.3715170278637771 0.5714285714285714 0.3715170278637771 0.6654761904761904 0.3764705882352941 0.7226190476190476 0.3814241486068111 0.7511904761904762 0.38699690402476783 0.7607142857142857 0.4006191950464396 0.7607142857142857 0.4055727554179567 0.75 0.42043343653250775 0.5952380952380952 0.42043343653250775 0.5821428571428572 0.4198142414860681 0.580952380952381 0.4006191950464396 0.5714285714285714 0.3715170278637771 0.5714285714285714 
28 0.34674922600619196 0.580952380952381 0.33746130030959753 0.5904761904761905 0.3368421052631579 0.5916666666666667 0.3368421052631579 0.6428571428571429 0.34674922600619196 0.7380952380952381 0.3473684210526316 0.7416666666666667 0.35170278637770896 0.75 0.35356037151702785 0.7511904761904762 0.3752321981424149 0.7511904761904762 0.37585139318885447 0.75 0.37585139318885447 0.6857142857142857 0.3752321981424149 0.6666666666666666 0.37089783281733746 0.5821428571428572 0.3696594427244582 0.580952380952381 0.34674922600619196 0.580952380952381 
30 0.3021671826625387 0.6095238095238096 0.29287925696594425 0.6190476190476191 0.28792569659442724 0.638095238095238 0.2873065015479876 0.6428571428571429 0.2823529411764706 0.6869047619047619 0.2823529411764706 0.7761904761904762 0.28297213622291023 0.7797619047619048 0.3058823529411765 0.7797619047619048 0.31640866873065016 0.7702380952380953 0.3263157894736842 0.7416666666666667 0.33126934984520123 0.7226190476190476 0.33622291021671824 0.7023809523809523 0.3461300309597523 0.655952380952381 0.3461300309597523 0.638095238095238 0.3411764705882353 0.6202380952380953 0.33622291021671824 0.6095238095238096 0.3021671826625387 0.6095238095238096 
31 0.243343653250774 0.6095238095238096 0.23777089783281732 0.6190476190476191 0.23281733746130032 0.7142857142857143 0.23281733746130032 0.7416666666666667 0.23777089783281732 0.7511904761904762 0.26377708978328174 0.7607142857142857 0.2718266253869969 0.7607142857142857 0.28173374613003094 0.7511904761904762 0.286687306501548 0.7309523809523809 0.291640866873065 0.6928571428571428 0.29659442724458207 0.6392857142857142 0.29659442724458207 0.6214285714285714 0.2959752321981424 0.6190476190476191 0.291640866873065 0.6095238095238096 0.243343653250774 0.6095238095238096 