2 0.3126934984520124 0.4095238095238095 0.30712074303405573 0.41904761904761906 0.2978328173374613 0.4392857142857143 0.29721362229102166 0.44166666666666665 0.29226006191950465 0.4666666666666667 0.29226006191950465 0.5226190476190476 0.3021671826625387 0.5416666666666666 0.30712074303405573 0.55 0.3176470588235294 0.5607142857142857 0.3411764705882353 0.5607142857142857 0.3461300309597523 0.5511904761904762 0.3510835913312694 0.5392857142857143 0.3510835913312694 0.42857142857142855 0.33622291021671824 0.4095238095238095 0.3126934984520124 0.4095238095238095 
3 0.3479876160990712 0.44761904761904764 0.34674922600619196 0.4488095238095238 0.3318885448916409 0.5821428571428572 0.3318885448916409 0.6357142857142857 0.33746130030959753 0.6464285714285715 0.3479876160990712 0.655952380952381 0.37585139318885447 0.655952380952381 0.38080495356037153 0.6452380952380953 0.38575851393188854 0.6178571428571429 0.38575851393188854 0.575 0.37089783281733746 0.4583333333333333 0.3653250773993808 0.44761904761904764 0.3479876160990712 0.44761904761904764 
4 0.36656346749226004 0.41904761904761906 0.36160990712074303 0.4297619047619048 0.36160990712074303 0.4654761904761905 0.36656346749226004 0.5226190476190476 0.3721362229102167 0.5321428571428571 0.3913312693498452 0.5321428571428571 0.3956656346749226 0.530952380952381 0.4006191950464396 0.5154761904761904 0.4006191950464396 0.5023809523809524 0.3907120743034056 0.42857142857142855 0.38575851393188854 0.41904761904761906 0.36656346749226004 0.41904761904761906 
5 0.3925696594427245 0.4095238095238095 0.3913312693498452 0.4107142857142857 0.3863777089783282 0.41904761904761906 0.3863777089783282 0.4714285714285714 0.39628482972136225 0.5404761904761904 0.39690402476780184 0.5416666666666666 0.4247678018575851 0.5416666666666666 0.42538699690402476 0.5404761904761904 0.42538699690402476 0.47619047619047616 0.42043343653250775 0.44761904761904764 0.4154798761609907 0.42857142857142855 0.4105263157894737 0.41904761904761906 0.40495356037151703 0.4095238095238095 0.3925696594427245 0.4095238095238095 
6 0.4117647058823529 0.34285714285714286 0.40619195046439627 0.3523809523809524 0.4018575851393189 0.3619047619047619 0.40123839009287926 0.36428571428571427 0.40123839009287926 0.4261904761904762 0.42105263157894735 0.5119047619047619 0.4260061919504644 0.5226190476190476 0.43653250773993807 0.5321428571428571 0.4501547987616099 0.5321428571428571 0.4551083591331269 0.5226190476190476 0.4551083591331269 0.4583333333333333 0.4501547987616099 0.42023809523809524 0.4452012383900929 0.4 0.4346749226006192 0.3619047619047619 0.43034055727554177 0.3523809523809524 0.4247678018575851 0.34285714285714286 0.4117647058823529 0.34285714285714286 
7 0.44643962848297214 0.41904761904761906 0.4458204334365325 0.42023809523809524 0.4408668730650155 0.5916666666666667 0.4408668730650155 0.6071428571428571 0.44643962848297214 0.6178571428571429 0.4569659442724458 0.6273809523809524 0.4631578947368421 0.6273809523809524 0.465015479876161 0.6261904761904762 0.469969040247678 0.6178571428571429 0.47492260061919506 0.5785714285714286 0.47492260061919506 0.5238095238095238 0.469969040247678 0.4773809523809524 0.465015479876161 0.45 0.460061919504644 0.4297619047619048 0.4551083591331269 0.42023809523809524 0.4538699690402477 0.41904761904761906 0.44643962848297214 0.41904761904761906 
8 0.4563467492260062 0.3904761904761905 0.45572755417956656 0.39285714285714285 0.45572755417956656 0.45595238095238094 0.46563467492260063 0.6083333333333333 0.4761609907120743 0.6178571428571429 0.49473684210526314 0.6178571428571429 0.4996904024767802 0.5988095238095238 0.4996904024767802 0.4857142857142857 0.49473684210526314 0.44761904761904764 0.47987616099071206 0.4011904761904762 0.47492260061919506 0.3904761904761905 0.4563467492260062 0.3904761904761905 
9 0.49102167182662537 0.3904761904761905 0.4904024767801858 0.39404761904761904 0.4904024767801858 0.6059523809523809 0.5003095975232198 0.6273809523809524 0.5102167182662539 0.6369047619047619 0.5294117647058824 0.6369047619047619 0.5343653250773994 0.6261904761904762 0.5343653250773994 0.5619047619047619 0.5145510835913313 0.39285714285714285 0.5139318885448917 0.3904761904761905 0.49102167182662537 0.3904761904761905 
10 0.5151702786377709 0.42857142857142855 0.5102167182662539 0.4380952380952381 0.5102167182662539 0.45476190476190476 0.525077399380805 0.5702380952380952 0.530030959752322 0.6071428571428571 0.5318885448916408 0.6083333333333333 0.5541795665634675 0.6083333333333333 0.5591331269349845 0.5857142857142857 0.5591331269349845 0.5523809523809524 0.5541795665634675 0.5261904761904762 0.5492260061919505 0.5047619047619047 0.5294117647058824 0.4297619047619048 0.5281733746130031 0.42857142857142855 0.5151702786377709 0.42857142857142855 
11 0.5504643962848297 0.3238095238095238 0.544891640866873 0.3333333333333333 0.5399380804953561 0.34285714285714286 0.534984520123839 0.3535714285714286 0.530030959752322 0.3821428571428571 0.525077399380805 0.42023809523809524 0.525077399380805 0.48214285714285715 0.534984520123839 0.5035714285714286 0.544891640866873 0.5226190476190476 0.5640866873065016 0.5226190476190476 0.5690402476780185 0.5119047619047619 0.5789473684210527 0.45595238095238094 0.5888544891640867 0.39880952380952384 0.5888544891640867 0.35714285714285715 0.5882352941176471 0.3523809523809524 0.5739938080495356 0.325 0.5721362229102167 0.3238095238095238 0.5504643962848297 0.3238095238095238 
12 0.5845201238390093 0.3904761904761905 0.5795665634674922 0.4011904761904762 0.5746130030959752 0.42023809523809524 0.5647058823529412 0.4666666666666667 0.5597523219814241 0.5071428571428571 0.5597523219814241 0.5380952380952381 0.5603715170278638 0.5416666666666666 0.5696594427244582 0.5511904761904762 0.5938080495356037 0.5511904761904762 0.5987616099071208 0.5404761904761904 0.6037151702786377 0.5285714285714286 0.6080495356037152 0.5023809523809524 0.6086687306501548 0.4976190476190476 0.6136222910216719 0.45476190476190476 0.6136222910216719 0.4 0.6037151702786377 0.3904761904761905 0.5845201238390093 0.3904761904761905 
13 0.6099071207430341 0.4380952380952381 0.6043343653250774 0.4488095238095238 0.5845201238390093 0.5428571428571428 0.5845201238390093 0.6083333333333333 0.590092879256966 0.6178571428571429 0.6229102167182663 0.6178571428571429 0.6235294117647059 0.6166666666666667 0.6235294117647059 0.45 0.6185758513931888 0.4392857142857143 0.6179566563467492 0.4380952380952381 0.6099071207430341 0.4380952380952381 
14 0.6340557275541796 0.4095238095238095 0.6241486068111455 0.41904761904761906 0.6142414860681115 0.43214285714285716 0.6142414860681115 0.45595238095238094 0.6191950464396285 0.6261904761904762 0.6198142414860681 0.6273809523809524 0.6253869969040248 0.6369047619047619 0.6681114551083591 0.6369047619047619 0.6730650154798762 0.6261904761904762 0.6730650154798762 0.5630952380952381 0.648297213622291 0.4095238095238095 0.6340557275541796 0.4095238095238095 
15 0.6637770897832818 0.38095238095238093 0.6538699690402476 0.3904761904761905 0.6439628482972136 0.4107142857142857 0.6439628482972136 0.475 0.6588235294117647 0.5404761904761904 0.6643962848297214 0.5607142857142857 0.6817337461300309 0.5607142857142857 0.7021671826625387 0.5511904761904762 0.7126934984520124 0.5321428571428571 0.7126934984520124 0.4666666666666667 0.7077399380804954 0.41904761904761906 0.6928792569659443 0.3821428571428571 0.6922600619195046 0.38095238095238093 0.6637770897832818 0.38095238095238093 
17 0.6934984520123839 0.6476190476190476 0.6835913312693499 0.6571428571428571 0.6736842105263158 0.6678571428571428 0.6736842105263158 0.7119047619047619 0.6786377708978328 0.7404761904761905 0.6835913312693499 0.7595238095238095 0.7034055727554179 0.7988095238095239 0.7362229102167183 0.7988095238095239 0.7374613003095976 0.7976190476190477 0.7417956656346749 0.7880952380952381 0.7473684210526316 0.7607142857142857 0.7473684210526316 0.7238095238095238 0.7424148606811145 0.6869047619047619 0.7374613003095976 0.6583333333333333 0.7368421052631579 0.6571428571428571 0.7269349845201238 0.6476190476190476 0.6934984520123839 0.6476190476190476 
18 0.6191950464396285 0.638095238095238 0.6191950464396285 0.6904761904761905 0.6291021671826625 0.7797619047619048 0.6340557275541796 0.805952380952381 0.6396284829721363 0.8273809523809523 0.6489164086687307 0.8464285714285714 0.6557275541795665 0.8464285714285714 0.7071207430340557 0.8369047619047619 0.7126934984520124 0.8273809523809523 0.7126934984520124 0.825 0.7077399380804954 0.7845238095238095 0.7071207430340557 0.780952380952381 0.6829721362229102 0.6571428571428571 0.6773993808049535 0.638095238095238 0.6191950464396285 0.638095238095238 
19 0.5907120743034056 0.6285714285714286 0.5894736842105263 0.6297619047619047 0.5795665634674922 0.6476190476190476 0.5795665634674922 0.6845238095238095 0.5845201238390093 0.7321428571428571 0.5894736842105263 0.7583333333333333 0.590092879256966 0.7607142857142857 0.595046439628483 0.7785714285714286 0.5962848297213622 0.7797619047619048 0.6198142414860681 0.7892857142857143 0.6365325077399381 0.7892857142857143 0.638390092879257 0.7880952380952381 0.638390092879257 0.7619047619047619 0.6334365325077399 0.719047619047619 0.6235294117647059 0.638095238095238 0.6179566563467492 0.6285714285714286 0.5907120743034056 0.6285714285714286 
20 0.5653250773993808 0.6857142857142857 0.5554179566563467 0.6952380952380952 0.5547987616099072 0.6964285714285714 0.5547987616099072 0.7404761904761905 0.5647058823529412 0.8178571428571428 0.5702786377708978 0.8464285714285714 0.5801857585139318 0.8654761904761905 0.5975232198142415 0.8654761904761905 0.6037151702786377 0.8559523809523809 0.6037151702786377 0.7714285714285715 0.5888544891640867 0.6928571428571428 0.5876160990712074 0.6892857142857143 0.5845201238390093 0.6857142857142857 0.5653250773993808 0.6857142857142857 
21 0.5256965944272446 0.6952380952380952 0.525077399380805 0.6976190476190476 0.525077399380805 0.7988095238095239 0.5256965944272446 0.8083333333333333 0.534984520123839 0.8940476190476191 0.5399380804953561 0.9130952380952381 0.5634674922600619 0.9130952380952381 0.5739938080495356 0.8940476190476191 0.5739938080495356 0.8380952380952381 0.5690402476780185 0.7738095238095238 0.5640866873065016 0.7333333333333333 0.5591331269349845 0.6952380952380952 0.5256965944272446 0.6952380952380952 
23 0.5256965944272446 0.6190476190476191 0.5151702786377709 0.6285714285714286 0.5052631578947369 0.6773809523809524 0.5052631578947369 0.8047619047619048 0.5058823529411764 0.8083333333333333 0.5151702786377709 0.8369047619047619 0.5244582043343653 0.8369047619047619 0.5294117647058824 0.825 0.5337461300309597 0.8083333333333333 0.5343653250773994 0.8047619047619048 0.5442724458204334 0.7035714285714286 0.5442724458204334 0.6952380952380952 0.5393188854489164 0.6226190476190476 0.5386996904024768 0.6190476190476191 0.5256965944272446 0.6190476190476191 
24 0.4953560371517028 0.6190476190476191 0.4904024767801858 0.6285714285714286 0.4904024767801858 0.8083333333333333 0.49597523219814244 0.8178571428571428 0.5120743034055728 0.8178571428571428 0.5145510835913313 0.8166666666666667 0.5195046439628483 0.655952380952381 0.5195046439628483 0.6392857142857142 0.5145510835913313 0.6202380952380953 0.5126934984520124 0.6190476190476191 0.4953560371517028 0.6190476190476191 
25 0.47554179566563465 0.6190476190476191 0.47058823529411764 0.6476190476190476 0.47058823529411764 0.7047619047619048 0.4712074303405573 0.7226190476190476 0.4804953560371517 0.8154761904761905 0.48111455108359136 0.8178571428571428 0.49411764705882355 0.8178571428571428 0.49473684210526314 0.8154761904761905 0.4996904024767802 0.6357142857142857 0.4996904024767802 0.6190476190476191 0.47554179566563465 0.6190476190476191 
26 0.47554179566563465 0.6190476190476191 0.46563467492260063 0.6285714285714286 0.45572755417956656 0.6476190476190476 0.45572755417956656 0.7130952380952381 0.46068111455108357 0.7607142857142857 0.46563467492260063 0.7988095238095239 0.47058823529411764 0.8166666666666667 0.47554179566563465 0.8273809523809523 0.47987616099071206 0.8273809523809523 0.4848297213622291 0.8071428571428572 0.4848297213622291 0.7428571428571429 0.47987616099071206 0.6214285714285714 0.4792569659442725 0.6190476190476191 0.47554179566563465 0.6190476190476191 
28 0.44148606811145513 0.7142857142857143 0.4359133126934985 0.7238095238095238 0.43157894736842106 0.7428571428571429 0.4309597523219814 0.7464285714285714 0.4309597523219814 0.9023809523809524 0.43653250773993807 0.9130952380952381 0.45944272445820433 0.9130952380952381 0.460061919504644 0.9119047619047619 0.465015479876161 0.8940476190476191 0.469969040247678 0.8369047619047619 0.469969040247678 0.7535714285714286 0.465015479876161 0.7238095238095238 0.460061919504644 0.7154761904761905 0.4582043343653251 0.7142857142857143 0.44148606811145513 0.7142857142857143 
29 0.41114551083591333 0.7047619047619048 0.40619195046439627 0.7142857142857143 0.40619195046439627 0.8559523809523809 0.4247678018575851 0.8559523809523809 0.43529411764705883 0.8369047619047619 0.4501547987616099 0.7214285714285714 0.4501547987616099 0.7142857142857143 0.4452012383900929 0.7047619047619048 0.41114551083591333 0.7047619047619048 
30 0.4018575851393189 0.638095238095238 0.3764705882352941 0.6476190476190476 0.36656346749226004 0.6666666666666666 0.36160990712074303 0.7238095238095238 0.36160990712074303 0.7892857142857143 0.3671826625386997 0.7988095238095239 0.4105263157894737 0.7988095238095239 0.4154798761609907 0.6928571428571428 0.4154798761609907 0.6511904761904762 0.4148606811145511 0.6476190476190476 0.40990712074303404 0.638095238095238 0.4018575851393189 0.638095238095238 
31 0.33250773993808047 0.6285714285714286 0.3318885448916409 0.6297619047619047 0.3269349845201238 0.6488095238095238 0.30712074303405573 0.8011904761904762 0.30712074303405573 0.8345238095238096 0.30835913312693497 0.8369047619047619 0.3473684210526316 0.8654761904761905 0.36594427244582045 0.8654761904761905 0.37089783281733746 0.8547619047619047 0.37585139318885447 0.675 0.37585139318885447 0.6583333333333333 0.37089783281733746 0.6476190476190476 0.3411764705882353 0.6285714285714286 0.33250773993808047 0.6285714285714286 
32 0.29721362229102166 0.6571428571428571 0.2823529411764706 0.6666666666666666 0.2724458204334365 0.6857142857142857 0.2674922600619195 0.6964285714285714 0.2625386996904025 0.7238095238095238 0.2625386996904025 0.7678571428571429 0.2674922600619195 0.7976190476190477 0.27306501547987616 0.8083333333333333 0.27801857585139317 0.8166666666666667 0.27925696594427246 0.8178571428571428 0.30526315789473685 0.8178571428571428 0.3065015479876161 0.8166666666666667 0.31640866873065016 0.7988095238095239 0.33126934984520123 0.7607142857142857 0.33126934984520123 0.7154761904761905 0.3263157894736842 0.6952380952380952 0.31640866873065016 0.6761904761904762 0.3108359133126935 0.6666666666666666 0.30092879256965943 0.6571428571428571 0.29721362229102166 0.6571428571428571 
A 0.3715170278637771 0.5238095238095238 0.3715170278637771 0.55 0.3764705882352941 0.6464285714285715 0.3814241486068111 0.6547619047619048 0.38328173374613 0.655952380952381 0.4037151702786378 0.655952380952381 0.4055727554179567 0.6547619047619048 0.4105263157894737 0.6464285714285715 0.4105263157894737 0.5916666666666667 0.4006191950464396 0.525 0.3993808049535604 0.5238095238095238 0.3715170278637771 0.5238095238095238 
B 0.3913312693498452 0.5142857142857142 0.3913312693498452 0.530952380952381 0.39195046439628484 0.5416666666666666 0.39628482972136225 0.5785714285714286 0.40619195046439627 0.6369047619047619 0.42538699690402476 0.6369047619047619 0.4340557275541796 0.6238095238095238 0.4346749226006192 0.6226190476190476 0.4346749226006192 0.580952380952381 0.42538699690402476 0.5273809523809524 0.4006191950464396 0.5142857142857142 0.3913312693498452 0.5142857142857142 
C 0.421671826625387 0.5047619047619047 0.42105263157894735 0.5071428571428571 0.42105263157894735 0.569047619047619 0.4260061919504644 0.6154761904761905 0.426625386996904 0.6178571428571429 0.4452012383900929 0.6178571428571429 0.4501547987616099 0.5988095238095238 0.4501547987616099 0.5238095238095238 0.44024767801857584 0.5142857142857142 0.4297213622291022 0.5047619047619047 0.421671826625387 0.5047619047619047 
H 0.544891640866873 0.5142857142857142 0.544891640866873 0.5321428571428571 0.5498452012383901 0.6083333333333333 0.5547987616099072 0.6166666666666667 0.5560371517027863 0.6178571428571429 0.5690402476780185 0.6178571428571429 0.5739938080495356 0.6083333333333333 0.5739938080495356 0.5345238095238095 0.5640866873065016 0.5142857142857142 0.544891640866873 0.5142857142857142 
I 0.5696594427244582 0.5428571428571428 0.5696594427244582 0.6178571428571429 0.5938080495356037 0.6178571428571429 0.5938080495356037 0.6023809523809524 0.5888544891640867 0.544047619047619 0.5882352941176471 0.5428571428571428 0.5696594427244582 0.5428571428571428 
K 0.5547987616099072 0.6190476190476191 0.5498452012383901 0.638095238095238 0.5498452012383901 0.7035714285714286 0.5547987616099072 0.7130952380952381 0.5585139318885449 0.7130952380952381 0.5888544891640867 0.7035714285714286 0.5938080495356037 0.6452380952380953 0.5938080495356037 0.6297619047619047 0.5925696594427244 0.6285714285714286 0.5770897832817338 0.6190476190476191 0.5547987616099072 0.6190476190476191 
L 0.5356037151702786 0.6095238095238096 0.534984520123839 0.6107142857142858 0.5306501547987617 0.6285714285714286 0.5306501547987617 0.6369047619047619 0.534984520123839 0.7035714285714286 0.5541795665634675 0.7035714285714286 0.5591331269349845 0.6464285714285715 0.5591331269349845 0.6202380952380953 0.5535603715170279 0.6095238095238096 0.5356037151702786 0.6095238095238096 
S 0.4371517027863777 0.6285714285714286 0.4359133126934985 0.6297619047619047 0.43157894736842106 0.638095238095238 0.4309597523219814 0.6416666666666667 0.4309597523219814 0.7119047619047619 0.43157894736842106 0.7130952380952381 0.44148606811145513 0.7226190476190476 0.45572755417956656 0.7321428571428571 0.465015479876161 0.7321428571428571 0.465015479876161 0.638095238095238 0.4551083591331269 0.6285714285714286 0.4371517027863777 0.6285714285714286 
T 0.4117647058823529 0.6285714285714286 0.4068111455108359 0.638095238095238 0.40619195046439627 0.6404761904761904 0.40619195046439627 0.7214285714285714 0.40804953560371515 0.7226190476190476 0.4154798761609907 0.7226190476190476 0.44024767801857584 0.7130952380952381 0.44024767801857584 0.6404761904761904 0.43962848297213625 0.638095238095238 0.43529411764705883 0.6285714285714286 0.4117647058823529 0.6285714285714286 