5 0.38699690402476783 0.42857142857142855 0.3863777089783282 0.430952380952381 0.3863777089783282 0.5797619047619048 0.39690402476780184 0.5988095238095238 0.4105263157894737 0.5988095238095238 0.42043343653250775 0.5892857142857143 0.42043343653250775 0.5630952380952381 0.4105263157894737 0.4857142857142857 0.4055727554179567 0.4488095238095238 0.4006191950464396 0.42857142857142855 0.38699690402476783 0.42857142857142855 
6 0.41609907120743034 0.38095238095238093 0.41114551083591333 0.4011904761904762 0.41114551083591333 0.5678571428571428 0.41609907120743034 0.5976190476190476 0.41671826625387 0.5988095238095238 0.44458204334365325 0.5988095238095238 0.4452012383900929 0.5976190476190476 0.4452012383900929 0.5535714285714286 0.43529411764705883 0.42023809523809524 0.43034055727554177 0.3904761904761905 0.42538699690402476 0.38095238095238093 0.41609907120743034 0.38095238095238093 
7 0.44643962848297214 0.41904761904761906 0.4408668730650155 0.4297619047619048 0.4408668730650155 0.5892857142857143 0.4458204334365325 0.5988095238095238 0.460061919504644 0.5988095238095238 0.465015479876161 0.5892857142857143 0.465015479876161 0.49642857142857144 0.460061919504644 0.44166666666666665 0.45944272445820433 0.4380952380952381 0.4551083591331269 0.41904761904761906 0.44643962848297214 0.41904761904761906 
8 0.4674922600619195 0.4095238095238095 0.4662538699690402 0.4107142857142857 0.46563467492260063 0.41309523809523807 0.46068111455108357 0.5273809523809524 0.46068111455108357 0.5678571428571428 0.4662538699690402 0.5892857142857143 0.47554179566563465 0.5976190476190476 0.4854489164086687 0.5988095238095238 0.486687306501548 0.5988095238095238 0.48978328173374613 0.5976190476190476 0.49473684210526314 0.5892857142857143 0.49473684210526314 0.5345238095238095 0.48978328173374613 0.47619047619047616 0.4848297213622291 0.4297619047619048 0.47987616099071206 0.4107142857142857 0.4792569659442725 0.4095238095238095 0.4674922600619195 0.4095238095238095 
9 0.49597523219814244 0.41904761904761906 0.4953560371517028 0.42023809523809524 0.4904024767801858 0.5428571428571428 0.4904024767801858 0.5511904761904762 0.4953560371517028 0.5880952380952381 0.49597523219814244 0.5892857142857143 0.5238390092879257 0.5892857142857143 0.5244582043343653 0.5880952380952381 0.5244582043343653 0.5047619047619047 0.5195046439628483 0.4666666666666667 0.5139318885448917 0.4380952380952381 0.5095975232198142 0.42857142857142855 0.5040247678018576 0.41904761904761906 0.49597523219814244 0.41904761904761906 
10 0.5207430340557275 0.41904761904761906 0.5151702786377709 0.42857142857142855 0.5151702786377709 0.5119047619047619 0.5201238390092879 0.5869047619047619 0.5207430340557275 0.5892857142857143 0.5393188854489164 0.5892857142857143 0.5393188854489164 0.44761904761904764 0.5343653250773994 0.42857142857142855 0.5287925696594428 0.41904761904761906 0.5207430340557275 0.41904761904761906 
11 0.5547987616099072 0.4 0.5498452012383901 0.4095238095238095 0.544891640866873 0.4380952380952381 0.544891640866873 0.5666666666666667 0.5455108359133127 0.569047619047619 0.5498452012383901 0.5797619047619048 0.5597523219814241 0.5988095238095238 0.5684210526315789 0.5988095238095238 0.5690402476780185 0.5964285714285714 0.5690402476780185 0.4583333333333333 0.5640866873065016 0.41309523809523807 0.5634674922600619 0.4095238095238095 0.5585139318885449 0.4 0.5547987616099072 0.4 
12 0.5851393188854489 0.41904761904761906 0.5795665634674922 0.4297619047619048 0.5647058823529412 0.525 0.5647058823529412 0.5964285714285714 0.5653250773993808 0.5988095238095238 0.5696594427244582 0.6083333333333333 0.5869969040247678 0.6083333333333333 0.5888544891640867 0.6071428571428571 0.5938080495356037 0.5976190476190476 0.5987616099071208 0.49404761904761907 0.5987616099071208 0.4380952380952381 0.5938080495356037 0.41904761904761906 0.5851393188854489 0.41904761904761906 
13 0.6043343653250774 0.41904761904761906 0.5944272445820433 0.47619047619047616 0.5894736842105263 0.5273809523809524 0.5894736842105263 0.5892857142857143 0.5993808049535604 0.5988095238095238 0.6123839009287926 0.5988095238095238 0.6179566563467492 0.5892857142857143 0.6185758513931888 0.5857142857142857 0.6235294117647059 0.49404761904761907 0.6235294117647059 0.44761904761904764 0.6185758513931888 0.42023809523809524 0.6179566563467492 0.41904761904761906 0.6043343653250774 0.41904761904761906 
14 0.6495356037151703 0.4380952380952381 0.6489164086687307 0.4392857142857143 0.6142414860681115 0.5535714285714286 0.6142414860681115 0.5773809523809523 0.6191950464396285 0.5880952380952381 0.6247678018575852 0.5988095238095238 0.6582043343653251 0.5988095238095238 0.6681114551083591 0.5797619047619048 0.6681114551083591 0.4380952380952381 0.6495356037151703 0.4380952380952381 
22 0.5256965944272446 0.6095238095238096 0.5201238390092879 0.6202380952380953 0.5201238390092879 0.7607142857142857 0.525077399380805 0.7869047619047619 0.5256965944272446 0.7880952380952381 0.5269349845201239 0.7892857142857143 0.5331269349845201 0.7892857142857143 0.5386996904024768 0.7797619047619048 0.5591331269349845 0.6654761904761904 0.5591331269349845 0.6297619047619047 0.5585139318885449 0.6285714285714286 0.5393188854489164 0.6095238095238096 0.5256965944272446 0.6095238095238096 
23 0.5065015479876162 0.6095238095238096 0.5052631578947369 0.6107142857142858 0.5052631578947369 0.7130952380952381 0.5102167182662539 0.7702380952380953 0.5195046439628483 0.7702380952380953 0.5244582043343653 0.7595238095238095 0.5244582043343653 0.6107142857142858 0.5238390092879257 0.6095238095238096 0.5065015479876162 0.6095238095238096 
24 0.4854489164086687 0.6095238095238096 0.4854489164086687 0.655952380952381 0.4904024767801858 0.7702380952380953 0.4953560371517028 0.7785714285714286 0.496594427244582 0.7797619047619048 0.5046439628482973 0.7797619047619048 0.5095975232198142 0.7511904761904762 0.5095975232198142 0.6095238095238096 0.4854489164086687 0.6095238095238096 
25 0.47058823529411764 0.6095238095238096 0.47058823529411764 0.7226190476190476 0.47554179566563465 0.7690476190476191 0.4761609907120743 0.7702380952380953 0.48978328173374613 0.7702380952380953 0.49473684210526314 0.7297619047619047 0.49473684210526314 0.6630952380952381 0.48978328173374613 0.6095238095238096 0.47058823529411764 0.6095238095238096 
26 0.4563467492260062 0.6 0.45572755417956656 0.6011904761904762 0.45572755417956656 0.7797619047619048 0.46068111455108357 0.7892857142857143 0.47492260061919506 0.7892857142857143 0.47492260061919506 0.6011904761904762 0.47368421052631576 0.6 0.4563467492260062 0.6 
27 0.4470588235294118 0.6 0.4458204334365325 0.6011904761904762 0.42105263157894735 0.6297619047619047 0.42105263157894735 0.6547619047619048 0.4408668730650155 0.7702380952380953 0.4458204334365325 0.7892857142857143 0.4520123839009288 0.7988095238095239 0.45944272445820433 0.7988095238095239 0.460061919504644 0.7976190476190477 0.465015479876161 0.7023809523809523 0.465015479876161 0.6857142857142857 0.460061919504644 0.6 0.4470588235294118 0.6 
31 0.35294117647058826 0.580952380952381 0.34179566563467495 0.5904761904761905 0.3368421052631579 0.6011904761904762 0.31207430340557274 0.6666666666666666 0.30712074303405573 0.6857142857142857 0.3027863777089783 0.7047619047619048 0.3021671826625387 0.7083333333333334 0.3021671826625387 0.7297619047619047 0.3027863777089783 0.7321428571428571 0.32074303405572757 0.7321428571428571 0.3411764705882353 0.7226190476190476 0.3752321981424149 0.675 0.38575851393188854 0.655952380952381 0.38575851393188854 0.6202380952380953 0.37089783281733746 0.5904761904761905 0.3603715170278638 0.580952380952381 0.35294117647058826 0.580952380952381 
32 0.3170278637770898 0.5523809523809524 0.2773993808049536 0.6285714285714286 0.2724458204334365 0.6511904761904762 0.2724458204334365 0.675 0.2773993808049536 0.6845238095238095 0.28606811145510835 0.6845238095238095 0.30030959752321984 0.675 0.31145510835913315 0.6654761904761904 0.33126934984520123 0.6464285714285715 0.3411764705882353 0.6261904761904762 0.3461300309597523 0.6083333333333333 0.3461300309597523 0.580952380952381 0.3411764705882353 0.5630952380952381 0.33622291021671824 0.5523809523809524 0.3170278637770898 0.5523809523809524 