2 0.3170278637770898 0.4 0.31207430340557274 0.4107142857142857 0.30712074303405573 0.430952380952381 0.28792569659442724 0.5333333333333333 0.2873065015479876 0.5369047619047619 0.2873065015479876 0.5571428571428572 0.28792569659442724 0.5607142857142857 0.29226006191950465 0.5785714285714286 0.29721362229102166 0.5892857142857143 0.31207430340557274 0.6083333333333333 0.33622291021671824 0.6083333333333333 0.3411764705882353 0.5988095238095238 0.3461300309597523 0.5797619047619048 0.3510835913312694 0.5511904761904762 0.3510835913312694 0.45 0.3455108359133127 0.42857142857142855 0.3411764705882353 0.41904761904761906 0.3263157894736842 0.4 0.3170278637770898 0.4 
3 0.3603715170278638 0.41904761904761906 0.356656346749226 0.42023809523809524 0.34241486068111454 0.42857142857142855 0.34179566563467495 0.4297619047619048 0.3368421052631579 0.5738095238095238 0.3368421052631579 0.5797619047619048 0.34179566563467495 0.6071428571428571 0.34674922600619196 0.6166666666666667 0.3479876160990712 0.6178571428571429 0.3956656346749226 0.6178571428571429 0.3956656346749226 0.5916666666666667 0.3907120743034056 0.4666666666666667 0.3851393188854489 0.44761904761904764 0.38080495356037153 0.4380952380952381 0.37089783281733746 0.41904761904761906 0.3603715170278638 0.41904761904761906 
4 0.39195046439628484 0.41904761904761906 0.3913312693498452 0.42023809523809524 0.3863777089783282 0.4392857142857143 0.3863777089783282 0.5952380952380952 0.38699690402476783 0.5988095238095238 0.39195046439628484 0.6083333333333333 0.42043343653250775 0.6083333333333333 0.43034055727554177 0.5988095238095238 0.43034055727554177 0.5428571428571428 0.4154798761609907 0.4380952380952381 0.4105263157894737 0.42023809523809524 0.4086687306501548 0.41904761904761906 0.39195046439628484 0.41904761904761906 
6 0.426625386996904 0.37142857142857144 0.4260061919504644 0.3726190476190476 0.42105263157894735 0.4011904761904762 0.41609907120743034 0.45714285714285713 0.41609907120743034 0.5321428571428571 0.42105263157894735 0.6083333333333333 0.43157894736842106 0.6166666666666667 0.43343653250773995 0.6178571428571429 0.43529411764705883 0.6166666666666667 0.44458204334365325 0.6083333333333333 0.4501547987616099 0.5988095238095238 0.4544891640866873 0.5892857142857143 0.4551083591331269 0.5869047619047619 0.4551083591331269 0.5047619047619047 0.4501547987616099 0.4035714285714286 0.4452012383900929 0.3726190476190476 0.4439628482972136 0.37142857142857144 0.426625386996904 0.37142857142857144 
7 0.46563467492260063 0.4 0.46068111455108357 0.42142857142857143 0.45077399380804956 0.5142857142857142 0.45077399380804956 0.5880952380952381 0.4563467492260062 0.5988095238095238 0.47987616099071206 0.5988095238095238 0.4848297213622291 0.5797619047619048 0.4848297213622291 0.42857142857142855 0.47987616099071206 0.4011904761904762 0.4780185758513932 0.4 0.46563467492260063 0.4 
8 0.4904024767801858 0.3904761904761905 0.4854489164086687 0.41904761904761906 0.47554179566563465 0.5714285714285714 0.47554179566563465 0.5988095238095238 0.4953560371517028 0.6083333333333333 0.5145510835913313 0.6083333333333333 0.5145510835913313 0.430952380952381 0.5095975232198142 0.4011904761904762 0.5040247678018576 0.3904761904761905 0.4904024767801858 0.3904761904761905 
9 0.525077399380805 0.38095238095238093 0.5157894736842106 0.3904761904761905 0.5151702786377709 0.39285714285714285 0.5102167182662539 0.44761904761904764 0.5102167182662539 0.513095238095238 0.5151702786377709 0.6071428571428571 0.5164086687306502 0.6083333333333333 0.5436532507739938 0.6083333333333333 0.5492260061919505 0.5988095238095238 0.5492260061919505 0.5345238095238095 0.5393188854489164 0.4035714285714286 0.5386996904024768 0.4 0.5343653250773994 0.3821428571428571 0.5331269349845201 0.38095238095238093 0.525077399380805 0.38095238095238093 
10 0.5504643962848297 0.41904761904761906 0.5455108359133127 0.44761904761904764 0.544891640866873 0.4523809523809524 0.544891640866873 0.569047619047619 0.5498452012383901 0.5988095238095238 0.5770897832817338 0.5988095238095238 0.5789473684210527 0.5964285714285714 0.5789473684210527 0.5428571428571428 0.5739938080495356 0.47619047619047616 0.5690402476780185 0.4488095238095238 0.5634674922600619 0.4297619047619048 0.5591331269349845 0.42023809523809524 0.5585139318885449 0.41904761904761906 0.5504643962848297 0.41904761904761906 
11 0.5919504643962848 0.37142857142857144 0.5894736842105263 0.3738095238095238 0.5845201238390093 0.38333333333333336 0.5795665634674922 0.4 0.5746130030959752 0.4857142857142857 0.5746130030959752 0.5892857142857143 0.5795665634674922 0.6083333333333333 0.5845201238390093 0.6178571428571429 0.6037151702786377 0.6178571428571429 0.6130030959752322 0.5988095238095238 0.6136222910216719 0.5952380952380952 0.6136222910216719 0.5523809523809524 0.6086687306501548 0.4666666666666667 0.5987616099071208 0.3726190476190476 0.5981424148606811 0.37142857142857144 0.5919504643962848 0.37142857142857144 
12 0.6191950464396285 0.41904761904761906 0.6142414860681115 0.44761904761904764 0.6092879256965944 0.4857142857142857 0.604953560371517 0.5238095238095238 0.6043343653250774 0.530952380952381 0.6043343653250774 0.5988095238095238 0.6092879256965944 0.6047619047619047 0.6154798761609908 0.6083333333333333 0.6328173374613003 0.6083333333333333 0.638390092879257 0.5988095238095238 0.638390092879257 0.5380952380952381 0.6334365325077399 0.4261904761904762 0.6328173374613003 0.41904761904761906 0.6191950464396285 0.41904761904761906 
14 0.6346749226006192 0.42857142857142855 0.6340557275541796 0.4297619047619048 0.6291021671826625 0.47619047619047616 0.6291021671826625 0.5416666666666666 0.6340557275541796 0.5988095238095238 0.6445820433436532 0.6083333333333333 0.6582043343653251 0.6083333333333333 0.676780185758514 0.5988095238095238 0.6780185758513931 0.5976190476190476 0.6829721362229102 0.5892857142857143 0.6829721362229102 0.5428571428571428 0.6730650154798762 0.45714285714285713 0.6681114551083591 0.4392857142857143 0.6674922600619195 0.4380952380952381 0.6476780185758514 0.42857142857142855 0.6346749226006192 0.42857142857142855 
15 0.6854489164086688 0.37142857142857144 0.6835913312693499 0.3726190476190476 0.6786377708978328 0.38095238095238093 0.6736842105263158 0.39166666666666666 0.6687306501547987 0.41904761904761906 0.6687306501547987 0.5321428571428571 0.6736842105263158 0.5511904761904762 0.6786377708978328 0.569047619047619 0.6835913312693499 0.5785714285714286 0.6854489164086688 0.5797619047619048 0.6965944272445821 0.5797619047619048 0.7226006191950465 0.5511904761904762 0.7226006191950465 0.49523809523809526 0.7126934984520124 0.38095238095238093 0.7034055727554179 0.37142857142857144 0.6854489164086688 0.37142857142857144 
18 0.7281733746130031 0.6095238095238096 0.698452012383901 0.6190476190476191 0.6934984520123839 0.6285714285714286 0.6934984520123839 0.7035714285714286 0.698452012383901 0.7226190476190476 0.7089783281733746 0.7607142857142857 0.718266253869969 0.7892857142857143 0.7417956656346749 0.7892857142857143 0.746749226006192 0.7797619047619048 0.7473684210526316 0.775 0.7473684210526316 0.6297619047619047 0.7424148606811145 0.6190476190476191 0.7325077399380805 0.6095238095238096 0.7281733746130031 0.6095238095238096 
19 0.6495356037151703 0.6285714285714286 0.6445820433436532 0.638095238095238 0.6439628482972136 0.6440476190476191 0.6439628482972136 0.7011904761904761 0.6489164086687307 0.7404761904761905 0.6538699690402476 0.7702380952380953 0.6563467492260062 0.7797619047619048 0.6637770897832818 0.805952380952381 0.6643962848297214 0.8071428571428572 0.6656346749226006 0.8083333333333333 0.6972136222910217 0.8083333333333333 0.7027863777089783 0.7988095238095239 0.7027863777089783 0.7523809523809524 0.6978328173374613 0.6476190476190476 0.6928792569659443 0.638095238095238 0.6873065015479877 0.6285714285714286 0.6495356037151703 0.6285714285714286 
20 0.6191950464396285 0.6285714285714286 0.6142414860681115 0.638095238095238 0.6142414860681115 0.6869047619047619 0.6191950464396285 0.7511904761904762 0.6241486068111455 0.7797619047619048 0.6291021671826625 0.8071428571428572 0.6340557275541796 0.8178571428571428 0.6377708978328174 0.8178571428571428 0.643343653250774 0.8083333333333333 0.648297213622291 0.7226190476190476 0.648297213622291 0.638095238095238 0.643343653250774 0.6285714285714286 0.6191950464396285 0.6285714285714286 
21 0.6 0.6190476190476191 0.590092879256966 0.6297619047619047 0.5894736842105263 0.6309523809523809 0.5845201238390093 0.6488095238095238 0.5845201238390093 0.6845238095238095 0.5894736842105263 0.7607142857142857 0.5944272445820433 0.7892857142857143 0.6 0.8083333333333333 0.6086687306501548 0.8083333333333333 0.6130030959752322 0.7892857142857143 0.6136222910216719 0.7833333333333333 0.6185758513931888 0.7226190476190476 0.6185758513931888 0.6404761904761904 0.6179566563467492 0.638095238095238 0.6086687306501548 0.6190476190476191 0.6 0.6190476190476191 
22 0.5702786377708978 0.6095238095238096 0.5647058823529412 0.6214285714285714 0.5603715170278638 0.638095238095238 0.5597523219814241 0.6416666666666667 0.5597523219814241 0.7785714285714286 0.5647058823529412 0.8178571428571428 0.5696594427244582 0.8369047619047619 0.5752321981424149 0.8464285714285714 0.5839009287925696 0.8464285714285714 0.5888544891640867 0.7761904761904762 0.5938080495356037 0.6952380952380952 0.5938080495356037 0.6392857142857142 0.5888544891640867 0.6190476190476191 0.58328173374613 0.6095238095238096 0.5702786377708978 0.6095238095238096 
23 0.5405572755417957 0.6095238095238096 0.5399380804953561 0.611904761904762 0.5399380804953561 0.7797619047619048 0.544891640866873 0.7988095238095239 0.5541795665634675 0.7988095238095239 0.5591331269349845 0.7797619047619048 0.5640866873065016 0.6821428571428572 0.5640866873065016 0.6202380952380953 0.5634674922600619 0.6190476190476191 0.5479876160990712 0.6095238095238096 0.5405572755417957 0.6095238095238096 
24 0.5157894736842106 0.6095238095238096 0.5151702786377709 0.611904761904762 0.5151702786377709 0.694047619047619 0.525077399380805 0.7785714285714286 0.530030959752322 0.7892857142857143 0.5393188854489164 0.7892857142857143 0.5393188854489164 0.6095238095238096 0.5157894736842106 0.6095238095238096 
25 0.49597523219814244 0.6095238095238096 0.4953560371517028 0.611904761904762 0.4953560371517028 0.7011904761904761 0.5003095975232198 0.7380952380952381 0.5052631578947369 0.7702380952380953 0.5102167182662539 0.7880952380952381 0.5120743034055728 0.7892857142857143 0.5188854489164086 0.7892857142857143 0.5244582043343653 0.7785714285714286 0.5244582043343653 0.6892857142857143 0.5195046439628483 0.6190476190476191 0.5089783281733746 0.6095238095238096 0.49597523219814244 0.6095238095238096 
26 0.4718266253869969 0.6095238095238096 0.47058823529411764 0.6107142857142858 0.47058823529411764 0.6535714285714286 0.47554179566563465 0.694047619047619 0.4904024767801858 0.7976190476190477 0.491640866873065 0.7988095238095239 0.5040247678018576 0.7988095238095239 0.5046439628482973 0.794047619047619 0.5046439628482973 0.725 0.4996904024767802 0.6095238095238096 0.4718266253869969 0.6095238095238096 
27 0.45077399380804956 0.6 0.4458204334365325 0.6107142857142858 0.4458204334365325 0.7119047619047619 0.45572755417956656 0.7892857142857143 0.46068111455108357 0.8071428571428572 0.46563467492260063 0.8178571428571428 0.47058823529411764 0.8273809523809523 0.4792569659442725 0.8273809523809523 0.4848297213622291 0.8178571428571428 0.4848297213622291 0.7833333333333333 0.47987616099071206 0.6785714285714286 0.47492260061919506 0.6095238095238096 0.469969040247678 0.6011904761904762 0.46873065015479876 0.6 0.45077399380804956 0.6 
28 0.4260061919504644 0.6095238095238096 0.41609907120743034 0.6285714285714286 0.41609907120743034 0.7226190476190476 0.4260061919504644 0.7785714285714286 0.4309597523219814 0.7976190476190477 0.4408668730650155 0.8083333333333333 0.4452012383900929 0.8083333333333333 0.4501547987616099 0.7976190476190477 0.4501547987616099 0.6285714285714286 0.44024767801857584 0.6107142857142858 0.43777089783281736 0.6095238095238096 0.4260061919504644 0.6095238095238096 
29 0.39195046439628484 0.6190476190476191 0.38204334365325077 0.6285714285714286 0.3814241486068111 0.6309523809523809 0.3814241486068111 0.6738095238095239 0.3863777089783282 0.8154761904761905 0.38699690402476783 0.8178571428571428 0.4055727554179567 0.8178571428571428 0.4105263157894737 0.8083333333333333 0.4148606811145511 0.7988095238095239 0.4154798761609907 0.7952380952380952 0.42043343653250775 0.7511904761904762 0.42043343653250775 0.6309523809523809 0.4198142414860681 0.6285714285714286 0.40990712074303404 0.6190476190476191 0.39195046439628484 0.6190476190476191 
30 0.33869969040247677 0.6190476190476191 0.32755417956656346 0.6285714285714286 0.3269349845201238 0.6297619047619047 0.3219814241486068 0.7428571428571429 0.3219814241486068 0.8178571428571428 0.3473684210526316 0.8273809523809523 0.3609907120743034 0.8273809523809523 0.3702786377708978 0.8083333333333333 0.37585139318885447 0.7892857142857143 0.3907120743034056 0.7023809523809523 0.3907120743034056 0.6309523809523809 0.39009287925696595 0.6285714285714286 0.38575851393188854 0.6190476190476191 0.33869969040247677 0.6190476190476191 
31 0.27306501547987616 0.6 0.2724458204334365 0.6011904761904762 0.2674922600619195 0.6190476190476191 0.2625386996904025 0.6952380952380952 0.2625386996904025 0.7690476190476191 0.2674922600619195 0.7892857142857143 0.29040247678018577 0.7892857142857143 0.2959752321981424 0.7797619047619048 0.3065015479876161 0.7595238095238095 0.31145510835913315 0.7488095238095238 0.31640866873065016 0.7309523809523809 0.33126934984520123 0.675 0.33622291021671824 0.6369047619047619 0.33622291021671824 0.6297619047619047 0.33126934984520123 0.6190476190476191 0.3157894736842105 0.6095238095238096 0.2897832817337461 0.6 0.27306501547987616 0.6 