1 0.2625386996904025 0.2571428571428571 0.248297213622291 0.2761904761904762 0.2476780185758514 0.2785714285714286 0.24272445820433436 0.3904761904761905 0.24272445820433436 0.4261904761904762 0.2476780185758514 0.45595238095238094 0.2625386996904025 0.4654761904761905 0.2804953560371517 0.4654761904761905 0.28173374613003094 0.4642857142857143 0.291640866873065 0.44642857142857145 0.291640866873065 0.3904761904761905 0.286687306501548 0.31547619047619047 0.28173374613003094 0.2785714285714286 0.28111455108359135 0.2761904761904762 0.2718266253869969 0.25833333333333336 0.27058823529411763 0.2571428571428571 0.2625386996904025 0.2571428571428571 
3 0.29907120743034055 0.29523809523809524 0.29721362229102166 0.29642857142857143 0.29226006191950465 0.325 0.29226006191950465 0.36666666666666664 0.29721362229102166 0.4654761904761905 0.3021671826625387 0.4845238095238095 0.30712074303405573 0.4928571428571429 0.3089783281733746 0.49404761904761907 0.32074303405572757 0.49404761904761907 0.3455108359133127 0.4845238095238095 0.3510835913312694 0.475 0.3510835913312694 0.42142857142857143 0.3411764705882353 0.3238095238095238 0.33622291021671824 0.31547619047619047 0.334984520123839 0.3142857142857143 0.31145510835913315 0.29523809523809524 0.29907120743034055 0.29523809523809524 
4 0.35789473684210527 0.3047619047619048 0.356656346749226 0.305952380952381 0.34674922600619196 0.4095238095238095 0.34674922600619196 0.42738095238095236 0.3492260061919505 0.4369047619047619 0.36594427244582045 0.4369047619047619 0.3801857585139319 0.42738095238095236 0.38080495356037153 0.4261904761904762 0.38080495356037153 0.4 0.37585139318885447 0.34285714285714286 0.37089783281733746 0.30714285714285716 0.3702786377708978 0.3047619047619048 0.35789473684210527 0.3047619047619048 
5 0.3863777089783282 0.24761904761904763 0.3814241486068111 0.25833333333333336 0.3764705882352941 0.42142857142857143 0.3764705882352941 0.4845238095238095 0.38699690402476783 0.49404761904761907 0.4055727554179567 0.49404761904761907 0.4154798761609907 0.4845238095238095 0.42043343653250775 0.475 0.42043343653250775 0.4297619047619048 0.4006191950464396 0.26785714285714285 0.3956656346749226 0.24761904761904763 0.3863777089783282 0.24761904761904763 
6 0.41671826625387 0.23809523809523808 0.41114551083591333 0.2488095238095238 0.40619195046439627 0.34404761904761905 0.40619195046439627 0.39880952380952384 0.41609907120743034 0.4845238095238095 0.42105263157894735 0.5035714285714286 0.4346749226006192 0.5035714285714286 0.44024767801857584 0.49404761904761907 0.4452012383900929 0.4654761904761905 0.4452012383900929 0.38095238095238093 0.43529411764705883 0.305952380952381 0.43034055727554177 0.2702380952380952 0.42538699690402476 0.2488095238095238 0.42043343653250775 0.23809523809523808 0.41671826625387 0.23809523809523808 
7 0.45139318885448915 0.29523809523809524 0.45077399380804956 0.2976190476190476 0.4408668730650155 0.42857142857142855 0.4408668730650155 0.4928571428571429 0.4458204334365325 0.5035714285714286 0.469969040247678 0.5035714285714286 0.47492260061919506 0.4928571428571429 0.47492260061919506 0.4238095238095238 0.469969040247678 0.34404761904761905 0.465015479876161 0.29523809523809524 0.45139318885448915 0.29523809523809524 
8 0.4761609907120743 0.29523809523809524 0.47058823529411764 0.305952380952381 0.46563467492260063 0.4857142857142857 0.46563467492260063 0.5023809523809524 0.47058823529411764 0.5119047619047619 0.47306501547987617 0.513095238095238 0.5046439628482973 0.513095238095238 0.5046439628482973 0.4666666666666667 0.4996904024767802 0.41904761904761906 0.48978328173374613 0.3333333333333333 0.4848297213622291 0.2976190476190476 0.4842105263157895 0.29523809523809524 0.4761609907120743 0.29523809523809524 
9 0.5102167182662539 0.2857142857142857 0.5102167182662539 0.5214285714285715 0.5114551083591331 0.5226190476190476 0.5188854489164086 0.5226190476190476 0.5430340557275541 0.513095238095238 0.5442724458204334 0.5119047619047619 0.5492260061919505 0.5023809523809524 0.5492260061919505 0.47619047619047616 0.5343653250773994 0.3345238095238095 0.5287925696594428 0.3047619047619048 0.5195046439628483 0.2869047619047619 0.5176470588235295 0.2857142857142857 0.5102167182662539 0.2857142857142857 
10 0.534984520123839 0.2857142857142857 0.534984520123839 0.3880952380952381 0.5399380804953561 0.4845238095238095 0.544891640866873 0.5035714285714286 0.5690402476780185 0.5035714285714286 0.5739938080495356 0.49166666666666664 0.5739938080495356 0.42857142857142855 0.5690402476780185 0.3726190476190476 0.5640866873065016 0.3333333333333333 0.5591331269349845 0.2976190476190476 0.5541795665634675 0.2869047619047619 0.5535603715170279 0.2857142857142857 0.534984520123839 0.2857142857142857 
11 0.5808049535603715 0.22857142857142856 0.5795665634674922 0.22976190476190475 0.5746130030959752 0.24761904761904763 0.5597523219814241 0.31547619047619047 0.5597523219814241 0.35833333333333334 0.5603715170278638 0.3607142857142857 0.5708978328173374 0.37023809523809526 0.5857585139318885 0.37976190476190474 0.5981424148606811 0.37976190476190474 0.5987616099071208 0.3773809523809524 0.5987616099071208 0.2488095238095238 0.5938080495356037 0.22976190476190475 0.5925696594427244 0.22857142857142856 0.5808049535603715 0.22857142857142856 
12 0.614860681114551 0.24761904761904763 0.6092879256965944 0.2571428571428571 0.5845201238390093 0.4 0.5845201238390093 0.4654761904761905 0.5894736842105263 0.4738095238095238 0.6055727554179566 0.49404761904761907 0.6185758513931888 0.49404761904761907 0.6235294117647059 0.48333333333333334 0.628482972136223 0.40714285714285714 0.628482972136223 0.25 0.6278637770897832 0.24761904761904763 0.614860681114551 0.24761904761904763 
13 0.6390092879256966 0.26666666666666666 0.6346749226006192 0.2761904761904762 0.6340557275541796 0.2785714285714286 0.6291021671826625 0.31547619047619047 0.6191950464396285 0.4 0.6191950464396285 0.475 0.6247678018575852 0.4845238095238095 0.631578947368421 0.4845238095238095 0.648297213622291 0.475 0.653250773993808 0.45595238095238094 0.653250773993808 0.42857142857142855 0.648297213622291 0.26666666666666666 0.6390092879256966 0.26666666666666666 
14 0.6656346749226006 0.2761904761904762 0.6643962848297214 0.2773809523809524 0.6594427244582043 0.2857142857142857 0.6538699690402476 0.3047619047619048 0.6439628482972136 0.45714285714285713 0.6439628482972136 0.475 0.6489164086687307 0.4845238095238095 0.6544891640866873 0.49404761904761907 0.6928792569659443 0.49404761904761907 0.6972136222910217 0.475 0.6978328173374613 0.4714285714285714 0.6978328173374613 0.42857142857142855 0.6928792569659443 0.3357142857142857 0.6879256965944273 0.3142857142857143 0.6823529411764706 0.29523809523809524 0.6780185758513931 0.2869047619047619 0.6724458204334365 0.2773809523809524 0.6712074303405573 0.2761904761904762 0.6656346749226006 0.2761904761904762 
15 0.6990712074303406 0.2761904761904762 0.698452012383901 0.2785714285714286 0.6934984520123839 0.4119047619047619 0.6934984520123839 0.4654761904761905 0.6990712074303406 0.4845238095238095 0.7294117647058823 0.4845238095238095 0.7325077399380805 0.48333333333333334 0.7424148606811145 0.4738095238095238 0.7424148606811145 0.41309523809523807 0.7374613003095976 0.29642857142857143 0.7368421052631579 0.29523809523809524 0.7120743034055728 0.2761904761904762 0.6990712074303406 0.2761904761904762 
16 0.7535603715170278 0.24761904761904763 0.7479876160990712 0.2571428571428571 0.7380804953560371 0.3142857142857143 0.7331269349845201 0.34404761904761905 0.7331269349845201 0.4154761904761905 0.7337461300309598 0.41785714285714287 0.7430340557275542 0.4369047619047619 0.7486068111455109 0.44642857142857145 0.7715170278637771 0.44642857142857145 0.7770897832817337 0.4369047619047619 0.7869969040247679 0.41785714285714287 0.7869969040247679 0.3821428571428571 0.7721362229102167 0.26904761904761904 0.7671826625386997 0.24761904761904763 0.7535603715170278 0.24761904761904763 
18 0.7430340557275542 0.4666666666666667 0.7281733746130031 0.47619047619047616 0.708359133126935 0.49523809523809526 0.6990712074303406 0.5142857142857142 0.698452012383901 0.5166666666666667 0.698452012383901 0.5404761904761904 0.7034055727554179 0.5595238095238095 0.7331269349845201 0.6261904761904762 0.7386996904024767 0.6369047619047619 0.7535603715170278 0.655952380952381 0.7721362229102167 0.655952380952381 0.7820433436532508 0.6273809523809524 0.7820433436532508 0.5821428571428572 0.7523219814241486 0.4666666666666667 0.7430340557275542 0.4666666666666667 
20 0.5801857585139318 0.5238095238095238 0.5795665634674922 0.5261904761904762 0.5795665634674922 0.55 0.5894736842105263 0.5988095238095238 0.5993808049535604 0.6440476190476191 0.6092879256965944 0.6845238095238095 0.6142414860681115 0.694047619047619 0.6198142414860681 0.7035714285714286 0.628482972136223 0.7035714285714286 0.628482972136223 0.6595238095238095 0.6185758513931888 0.525 0.6179566563467492 0.5238095238095238 0.5801857585139318 0.5238095238095238 
21 0.5653250773993808 0.5238095238095238 0.5597523219814241 0.5333333333333333 0.5547987616099072 0.5535714285714286 0.5547987616099072 0.5785714285714286 0.5696594427244582 0.6654761904761904 0.5746130030959752 0.6845238095238095 0.5851393188854489 0.7035714285714286 0.5987616099071208 0.7035714285714286 0.5987616099071208 0.6011904761904762 0.5938080495356037 0.5630952380952381 0.5888544891640867 0.5428571428571428 0.5839009287925696 0.5238095238095238 0.5653250773993808 0.5238095238095238 
23 0.5201238390092879 0.5238095238095238 0.5201238390092879 0.6928571428571428 0.5207430340557275 0.694047619047619 0.5331269349845201 0.694047619047619 0.5343653250773994 0.6928571428571428 0.5393188854489164 0.6654761904761904 0.5492260061919505 0.5892857142857143 0.5492260061919505 0.5333333333333333 0.5436532507739938 0.5238095238095238 0.5201238390092879 0.5238095238095238 
24 0.4953560371517028 0.5238095238095238 0.4953560371517028 0.6202380952380953 0.5003095975232198 0.680952380952381 0.5015479876160991 0.6833333333333333 0.5027863777089784 0.6845238095238095 0.5139318885448917 0.6845238095238095 0.5145510835913313 0.6833333333333333 0.5195046439628483 0.6654761904761904 0.5195046439628483 0.5261904761904762 0.5188854489164086 0.525 0.5176470588235295 0.5238095238095238 0.4953560371517028 0.5238095238095238 
25 0.47554179566563465 0.5238095238095238 0.47554179566563465 0.5583333333333333 0.4804953560371517 0.6369047619047619 0.4854489164086687 0.6726190476190477 0.48606811145510836 0.675 0.49411764705882355 0.675 0.49473684210526314 0.6738095238095239 0.4996904024767802 0.6547619047619048 0.4996904024767802 0.525 0.4984520123839009 0.5238095238095238 0.47554179566563465 0.5238095238095238 
26 0.4569659442724458 0.5238095238095238 0.45572755417956656 0.525 0.45572755417956656 0.5988095238095238 0.46068111455108357 0.6654761904761904 0.46563467492260063 0.694047619047619 0.4786377708978328 0.694047619047619 0.47987616099071206 0.6916666666666667 0.47987616099071206 0.525 0.4786377708978328 0.5238095238095238 0.4569659442724458 0.5238095238095238 
27 0.44148606811145513 0.5142857142857142 0.4359133126934985 0.5238095238095238 0.4260061919504644 0.5726190476190476 0.4260061919504644 0.6928571428571428 0.4309597523219814 0.7035714285714286 0.4390092879256966 0.7035714285714286 0.44024767801857584 0.7023809523809523 0.44953560371517026 0.6845238095238095 0.4501547987616099 0.6821428571428572 0.4551083591331269 0.6535714285714286 0.460061919504644 0.6178571428571429 0.460061919504644 0.5345238095238095 0.4544891640866873 0.5142857142857142 0.44148606811145513 0.5142857142857142 
28 0.4068111455108359 0.5238095238095238 0.40123839009287926 0.5333333333333333 0.40123839009287926 0.6428571428571429 0.40619195046439627 0.7035714285714286 0.4198142414860681 0.7035714285714286 0.42043343653250775 0.7023809523809523 0.42538699690402476 0.6738095238095239 0.43034055727554177 0.6261904761904762 0.43529411764705883 0.5773809523809523 0.43529411764705883 0.5547619047619048 0.43034055727554177 0.5333333333333333 0.42538699690402476 0.5238095238095238 0.4068111455108359 0.5238095238095238 
29 0.3764705882352941 0.5142857142857142 0.3715170278637771 0.5238095238095238 0.36656346749226004 0.5452380952380952 0.36656346749226004 0.7130952380952381 0.37956656346749224 0.7130952380952381 0.38080495356037153 0.7119047619047619 0.38575851393188854 0.7035714285714286 0.3956656346749226 0.655952380952381 0.4055727554179567 0.5988095238095238 0.4105263157894737 0.5404761904761904 0.4105263157894737 0.5142857142857142 0.3764705882352941 0.5142857142857142 
30 0.3170278637770898 0.5714285714285714 0.3170278637770898 0.6464285714285715 0.32260061919504646 0.655952380952381 0.33126934984520123 0.655952380952381 0.35479876160990714 0.6464285714285715 0.3560371517027864 0.6452380952380953 0.3609907120743034 0.6357142857142857 0.37089783281733746 0.5988095238095238 0.37089783281733746 0.5726190476190476 0.36780185758513934 0.5714285714285714 0.3170278637770898 0.5714285714285714 
31 0.28297213622291023 0.49523809523809526 0.2773993808049536 0.5059523809523809 0.24272445820433436 0.6202380952380953 0.23777089783281732 0.6404761904761904 0.23777089783281732 0.6547619047619048 0.23839009287925697 0.655952380952381 0.2674922600619195 0.6845238095238095 0.2897832817337461 0.6845238095238095 0.2953560371517028 0.675 0.29659442724458207 0.6726190476190477 0.33126934984520123 0.5797619047619048 0.33126934984520123 0.5142857142857142 0.3058823529411765 0.49523809523809526 0.28297213622291023 0.49523809523809526 
32 0.23405572755417955 0.44761904761904764 0.23281733746130032 0.4488095238095238 0.178328173374613 0.5523809523809524 0.17337461300309598 0.5714285714285714 0.17337461300309598 0.5892857142857143 0.1938080495356037 0.6273809523809524 0.21238390092879256 0.6273809523809524 0.27678018575851393 0.5607142857142857 0.28111455108359135 0.5511904761904762 0.28173374613003094 0.5488095238095239 0.28173374613003094 0.5047619047619047 0.26191950464396285 0.45714285714285713 0.24210526315789474 0.44761904761904764 0.23405572755417955 0.44761904761904764 