2 0.3318885448916409 0.3238095238095238 0.31207430340557274 0.4380952380952381 0.31207430340557274 0.4845238095238095 0.3269349845201238 0.513095238095238 0.3504643962848297 0.513095238095238 0.3560371517027864 0.5035714285714286 0.3560371517027864 0.33690476190476193 0.35541795665634673 0.3333333333333333 0.3504643962848297 0.3238095238095238 0.3318885448916409 0.3238095238095238 
3 0.35789473684210527 0.3523809523809524 0.3523219814241486 0.3619047619047619 0.35170278637770896 0.3630952380952381 0.35170278637770896 0.5226190476190476 0.356656346749226 0.5321428571428571 0.39504643962848296 0.5321428571428571 0.3956656346749226 0.5238095238095238 0.3956656346749226 0.46785714285714286 0.3907120743034056 0.4011904761904762 0.38575851393188854 0.3535714285714286 0.3851393188854489 0.3523809523809524 0.35789473684210527 0.3523809523809524 
4 0.40309597523219814 0.3523809523809524 0.40123839009287926 0.3535714285714286 0.39628482972136225 0.3726190476190476 0.3913312693498452 0.4095238095238095 0.3863777089783282 0.4511904761904762 0.3863777089783282 0.5416666666666666 0.3913312693498452 0.55 0.3925696594427245 0.5511904761904762 0.40495356037151703 0.5511904761904762 0.4148606811145511 0.5416666666666666 0.42043343653250775 0.530952380952381 0.42043343653250775 0.41904761904761906 0.4154798761609907 0.36428571428571427 0.4148606811145511 0.3619047619047619 0.40990712074303404 0.3523809523809524 0.40309597523219814 0.3523809523809524 
5 0.4260061919504644 0.37142857142857144 0.42105263157894735 0.38333333333333336 0.41609907120743034 0.42023809523809524 0.40619195046439627 0.5345238095238095 0.40619195046439627 0.55 0.4117647058823529 0.5702380952380952 0.4297213622291022 0.5702380952380952 0.43962848297213625 0.5511904761904762 0.44024767801857584 0.5476190476190477 0.44024767801857584 0.3726190476190476 0.43962848297213625 0.37142857142857144 0.4260061919504644 0.37142857142857144 
6 0.44148606811145513 0.37142857142857144 0.4359133126934985 0.38095238095238093 0.4309597523219814 0.47619047619047616 0.4309597523219814 0.569047619047619 0.4359133126934985 0.5880952380952381 0.4371517027863777 0.5892857142857143 0.4501547987616099 0.5892857142857143 0.460061919504644 0.5702380952380952 0.460061919504644 0.46904761904761905 0.4551083591331269 0.37142857142857144 0.44148606811145513 0.37142857142857144 
7 0.46068111455108357 0.3904761904761905 0.4563467492260062 0.4 0.45077399380804956 0.4297619047619048 0.45077399380804956 0.44642857142857145 0.45572755417956656 0.5892857142857143 0.46873065015479876 0.5892857142857143 0.469969040247678 0.5880952380952381 0.47492260061919506 0.5797619047619048 0.47987616099071206 0.5226190476190476 0.47987616099071206 0.5047619047619047 0.47492260061919506 0.4011904761904762 0.469969040247678 0.3904761904761905 0.46068111455108357 0.3904761904761905 
8 0.4804953560371517 0.4095238095238095 0.47554179566563465 0.42857142857142855 0.47058823529411764 0.5178571428571429 0.47058823529411764 0.5988095238095238 0.49102167182662537 0.5988095238095238 0.49411764705882355 0.5976190476190476 0.4996904024767802 0.5892857142857143 0.4996904024767802 0.5523809523809524 0.48978328173374613 0.4095238095238095 0.4804953560371517 0.4095238095238095 
9 0.4953560371517028 0.4380952380952381 0.4904024767801858 0.5428571428571428 0.4904024767801858 0.5892857142857143 0.5244582043343653 0.5892857142857143 0.5244582043343653 0.5773809523809523 0.5195046439628483 0.5166666666666667 0.5145510835913313 0.45714285714285713 0.5095975232198142 0.4392857142857143 0.5089783281733746 0.4380952380952381 0.4953560371517028 0.4380952380952381 
10 0.5151702786377709 0.4095238095238095 0.5102167182662539 0.42023809523809524 0.5102167182662539 0.513095238095238 0.5151702786377709 0.569047619047619 0.5201238390092879 0.5892857142857143 0.5343653250773994 0.5892857142857143 0.5343653250773994 0.5142857142857142 0.5294117647058824 0.4488095238095238 0.5238390092879257 0.41904761904761906 0.5195046439628483 0.4095238095238095 0.5151702786377709 0.4095238095238095 
11 0.5356037151702786 0.4 0.534984520123839 0.4011904761904762 0.530030959752322 0.42857142857142855 0.530030959752322 0.5595238095238095 0.534984520123839 0.5797619047619048 0.5399380804953561 0.5892857142857143 0.551702786377709 0.5892857142857143 0.5529411764705883 0.5880952380952381 0.5541795665634675 0.5857142857142857 0.5591331269349845 0.5702380952380952 0.5591331269349845 0.525 0.5541795665634675 0.44761904761904764 0.5492260061919505 0.4023809523809524 0.5486068111455108 0.4 0.5356037151702786 0.4 
12 0.5554179566563467 0.3619047619047619 0.5547987616099072 0.36428571428571427 0.5498452012383901 0.39285714285714285 0.5498452012383901 0.5297619047619048 0.5547987616099072 0.5595238095238095 0.5597523219814241 0.569047619047619 0.5609907120743034 0.5702380952380952 0.573374613003096 0.5702380952380952 0.5839009287925696 0.5511904761904762 0.5839009287925696 0.5357142857142857 0.5690402476780185 0.37142857142857144 0.5640866873065016 0.3619047619047619 0.5554179566563467 0.3619047619047619 
13 0.5702786377708978 0.3523809523809524 0.5696594427244582 0.3535714285714286 0.5647058823529412 0.3952380952380952 0.5647058823529412 0.4369047619047619 0.5696594427244582 0.49404761904761907 0.5746130030959752 0.5416666666666666 0.5795665634674922 0.5511904761904762 0.6030959752321982 0.5511904761904762 0.6037151702786377 0.55 0.6037151702786377 0.4928571428571429 0.5938080495356037 0.39166666666666666 0.5888544891640867 0.37142857142857144 0.5839009287925696 0.3535714285714286 0.58328173374613 0.3523809523809524 0.5702786377708978 0.3523809523809524 
14 0.5944272445820433 0.3523809523809524 0.5894736842105263 0.3630952380952381 0.5894736842105263 0.39880952380952384 0.5944272445820433 0.49404761904761907 0.6 0.5321428571428571 0.6055727554179566 0.5416666666666666 0.6086687306501548 0.5416666666666666 0.6321981424148607 0.5321428571428571 0.638390092879257 0.5226190476190476 0.638390092879257 0.4797619047619048 0.6334365325077399 0.3904761904761905 0.628482972136223 0.37142857142857144 0.6074303405572755 0.3523809523809524 0.5944272445820433 0.3523809523809524 
15 0.6346749226006192 0.3238095238095238 0.6291021671826625 0.3333333333333333 0.6241486068111455 0.34285714285714286 0.6241486068111455 0.39880952380952384 0.6291021671826625 0.4845238095238095 0.6340557275541796 0.513095238095238 0.648297213622291 0.513095238095238 0.6526315789473685 0.5119047619047619 0.6724458204334365 0.4845238095238095 0.6730650154798762 0.48333333333333334 0.6730650154798762 0.4392857142857143 0.6582043343653251 0.3630952380952381 0.653250773993808 0.34404761904761905 0.6427244582043343 0.3238095238095238 0.6346749226006192 0.3238095238095238 
17 0.7034055727554179 0.5047619047619047 0.6934984520123839 0.5642857142857143 0.6934984520123839 0.5797619047619048 0.7040247678018576 0.5988095238095238 0.7095975232198143 0.6083333333333333 0.718266253869969 0.6083333333333333 0.7616099071207431 0.5988095238095238 0.7622291021671826 0.594047619047619 0.7671826625386997 0.55 0.7671826625386997 0.5166666666666667 0.76656346749226 0.5142857142857142 0.7510835913312693 0.5047619047619047 0.7034055727554179 0.5047619047619047 
18 0.6705882352941176 0.4857142857142857 0.6687306501547987 0.4869047619047619 0.6439628482972136 0.5154761904761904 0.6439628482972136 0.5607142857142857 0.6934984520123839 0.655952380952381 0.6990712074303406 0.6654761904761904 0.7176470588235294 0.6654761904761904 0.7176470588235294 0.6023809523809524 0.6978328173374613 0.525 0.6928792569659443 0.5059523809523809 0.6829721362229102 0.4869047619047619 0.679876160990712 0.4857142857142857 0.6705882352941176 0.4857142857142857 
20 0.5801857585139318 0.5523809523809524 0.5746130030959752 0.5630952380952381 0.5746130030959752 0.5976190476190476 0.6043343653250774 0.7214285714285714 0.604953560371517 0.7226190476190476 0.6160990712074303 0.7309523809523809 0.6241486068111455 0.7321428571428571 0.628482972136223 0.7321428571428571 0.628482972136223 0.6785714285714286 0.6136222910216719 0.5630952380952381 0.6086687306501548 0.5523809523809524 0.5801857585139318 0.5523809523809524 
21 0.5603715170278638 0.580952380952381 0.5547987616099072 0.5916666666666667 0.5547987616099072 0.6261904761904762 0.5597523219814241 0.655952380952381 0.5696594427244582 0.7119047619047619 0.5795665634674922 0.7511904761904762 0.5845201238390093 0.7702380952380953 0.6030959752321982 0.7702380952380953 0.6037151702786377 0.7690476190476191 0.6037151702786377 0.7333333333333333 0.5938080495356037 0.6309523809523809 0.5888544891640867 0.6 0.5789473684210527 0.580952380952381 0.5603715170278638 0.580952380952381 
22 0.5399380804953561 0.580952380952381 0.530030959752322 0.6 0.530030959752322 0.6357142857142857 0.544891640866873 0.7416666666666667 0.5498452012383901 0.7690476190476191 0.5597523219814241 0.7892857142857143 0.5678018575851393 0.7892857142857143 0.5739938080495356 0.7785714285714286 0.5739938080495356 0.7047619047619048 0.5640866873065016 0.6285714285714286 0.5591331269349845 0.5916666666666667 0.5541795665634675 0.580952380952381 0.5399380804953561 0.580952380952381 
23 0.5120743034055728 0.580952380952381 0.5108359133126935 0.5833333333333334 0.5102167182662539 0.5857142857142857 0.5102167182662539 0.6535714285714286 0.5151702786377709 0.694047619047619 0.5201238390092879 0.7309523809523809 0.5207430340557275 0.7321428571428571 0.5331269349845201 0.7321428571428571 0.5343653250773994 0.7309523809523809 0.5393188854489164 0.7119047619047619 0.5393188854489164 0.6666666666666666 0.5343653250773994 0.5904761904761905 0.5287925696594428 0.580952380952381 0.5120743034055728 0.580952380952381 
24 0.491640866873065 0.580952380952381 0.4904024767801858 0.5821428571428572 0.4904024767801858 0.6154761904761905 0.4953560371517028 0.6738095238095239 0.5003095975232198 0.7130952380952381 0.5102167182662539 0.7321428571428571 0.5195046439628483 0.7321428571428571 0.5195046439628483 0.65 0.5145510835913313 0.580952380952381 0.491640866873065 0.580952380952381 
25 0.49102167182662537 0.580952380952381 0.47058823529411764 0.5904761904761905 0.47058823529411764 0.5988095238095238 0.47554179566563465 0.6845238095238095 0.4804953560371517 0.7130952380952381 0.48606811145510836 0.7226190476190476 0.49473684210526314 0.7226190476190476 0.4996904024767802 0.7119047619047619 0.4996904024767802 0.6869047619047619 0.49473684210526314 0.580952380952381 0.49102167182662537 0.580952380952381 
26 0.45077399380804956 0.5904761904761905 0.45077399380804956 0.625 0.45572755417956656 0.7035714285714286 0.46068111455108357 0.7214285714285714 0.4613003095975232 0.7226190476190476 0.47058823529411764 0.7309523809523809 0.47492260061919506 0.7309523809523809 0.47987616099071206 0.7214285714285714 0.47987616099071206 0.6785714285714286 0.47492260061919506 0.5904761904761905 0.45077399380804956 0.5904761904761905 
27 0.43157894736842106 0.5714285714285714 0.4309597523219814 0.5738095238095238 0.4260061919504644 0.6988095238095238 0.4260061919504644 0.7797619047619048 0.43962848297213625 0.7797619047619048 0.4452012383900929 0.7690476190476191 0.4501547987616099 0.75 0.460061919504644 0.694047619047619 0.460061919504644 0.5904761904761905 0.4501547987616099 0.5714285714285714 0.43157894736842106 0.5714285714285714 
28 0.4068111455108359 0.5619047619047619 0.39628482972136225 0.5726190476190476 0.3913312693498452 0.6988095238095238 0.3913312693498452 0.7595238095238095 0.39628482972136225 0.7702380952380953 0.40990712074303404 0.7702380952380953 0.4105263157894737 0.7678571428571429 0.4154798761609907 0.7416666666666667 0.43529411764705883 0.6166666666666667 0.43529411764705883 0.5833333333333334 0.43034055727554177 0.5714285714285714 0.42043343653250775 0.5619047619047619 0.4068111455108359 0.5619047619047619 
29 0.3715170278637771 0.5523809523809524 0.35170278637770896 0.7047619047619048 0.35170278637770896 0.7607142857142857 0.36594427244582045 0.7607142857142857 0.38080495356037153 0.7321428571428571 0.38575851393188854 0.7214285714285714 0.3907120743034056 0.7023809523809523 0.4006191950464396 0.6547619047619048 0.4105263157894737 0.5797619047619048 0.4105263157894737 0.5619047619047619 0.4055727554179567 0.5523809523809524 0.3715170278637771 0.5523809523809524 
31 0.2978328173374613 0.4857142857142857 0.29226006191950465 0.49523809523809526 0.2873065015479876 0.5047619047619047 0.25758513931888544 0.6011904761904762 0.25758513931888544 0.6547619047619048 0.2582043343653251 0.655952380952381 0.2761609907120743 0.655952380952381 0.2854489164086687 0.6464285714285715 0.30092879256965943 0.6273809523809524 0.3263157894736842 0.5797619047619048 0.33622291021671824 0.5607142857142857 0.33622291021671824 0.5238095238095238 0.3151702786377709 0.49523809523809526 0.30526315789473685 0.4857142857142857 0.2978328173374613 0.4857142857142857 