2 0.2823529411764706 0.4380952380952381 0.2773993808049536 0.5452380952380952 0.2773993808049536 0.5880952380952381 0.28792569659442724 0.6083333333333333 0.29845201238390096 0.6178571428571429 0.31640866873065016 0.6178571428571429 0.32136222910216716 0.6083333333333333 0.3263157894736842 0.5892857142857143 0.3263157894736842 0.5345238095238095 0.32136222910216716 0.5142857142857142 0.3065015479876161 0.45714285714285713 0.30092879256965943 0.44761904761904764 0.29102167182662536 0.4380952380952381 0.2823529411764706 0.4380952380952381 
3 0.3176470588235294 0.42857142857142855 0.30712074303405573 0.4666666666666667 0.30712074303405573 0.4928571428571429 0.3170278637770898 0.5988095238095238 0.3269349845201238 0.6083333333333333 0.34674922600619196 0.6178571428571429 0.35541795665634673 0.6178571428571429 0.36594427244582045 0.5988095238095238 0.3702786377708978 0.5892857142857143 0.37089783281733746 0.5857142857142857 0.37089783281733746 0.5428571428571428 0.3504643962848297 0.45714285714285713 0.3461300309597523 0.44761904761904764 0.33622291021671824 0.42857142857142855 0.3176470588235294 0.42857142857142855 
4 0.3739938080495356 0.45714285714285713 0.3715170278637771 0.4583333333333333 0.3671826625386997 0.4666666666666667 0.36656346749226004 0.475 0.36160990712074303 0.5821428571428572 0.36160990712074303 0.6059523809523809 0.3622291021671827 0.6083333333333333 0.36656346749226004 0.6178571428571429 0.37956656346749224 0.6178571428571429 0.3907120743034056 0.6083333333333333 0.4006191950464396 0.5880952380952381 0.4006191950464396 0.5428571428571428 0.38080495356037153 0.45714285714285713 0.3739938080495356 0.45714285714285713 
5 0.39195046439628484 0.4666666666666667 0.3913312693498452 0.46785714285714286 0.3913312693498452 0.6047619047619047 0.39195046439628484 0.6083333333333333 0.40123839009287926 0.6178571428571429 0.40990712074303404 0.6178571428571429 0.42043343653250775 0.6083333333333333 0.42538699690402476 0.5988095238095238 0.43034055727554177 0.5785714285714286 0.43034055727554177 0.5523809523809524 0.4105263157894737 0.47619047619047616 0.40495356037151703 0.4666666666666667 0.39195046439628484 0.4666666666666667 
6 0.4173374613003096 0.4380952380952381 0.41609907120743034 0.4392857142857143 0.41609907120743034 0.6166666666666667 0.42105263157894735 0.6273809523809524 0.44891640866873067 0.6273809523809524 0.4501547987616099 0.6261904761904762 0.4551083591331269 0.6178571428571429 0.460061919504644 0.6083333333333333 0.460061919504644 0.5619047619047619 0.4452012383900929 0.49642857142857144 0.43529411764705883 0.45714285714285713 0.4247678018575851 0.4380952380952381 0.4173374613003096 0.4380952380952381 
7 0.45139318885448915 0.44761904761904764 0.45077399380804956 0.45 0.4458204334365325 0.4773809523809524 0.4458204334365325 0.5392857142857143 0.45572755417956656 0.6261904761904762 0.4613003095975232 0.6369047619047619 0.46439628482972134 0.6369047619047619 0.47987616099071206 0.6273809523809524 0.48978328173374613 0.6083333333333333 0.48978328173374613 0.5904761904761905 0.4848297213622291 0.5428571428571428 0.47987616099071206 0.5047619047619047 0.47492260061919506 0.4857142857142857 0.46439628482972134 0.45714285714285713 0.45944272445820433 0.44761904761904764 0.45139318885448915 0.44761904761904764 
8 0.47554179566563465 0.45714285714285713 0.47554179566563465 0.55 0.4804953560371517 0.6166666666666667 0.4854489164086687 0.6261904761904762 0.4873065015479876 0.6273809523809524 0.5009287925696595 0.6273809523809524 0.5046439628482973 0.6261904761904762 0.5139318885448917 0.6083333333333333 0.5145510835913313 0.6047619047619047 0.5145510835913313 0.5738095238095238 0.5046439628482973 0.4857142857142857 0.4996904024767802 0.46785714285714286 0.49907120743034056 0.4666666666666667 0.48978328173374613 0.45714285714285713 0.47554179566563465 0.45714285714285713 
9 0.5269349845201239 0.45714285714285713 0.525077399380805 0.4583333333333333 0.5207430340557275 0.4666666666666667 0.5151702786377709 0.5 0.5102167182662539 0.5630952380952381 0.5102167182662539 0.6166666666666667 0.5114551083591331 0.6178571428571429 0.5486068111455108 0.6178571428571429 0.5492260061919505 0.6130952380952381 0.5492260061919505 0.5238095238095238 0.5442724458204334 0.46904761904761905 0.5393188854489164 0.4583333333333333 0.5380804953560372 0.45714285714285713 0.5269349845201239 0.45714285714285713 
10 0.556656346749226 0.45714285714285713 0.5547987616099072 0.4583333333333333 0.5498452012383901 0.46785714285714286 0.544891640866873 0.525 0.544891640866873 0.6273809523809524 0.5634674922600619 0.6273809523809524 0.5690402476780185 0.6178571428571429 0.5739938080495356 0.5988095238095238 0.5739938080495356 0.5523809523809524 0.5690402476780185 0.49642857142857144 0.5640866873065016 0.4666666666666667 0.5591331269349845 0.45714285714285713 0.556656346749226 0.45714285714285713 
11 0.5944272445820433 0.41904761904761906 0.5894736842105263 0.42857142857142855 0.5795665634674922 0.4785714285714286 0.5746130030959752 0.5083333333333333 0.5696594427244582 0.544047619047619 0.5647058823529412 0.5928571428571429 0.5647058823529412 0.6273809523809524 0.5987616099071208 0.6273809523809524 0.6037151702786377 0.6178571428571429 0.6080495356037152 0.4630952380952381 0.6086687306501548 0.4261904761904762 0.6086687306501548 0.41904761904761906 0.5944272445820433 0.41904761904761906 
12 0.6055727554179566 0.45714285714285713 0.604953560371517 0.4583333333333333 0.5993808049535604 0.4869047619047619 0.5944272445820433 0.5345238095238095 0.5944272445820433 0.5988095238095238 0.5993808049535604 0.6083333333333333 0.628482972136223 0.6083333333333333 0.628482972136223 0.5142857142857142 0.6235294117647059 0.46785714285714286 0.6179566563467492 0.45714285714285713 0.6055727554179566 0.45714285714285713 
13 0.6340557275541796 0.45714285714285713 0.6291021671826625 0.47619047619047616 0.6241486068111455 0.49642857142857144 0.6142414860681115 0.5428571428571428 0.6142414860681115 0.5880952380952381 0.6191950464396285 0.5988095238095238 0.6241486068111455 0.6071428571428571 0.6352941176470588 0.6178571428571429 0.648297213622291 0.6178571428571429 0.653250773993808 0.6071428571428571 0.653250773993808 0.5821428571428572 0.648297213622291 0.4666666666666667 0.643343653250774 0.4583333333333333 0.6421052631578947 0.45714285714285713 0.6340557275541796 0.45714285714285713 
14 0.6637770897832818 0.41904761904761906 0.6588235294117647 0.4392857142857143 0.6396284829721363 0.5333333333333333 0.6390092879256966 0.5369047619047619 0.6390092879256966 0.5785714285714286 0.6439628482972136 0.5892857142857143 0.6495356037151703 0.5988095238095238 0.6743034055727554 0.6083333333333333 0.686687306501548 0.6083333333333333 0.6879256965944273 0.6071428571428571 0.6922600619195046 0.5988095238095238 0.6928792569659443 0.5964285714285714 0.6978328173374613 0.5392857142857143 0.6978328173374613 0.5333333333333333 0.6879256965944273 0.42857142857142855 0.6823529411764706 0.41904761904761906 0.6637770897832818 0.41904761904761906 
15 0.7034055727554179 0.4380952380952381 0.6835913312693499 0.5523809523809524 0.6835913312693499 0.5892857142857143 0.708359133126935 0.5988095238095238 0.7312693498452012 0.5988095238095238 0.7325077399380805 0.5976190476190476 0.7325077399380805 0.5345238095238095 0.7275541795665634 0.47619047619047616 0.7226006191950465 0.44761904761904764 0.7176470588235294 0.4380952380952381 0.7034055727554179 0.4380952380952381 
18 0.6885448916408669 0.6285714285714286 0.6693498452012384 0.638095238095238 0.6637770897832818 0.6476190476190476 0.6637770897832818 0.6845238095238095 0.6934984520123839 0.7511904761904762 0.698452012383901 0.7607142857142857 0.7095975232198143 0.7702380952380953 0.7226006191950465 0.7797619047619048 0.7294117647058823 0.7797619047619048 0.7325077399380805 0.7785714285714286 0.7374613003095976 0.7690476190476191 0.7374613003095976 0.7345238095238096 0.7176470588235294 0.638095238095238 0.7126934984520124 0.6285714285714286 0.6885448916408669 0.6285714285714286 
19 0.6297213622291021 0.6476190476190476 0.6154798761609908 0.6571428571428571 0.6142414860681115 0.6583333333333333 0.6142414860681115 0.694047619047619 0.6198142414860681 0.7130952380952381 0.6495356037151703 0.7797619047619048 0.6544891640866873 0.7892857142857143 0.660061919504644 0.7988095238095239 0.6730650154798762 0.7988095238095239 0.6972136222910217 0.7797619047619048 0.6978328173374613 0.7785714285714286 0.6978328173374613 0.736904761904762 0.6972136222910217 0.7333333333333333 0.6681114551083591 0.6476190476190476 0.6297213622291021 0.6476190476190476 
20 0.5944272445820433 0.6476190476190476 0.5894736842105263 0.6571428571428571 0.5894736842105263 0.6845238095238095 0.5993808049535604 0.7297619047619047 0.6043343653250774 0.7511904761904762 0.6092879256965944 0.7702380952380953 0.6191950464396285 0.7976190476190477 0.6204334365325077 0.7988095238095239 0.6328173374613003 0.7988095238095239 0.6334365325077399 0.7964285714285714 0.6334365325077399 0.7047619047619048 0.6235294117647059 0.6571428571428571 0.6179566563467492 0.6476190476190476 0.5944272445820433 0.6476190476190476 
21 0.5820433436532507 0.6476190476190476 0.5647058823529412 0.6571428571428571 0.5647058823529412 0.7023809523809523 0.5746130030959752 0.7678571428571429 0.5795665634674922 0.7976190476190477 0.5894736842105263 0.8166666666666667 0.5913312693498453 0.8178571428571428 0.5987616099071208 0.8178571428571428 0.6037151702786377 0.8083333333333333 0.6037151702786377 0.6892857142857143 0.5987616099071208 0.6571428571428571 0.5938080495356037 0.6476190476190476 0.5820433436532507 0.6476190476190476 
22 0.5498452012383901 0.6285714285714286 0.544891640866873 0.638095238095238 0.5399380804953561 0.705952380952381 0.5399380804953561 0.7702380952380953 0.544891640866873 0.7988095238095239 0.5498452012383901 0.8178571428571428 0.5547987616099072 0.8273809523809523 0.5690402476780185 0.8273809523809523 0.5789473684210527 0.6654761904761904 0.5789473684210527 0.6523809523809524 0.5739938080495356 0.6392857142857142 0.5684210526315789 0.6285714285714286 0.5498452012383901 0.6285714285714286 
23 0.5256965944272446 0.638095238095238 0.525077399380805 0.6392857142857142 0.525077399380805 0.75 0.530030959752322 0.7797619047619048 0.5343653250773994 0.7797619047619048 0.5393188854489164 0.7702380952380953 0.5442724458204334 0.7511904761904762 0.5492260061919505 0.6845238095238095 0.5492260061919505 0.638095238095238 0.5256965944272446 0.638095238095238 
24 0.5065015479876162 0.6476190476190476 0.5052631578947369 0.6488095238095238 0.5052631578947369 0.7440476190476191 0.5058823529411764 0.7511904761904762 0.5102167182662539 0.7690476190476191 0.5151702786377709 0.7880952380952381 0.5157894736842106 0.7892857142857143 0.5238390092879257 0.7892857142857143 0.5294117647058824 0.7785714285714286 0.5294117647058824 0.7345238095238096 0.5244582043343653 0.6476190476190476 0.5065015479876162 0.6476190476190476 
25 0.486687306501548 0.6285714285714286 0.4854489164086687 0.6321428571428571 0.4854489164086687 0.7416666666666667 0.4904024767801858 0.7607142857142857 0.4953560371517028 0.7702380952380953 0.5046439628482973 0.7702380952380953 0.5046439628482973 0.6392857142857142 0.48978328173374613 0.6285714285714286 0.486687306501548 0.6285714285714286 
26 0.47058823529411764 0.6285714285714286 0.4613003095975232 0.638095238095238 0.46068111455108357 0.6392857142857142 0.46068111455108357 0.655952380952381 0.47058823529411764 0.7607142857142857 0.4718266253869969 0.7702380952380953 0.4842105263157895 0.7702380952380953 0.4848297213622291 0.7690476190476191 0.4848297213622291 0.6309523809523809 0.4842105263157895 0.6285714285714286 0.47058823529411764 0.6285714285714286 
27 0.4439628482972136 0.6190476190476191 0.4408668730650155 0.6202380952380953 0.4359133126934985 0.6285714285714286 0.4359133126934985 0.6678571428571428 0.4458204334365325 0.8023809523809524 0.44643962848297214 0.8071428571428572 0.4470588235294118 0.8083333333333333 0.460061919504644 0.8083333333333333 0.469969040247678 0.7702380952380953 0.469969040247678 0.6476190476190476 0.465015479876161 0.6309523809523809 0.460061919504644 0.6202380952380953 0.45944272445820433 0.6190476190476191 0.4439628482972136 0.6190476190476191 
28 0.41114551083591333 0.6476190476190476 0.40619195046439627 0.6571428571428571 0.40619195046439627 0.7035714285714286 0.41609907120743034 0.7928571428571428 0.42043343653250775 0.7928571428571428 0.42538699690402476 0.7916666666666666 0.4297213622291022 0.7892857142857143 0.43034055727554177 0.7880952380952381 0.43529411764705883 0.7690476190476191 0.44024767801857584 0.7380952380952381 0.44024767801857584 0.6476190476190476 0.41114551083591333 0.6476190476190476 
29 0.38204334365325077 0.6476190476190476 0.3814241486068111 0.6488095238095238 0.3715170278637771 0.7547619047619047 0.3715170278637771 0.8047619047619048 0.3721362229102167 0.8083333333333333 0.378328173374613 0.8083333333333333 0.38080495356037153 0.8071428571428572 0.3956656346749226 0.7690476190476191 0.4006191950464396 0.7511904761904762 0.40990712074303404 0.7130952380952381 0.42043343653250775 0.655952380952381 0.42043343653250775 0.6476190476190476 0.38204334365325077 0.6476190476190476 
30 0.3368421052631579 0.6285714285714286 0.3318885448916409 0.638095238095238 0.31207430340557274 0.7428571428571429 0.31207430340557274 0.7797619047619048 0.3219814241486068 0.8166666666666667 0.32260061919504646 0.8178571428571428 0.34055727554179566 0.8178571428571428 0.3510835913312694 0.7988095238095239 0.37089783281733746 0.7416666666666667 0.3851393188854489 0.694047619047619 0.38575851393188854 0.6916666666666667 0.3907120743034056 0.6547619047619048 0.3907120743034056 0.6488095238095238 0.39009287925696595 0.6476190476190476 0.38080495356037153 0.638095238095238 0.37089783281733746 0.6285714285714286 0.3368421052631579 0.6285714285714286 
31 0.29287925696594425 0.6190476190476191 0.2873065015479876 0.6297619047619047 0.2724458204334365 0.6952380952380952 0.2724458204334365 0.7404761904761905 0.27306501547987616 0.7416666666666667 0.2885448916408669 0.7511904761904762 0.3046439628482972 0.7511904761904762 0.3058823529411765 0.75 0.3108359133126935 0.7416666666666667 0.31640866873065016 0.7321428571428571 0.33622291021671824 0.694047619047619 0.33622291021671824 0.6404761904761904 0.33560371517027865 0.638095238095238 0.33126934984520123 0.6285714285714286 0.31640866873065016 0.6190476190476191 0.29287925696594425 0.6190476190476191 