2 0.2897832817337461 0.4 0.2873065015479876 0.4011904761904762 0.2823529411764706 0.4095238095238095 0.2823529411764706 0.5511904761904762 0.2873065015479876 0.569047619047619 0.29226006191950465 0.5797619047619048 0.2978328173374613 0.5892857142857143 0.33126934984520123 0.5892857142857143 0.33126934984520123 0.49523809523809526 0.32136222910216716 0.4380952380952381 0.29659442724458207 0.4011904761904762 0.2953560371517028 0.4 0.2897832817337461 0.4 
4 0.3572755417956656 0.4 0.356656346749226 0.4023809523809524 0.35170278637770896 0.5428571428571428 0.35170278637770896 0.5511904761904762 0.356656346749226 0.5988095238095238 0.3622291021671827 0.6083333333333333 0.3696594427244582 0.6083333333333333 0.39009287925696595 0.5988095238095238 0.3907120743034056 0.5976190476190476 0.3907120743034056 0.5166666666666667 0.38575851393188854 0.47619047619047616 0.38080495356037153 0.4488095238095238 0.37585139318885447 0.42857142857142855 0.37089783281733746 0.4107142857142857 0.36594427244582045 0.4 0.3572755417956656 0.4 
5 0.3863777089783282 0.38095238095238093 0.3814241486068111 0.3904761904761905 0.3764705882352941 0.4785714285714286 0.3764705882352941 0.4797619047619048 0.3863777089783282 0.5892857142857143 0.3913312693498452 0.5976190476190476 0.3938080495356037 0.5988095238095238 0.4136222910216718 0.5988095238095238 0.42043343653250775 0.5892857142857143 0.42043343653250775 0.55 0.4105263157894737 0.4297619047619048 0.4055727554179567 0.4011904761904762 0.3956656346749226 0.38095238095238093 0.3863777089783282 0.38095238095238093 
6 0.40619195046439627 0.37142857142857144 0.40619195046439627 0.475 0.41114551083591333 0.55 0.41609907120743034 0.5892857142857143 0.42105263157894735 0.5988095238095238 0.4346749226006192 0.5988095238095238 0.44024767801857584 0.5880952380952381 0.44024767801857584 0.5238095238095238 0.43529411764705883 0.42857142857142855 0.43034055727554177 0.4023809523809524 0.42538699690402476 0.38095238095238093 0.4198142414860681 0.37142857142857144 0.40619195046439627 0.37142857142857144 
7 0.43653250773993807 0.4095238095238095 0.4359133126934985 0.4154761904761905 0.4359133126934985 0.4642857142857143 0.4408668730650155 0.5797619047619048 0.4458204334365325 0.5892857142857143 0.46439628482972134 0.5892857142857143 0.465015479876161 0.5880952380952381 0.469969040247678 0.530952380952381 0.469969040247678 0.4666666666666667 0.465015479876161 0.4380952380952381 0.460061919504644 0.42023809523809524 0.4551083591331269 0.4095238095238095 0.43653250773993807 0.4095238095238095 
8 0.4718266253869969 0.3904761904761905 0.47058823529411764 0.39166666666666666 0.46563467492260063 0.4 0.46068111455108357 0.5238095238095238 0.46068111455108357 0.5869047619047619 0.4613003095975232 0.5892857142857143 0.46563467492260063 0.5988095238095238 0.4984520123839009 0.5988095238095238 0.4996904024767802 0.5976190476190476 0.4996904024767802 0.5642857142857143 0.49473684210526314 0.4488095238095238 0.48978328173374613 0.4095238095238095 0.4848297213622291 0.39166666666666666 0.48359133126934983 0.3904761904761905 0.4718266253869969 0.3904761904761905 
9 0.5003095975232198 0.3904761904761905 0.4953560371517028 0.4119047619047619 0.4953560371517028 0.5869047619047619 0.49597523219814244 0.5892857142857143 0.5052631578947369 0.5976190476190476 0.5071207430340557 0.5988095238095238 0.5318885448916408 0.5988095238095238 0.5343653250773994 0.5976190476190476 0.5343653250773994 0.5654761904761905 0.5294117647058824 0.4857142857142857 0.5244582043343653 0.4297619047619048 0.5195046439628483 0.4095238095238095 0.5145510835913313 0.39285714285714285 0.5139318885448917 0.39166666666666666 0.5126934984520124 0.3904761904761905 0.5003095975232198 0.3904761904761905 
10 0.5356037151702786 0.41904761904761906 0.534984520123839 0.42142857142857143 0.530030959752322 0.45 0.530030959752322 0.5976190476190476 0.5461300309597523 0.6083333333333333 0.5541795665634675 0.6083333333333333 0.5591331269349845 0.5988095238095238 0.5591331269349845 0.44761904761904764 0.5541795665634675 0.42023809523809524 0.5535603715170279 0.41904761904761906 0.5356037151702786 0.41904761904761906 
11 0.5746130030959752 0.37142857142857144 0.5647058823529412 0.39166666666666666 0.5597523219814241 0.4095238095238095 0.5547987616099072 0.4488095238095238 0.5547987616099072 0.5976190476190476 0.5603715170278638 0.6083333333333333 0.58328173374613 0.6083333333333333 0.5888544891640867 0.5976190476190476 0.5938080495356037 0.42738095238095236 0.5938080495356037 0.38095238095238093 0.5888544891640867 0.37142857142857144 0.5746130030959752 0.37142857142857144 
12 0.5944272445820433 0.3904761904761905 0.5845201238390093 0.42857142857142855 0.5795665634674922 0.4785714285714286 0.5795665634674922 0.6083333333333333 0.6012383900928793 0.6178571428571429 0.6136222910216719 0.6178571428571429 0.6185758513931888 0.6083333333333333 0.6185758513931888 0.41904761904761906 0.6130030959752322 0.4 0.6086687306501548 0.3904761904761905 0.5944272445820433 0.3904761904761905 
13 0.6191950464396285 0.4095238095238095 0.6142414860681115 0.4297619047619048 0.6092879256965944 0.5059523809523809 0.6092879256965944 0.5607142857142857 0.6142414860681115 0.6083333333333333 0.6414860681114551 0.6083333333333333 0.643343653250774 0.6071428571428571 0.648297213622291 0.5976190476190476 0.648297213622291 0.5345238095238095 0.643343653250774 0.47619047619047616 0.638390092879257 0.43214285714285716 0.6377708978328174 0.42857142857142855 0.6334365325077399 0.4107142857142857 0.6328173374613003 0.4095238095238095 0.6191950464396285 0.4095238095238095 
15 0.6990712074303406 0.41904761904761906 0.6934984520123839 0.42857142857142855 0.6835913312693499 0.44761904761904764 0.6743034055727554 0.4666666666666667 0.6736842105263158 0.46904761904761905 0.6588235294117647 0.5333333333333333 0.6588235294117647 0.5797619047619048 0.6643962848297214 0.5892857142857143 0.7077399380804954 0.5892857142857143 0.7126934984520124 0.5797619047619048 0.7176470588235294 0.4726190476190476 0.7176470588235294 0.4297619047619048 0.7126934984520124 0.41904761904761906 0.6990712074303406 0.41904761904761906 
16 0.7294117647058823 0.4 0.7281733746130031 0.4011904761904762 0.7232198142414861 0.4095238095238095 0.713312693498452 0.44761904761904764 0.708359133126935 0.4857142857142857 0.708359133126935 0.5666666666666667 0.7089783281733746 0.5702380952380952 0.713312693498452 0.5785714285714286 0.7380804953560371 0.5797619047619048 0.7411764705882353 0.5797619047619048 0.7622291021671826 0.5607142857142857 0.7622291021671826 0.5238095238095238 0.7523219814241486 0.41904761904761906 0.746749226006192 0.4095238095238095 0.7411764705882353 0.4011904761904762 0.739938080495356 0.4 0.7294117647058823 0.4 
17 0.7640866873065015 0.5523809523809524 0.730030959752322 0.5714285714285714 0.7281733746130031 0.5726190476190476 0.7238390092879257 0.580952380952381 0.7232198142414861 0.5845238095238096 0.7232198142414861 0.6130952380952381 0.7238390092879257 0.6178571428571429 0.7281733746130031 0.6357142857142857 0.7380804953560371 0.655952380952381 0.7628482972136222 0.7035714285714286 0.8018575851393189 0.7035714285714286 0.8018575851393189 0.6583333333333333 0.7820433436532508 0.5523809523809524 0.7640866873065015 0.5523809523809524 
18 0.713312693498452 0.5904761904761905 0.679876160990712 0.6095238095238096 0.6786377708978328 0.6107142857142858 0.6786377708978328 0.6452380952380953 0.6885448916408669 0.6928571428571428 0.708359133126935 0.7607142857142857 0.713312693498452 0.7702380952380953 0.7312693498452012 0.7702380952380953 0.7325077399380805 0.7690476190476191 0.746749226006192 0.7511904761904762 0.7523219814241486 0.7404761904761905 0.7523219814241486 0.7154761904761905 0.7473684210526316 0.6761904761904762 0.7424148606811145 0.6476190476190476 0.7275541795665634 0.5904761904761905 0.713312693498452 0.5904761904761905 
19 0.6588235294117647 0.6 0.6297213622291021 0.6095238095238096 0.6291021671826625 0.6107142857142858 0.6291021671826625 0.6726190476190477 0.6340557275541796 0.7226190476190476 0.6390092879256966 0.7511904761904762 0.6538699690402476 0.8083333333333333 0.6662538699690402 0.8083333333333333 0.6681114551083591 0.8071428571428572 0.691640866873065 0.7892857142857143 0.6928792569659443 0.7880952380952381 0.6972136222910217 0.7797619047619048 0.6978328173374613 0.7773809523809524 0.6978328173374613 0.725 0.6829721362229102 0.6107142857142858 0.6780185758513931 0.6 0.6588235294117647 0.6 
20 0.5993808049535604 0.6095238095238096 0.5944272445820433 0.6190476190476191 0.5944272445820433 0.655952380952381 0.6043343653250774 0.7226190476190476 0.6142414860681115 0.7607142857142857 0.6241486068111455 0.7976190476190477 0.6291021671826625 0.8083333333333333 0.6346749226006192 0.8178571428571428 0.638390092879257 0.8178571428571428 0.643343653250774 0.7988095238095239 0.643343653250774 0.736904761904762 0.638390092879257 0.6678571428571428 0.6334365325077399 0.6190476190476191 0.6278637770897832 0.6095238095238096 0.5993808049535604 0.6095238095238096 
21 0.5801857585139318 0.6095238095238096 0.5746130030959752 0.6190476190476191 0.5696594427244582 0.6297619047619047 0.5696594427244582 0.6642857142857143 0.5845201238390093 0.8083333333333333 0.6030959752321982 0.8083333333333333 0.6037151702786377 0.8071428571428572 0.6037151702786377 0.6476190476190476 0.5987616099071208 0.6095238095238096 0.5801857585139318 0.6095238095238096 
22 0.5504643962848297 0.6095238095238096 0.544891640866873 0.6202380952380953 0.544891640866873 0.6654761904761904 0.5498452012383901 0.7214285714285714 0.5547987616099072 0.7511904761904762 0.5647058823529412 0.8083333333333333 0.5789473684210527 0.8083333333333333 0.5789473684210527 0.6226190476190476 0.5777089783281734 0.6202380952380953 0.5715170278637771 0.6095238095238096 0.5504643962848297 0.6095238095238096 
23 0.525077399380805 0.6095238095238096 0.525077399380805 0.6928571428571428 0.530030959752322 0.7297619047619047 0.534984520123839 0.7607142857142857 0.5399380804953561 0.7797619047619048 0.5479876160990712 0.7797619047619048 0.5492260061919505 0.7785714285714286 0.5492260061919505 0.6107142857142858 0.5486068111455108 0.6095238095238096 0.525077399380805 0.6095238095238096 
24 0.5207430340557275 0.6095238095238096 0.5009287925696595 0.6190476190476191 0.5003095975232198 0.6202380952380953 0.5003095975232198 0.6535714285714286 0.5052631578947369 0.7119047619047619 0.5102167182662539 0.7404761904761905 0.5151702786377709 0.7607142857142857 0.5294117647058824 0.7607142857142857 0.5294117647058824 0.6857142857142857 0.5244582043343653 0.6095238095238096 0.5207430340557275 0.6095238095238096 
25 0.4804953560371517 0.6095238095238096 0.4804953560371517 0.6261904761904762 0.4854489164086687 0.7404761904761905 0.4904024767801858 0.7595238095238095 0.4953560371517028 0.7702380952380953 0.4996904024767802 0.7702380952380953 0.5046439628482973 0.7607142857142857 0.5046439628482973 0.611904761904762 0.5040247678018576 0.6095238095238096 0.4804953560371517 0.6095238095238096 
26 0.4613003095975232 0.6095238095238096 0.46068111455108357 0.6107142857142858 0.46068111455108357 0.7607142857142857 0.47058823529411764 0.7797619047619048 0.47492260061919506 0.7785714285714286 0.47987616099071206 0.7702380952380953 0.4848297213622291 0.7511904761904762 0.4848297213622291 0.6107142857142858 0.4842105263157895 0.6095238095238096 0.4613003095975232 0.6095238095238096 
27 0.4390092879256966 0.6 0.4371517027863777 0.6011904761904762 0.4359133126934985 0.6023809523809524 0.4309597523219814 0.6095238095238096 0.4309597523219814 0.7892857142857143 0.4359133126934985 0.8083333333333333 0.44891640866873067 0.8083333333333333 0.4501547987616099 0.805952380952381 0.4551083591331269 0.7892857142857143 0.460061919504644 0.7416666666666667 0.460061919504644 0.611904761904762 0.45944272445820433 0.6095238095238096 0.4551083591331269 0.6011904761904762 0.4538699690402477 0.6 0.4390092879256966 0.6 
28 0.41114551083591333 0.6 0.40123839009287926 0.6190476190476191 0.40123839009287926 0.6547619047619048 0.40619195046439627 0.7702380952380953 0.41114551083591333 0.7880952380952381 0.4117647058823529 0.7892857142857143 0.43034055727554177 0.7892857142857143 0.43529411764705883 0.6642857142857143 0.43529411764705883 0.6190476190476191 0.42538699690402476 0.6011904761904762 0.4241486068111455 0.6 0.41114551083591333 0.6 
29 0.3826625386996904 0.6 0.3715170278637771 0.6095238095238096 0.3715170278637771 0.6797619047619048 0.3764705882352941 0.7797619047619048 0.3814241486068111 0.7976190476190477 0.3826625386996904 0.7988095238095239 0.3956656346749226 0.7988095238095239 0.4006191950464396 0.7773809523809524 0.4055727554179567 0.7511904761904762 0.4105263157894737 0.6261904761904762 0.4105263157894737 0.6190476190476191 0.4055727554179567 0.6 0.3826625386996904 0.6 
31 0.3046439628482972 0.6 0.3021671826625387 0.6011904761904762 0.29721362229102166 0.6107142857142858 0.2625386996904025 0.7238095238095238 0.2625386996904025 0.7511904761904762 0.2873065015479876 0.7797619047619048 0.3015479876160991 0.7797619047619048 0.3411764705882353 0.7035714285714286 0.3461300309597523 0.6928571428571428 0.3510835913312694 0.675 0.3510835913312694 0.6321428571428571 0.3504643962848297 0.6285714285714286 0.3455108359133127 0.6190476190476191 0.3256965944272446 0.6 0.3046439628482972 0.6 
32 0.25263157894736843 0.5428571428571428 0.2476780185758514 0.5535714285714286 0.23281733746130032 0.6309523809523809 0.22786377708978328 0.6571428571428571 0.22786377708978328 0.7023809523809523 0.2284829721362229 0.7035714285714286 0.25696594427244585 0.7035714285714286 0.2693498452012384 0.694047619047619 0.2712074303405573 0.6916666666666667 0.27678018575851393 0.6833333333333333 0.286687306501548 0.6654761904761904 0.3015479876160991 0.6369047619047619 0.3065015479876161 0.6178571428571429 0.3065015479876161 0.5904761904761905 0.291640866873065 0.5619047619047619 0.2718266253869969 0.5428571428571428 0.25263157894736843 0.5428571428571428 