2 0.3021671826625387 0.3523809523809524 0.29721362229102166 0.37142857142857144 0.2773993808049536 0.5059523809523809 0.2773993808049536 0.5321428571428571 0.29845201238390096 0.5511904761904762 0.32074303405572757 0.5511904761904762 0.3263157894736842 0.5416666666666666 0.33126934984520123 0.5119047619047619 0.33622291021671824 0.425 0.33622291021671824 0.42142857142857143 0.33560371517027865 0.38095238095238093 0.33126934984520123 0.3726190476190476 0.3157894736842105 0.3523809523809524 0.3021671826625387 0.3523809523809524 
3 0.33250773993808047 0.3904761904761905 0.3318885448916409 0.39285714285714285 0.3269349845201238 0.41904761904761906 0.3219814241486068 0.5047619047619047 0.3219814241486068 0.5595238095238095 0.32260061919504646 0.5607142857142857 0.373374613003096 0.5607142857142857 0.38080495356037153 0.5416666666666666 0.38080495356037153 0.5047619047619047 0.37089783281733746 0.4 0.3653250773993808 0.3904761904761905 0.33250773993808047 0.3904761904761905 
4 0.3876160990712074 0.38095238095238093 0.3863777089783282 0.3821428571428571 0.3814241486068111 0.3904761904761905 0.3764705882352941 0.4107142857142857 0.3715170278637771 0.47023809523809523 0.36656346749226004 0.5547619047619048 0.36656346749226004 0.5702380952380952 0.3721362229102167 0.5797619047619048 0.3907120743034056 0.5797619047619048 0.4055727554179567 0.5702380952380952 0.4055727554179567 0.44761904761904764 0.4006191950464396 0.3821428571428571 0.3993808049535604 0.38095238095238093 0.3876160990712074 0.38095238095238093 
5 0.4068111455108359 0.3904761904761905 0.40619195046439627 0.39166666666666666 0.40123839009287926 0.42857142857142855 0.39628482972136225 0.5630952380952381 0.39628482972136225 0.5797619047619048 0.40619195046439627 0.5892857142857143 0.4154798761609907 0.5892857142857143 0.43034055727554177 0.5702380952380952 0.4346749226006192 0.5607142857142857 0.43529411764705883 0.5583333333333333 0.43529411764705883 0.5059523809523809 0.43034055727554177 0.4095238095238095 0.4198142414860681 0.3904761904761905 0.4068111455108359 0.3904761904761905 
6 0.4260061919504644 0.38095238095238093 0.4260061919504644 0.5988095238095238 0.44024767801857584 0.5988095238095238 0.4551083591331269 0.569047619047619 0.4551083591331269 0.5059523809523809 0.4452012383900929 0.4011904761904762 0.43529411764705883 0.38095238095238093 0.4260061919504644 0.38095238095238093 
7 0.46563467492260063 0.4095238095238095 0.46068111455108357 0.4297619047619048 0.45572755417956656 0.4583333333333333 0.45077399380804956 0.4928571428571429 0.4458204334365325 0.5619047619047619 0.4458204334365325 0.5797619047619048 0.45139318885448915 0.5892857142857143 0.46068111455108357 0.5988095238095238 0.47492260061919506 0.5988095238095238 0.47987616099071206 0.5797619047619048 0.47987616099071206 0.4119047619047619 0.4792569659442725 0.4095238095238095 0.46563467492260063 0.4095238095238095 
8 0.4854489164086687 0.4095238095238095 0.4804953560371517 0.41904761904761906 0.4761609907120743 0.42857142857142855 0.47554179566563465 0.43214285714285716 0.47058823529411764 0.5333333333333333 0.47058823529411764 0.5988095238095238 0.48173374613003095 0.6083333333333333 0.49907120743034056 0.6083333333333333 0.5095975232198142 0.5976190476190476 0.5095975232198142 0.5428571428571428 0.4996904024767802 0.4095238095238095 0.4854489164086687 0.4095238095238095 
9 0.5108359133126935 0.4095238095238095 0.5052631578947369 0.42023809523809524 0.5052631578947369 0.5988095238095238 0.5157894736842106 0.6083333333333333 0.5337461300309597 0.6083333333333333 0.5393188854489164 0.5988095238095238 0.5393188854489164 0.544047619047619 0.5386996904024768 0.5333333333333333 0.5343653250773994 0.4869047619047619 0.5294117647058824 0.44761904761904764 0.5238390092879257 0.41904761904761906 0.5195046439628483 0.4095238095238095 0.5108359133126935 0.4095238095238095 
10 0.534984520123839 0.4 0.530030959752322 0.41904761904761906 0.530030959752322 0.5380952380952381 0.534984520123839 0.5892857142857143 0.5541795665634675 0.5892857142857143 0.5591331269349845 0.5857142857142857 0.5640866873065016 0.5797619047619048 0.5640866873065016 0.5392857142857143 0.5541795665634675 0.41904761904761906 0.5492260061919505 0.4023809523809524 0.5486068111455108 0.4011904761904762 0.5473684210526316 0.4 0.534984520123839 0.4 
11 0.5560371517027863 0.37142857142857144 0.5547987616099072 0.3773809523809524 0.5547987616099072 0.5416666666666666 0.5597523219814241 0.5869047619047619 0.5603715170278638 0.5892857142857143 0.5839009287925696 0.5892857142857143 0.5888544891640867 0.5797619047619048 0.5888544891640867 0.5642857142857143 0.5839009287925696 0.49047619047619045 0.578328173374613 0.4095238095238095 0.5739938080495356 0.3726190476190476 0.5721362229102167 0.37142857142857144 0.5560371517027863 0.37142857142857144 
12 0.5801857585139318 0.3904761904761905 0.5795665634674922 0.39166666666666666 0.5746130030959752 0.47619047619047616 0.5746130030959752 0.4928571428571429 0.5795665634674922 0.5702380952380952 0.5851393188854489 0.5797619047619048 0.6111455108359133 0.5797619047619048 0.6130030959752322 0.5785714285714286 0.6185758513931888 0.5702380952380952 0.6185758513931888 0.5452380952380952 0.6136222910216719 0.49642857142857144 0.6037151702786377 0.4 0.5987616099071208 0.3904761904761905 0.5801857585139318 0.3904761904761905 
13 0.604953560371517 0.3904761904761905 0.6043343653250774 0.39166666666666666 0.5993808049535604 0.4107142857142857 0.5993808049535604 0.475 0.6092879256965944 0.55 0.6142414860681115 0.569047619047619 0.6191950464396285 0.5797619047619048 0.6334365325077399 0.5797619047619048 0.6427244582043343 0.5702380952380952 0.643343653250774 0.569047619047619 0.643343653250774 0.5142857142857142 0.6235294117647059 0.3904761904761905 0.604953560371517 0.3904761904761905 
14 0.6297213622291021 0.37142857142857144 0.6291021671826625 0.3726190476190476 0.6291021671826625 0.43452380952380953 0.6340557275541796 0.5678571428571428 0.6346749226006192 0.5702380952380952 0.6402476780185758 0.5797619047619048 0.6582043343653251 0.5797619047619048 0.6773993808049535 0.5607142857142857 0.6823529411764706 0.5511904761904762 0.6829721362229102 0.5488095238095239 0.6829721362229102 0.4869047619047619 0.6780185758513931 0.4 0.6724458204334365 0.3904761904761905 0.648297213622291 0.37142857142857144 0.6297213622291021 0.37142857142857144 
15 0.6786377708978328 0.3333333333333333 0.6736842105263158 0.3535714285714286 0.6736842105263158 0.49404761904761907 0.6786377708978328 0.5226190476190476 0.6848297213622291 0.5321428571428571 0.7021671826625387 0.5321428571428571 0.7226006191950465 0.513095238095238 0.7275541795665634 0.5035714285714286 0.7275541795665634 0.47619047619047616 0.7077399380804954 0.3630952380952381 0.7027863777089783 0.34404761904761905 0.6978328173374613 0.3333333333333333 0.6786377708978328 0.3333333333333333 
18 0.6885448916408669 0.5523809523809524 0.6650154798761609 0.5714285714285714 0.6637770897832818 0.5726190476190476 0.6625386996904025 0.580952380952381 0.6625386996904025 0.6083333333333333 0.6637770897832818 0.6452380952380953 0.6743034055727554 0.6654761904761904 0.7188854489164087 0.7416666666666667 0.7325077399380805 0.7416666666666667 0.7374613003095976 0.7321428571428571 0.7374613003095976 0.6666666666666666 0.7226006191950465 0.5916666666666667 0.7176470588235294 0.5738095238095238 0.7170278637770898 0.5726190476190476 0.7077399380804954 0.5619047619047619 0.6978328173374613 0.5535714285714286 0.6934984520123839 0.5523809523809524 0.6885448916408669 0.5523809523809524 
19 0.6390092879256966 0.5904761904761905 0.6092879256965944 0.6 0.6092879256965944 0.6369047619047619 0.6142414860681115 0.6654761904761904 0.6191950464396285 0.6845238095238095 0.6439628482972136 0.7607142857142857 0.6495356037151703 0.7690476190476191 0.6513931888544892 0.7702380952380953 0.6879256965944273 0.7702380952380953 0.6928792569659443 0.7595238095238095 0.6928792569659443 0.7142857142857143 0.6668730650154798 0.5904761904761905 0.6390092879256966 0.5904761904761905 
20 0.6012383900928793 0.6 0.5801857585139318 0.6095238095238096 0.5795665634674922 0.6107142857142858 0.5795665634674922 0.6369047619047619 0.5845201238390093 0.6642857142857143 0.5894736842105263 0.6833333333333333 0.595046439628483 0.7035714285714286 0.6142414860681115 0.7702380952380953 0.6297213622291021 0.7892857142857143 0.6377708978328174 0.7892857142857143 0.638390092879257 0.7880952380952381 0.638390092879257 0.7238095238095238 0.6136222910216719 0.6035714285714285 0.6130030959752322 0.6011904761904762 0.6111455108359133 0.6 0.6012383900928793 0.6 
21 0.5702786377708978 0.6095238095238096 0.5603715170278638 0.6190476190476191 0.5597523219814241 0.6202380952380953 0.5597523219814241 0.6654761904761904 0.5647058823529412 0.7321428571428571 0.5801857585139318 0.7892857142857143 0.5882352941176471 0.7892857142857143 0.5938080495356037 0.7785714285714286 0.5938080495356037 0.6583333333333333 0.5888544891640867 0.6297619047619047 0.58328173374613 0.6107142857142858 0.5826625386996904 0.6095238095238096 0.5702786377708978 0.6095238095238096 
22 0.541795665634675 0.6095238095238096 0.5405572755417957 0.6107142857142858 0.5356037151702786 0.6190476190476191 0.534984520123839 0.6214285714285714 0.534984520123839 0.6821428571428572 0.5399380804953561 0.7416666666666667 0.544891640866873 0.7702380952380953 0.5498452012383901 0.7892857142857143 0.5547987616099072 0.7988095238095239 0.5690402476780185 0.7988095238095239 0.5690402476780185 0.6571428571428571 0.5640866873065016 0.6107142857142858 0.5634674922600619 0.6095238095238096 0.541795665634675 0.6095238095238096 
23 0.5207430340557275 0.6095238095238096 0.5151702786377709 0.6202380952380953 0.5151702786377709 0.75 0.5201238390092879 0.7607142857142857 0.5287925696594428 0.7607142857142857 0.5294117647058824 0.7583333333333333 0.5337461300309597 0.7321428571428571 0.5393188854489164 0.694047619047619 0.5393188854489164 0.6095238095238096 0.5207430340557275 0.6095238095238096 
24 0.5003095975232198 0.6190476190476191 0.5003095975232198 0.7511904761904762 0.5139318885448917 0.7511904761904762 0.5145510835913313 0.7488095238095238 0.5195046439628483 0.7119047619047619 0.5195046439628483 0.6202380952380953 0.518266253869969 0.6190476190476191 0.5003095975232198 0.6190476190476191 
25 0.48173374613003095 0.6190476190476191 0.4804953560371517 0.6202380952380953 0.4804953560371517 0.6916666666666667 0.4854489164086687 0.75 0.48606811145510836 0.7511904761904762 0.4934984520123839 0.7511904761904762 0.49473684210526314 0.75 0.4996904024767802 0.7226190476190476 0.4996904024767802 0.6190476190476191 0.48173374613003095 0.6190476190476191 
26 0.46068111455108357 0.6095238095238096 0.46068111455108357 0.7702380952380953 0.47492260061919506 0.7702380952380953 0.47987616099071206 0.7511904761904762 0.4848297213622291 0.7035714285714286 0.4848297213622291 0.6095238095238096 0.46068111455108357 0.6095238095238096 
27 0.4359133126934985 0.6095238095238096 0.4309597523219814 0.6595238095238095 0.4309597523219814 0.7130952380952381 0.4359133126934985 0.7797619047619048 0.44891640866873067 0.7797619047619048 0.4551083591331269 0.7702380952380953 0.460061919504644 0.7380952380952381 0.465015479876161 0.6845238095238095 0.465015479876161 0.6214285714285714 0.46439628482972134 0.6190476190476191 0.460061919504644 0.6107142857142858 0.4588235294117647 0.6095238095238096 0.4359133126934985 0.6095238095238096 
28 0.4068111455108359 0.6095238095238096 0.40619195046439627 0.6130952380952381 0.40619195046439627 0.7690476190476191 0.41114551083591333 0.7797619047619048 0.42043343653250775 0.7797619047619048 0.42538699690402476 0.7702380952380953 0.43034055727554177 0.7392857142857143 0.43529411764705883 0.7035714285714286 0.44024767801857584 0.6535714285714286 0.44024767801857584 0.6190476190476191 0.4346749226006192 0.6107142857142858 0.4328173374613003 0.6095238095238096 0.4068111455108359 0.6095238095238096 
29 0.38699690402476783 0.6 0.3814241486068111 0.6095238095238096 0.3764705882352941 0.6202380952380953 0.36656346749226004 0.7345238095238096 0.36656346749226004 0.7607142857142857 0.3715170278637771 0.7785714285714286 0.37585139318885447 0.7797619047619048 0.37770897832817335 0.7797619047619048 0.38080495356037153 0.7785714285714286 0.3907120743034056 0.7511904761904762 0.4055727554179567 0.7095238095238096 0.4105263157894737 0.6845238095238095 0.4105263157894737 0.6107142857142858 0.40495356037151703 0.6 0.38699690402476783 0.6 
30 0.34179566563467495 0.580952380952381 0.3368421052631579 0.5845238095238096 0.33250773993808047 0.5904761904761905 0.3318885448916409 0.5916666666666667 0.30712074303405573 0.7142857142857143 0.30712074303405573 0.7511904761904762 0.3430340557275542 0.7702380952380953 0.3461300309597523 0.7702380952380953 0.3609907120743034 0.7416666666666667 0.37585139318885447 0.6845238095238095 0.38080495356037153 0.6642857142857143 0.3907120743034056 0.6178571428571429 0.3907120743034056 0.6154761904761905 0.39009287925696595 0.6035714285714285 0.38575851393188854 0.5916666666666667 0.3845201238390093 0.5904761904761905 0.3653250773993808 0.580952380952381 0.34179566563467495 0.580952380952381 
31 0.29226006191950465 0.5619047619047619 0.2873065015479876 0.5714285714285714 0.2625386996904025 0.6571428571428571 0.2625386996904025 0.7130952380952381 0.2959752321981424 0.7130952380952381 0.31640866873065016 0.6833333333333333 0.32136222910216716 0.6738095238095239 0.33622291021671824 0.6440476190476191 0.33622291021671824 0.580952380952381 0.31145510835913315 0.5619047619047619 0.29226006191950465 0.5619047619047619 
32 0.2501547987616099 0.5523809523809524 0.2476780185758514 0.5535714285714286 0.23839009287925697 0.5714285714285714 0.23281733746130032 0.5904761904761905 0.23281733746130032 0.7023809523809523 0.23343653250773994 0.7035714285714286 0.24148606811145512 0.7035714285714286 0.25696594427244585 0.694047619047619 0.28111455108359135 0.6464285714285715 0.28173374613003094 0.6440476190476191 0.28173374613003094 0.5904761904761905 0.27678018575851393 0.5726190476190476 0.2718266253869969 0.5630952380952381 0.27058823529411763 0.5619047619047619 0.25572755417956655 0.5535714285714286 0.2520123839009288 0.5523809523809524 0.2501547987616099 0.5523809523809524 