2 0.29721362229102166 0.2571428571428571 0.2873065015479876 0.2761904761904762 0.2873065015479876 0.35119047619047616 0.29721362229102166 0.4654761904761905 0.3021671826625387 0.475 0.3306501547987616 0.475 0.3411764705882353 0.45476190476190476 0.3411764705882353 0.42142857142857143 0.33622291021671824 0.34285714285714286 0.33126934984520123 0.3047619047619048 0.32136222910216716 0.2761904761904762 0.31640866873065016 0.26666666666666666 0.3108359133126935 0.2571428571428571 0.29721362229102166 0.2571428571428571 
3 0.33746130030959753 0.26666666666666666 0.3368421052631579 0.2702380952380952 0.3318885448916409 0.4107142857142857 0.3318885448916409 0.4642857142857143 0.33250773993808047 0.4654761904761905 0.35170278637770896 0.475 0.3690402476780186 0.475 0.37089783281733746 0.4738095238095238 0.38080495356037153 0.4642857142857143 0.38080495356037153 0.4142857142857143 0.37585139318885447 0.36547619047619045 0.37089783281733746 0.3345238095238095 0.3653250773993808 0.3047619047619048 0.3609907120743034 0.2857142857142857 0.3560371517027864 0.26785714285714285 0.35541795665634673 0.26666666666666666 0.33746130030959753 0.26666666666666666 
4 0.37708978328173376 0.38095238095238093 0.3715170278637771 0.3904761904761905 0.3715170278637771 0.475 0.4 0.475 0.4006191950464396 0.4738095238095238 0.4055727554179567 0.45357142857142857 0.4055727554179567 0.42142857142857143 0.4 0.3904761904761905 0.3956656346749226 0.38095238095238093 0.37708978328173376 0.38095238095238093 
5 0.3863777089783282 0.2571428571428571 0.3863777089783282 0.3404761904761905 0.39628482972136225 0.475 0.40123839009287926 0.4845238095238095 0.42043343653250775 0.4845238095238095 0.42538699690402476 0.4738095238095238 0.42538699690402476 0.430952380952381 0.4247678018575851 0.4095238095238095 0.42043343653250775 0.3726190476190476 0.4055727554179567 0.26666666666666666 0.3993808049535604 0.2571428571428571 0.3863777089783282 0.2571428571428571 
6 0.41609907120743034 0.2761904761904762 0.41609907120743034 0.4166666666666667 0.42105263157894735 0.48214285714285715 0.4260061919504644 0.5023809523809524 0.426625386996904 0.5035714285714286 0.4452012383900929 0.5035714285714286 0.4551083591331269 0.48333333333333334 0.4551083591331269 0.4166666666666667 0.4501547987616099 0.3523809523809524 0.44024767801857584 0.2869047619047619 0.4346749226006192 0.2761904761904762 0.41609907120743034 0.2761904761904762 
7 0.4458204334365325 0.4 0.4408668730650155 0.49523809523809526 0.4408668730650155 0.5023809523809524 0.44148606811145513 0.5035714285714286 0.465015479876161 0.5035714285714286 0.47492260061919506 0.49404761904761907 0.47492260061919506 0.41309523809523807 0.4743034055727554 0.4095238095238095 0.469969040247678 0.4 0.4458204334365325 0.4 
8 0.47678018575851394 0.2761904761904762 0.47554179566563465 0.2773809523809524 0.4712074303405573 0.3238095238095238 0.46563467492260063 0.3904761904761905 0.46563467492260063 0.5023809523809524 0.4662538699690402 0.5035714285714286 0.4743034055727554 0.513095238095238 0.4934984520123839 0.513095238095238 0.49473684210526314 0.5119047619047619 0.4996904024767802 0.5023809523809524 0.4996904024767802 0.41904761904761906 0.49473684210526314 0.2785714285714286 0.4934984520123839 0.2761904761904762 0.47678018575851394 0.2761904761904762 
9 0.5052631578947369 0.29523809523809524 0.5003095975232198 0.3142857142857143 0.4953560371517028 0.3821428571428571 0.4953560371517028 0.513095238095238 0.5294117647058824 0.513095238095238 0.5294117647058824 0.36428571428571427 0.5244582043343653 0.29642857142857143 0.5238390092879257 0.29523809523809524 0.5052631578947369 0.29523809523809524 
10 0.5325077399380805 0.3904761904761905 0.530030959752322 0.39166666666666666 0.525077399380805 0.4095238095238095 0.525077399380805 0.5023809523809524 0.5256965944272446 0.5035714285714286 0.5442724458204334 0.5035714285714286 0.5541795665634675 0.49404761904761907 0.5541795665634675 0.42857142857142855 0.5492260061919505 0.4011904761904762 0.5442724458204334 0.3904761904761905 0.5325077399380805 0.3904761904761905 
11 0.5547987616099072 0.2571428571428571 0.544891640866873 0.3333333333333333 0.544891640866873 0.49404761904761907 0.5789473684210527 0.49404761904761907 0.5789473684210527 0.37142857142857144 0.5739938080495356 0.26666666666666666 0.5690402476780185 0.2571428571428571 0.5547987616099072 0.2571428571428571 
12 0.5851393188854489 0.26666666666666666 0.5795665634674922 0.2773809523809524 0.5746130030959752 0.3142857142857143 0.5696594427244582 0.3535714285714286 0.5696594427244582 0.49047619047619045 0.5708978328173374 0.49404761904761907 0.5981424148606811 0.49404761904761907 0.5987616099071208 0.4928571428571429 0.5987616099071208 0.26666666666666666 0.5851393188854489 0.26666666666666666 
13 0.614860681114551 0.26666666666666666 0.6092879256965944 0.2857142857142857 0.5993808049535604 0.325 0.595046439628483 0.34285714285714286 0.5944272445820433 0.3464285714285714 0.5944272445820433 0.4845238095238095 0.6 0.49404761904761907 0.6229102167182663 0.49404761904761907 0.628482972136223 0.4845238095238095 0.6334365325077399 0.37857142857142856 0.6334365325077399 0.26666666666666666 0.614860681114551 0.26666666666666666 
14 0.6396284829721363 0.29523809523809524 0.6340557275541796 0.3047619047619048 0.6291021671826625 0.3142857142857143 0.6241486068111455 0.3761904761904762 0.6241486068111455 0.49404761904761907 0.6613003095975232 0.49404761904761907 0.6631578947368421 0.4928571428571429 0.6681114551083591 0.48333333333333334 0.6681114551083591 0.30714285714285716 0.6674922600619195 0.3047619047619048 0.6631578947368421 0.29642857142857143 0.6619195046439629 0.29523809523809524 0.6396284829721363 0.29523809523809524 
19 0.595046439628483 0.5238095238095238 0.5944272445820433 0.525 0.5944272445820433 0.5488095238095239 0.5993808049535604 0.655952380952381 0.6092879256965944 0.7785714285714286 0.6142414860681115 0.7892857142857143 0.6334365325077399 0.7892857142857143 0.638390092879257 0.7583333333333333 0.643343653250774 0.6845238095238095 0.643343653250774 0.5821428571428572 0.638390092879257 0.5333333333333333 0.6334365325077399 0.5238095238095238 0.595046439628483 0.5238095238095238 
20 0.5795665634674922 0.5333333333333333 0.5795665634674922 0.5595238095238095 0.5845201238390093 0.655952380952381 0.6086687306501548 0.655952380952381 0.6086687306501548 0.5714285714285714 0.6037151702786377 0.5452380952380952 0.6030959752321982 0.5428571428571428 0.5981424148606811 0.5333333333333333 0.5795665634674922 0.5333333333333333 
21 0.5554179566563467 0.5428571428571428 0.5547987616099072 0.544047619047619 0.5547987616099072 0.6357142857142857 0.5597523219814241 0.7690476190476191 0.5603715170278638 0.7702380952380953 0.578328173374613 0.7702380952380953 0.5789473684210527 0.7678571428571429 0.5839009287925696 0.7321428571428571 0.5888544891640867 0.6845238095238095 0.5888544891640867 0.5535714285714286 0.5839009287925696 0.5428571428571428 0.5554179566563467 0.5428571428571428 
22 0.5374613003095975 0.5428571428571428 0.5356037151702786 0.544047619047619 0.534984520123839 0.5452380952380952 0.534984520123839 0.655952380952381 0.5368421052631579 0.655952380952381 0.5510835913312694 0.6547619047619048 0.5541795665634675 0.6523809523809524 0.5585139318885449 0.6464285714285715 0.5591331269349845 0.6440476190476191 0.5591331269349845 0.544047619047619 0.5578947368421052 0.5428571428571428 0.5374613003095975 0.5428571428571428 
23 0.525077399380805 0.5238095238095238 0.5151702786377709 0.5333333333333333 0.5151702786377709 0.7690476190476191 0.5157894736842106 0.7702380952380953 0.5287925696594428 0.7702380952380953 0.5343653250773994 0.7607142857142857 0.5393188854489164 0.675 0.5393188854489164 0.5428571428571428 0.5337461300309597 0.5238095238095238 0.525077399380805 0.5238095238095238 
24 0.49226006191950467 0.5238095238095238 0.4904024767801858 0.525 0.4904024767801858 0.6273809523809524 0.496594427244582 0.6428571428571429 0.4996904024767802 0.6464285714285715 0.5095975232198142 0.6464285714285715 0.5188854489164086 0.6369047619047619 0.5195046439628483 0.6357142857142857 0.5195046439628483 0.5333333333333333 0.5145510835913313 0.5238095238095238 0.49226006191950467 0.5238095238095238 
25 0.47058823529411764 0.5238095238095238 0.47058823529411764 0.6345238095238095 0.4804953560371517 0.7476190476190476 0.48111455108359136 0.7511904761904762 0.4854489164086687 0.7607142857142857 0.49473684210526314 0.7607142857142857 0.49907120743034056 0.7416666666666667 0.4996904024767802 0.7380952380952381 0.4996904024767802 0.6214285714285714 0.49473684210526314 0.5261904761904762 0.49411764705882355 0.5238095238095238 0.47058823529411764 0.5238095238095238 
26 0.4563467492260062 0.5238095238095238 0.45077399380804956 0.5345238095238095 0.45077399380804956 0.6464285714285715 0.47492260061919506 0.6464285714285715 0.47492260061919506 0.5238095238095238 0.4563467492260062 0.5238095238095238 
27 0.43343653250773995 0.5238095238095238 0.4309597523219814 0.525 0.4309597523219814 0.6464285714285715 0.4551083591331269 0.6464285714285715 0.4551083591331269 0.525 0.4538699690402477 0.5238095238095238 0.43343653250773995 0.5238095238095238 
28 0.4117647058823529 0.5238095238095238 0.40619195046439627 0.5333333333333333 0.40123839009287926 0.5738095238095238 0.40123839009287926 0.6261904761904762 0.40619195046439627 0.7035714285714286 0.4068111455108359 0.7130952380952381 0.41114551083591333 0.7404761904761905 0.4117647058823529 0.7416666666666667 0.4297213622291022 0.7416666666666667 0.4346749226006192 0.7321428571428571 0.43529411764705883 0.7297619047619047 0.44024767801857584 0.6642857142857143 0.44024767801857584 0.638095238095238 0.43529411764705883 0.5357142857142857 0.4346749226006192 0.5333333333333333 0.43034055727554177 0.5238095238095238 0.4117647058823529 0.5238095238095238 
29 0.3814241486068111 0.5047619047619047 0.3715170278637771 0.5238095238095238 0.36160990712074303 0.5523809523809524 0.356656346749226 0.5904761904761905 0.356656346749226 0.6130952380952381 0.3572755417956656 0.6178571428571429 0.3764705882352941 0.6440476190476191 0.37894736842105264 0.6464285714285715 0.3907120743034056 0.6464285714285715 0.4055727554179567 0.6369047619047619 0.4105263157894737 0.6273809523809524 0.4154798761609907 0.5416666666666666 0.4154798761609907 0.5154761904761904 0.4105263157894737 0.5047619047619047 0.3814241486068111 0.5047619047619047 
30 0.33869969040247677 0.4857142857142857 0.3269349845201238 0.49523809523809526 0.3219814241486068 0.5904761904761905 0.3219814241486068 0.7107142857142857 0.32260061919504646 0.7130952380952381 0.33560371517027865 0.7130952380952381 0.3411764705882353 0.7035714285714286 0.3461300309597523 0.694047619047619 0.36594427244582045 0.6154761904761905 0.38080495356037153 0.530952380952381 0.38080495356037153 0.5142857142857142 0.37585139318885447 0.4976190476190476 0.3752321981424149 0.49642857142857144 0.3560371517027864 0.4857142857142857 0.33869969040247677 0.4857142857142857 
32 0.2743034055727554 0.5333333333333333 0.2724458204334365 0.5345238095238095 0.23343653250773994 0.580952380952381 0.23281733746130032 0.5821428571428572 0.23281733746130032 0.6178571428571429 0.24272445820433436 0.6547619047619048 0.243343653250774 0.655952380952381 0.29102167182662536 0.655952380952381 0.3108359133126935 0.6369047619047619 0.31145510835913315 0.6357142857142857 0.31145510835913315 0.5904761904761905 0.3065015479876161 0.5619047619047619 0.3015479876160991 0.5523809523809524 0.29102167182662536 0.5333333333333333 0.2743034055727554 0.5333333333333333 