1 0.27801857585139317 0.3333333333333333 0.2625386996904025 0.34285714285714286 0.25758513931888544 0.3535714285714286 0.2476780185758514 0.430952380952381 0.2476780185758514 0.475 0.2631578947368421 0.49404761904761907 0.291640866873065 0.49404761904761907 0.29659442724458207 0.48333333333333334 0.29659442724458207 0.34285714285714286 0.291640866873065 0.3333333333333333 0.27801857585139317 0.3333333333333333 
2 0.3027863777089783 0.37142857142857144 0.29226006191950465 0.38095238095238093 0.2823529411764706 0.5047619047619047 0.2823529411764706 0.5511904761904762 0.2873065015479876 0.5702380952380952 0.3027863777089783 0.5797619047619048 0.32136222910216716 0.5797619047619048 0.33126934984520123 0.569047619047619 0.33126934984520123 0.49523809523809526 0.3263157894736842 0.4 0.32136222910216716 0.3821428571428571 0.31640866873065016 0.37142857142857144 0.3027863777089783 0.37142857142857144 
3 0.34674922600619196 0.38095238095238093 0.3269349845201238 0.4 0.3269349845201238 0.5607142857142857 0.3318885448916409 0.5797619047619048 0.33746130030959753 0.5880952380952381 0.33869969040247677 0.5892857142857143 0.37089783281733746 0.5892857142857143 0.3752321981424149 0.5797619047619048 0.37585139318885447 0.5761904761904761 0.37585139318885447 0.5059523809523809 0.36594427244582045 0.41904761904761906 0.3609907120743034 0.39166666666666666 0.3560371517027864 0.38095238095238093 0.34674922600619196 0.38095238095238093 
4 0.3764705882352941 0.4095238095238095 0.3721362229102167 0.41904761904761906 0.3715170278637771 0.4226190476190476 0.3715170278637771 0.5773809523809523 0.3764705882352941 0.5892857142857143 0.3956656346749226 0.5892857142857143 0.4055727554179567 0.5797619047619048 0.4055727554179567 0.5238095238095238 0.4006191950464396 0.4857142857142857 0.39504643962848296 0.44761904761904764 0.3907120743034056 0.42023809523809524 0.38575851393188854 0.4095238095238095 0.3764705882352941 0.4095238095238095 
5 0.4018575851393189 0.41904761904761906 0.39628482972136225 0.42857142857142855 0.39628482972136225 0.530952380952381 0.40123839009287926 0.5797619047619048 0.4247678018575851 0.5797619047619048 0.43529411764705883 0.5702380952380952 0.43529411764705883 0.5345238095238095 0.42538699690402476 0.45714285714285713 0.42043343653250775 0.4297619047619048 0.4154798761609907 0.41904761904761906 0.4018575851393189 0.41904761904761906 
6 0.42291021671826623 0.37142857142857144 0.42105263157894735 0.3726190476190476 0.41609907120743034 0.4 0.41609907120743034 0.4642857142857143 0.42105263157894735 0.5226190476190476 0.4309597523219814 0.5702380952380952 0.43653250773993807 0.5797619047619048 0.4452012383900929 0.5797619047619048 0.4551083591331269 0.5607142857142857 0.4551083591331269 0.49523809523809526 0.4501547987616099 0.4488095238095238 0.4452012383900929 0.4095238095238095 0.43962848297213625 0.38095238095238093 0.4346749226006192 0.37142857142857144 0.42291021671826623 0.37142857142857144 
7 0.45572755417956656 0.4 0.45077399380804956 0.42023809523809524 0.4458204334365325 0.4869047619047619 0.4458204334365325 0.4988095238095238 0.45077399380804956 0.5607142857142857 0.4563467492260062 0.5702380952380952 0.46439628482972134 0.5702380952380952 0.47987616099071206 0.5607142857142857 0.47987616099071206 0.4380952380952381 0.47492260061919506 0.4095238095238095 0.46873065015479876 0.4 0.45572755417956656 0.4 
8 0.4854489164086687 0.3904761904761905 0.4804953560371517 0.4095238095238095 0.47554179566563465 0.4380952380952381 0.47554179566563465 0.555952380952381 0.4761609907120743 0.5607142857142857 0.4804953560371517 0.5702380952380952 0.5145510835913313 0.5702380952380952 0.5145510835913313 0.49523809523809526 0.5095975232198142 0.42857142857142855 0.4996904024767802 0.39166666666666666 0.49907120743034056 0.3904761904761905 0.4854489164086687 0.3904761904761905 
9 0.5256965944272446 0.3904761904761905 0.5201238390092879 0.4011904761904762 0.5151702786377709 0.42857142857142855 0.5102167182662539 0.4607142857142857 0.5102167182662539 0.5702380952380952 0.5343653250773994 0.5702380952380952 0.5442724458204334 0.5607142857142857 0.5442724458204334 0.5595238095238095 0.5436532507739938 0.5166666666666667 0.5393188854489164 0.41309523809523807 0.5386996904024768 0.4095238095238095 0.5343653250773994 0.39166666666666666 0.5325077399380805 0.3904761904761905 0.5256965944272446 0.3904761904761905 
10 0.5405572755417957 0.4095238095238095 0.5399380804953561 0.4107142857142857 0.5399380804953561 0.5607142857142857 0.5455108359133127 0.5702380952380952 0.5634674922600619 0.5702380952380952 0.5690402476780185 0.5607142857142857 0.5690402476780185 0.5345238095238095 0.5640866873065016 0.4380952380952381 0.5591331269349845 0.41904761904761906 0.5541795665634675 0.4107142857142857 0.5529411764705883 0.4095238095238095 0.5405572755417957 0.4095238095238095 
11 0.5845201238390093 0.3619047619047619 0.5746130030959752 0.38095238095238093 0.5696594427244582 0.4095238095238095 0.5647058823529412 0.45 0.5597523219814241 0.5047619047619047 0.5597523219814241 0.5214285714285715 0.5647058823529412 0.5511904761904762 0.5795665634674922 0.5785714285714286 0.5808049535603715 0.5797619047619048 0.58328173374613 0.5797619047619048 0.5888544891640867 0.5785714285714286 0.5938080495356037 0.5702380952380952 0.5987616099071208 0.55 0.5987616099071208 0.41904761904761906 0.5938080495356037 0.37142857142857144 0.5888544891640867 0.3619047619047619 0.5845201238390093 0.3619047619047619 
12 0.6 0.3904761904761905 0.5993808049535604 0.39166666666666666 0.5944272445820433 0.4107142857142857 0.5894736842105263 0.5428571428571428 0.5894736842105263 0.569047619047619 0.590092879256966 0.5702380952380952 0.6055727554179566 0.5797619047619048 0.6235294117647059 0.5797619047619048 0.628482972136223 0.5511904761904762 0.628482972136223 0.42857142857142855 0.6235294117647059 0.4011904761904762 0.6179566563467492 0.3904761904761905 0.6 0.3904761904761905 
13 0.6340557275541796 0.3904761904761905 0.6241486068111455 0.4095238095238095 0.6191950464396285 0.5428571428571428 0.6191950464396285 0.5785714285714286 0.6241486068111455 0.5892857142857143 0.638390092879257 0.5892857142857143 0.648297213622291 0.5702380952380952 0.648297213622291 0.4226190476190476 0.643343653250774 0.3904761904761905 0.6340557275541796 0.3904761904761905 
14 0.6637770897832818 0.38095238095238093 0.6538699690402476 0.4 0.6489164086687307 0.42142857142857143 0.6439628482972136 0.47023809523809523 0.6439628482972136 0.5797619047619048 0.6582043343653251 0.5797619047619048 0.6730650154798762 0.5785714285714286 0.6829721362229102 0.569047619047619 0.6879256965944273 0.5595238095238095 0.6928792569659443 0.4785714285714286 0.6928792569659443 0.42857142857142855 0.6681114551083591 0.38095238095238093 0.6637770897832818 0.38095238095238093 
15 0.7046439628482972 0.38095238095238093 0.7034055727554179 0.3821428571428571 0.6891640866873066 0.4095238095238095 0.6885448916408669 0.4119047619047619 0.6835913312693499 0.4785714285714286 0.6835913312693499 0.5571428571428572 0.6842105263157895 0.5607142857142857 0.6885448916408669 0.5702380952380952 0.7120743034055728 0.5702380952380952 0.730030959752322 0.5607142857142857 0.7318885448916409 0.5583333333333333 0.7325077399380805 0.555952380952381 0.7325077399380805 0.4976190476190476 0.7226006191950465 0.41904761904761906 0.7126934984520124 0.38095238095238093 0.7046439628482972 0.38095238095238093 
16 0.7430340557275542 0.34285714285714286 0.7232198142414861 0.3821428571428571 0.718266253869969 0.42023809523809524 0.718266253869969 0.48333333333333334 0.7287925696594427 0.5035714285714286 0.746749226006192 0.5035714285714286 0.7671826625386997 0.49404761904761907 0.7715170278637771 0.4845238095238095 0.7721362229102167 0.48214285714285715 0.7721362229102167 0.3523809523809524 0.7523219814241486 0.34285714285714286 0.7430340557275542 0.34285714285714286 
17 0.7287925696594427 0.580952380952381 0.7281733746130031 0.5821428571428572 0.718266253869969 0.6095238095238096 0.718266253869969 0.6654761904761904 0.7238390092879257 0.675 0.7479876160990712 0.7035714285714286 0.76656346749226 0.7035714285714286 0.7721362229102167 0.694047619047619 0.7863777089783281 0.6464285714285715 0.7869969040247679 0.6404761904761904 0.7869969040247679 0.6297619047619047 0.7715170278637771 0.6 0.7572755417956656 0.5821428571428572 0.7560371517027864 0.580952380952381 0.7287925696594427 0.580952380952381 
18 0.6934984520123839 0.5714285714285714 0.6743034055727554 0.580952380952381 0.6687306501547987 0.5904761904761905 0.6637770897832818 0.6011904761904762 0.6637770897832818 0.6369047619047619 0.6736842105263158 0.6654761904761904 0.6934984520123839 0.7214285714285714 0.7040247678018576 0.7416666666666667 0.713312693498452 0.75 0.7151702786377709 0.7511904761904762 0.7226006191950465 0.7511904761904762 0.7325077399380805 0.7309523809523809 0.7325077399380805 0.6880952380952381 0.7176470588235294 0.5726190476190476 0.7170278637770898 0.5714285714285714 0.6934984520123839 0.5714285714285714 
19 0.6198142414860681 0.5904761904761905 0.6142414860681115 0.5916666666666667 0.6099071207430341 0.6 0.6092879256965944 0.6023809523809524 0.6092879256965944 0.6369047619047619 0.6241486068111455 0.7202380952380952 0.6291021671826625 0.7416666666666667 0.6340557275541796 0.7571428571428571 0.6396284829721363 0.7702380952380953 0.6439628482972136 0.7797619047619048 0.6526315789473685 0.7797619047619048 0.6823529411764706 0.7702380952380953 0.6829721362229102 0.7690476190476191 0.6829721362229102 0.7142857142857143 0.6681114551083591 0.6 0.6625386996904025 0.5904761904761905 0.6198142414860681 0.5904761904761905 
20 0.595046439628483 0.5904761904761905 0.5845201238390093 0.6 0.5795665634674922 0.6095238095238096 0.5795665634674922 0.6130952380952381 0.5801857585139318 0.6464285714285715 0.5993808049535604 0.7321428571428571 0.6142414860681115 0.7607142857142857 0.6278637770897832 0.7607142857142857 0.628482972136223 0.7595238095238095 0.628482972136223 0.6952380952380952 0.6185758513931888 0.6297619047619047 0.6136222910216719 0.6011904761904762 0.6086687306501548 0.5904761904761905 0.595046439628483 0.5904761904761905 
21 0.5746130030959752 0.5904761904761905 0.5696594427244582 0.6 0.5653250773993808 0.6095238095238096 0.5647058823529412 0.611904761904762 0.5647058823529412 0.6464285714285715 0.5696594427244582 0.7214285714285714 0.5746130030959752 0.7607142857142857 0.5795665634674922 0.7702380952380953 0.5888544891640867 0.7702380952380953 0.5938080495356037 0.7511904761904762 0.5987616099071208 0.7130952380952381 0.5987616099071208 0.6666666666666666 0.5938080495356037 0.5916666666666667 0.5931888544891641 0.5904761904761905 0.5746130030959752 0.5904761904761905 
22 0.5504643962848297 0.580952380952381 0.544891640866873 0.5916666666666667 0.544891640866873 0.7595238095238095 0.5498452012383901 0.7797619047619048 0.5578947368421052 0.7797619047619048 0.5591331269349845 0.7785714285714286 0.5640866873065016 0.7595238095238095 0.5690402476780185 0.7226190476190476 0.5690402476780185 0.5845238095238096 0.5684210526315789 0.580952380952381 0.5504643962848297 0.580952380952381 
23 0.525077399380805 0.580952380952381 0.5201238390092879 0.6666666666666666 0.5201238390092879 0.7404761904761905 0.525077399380805 0.7511904761904762 0.5393188854489164 0.7511904761904762 0.5492260061919505 0.6738095238095239 0.5492260061919505 0.594047619047619 0.5486068111455108 0.5904761904761905 0.5442724458204334 0.5821428571428572 0.5424148606811146 0.580952380952381 0.525077399380805 0.580952380952381 
24 0.5058823529411764 0.580952380952381 0.5003095975232198 0.5928571428571429 0.5003095975232198 0.625 0.5052631578947369 0.694047619047619 0.5102167182662539 0.7321428571428571 0.5151702786377709 0.7416666666666667 0.5195046439628483 0.7416666666666667 0.5244582043343653 0.7309523809523809 0.5294117647058824 0.6738095238095239 0.5294117647058824 0.5821428571428572 0.5287925696594428 0.580952380952381 0.5058823529411764 0.580952380952381 
25 0.48297213622291024 0.5904761904761905 0.48111455108359136 0.5916666666666667 0.4804953560371517 0.5964285714285714 0.4804953560371517 0.6142857142857143 0.4904024767801858 0.7130952380952381 0.49597523219814244 0.7321428571428571 0.5040247678018576 0.7321428571428571 0.5095975232198142 0.7226190476190476 0.5095975232198142 0.6857142857142857 0.5046439628482973 0.5904761904761905 0.48297213622291024 0.5904761904761905 
26 0.47058823529411764 0.5904761904761905 0.4613003095975232 0.6011904761904762 0.46068111455108357 0.6035714285714285 0.46068111455108357 0.6357142857142857 0.47058823529411764 0.7130952380952381 0.47554179566563465 0.7416666666666667 0.4804953560371517 0.75 0.48173374613003095 0.7511904761904762 0.49411764705882355 0.7511904761904762 0.49473684210526314 0.75 0.49473684210526314 0.7238095238095238 0.4848297213622291 0.6 0.47987616099071206 0.5904761904761905 0.47058823529411764 0.5904761904761905 
27 0.4458204334365325 0.580952380952381 0.44148606811145513 0.5904761904761905 0.4408668730650155 0.594047619047619 0.4408668730650155 0.6738095238095239 0.4458204334365325 0.7297619047619047 0.45077399380804956 0.7595238095238095 0.45572755417956656 0.7690476190476191 0.4569659442724458 0.7702380952380953 0.469969040247678 0.7702380952380953 0.469969040247678 0.669047619047619 0.465015479876161 0.6023809523809524 0.46439628482972134 0.6 0.4544891640866873 0.580952380952381 0.4458204334365325 0.580952380952381 
28 0.41609907120743034 0.5904761904761905 0.41114551083591333 0.6023809523809524 0.41114551083591333 0.675 0.41609907120743034 0.7130952380952381 0.4260061919504644 0.7690476190476191 0.4309597523219814 0.7880952380952381 0.43157894736842106 0.7892857142857143 0.44024767801857584 0.7892857142857143 0.4452012383900929 0.7797619047619048 0.4452012383900929 0.6095238095238096 0.43529411764705883 0.5916666666666667 0.4340557275541796 0.5904761904761905 0.41609907120743034 0.5904761904761905 
29 0.39690402476780184 0.6 0.3913312693498452 0.6095238095238096 0.3863777089783282 0.6392857142857142 0.3863777089783282 0.7785714285714286 0.38699690402476783 0.7797619047619048 0.4055727554179567 0.7797619047619048 0.4105263157894737 0.7690476190476191 0.4154798761609907 0.7404761904761905 0.42043343653250775 0.6845238095238095 0.42043343653250775 0.6702380952380952 0.4154798761609907 0.6 0.39690402476780184 0.6 
30 0.3479876160990712 0.6 0.34179566563467495 0.6095238095238096 0.3269349845201238 0.7333333333333333 0.3269349845201238 0.7571428571428571 0.3281733746130031 0.7607142857142857 0.3318885448916409 0.7690476190476191 0.33250773993808047 0.7702380952380953 0.3572755417956656 0.7797619047619048 0.37089783281733746 0.7797619047619048 0.37585139318885447 0.7702380952380953 0.38575851393188854 0.7226190476190476 0.3956656346749226 0.6464285714285715 0.3956656346749226 0.6095238095238096 0.37585139318885447 0.6 0.3479876160990712 0.6 
31 0.29721362229102166 0.580952380952381 0.29226006191950465 0.6011904761904762 0.2823529411764706 0.7011904761904761 0.2823529411764706 0.7476190476190476 0.2873065015479876 0.7511904761904762 0.3157894736842105 0.7511904761904762 0.32136222910216716 0.7416666666666667 0.33126934984520123 0.7202380952380952 0.33622291021671824 0.7023809523809523 0.3461300309597523 0.6535714285714286 0.3461300309597523 0.6 0.3411764705882353 0.5916666666666667 0.33126934984520123 0.580952380952381 0.29721362229102166 0.580952380952381 
32 0.25882352941176473 0.5904761904761905 0.25758513931888544 0.5916666666666667 0.2476780185758514 0.6095238095238096 0.23777089783281732 0.6583333333333333 0.23777089783281732 0.6845238095238095 0.25263157894736843 0.7130952380952381 0.27678018575851393 0.7130952380952381 0.28606811145510835 0.7035714285714286 0.286687306501548 0.7023809523809523 0.29659442724458207 0.675 0.29659442724458207 0.6285714285714286 0.286687306501548 0.6023809523809524 0.28606811145510835 0.6011904761904762 0.27678018575851393 0.5904761904761905 0.25882352941176473 0.5904761904761905 