1 0.28792569659442724 0.23809523809523808 0.2724458204334365 0.2488095238095238 0.26811145510835915 0.2571428571428571 0.2674922600619195 0.25952380952380955 0.2625386996904025 0.29523809523809524 0.25758513931888544 0.3333333333333333 0.25758513931888544 0.37023809523809526 0.2823529411764706 0.37976190476190474 0.29907120743034055 0.37976190476190474 0.3015479876160991 0.37857142857142856 0.3065015479876161 0.36904761904761907 0.31145510835913315 0.30238095238095236 0.31145510835913315 0.26071428571428573 0.3108359133126935 0.2571428571428571 0.3065015479876161 0.2392857142857143 0.30526315789473685 0.23809523809523808 0.28792569659442724 0.23809523809523808 
2 0.3126934984520124 0.2857142857142857 0.30712074303405573 0.29523809523809524 0.3021671826625387 0.305952380952381 0.2773993808049536 0.45476190476190476 0.2773993808049536 0.45595238095238094 0.2823529411764706 0.4642857142857143 0.30712074303405573 0.49404761904761907 0.32074303405572757 0.49404761904761907 0.3263157894736842 0.4845238095238095 0.3306501547987616 0.4654761904761905 0.33126934984520123 0.4607142857142857 0.33126934984520123 0.3047619047619048 0.3263157894736842 0.29523809523809524 0.32074303405572757 0.2857142857142857 0.3126934984520124 0.2857142857142857 
3 0.3473684210526316 0.3142857142857143 0.34674922600619196 0.31547619047619047 0.34179566563467495 0.3333333333333333 0.3269349845201238 0.4607142857142857 0.3269349845201238 0.5035714285714286 0.37089783281733746 0.5035714285714286 0.37585139318885447 0.4928571428571429 0.37585139318885447 0.45714285714285713 0.36594427244582045 0.3345238095238095 0.3609907120743034 0.3142857142857143 0.3473684210526316 0.3142857142857143 
4 0.38204334365325077 0.3047619047619048 0.3764705882352941 0.3142857142857143 0.3715170278637771 0.325 0.36656346749226004 0.3630952380952381 0.36656346749226004 0.5214285714285715 0.3721362229102167 0.5321428571428571 0.38575851393188854 0.5321428571428571 0.3956656346749226 0.5226190476190476 0.4006191950464396 0.5023809523809524 0.4006191950464396 0.3392857142857143 0.4 0.3345238095238095 0.3956656346749226 0.31547619047619047 0.39504643962848296 0.3142857142857143 0.3894736842105263 0.3047619047619048 0.38204334365325077 0.3047619047619048 
5 0.4117647058823529 0.3047619047619048 0.40619195046439627 0.3142857142857143 0.39628482972136225 0.3345238095238095 0.3913312693498452 0.5059523809523809 0.3913312693498452 0.5511904761904762 0.39690402476780184 0.5607142857142857 0.41424148606811145 0.5607142857142857 0.4154798761609907 0.5583333333333333 0.42043343653250775 0.5416666666666666 0.42538699690402476 0.5119047619047619 0.42538699690402476 0.42142857142857143 0.42043343653250775 0.3142857142857143 0.4154798761609907 0.305952380952381 0.41424148606811145 0.3047619047619048 0.4117647058823529 0.3047619047619048 
6 0.42291021671826623 0.29523809523809524 0.421671826625387 0.29642857142857143 0.41609907120743034 0.305952380952381 0.41609907120743034 0.530952380952381 0.42105263157894735 0.5607142857142857 0.43962848297213625 0.5607142857142857 0.4452012383900929 0.5511904761904762 0.4452012383900929 0.4666666666666667 0.44148606811145513 0.34285714285714286 0.44024767801857584 0.31547619047619047 0.43034055727554177 0.29642857142857143 0.42910216718266253 0.29523809523809524 0.42291021671826623 0.29523809523809524 
7 0.45077399380804956 0.3142857142857143 0.4458204334365325 0.3333333333333333 0.4371517027863777 0.5428571428571428 0.4408668730650155 0.5595238095238095 0.4421052631578947 0.5607142857142857 0.4569659442724458 0.5702380952380952 0.45944272445820433 0.5702380952380952 0.469969040247678 0.5607142857142857 0.469969040247678 0.36428571428571427 0.45944272445820433 0.3238095238095238 0.4544891640866873 0.3142857142857143 0.45077399380804956 0.3142857142857143 
8 0.4712074303405573 0.3238095238095238 0.47058823529411764 0.325 0.46563467492260063 0.3523809523809524 0.46563467492260063 0.5702380952380952 0.49473684210526314 0.5702380952380952 0.4996904024767802 0.5595238095238095 0.4996904024767802 0.4380952380952381 0.49473684210526314 0.38095238095238093 0.48978328173374613 0.34285714285714286 0.4848297213622291 0.325 0.4842105263157895 0.3238095238095238 0.4712074303405573 0.3238095238095238 
9 0.525077399380805 0.3142857142857143 0.5151702786377709 0.3238095238095238 0.5052631578947369 0.34523809523809523 0.5003095975232198 0.36428571428571427 0.4953560371517028 0.42023809523809524 0.4953560371517028 0.5607142857142857 0.5244582043343653 0.5607142857142857 0.5294117647058824 0.55 0.5294117647058824 0.3142857142857143 0.525077399380805 0.3142857142857143 
10 0.5405572755417957 0.3333333333333333 0.534984520123839 0.34285714285714286 0.5256965944272446 0.3619047619047619 0.525077399380805 0.3678571428571429 0.5201238390092879 0.5428571428571428 0.5201238390092879 0.5511904761904762 0.525077399380805 0.5607142857142857 0.5306501547987617 0.5702380952380952 0.5591331269349845 0.5702380952380952 0.5591331269349845 0.5333333333333333 0.5492260061919505 0.3333333333333333 0.5405572755417957 0.3333333333333333 
11 0.5653250773993808 0.2761904761904762 0.5647058823529412 0.27976190476190477 0.5547987616099072 0.35595238095238096 0.5498452012383901 0.43214285714285716 0.5498452012383901 0.4523809523809524 0.5547987616099072 0.5595238095238095 0.5597523219814241 0.569047619047619 0.5622291021671827 0.5702380952380952 0.5739938080495356 0.5702380952380952 0.578328173374613 0.5607142857142857 0.5789473684210527 0.5583333333333333 0.5938080495356037 0.4083333333333333 0.5938080495356037 0.3523809523809524 0.5888544891640867 0.305952380952381 0.58328173374613 0.2857142857142857 0.5789473684210527 0.2773809523809524 0.5770897832817338 0.2761904761904762 0.5653250773993808 0.2761904761904762 
12 0.590092879256966 0.29523809523809524 0.5845201238390093 0.3047619047619048 0.5746130030959752 0.47023809523809523 0.5746130030959752 0.5392857142857143 0.5801857585139318 0.5702380952380952 0.5845201238390093 0.5785714285714286 0.5888544891640867 0.5797619047619048 0.5925696594427244 0.5797619047619048 0.5987616099071208 0.5702380952380952 0.6086687306501548 0.5511904761904762 0.6086687306501548 0.3238095238095238 0.5987616099071208 0.29523809523809524 0.590092879256966 0.29523809523809524 
13 0.6092879256965944 0.3047619047619048 0.6043343653250774 0.31547619047619047 0.5944272445820433 0.49523809523809526 0.5944272445820433 0.5083333333333333 0.595046439628483 0.5107142857142857 0.5993808049535604 0.5226190476190476 0.6142414860681115 0.5595238095238095 0.614860681114551 0.5607142857142857 0.6334365325077399 0.5607142857142857 0.638390092879257 0.55 0.638390092879257 0.3726190476190476 0.6185758513931888 0.3142857142857143 0.6136222910216719 0.3047619047619048 0.6092879256965944 0.3047619047619048 
14 0.6439628482972136 0.29523809523809524 0.6396284829721363 0.3047619047619048 0.6390092879256966 0.30952380952380953 0.6340557275541796 0.3619047619047619 0.6241486068111455 0.4773809523809524 0.6241486068111455 0.48333333333333334 0.6340557275541796 0.5392857142857143 0.6346749226006192 0.5416666666666666 0.6445820433436532 0.5511904761904762 0.6526315789473685 0.5511904761904762 0.6674922600619195 0.5416666666666666 0.6724458204334365 0.5321428571428571 0.6730650154798762 0.5285714285714286 0.6730650154798762 0.4392857142857143 0.6631578947368421 0.3238095238095238 0.6582043343653251 0.305952380952381 0.653250773993808 0.29523809523809524 0.6439628482972136 0.29523809523809524 
15 0.6786377708978328 0.2571428571428571 0.6736842105263158 0.26785714285714285 0.6687306501547987 0.3523809523809524 0.6687306501547987 0.4928571428571429 0.6736842105263158 0.5035714285714286 0.7077399380804954 0.5035714285714286 0.7170278637770898 0.49404761904761907 0.7226006191950465 0.4845238095238095 0.7226006191950465 0.44761904761904764 0.7077399380804954 0.31547619047619047 0.7021671826625387 0.29642857142857143 0.6978328173374613 0.2857142857142857 0.6829721362229102 0.2571428571428571 0.6786377708978328 0.2571428571428571 
16 0.713312693498452 0.2571428571428571 0.708359133126935 0.26785714285714285 0.7034055727554179 0.2869047619047619 0.7034055727554179 0.3892857142857143 0.708359133126935 0.39880952380952384 0.7269349845201238 0.39880952380952384 0.7517027863777089 0.37976190476190474 0.7523219814241486 0.37857142857142856 0.7523219814241486 0.31547619047619047 0.7473684210526316 0.305952380952381 0.7176470588235294 0.2571428571428571 0.713312693498452 0.2571428571428571 
17 0.7486068111455109 0.5142857142857142 0.7238390092879257 0.5523809523809524 0.718266253869969 0.5619047619047619 0.713312693498452 0.580952380952381 0.713312693498452 0.5988095238095238 0.718266253869969 0.6178571428571429 0.7238390092879257 0.6273809523809524 0.7486068111455109 0.6642857142857143 0.74984520123839 0.6654761904761904 0.7721362229102167 0.6654761904761904 0.7919504643962848 0.6273809523809524 0.7919504643962848 0.6023809523809524 0.7913312693498452 0.6 0.7671826625386997 0.5238095238095238 0.7622291021671826 0.5142857142857142 0.7486068111455109 0.5142857142857142 
18 0.6922600619195046 0.5238095238095238 0.6588235294117647 0.5333333333333333 0.6588235294117647 0.5607142857142857 0.6637770897832818 0.5892857142857143 0.6736842105263158 0.6369047619047619 0.6885448916408669 0.694047619047619 0.6934984520123839 0.7119047619047619 0.698452012383901 0.7226190476190476 0.7226006191950465 0.7226190476190476 0.7331269349845201 0.7130952380952381 0.7424148606811145 0.7035714285714286 0.7424148606811145 0.6857142857142857 0.7226006191950465 0.544047619047619 0.7176470588235294 0.5333333333333333 0.7120743034055728 0.5238095238095238 0.6922600619195046 0.5238095238095238 
19 0.6396284829721363 0.5428571428571428 0.6191950464396285 0.5523809523809524 0.6191950464396285 0.6071428571428571 0.6291021671826625 0.6928571428571428 0.6439628482972136 0.7309523809523809 0.6489164086687307 0.7416666666666667 0.6544891640866873 0.7511904761904762 0.6582043343653251 0.7511904761904762 0.6879256965944273 0.7416666666666667 0.6879256965944273 0.6964285714285714 0.6681114551083591 0.555952380952381 0.6631578947368421 0.5428571428571428 0.6396284829721363 0.5428571428571428 
20 0.5956656346749226 0.5619047619047619 0.5944272445820433 0.5630952380952381 0.5894736842105263 0.5726190476190476 0.5894736842105263 0.6440476190476191 0.6043343653250774 0.7416666666666667 0.6241486068111455 0.7880952380952381 0.6260061919504644 0.7892857142857143 0.6359133126934985 0.7892857142857143 0.6377708978328174 0.7880952380952381 0.638390092879257 0.7857142857142857 0.638390092879257 0.7238095238095238 0.628482972136223 0.6071428571428571 0.6235294117647059 0.5714285714285714 0.6185758513931888 0.5619047619047619 0.5956656346749226 0.5619047619047619 
21 0.5746130030959752 0.5619047619047619 0.5696594427244582 0.5714285714285714 0.5653250773993808 0.580952380952381 0.5647058823529412 0.5833333333333334 0.5647058823529412 0.694047619047619 0.5746130030959752 0.7416666666666667 0.5851393188854489 0.7797619047619048 0.5894736842105263 0.7892857142857143 0.6030959752321982 0.7892857142857143 0.6037151702786377 0.7869047619047619 0.6037151702786377 0.7285714285714285 0.5987616099071208 0.638095238095238 0.5938080495356037 0.5714285714285714 0.5882352941176471 0.5630952380952381 0.5857585139318885 0.5619047619047619 0.5746130030959752 0.5619047619047619 
22 0.5547987616099072 0.5714285714285714 0.5498452012383901 0.5821428571428572 0.5399380804953561 0.6190476190476191 0.534984520123839 0.6785714285714286 0.534984520123839 0.7130952380952381 0.544891640866873 0.7797619047619048 0.5554179566563467 0.7892857142857143 0.5684210526315789 0.7892857142857143 0.5690402476780185 0.7869047619047619 0.5690402476780185 0.575 0.5678018575851393 0.5714285714285714 0.5547987616099072 0.5714285714285714 
23 0.5263157894736842 0.580952380952381 0.525077399380805 0.5821428571428572 0.525077399380805 0.7416666666666667 0.5337461300309597 0.7416666666666667 0.5393188854489164 0.7321428571428571 0.5442724458204334 0.7226190476190476 0.5492260061919505 0.6273809523809524 0.5492260061919505 0.5904761904761905 0.5442724458204334 0.580952380952381 0.5263157894736842 0.580952380952381 
24 0.5052631578947369 0.580952380952381 0.5052631578947369 0.6904761904761905 0.5102167182662539 0.7119047619047619 0.5151702786377709 0.7321428571428571 0.525077399380805 0.75 0.5263157894736842 0.7511904761904762 0.5294117647058824 0.7511904761904762 0.5294117647058824 0.580952380952381 0.5052631578947369 0.580952380952381 
25 0.4854489164086687 0.580952380952381 0.4854489164086687 0.675 0.4904024767801858 0.7392857142857143 0.491640866873065 0.7416666666666667 0.5095975232198142 0.7416666666666667 0.5095975232198142 0.594047619047619 0.5089783281733746 0.580952380952381 0.4854489164086687 0.580952380952381 
26 0.47554179566563465 0.5619047619047619 0.46563467492260063 0.5726190476190476 0.46563467492260063 0.6357142857142857 0.47058823529411764 0.7130952380952381 0.4761609907120743 0.7321428571428571 0.4804953560371517 0.7416666666666667 0.48978328173374613 0.7416666666666667 0.49473684210526314 0.7119047619047619 0.49473684210526314 0.6666666666666666 0.48978328173374613 0.5738095238095238 0.4891640866873065 0.5714285714285714 0.4842105263157895 0.5619047619047619 0.47554179566563465 0.5619047619047619 
27 0.4458204334365325 0.5714285714285714 0.4458204334365325 0.7607142857142857 0.45139318885448915 0.7702380952380953 0.460061919504644 0.7702380952380953 0.4693498452012384 0.7511904761904762 0.47492260061919506 0.7345238095238096 0.47492260061919506 0.6285714285714286 0.469969040247678 0.580952380952381 0.465015479876161 0.5714285714285714 0.4458204334365325 0.5714285714285714 
28 0.4260061919504644 0.5619047619047619 0.42105263157894735 0.5726190476190476 0.41609907120743034 0.6666666666666666 0.41114551083591333 0.7654761904761904 0.41114551083591333 0.7892857142857143 0.4179566563467492 0.7892857142857143 0.43034055727554177 0.7607142857142857 0.44024767801857584 0.7226190476190476 0.4452012383900929 0.7023809523809523 0.4501547987616099 0.6369047619047619 0.4501547987616099 0.5821428571428572 0.4452012383900929 0.5714285714285714 0.44024767801857584 0.5630952380952381 0.4390092879256966 0.5619047619047619 0.4260061919504644 0.5619047619047619 
29 0.4068111455108359 0.5523809523809524 0.3975232198142415 0.5619047619047619 0.39628482972136225 0.5642857142857143 0.39195046439628484 0.5904761904761905 0.3913312693498452 0.6 0.3863777089783282 0.6857142857142857 0.3863777089783282 0.7797619047619048 0.3956656346749226 0.7797619047619048 0.4006191950464396 0.7690476190476191 0.42043343653250775 0.6464285714285715 0.42538699690402476 0.6083333333333333 0.42538699690402476 0.5773809523809523 0.4247678018575851 0.5726190476190476 0.42043343653250775 0.5523809523809524 0.4068111455108359 0.5523809523809524 
30 0.3622291021671827 0.5238095238095238 0.35170278637770896 0.5333333333333333 0.34674922600619196 0.5535714285714286 0.3238390092879257 0.7047619047619048 0.32260061919504646 0.7142857142857143 0.32260061919504646 0.719047619047619 0.32445820433436534 0.7226190476190476 0.356656346749226 0.7416666666666667 0.3609907120743034 0.7416666666666667 0.37089783281733746 0.7321428571428571 0.38575851393188854 0.7023809523809523 0.3907120743034056 0.6833333333333333 0.4055727554179567 0.569047619047619 0.4055727554179567 0.555952380952381 0.40495356037151703 0.5523809523809524 0.3956656346749226 0.5333333333333333 0.37956656346749224 0.5238095238095238 0.3622291021671827 0.5238095238095238 
31 0.3126934984520124 0.49523809523809526 0.30712074303405573 0.5047619047619047 0.29721362229102166 0.5238095238095238 0.2873065015479876 0.6571428571428571 0.2873065015479876 0.6928571428571428 0.28792569659442724 0.694047619047619 0.2978328173374613 0.7035714285714286 0.32074303405572757 0.7035714285714286 0.3263157894736842 0.694047619047619 0.3510835913312694 0.5988095238095238 0.3609907120743034 0.5416666666666666 0.3609907120743034 0.5154761904761904 0.35975232198142415 0.5142857142857142 0.3256965944272446 0.49523809523809526 0.3126934984520124 0.49523809523809526 
32 0.25882352941176473 0.4857142857142857 0.25758513931888544 0.4869047619047619 0.25263157894736843 0.49642857142857144 0.243343653250774 0.5238095238095238 0.22786377708978328 0.5714285714285714 0.22786377708978328 0.5892857142857143 0.25263157894736843 0.6547619047619048 0.2532507739938081 0.655952380952381 0.2613003095975232 0.655952380952381 0.30092879256965943 0.5988095238095238 0.3015479876160991 0.5976190476190476 0.3015479876160991 0.5261904761904762 0.30092879256965943 0.5238095238095238 0.29659442724458207 0.5142857142857142 0.286687306501548 0.49523809523809526 0.2712074303405573 0.4857142857142857 0.25882352941176473 0.4857142857142857 