2 0.26811145510835915 0.3238095238095238 0.2674922600619195 0.325 0.2625386996904025 0.34404761904761905 0.24272445820433436 0.4988095238095238 0.24272445820433436 0.5511904761904762 0.248297213622291 0.5607142857142857 0.29659442724458207 0.5607142857142857 0.29659442724458207 0.4595238095238095 0.291640866873065 0.34404761904761905 0.286687306501548 0.3238095238095238 0.26811145510835915 0.3238095238095238 
3 0.3077399380804954 0.3523809523809524 0.29721362229102166 0.3726190476190476 0.29226006191950465 0.49642857142857144 0.29226006191950465 0.55 0.29721362229102166 0.5595238095238095 0.29845201238390096 0.5607142857142857 0.32755417956656346 0.5702380952380952 0.33622291021671824 0.5702380952380952 0.3461300309597523 0.5607142857142857 0.3461300309597523 0.5047619047619047 0.33622291021671824 0.41309523809523807 0.33126934984520123 0.3821428571428571 0.3263157894736842 0.3619047619047619 0.32136222910216716 0.3523809523809524 0.3077399380804954 0.3523809523809524 
4 0.34241486068111454 0.3619047619047619 0.34179566563467495 0.36547619047619045 0.34179566563467495 0.5595238095238095 0.34674922600619196 0.569047619047619 0.3479876160990712 0.5702380952380952 0.3653250773993808 0.5702380952380952 0.37585139318885447 0.5595238095238095 0.37585139318885447 0.49523809523809526 0.37089783281733746 0.430952380952381 0.36594427244582045 0.39404761904761904 0.3653250773993808 0.3904761904761905 0.3560371517027864 0.3619047619047619 0.34241486068111454 0.3619047619047619 
5 0.3876160990712074 0.38095238095238093 0.3814241486068111 0.3821428571428571 0.3764705882352941 0.39285714285714285 0.3715170278637771 0.4869047619047619 0.3715170278637771 0.5678571428571428 0.3721362229102167 0.5702380952380952 0.3826625386996904 0.5797619047619048 0.3938080495356037 0.5797619047619048 0.3956656346749226 0.5785714285714286 0.4037151702786378 0.5702380952380952 0.4055727554179567 0.5678571428571428 0.4105263157894737 0.5607142857142857 0.4105263157894737 0.4976190476190476 0.4055727554179567 0.4107142857142857 0.4006191950464396 0.39166666666666666 0.39504643962848296 0.38095238095238093 0.3876160990712074 0.38095238095238093 
6 0.4018575851393189 0.3238095238095238 0.40123839009287926 0.3261904761904762 0.40123839009287926 0.5 0.40619195046439627 0.5595238095238095 0.41114551083591333 0.5702380952380952 0.42538699690402476 0.5702380952380952 0.43529411764705883 0.5511904761904762 0.44024767801857584 0.5404761904761904 0.44024767801857584 0.5047619047619047 0.43034055727554177 0.4 0.42538699690402476 0.3738095238095238 0.42043343653250775 0.3523809523809524 0.4154798761609907 0.3333333333333333 0.40990712074303404 0.3238095238095238 0.4018575851393189 0.3238095238095238 
7 0.4359133126934985 0.3523809523809524 0.4309597523219814 0.49523809523809526 0.43157894736842106 0.5035714285714286 0.4359133126934985 0.5511904761904762 0.469969040247678 0.5511904761904762 0.469969040247678 0.5238095238095238 0.460061919504644 0.4011904761904762 0.44953560371517026 0.3619047619047619 0.4452012383900929 0.3523809523809524 0.4359133126934985 0.3523809523809524 
8 0.4662538699690402 0.3333333333333333 0.46563467492260063 0.33690476190476193 0.46068111455108357 0.4380952380952381 0.46068111455108357 0.5321428571428571 0.46563467492260063 0.5511904761904762 0.47058823529411764 0.5607142857142857 0.486687306501548 0.5607142857142857 0.48978328173374613 0.5595238095238095 0.4996904024767802 0.5511904761904762 0.4996904024767802 0.4869047619047619 0.4848297213622291 0.3523809523809524 0.4792569659442725 0.3333333333333333 0.4662538699690402 0.3333333333333333 
9 0.5065015479876162 0.34285714285714286 0.5052631578947369 0.34404761904761905 0.5003095975232198 0.3630952380952381 0.4953560371517028 0.4 0.4953560371517028 0.5416666666666666 0.5003095975232198 0.5607142857142857 0.5281733746130031 0.5607142857142857 0.5343653250773994 0.5511904761904762 0.5343653250773994 0.46785714285714286 0.5294117647058824 0.4 0.5244582043343653 0.34285714285714286 0.5065015479876162 0.34285714285714286 
10 0.541795665634675 0.3523809523809524 0.5405572755417957 0.3535714285714286 0.5356037151702786 0.3619047619047619 0.534984520123839 0.3630952380952381 0.530030959752322 0.4023809523809524 0.525077399380805 0.45714285714285713 0.525077399380805 0.4714285714285714 0.530030959752322 0.5607142857142857 0.5585139318885449 0.5607142857142857 0.5591331269349845 0.5595238095238095 0.5591331269349845 0.38333333333333336 0.5541795665634675 0.3547619047619048 0.5529411764705883 0.3535714285714286 0.5510835913312694 0.3523809523809524 0.541795665634675 0.3523809523809524 
11 0.5752321981424149 0.3333333333333333 0.5696594427244582 0.34404761904761905 0.5647058823529412 0.3619047619047619 0.5597523219814241 0.4119047619047619 0.5547987616099072 0.47023809523809523 0.5547987616099072 0.5488095238095239 0.5554179566563467 0.5511904761904762 0.5647058823529412 0.5797619047619048 0.578328173374613 0.5797619047619048 0.5888544891640867 0.569047619047619 0.5938080495356037 0.5583333333333333 0.5938080495356037 0.3726190476190476 0.5888544891640867 0.3333333333333333 0.5752321981424149 0.3333333333333333 
12 0.604953560371517 0.3333333333333333 0.5993808049535604 0.34285714285714286 0.5944272445820433 0.3535714285714286 0.5894736842105263 0.3904761904761905 0.5894736842105263 0.5595238095238095 0.5944272445820433 0.5761904761904761 0.5993808049535604 0.5797619047619048 0.6130030959752322 0.5797619047619048 0.6185758513931888 0.5702380952380952 0.6235294117647059 0.5607142857142857 0.628482972136223 0.4297619047619048 0.628482972136223 0.37142857142857144 0.6235294117647059 0.3535714285714286 0.6136222910216719 0.3345238095238095 0.6123839009287926 0.3333333333333333 0.604953560371517 0.3333333333333333 
13 0.6291021671826625 0.3238095238095238 0.6191950464396285 0.34404761904761905 0.6142414860681115 0.5535714285714286 0.6142414860681115 0.569047619047619 0.6303405572755418 0.5797619047619048 0.6476780185758514 0.5797619047619048 0.653250773993808 0.569047619047619 0.653250773993808 0.5380952380952381 0.643343653250774 0.3726190476190476 0.638390092879257 0.34285714285714286 0.6334365325077399 0.3261904761904762 0.6321981424148607 0.3238095238095238 0.6291021671826625 0.3238095238095238 
14 0.679876160990712 0.3523809523809524 0.6786377708978328 0.3535714285714286 0.6687306501547987 0.37142857142857144 0.6637770897832818 0.38095238095238093 0.6538699690402476 0.4095238095238095 0.6439628482972136 0.4869047619047619 0.6439628482972136 0.5416666666666666 0.6489164086687307 0.5595238095238095 0.6495356037151703 0.5607142857142857 0.6786377708978328 0.5702380952380952 0.6928792569659443 0.5702380952380952 0.7027863777089783 0.5511904761904762 0.7027863777089783 0.5083333333333333 0.6928792569659443 0.3630952380952381 0.6873065015479877 0.3523809523809524 0.679876160990712 0.3523809523809524 
15 0.708359133126935 0.34285714285714286 0.698452012383901 0.37142857142857144 0.6934984520123839 0.39166666666666666 0.6934984520123839 0.513095238095238 0.698452012383901 0.5404761904761904 0.7040247678018576 0.5511904761904762 0.713312693498452 0.5607142857142857 0.7226006191950465 0.5607142857142857 0.7417956656346749 0.5511904761904762 0.7517027863777089 0.5416666666666666 0.7523219814241486 0.5392857142857143 0.7523219814241486 0.4869047619047619 0.7374613003095976 0.3821428571428571 0.7325077399380805 0.3630952380952381 0.7226006191950465 0.34404761904761905 0.7207430340557276 0.34285714285714286 0.708359133126935 0.34285714285714286 
18 0.718266253869969 0.5428571428571428 0.6910216718266254 0.5523809523809524 0.6736842105263158 0.5619047619047619 0.6736842105263158 0.5988095238095238 0.6934984520123839 0.6845238095238095 0.7034055727554179 0.7130952380952381 0.7095975232198143 0.7285714285714285 0.718266253869969 0.7416666666666667 0.7306501547987616 0.7416666666666667 0.7461300309597523 0.7321428571428571 0.7473684210526316 0.7309523809523809 0.7473684210526316 0.6761904761904762 0.7374613003095976 0.5654761904761905 0.7368421052631579 0.5619047619047619 0.7325077399380805 0.5523809523809524 0.7226006191950465 0.544047619047619 0.7207430340557276 0.5428571428571428 0.718266253869969 0.5428571428571428 
19 0.6495356037151703 0.5619047619047619 0.6198142414860681 0.5726190476190476 0.614860681114551 0.580952380952381 0.6142414860681115 0.5845238095238096 0.6142414860681115 0.6083333333333333 0.6291021671826625 0.6845238095238095 0.6489164086687307 0.7511904761904762 0.6538699690402476 0.7595238095238095 0.6557275541795665 0.7607142857142857 0.6674922600619195 0.7607142857142857 0.6972136222910217 0.7416666666666667 0.6978328173374613 0.7404761904761905 0.6978328173374613 0.6952380952380952 0.6829721362229102 0.5916666666666667 0.6780185758513931 0.5619047619047619 0.6495356037151703 0.5619047619047619 
20 0.595046439628483 0.5714285714285714 0.5894736842105263 0.580952380952381 0.5894736842105263 0.625 0.6092879256965944 0.7488095238095238 0.6142414860681115 0.7690476190476191 0.6191950464396285 0.7785714285714286 0.6204334365325077 0.7797619047619048 0.6309597523219814 0.7797619047619048 0.6328173374613003 0.7785714285714286 0.6334365325077399 0.775 0.6334365325077399 0.6297619047619047 0.628482972136223 0.5714285714285714 0.595046439628483 0.5714285714285714 
21 0.5777089783281734 0.5619047619047619 0.5647058823529412 0.5714285714285714 0.5647058823529412 0.6273809523809524 0.5696594427244582 0.7285714285714285 0.5746130030959752 0.7607142857142857 0.5795665634674922 0.7797619047619048 0.5938080495356037 0.7797619047619048 0.6037151702786377 0.5785714285714286 0.6037151702786377 0.5714285714285714 0.5938080495356037 0.5619047619047619 0.5777089783281734 0.5619047619047619 
22 0.5510835913312694 0.5523809523809524 0.5498452012383901 0.5535714285714286 0.5405572755417957 0.5714285714285714 0.5356037151702786 0.6 0.534984520123839 0.6059523809523809 0.534984520123839 0.6845238095238095 0.5399380804953561 0.7880952380952381 0.5498452012383901 0.8071428571428572 0.5510835913312694 0.8083333333333333 0.5591331269349845 0.8083333333333333 0.5640866873065016 0.7988095238095239 0.5739938080495356 0.6535714285714286 0.5739938080495356 0.5714285714285714 0.5690402476780185 0.5619047619047619 0.5640866873065016 0.5535714285714286 0.5628482972136223 0.5523809523809524 0.5510835913312694 0.5523809523809524 
23 0.5157894736842106 0.5619047619047619 0.5151702786377709 0.5630952380952381 0.5151702786377709 0.7416666666666667 0.5238390092879257 0.7416666666666667 0.5294117647058824 0.7226190476190476 0.5343653250773994 0.7035714285714286 0.5393188854489164 0.675 0.5442724458204334 0.6083333333333333 0.5442724458204334 0.5642857142857143 0.5436532507739938 0.5619047619047619 0.5157894736842106 0.5619047619047619 
24 0.49597523219814244 0.5619047619047619 0.4953560371517028 0.5630952380952381 0.4953560371517028 0.6261904761904762 0.5003095975232198 0.7202380952380952 0.5009287925696595 0.7226190476190476 0.5058823529411764 0.7321428571428571 0.5145510835913313 0.7321428571428571 0.5195046439628483 0.6738095238095239 0.5195046439628483 0.5619047619047619 0.49597523219814244 0.5619047619047619 
25 0.4761609907120743 0.5619047619047619 0.47554179566563465 0.5678571428571428 0.47554179566563465 0.5892857142857143 0.4804953560371517 0.6845238095238095 0.48606811145510836 0.7321428571428571 0.4904024767801858 0.7404761904761905 0.491640866873065 0.7416666666666667 0.49473684210526314 0.7416666666666667 0.4996904024767802 0.7309523809523809 0.4996904024767802 0.5630952380952381 0.49907120743034056 0.5619047619047619 0.4761609907120743 0.5619047619047619 
26 0.46068111455108357 0.5619047619047619 0.45572755417956656 0.5726190476190476 0.45572755417956656 0.6357142857142857 0.46068111455108357 0.7023809523809523 0.46563467492260063 0.7416666666666667 0.47058823529411764 0.75 0.4724458204334365 0.7511904761904762 0.4780185758513932 0.7511904761904762 0.47987616099071206 0.75 0.4848297213622291 0.7404761904761905 0.4848297213622291 0.7178571428571429 0.47987616099071206 0.575 0.4786377708978328 0.5714285714285714 0.47492260061919506 0.5619047619047619 0.46068111455108357 0.5619047619047619 
27 0.43653250773993807 0.5619047619047619 0.4309597523219814 0.5714285714285714 0.4309597523219814 0.6726190476190477 0.4359133126934985 0.7214285714285714 0.4408668730650155 0.7583333333333333 0.4458204334365325 0.7892857142857143 0.4551083591331269 0.7892857142857143 0.460061919504644 0.7797619047619048 0.460061919504644 0.5857142857142857 0.4551083591331269 0.5619047619047619 0.43653250773993807 0.5619047619047619 
28 0.40619195046439627 0.5619047619047619 0.39628482972136225 0.580952380952381 0.39628482972136225 0.6154761904761905 0.41114551083591333 0.7321428571428571 0.41609907120743034 0.75 0.4173374613003096 0.7511904761904762 0.43034055727554177 0.7511904761904762 0.43529411764705883 0.694047619047619 0.43529411764705883 0.5738095238095238 0.4346749226006192 0.5714285714285714 0.43034055727554177 0.5630952380952381 0.42910216718266253 0.5619047619047619 0.40619195046439627 0.5619047619047619 
29 0.3715170278637771 0.5714285714285714 0.36160990712074303 0.5821428571428572 0.36160990712074303 0.6142857142857143 0.3715170278637771 0.7797619047619048 0.3851393188854489 0.7797619047619048 0.3907120743034056 0.7690476190476191 0.3956656346749226 0.75 0.4006191950464396 0.6821428571428572 0.4055727554179567 0.5869047619047619 0.4055727554179567 0.5714285714285714 0.3715170278637771 0.5714285714285714 
30 0.3176470588235294 0.5619047619047619 0.31207430340557274 0.5714285714285714 0.3021671826625387 0.7178571428571429 0.3021671826625387 0.7285714285714285 0.3027863777089783 0.7321428571428571 0.3368421052631579 0.7511904761904762 0.3461300309597523 0.7511904761904762 0.3560371517027864 0.7321428571428571 0.37089783281733746 0.6369047619047619 0.37585139318885447 0.5892857142857143 0.37585139318885447 0.575 0.3752321981424149 0.5714285714285714 0.37089783281733746 0.5619047619047619 0.3176470588235294 0.5619047619047619 
31 0.2674922600619195 0.5523809523809524 0.2631578947368421 0.569047619047619 0.2625386996904025 0.5726190476190476 0.25263157894736843 0.6761904761904762 0.25263157894736843 0.7309523809523809 0.25386996904024767 0.7321428571428571 0.28606811145510835 0.7321428571428571 0.291640866873065 0.7214285714285714 0.31640866873065016 0.6166666666666667 0.31640866873065016 0.5714285714285714 0.3108359133126935 0.5630952380952381 0.30959752321981426 0.5619047619047619 0.29102167182662536 0.5523809523809524 0.2674922600619195 0.5523809523809524 