5 0.41114551083591333 0.3619047619047619 0.41114551083591333 0.5023809523809524 0.41609907120743034 0.530952380952381 0.421671826625387 0.5416666666666666 0.4452012383900929 0.5416666666666666 0.4452012383900929 0.49523809523809526 0.4247678018575851 0.37142857142857144 0.42043343653250775 0.3630952380952381 0.41857585139318887 0.3619047619047619 0.41114551083591333 0.3619047619047619 
6 0.4260061919504644 0.3047619047619048 0.4260061919504644 0.4452380952380952 0.4309597523219814 0.49404761904761907 0.4408668730650155 0.530952380952381 0.4421052631578947 0.5321428571428571 0.4551083591331269 0.5321428571428571 0.460061919504644 0.5226190476190476 0.465015479876161 0.5119047619047619 0.465015479876161 0.4857142857142857 0.460061919504644 0.42142857142857143 0.4551083591331269 0.39166666666666666 0.4452012383900929 0.3345238095238095 0.4346749226006192 0.3047619047619048 0.4260061919504644 0.3047619047619048 
9 0.5157894736842106 0.34285714285714286 0.5151702786377709 0.3464285714285714 0.5058823529411764 0.42857142857142855 0.5003095975232198 0.49523809523809526 0.5003095975232198 0.5416666666666666 0.5238390092879257 0.5416666666666666 0.5343653250773994 0.5321428571428571 0.5343653250773994 0.4666666666666667 0.5294117647058824 0.34404761904761905 0.5287925696594428 0.34285714285714286 0.5157894736842106 0.34285714285714286 
10 0.5306501547987617 0.38095238095238093 0.525077399380805 0.4 0.525077399380805 0.5404761904761904 0.5263157894736842 0.5416666666666666 0.5492260061919505 0.5416666666666666 0.5492260061919505 0.44047619047619047 0.5442724458204334 0.38095238095238093 0.5306501547987617 0.38095238095238093 
12 0.6198142414860681 0.4 0.6099071207430341 0.41904761904761906 0.6043343653250774 0.4380952380952381 0.5795665634674922 0.5238095238095238 0.5795665634674922 0.5595238095238095 0.5845201238390093 0.5702380952380952 0.6185758513931888 0.5702380952380952 0.6235294117647059 0.5416666666666666 0.6235294117647059 0.4 0.6198142414860681 0.4 
22 0.5374613003095975 0.5619047619047619 0.5356037151702786 0.5642857142857143 0.525077399380805 0.5916666666666667 0.525077399380805 0.7214285714285714 0.530030959752322 0.7595238095238095 0.5312693498452012 0.7607142857142857 0.5486068111455108 0.7607142857142857 0.5492260061919505 0.7595238095238095 0.5541795665634675 0.7 0.5541795665634675 0.5619047619047619 0.5374613003095975 0.5619047619047619 
23 0.5077399380804953 0.5523809523809524 0.5052631578947369 0.5535714285714286 0.5052631578947369 0.6083333333333333 0.5058823529411764 0.6369047619047619 0.5102167182662539 0.7035714285714286 0.5151702786377709 0.7214285714285714 0.5164086687306502 0.7226190476190476 0.5238390092879257 0.7226190476190476 0.5244582043343653 0.7214285714285714 0.5294117647058824 0.6833333333333333 0.5294117647058824 0.5535714285714286 0.5256965944272446 0.5523809523809524 0.5077399380804953 0.5523809523809524 
24 0.4904024767801858 0.5619047619047619 0.4904024767801858 0.6273809523809524 0.4953560371517028 0.6833333333333333 0.5009287925696595 0.694047619047619 0.5095975232198142 0.694047619047619 0.5095975232198142 0.5642857142857143 0.5089783281733746 0.5630952380952381 0.5077399380804953 0.5619047619047619 0.4904024767801858 0.5619047619047619 
25 0.47554179566563465 0.5619047619047619 0.47058823529411764 0.6726190476190477 0.47058823529411764 0.7035714285714286 0.47554179566563465 0.7119047619047619 0.47678018575851394 0.7130952380952381 0.4848297213622291 0.7130952380952381 0.4891640866873065 0.7035714285714286 0.48978328173374613 0.7011904761904761 0.49473684210526314 0.675 0.49473684210526314 0.5630952380952381 0.4934984520123839 0.5619047619047619 0.47554179566563465 0.5619047619047619 
26 0.46068111455108357 0.5619047619047619 0.4563467492260062 0.6 0.45572755417956656 0.6059523809523809 0.45572755417956656 0.6369047619047619 0.46068111455108357 0.6928571428571428 0.46191950464396286 0.694047619047619 0.47306501547987617 0.694047619047619 0.47492260061919506 0.6928571428571428 0.47987616099071206 0.6773809523809524 0.47987616099071206 0.5619047619047619 0.46068111455108357 0.5619047619047619 
27 0.44148606811145513 0.6 0.4408668730650155 0.6011904761904762 0.4359133126934985 0.6488095238095238 0.4359133126934985 0.6523809523809524 0.4408668730650155 0.7095238095238096 0.44643962848297214 0.7511904761904762 0.460061919504644 0.7511904761904762 0.460061919504644 0.6011904761904762 0.4582043343653251 0.6 0.44148606811145513 0.6 
29 0.3913312693498452 0.5523809523809524 0.3863777089783282 0.6190476190476191 0.3863777089783282 0.694047619047619 0.3913312693498452 0.7226190476190476 0.40495356037151703 0.7226190476190476 0.40990712074303404 0.7130952380952381 0.4105263157894737 0.7095238095238096 0.42538699690402476 0.6059523809523809 0.42538699690402476 0.5714285714285714 0.4148606811145511 0.5523809523809524 0.3913312693498452 0.5523809523809524 
30 0.3473684210526316 0.5619047619047619 0.34674922600619196 0.5678571428571428 0.34179566563467495 0.6309523809523809 0.34179566563467495 0.7214285714285714 0.34241486068111454 0.7226190476190476 0.35479876160990714 0.7226190476190476 0.38080495356037153 0.7130952380952381 0.3956656346749226 0.6178571428571429 0.3956656346749226 0.5630952380952381 0.39442724458204337 0.5619047619047619 0.3473684210526316 0.5619047619047619 