1 0.30835913312693497 0.3142857142857143 0.3021671826625387 0.3238095238095238 0.29721362229102166 0.3333333333333333 0.29226006191950465 0.3523809523809524 0.28792569659442724 0.37142857142857144 0.2873065015479876 0.375 0.2773993808049536 0.44761904761904764 0.2773993808049536 0.5011904761904762 0.27801857585139317 0.5035714285714286 0.2978328173374613 0.5226190476190476 0.31640866873065016 0.5226190476190476 0.32136222910216716 0.513095238095238 0.3263157894736842 0.4261904761904762 0.3263157894736842 0.34285714285714286 0.32136222910216716 0.31547619047619047 0.3201238390092879 0.3142857142857143 0.30835913312693497 0.3142857142857143 
2 0.34179566563467495 0.3333333333333333 0.32260061919504646 0.34285714285714286 0.3219814241486068 0.34404761904761905 0.3170278637770898 0.45714285714285713 0.3170278637770898 0.530952380952381 0.3219814241486068 0.5416666666666666 0.3603715170278638 0.5416666666666666 0.36594427244582045 0.5321428571428571 0.36594427244582045 0.4869047619047619 0.3609907120743034 0.36428571428571427 0.3560371517027864 0.3523809523809524 0.3455108359133127 0.3333333333333333 0.34179566563467495 0.3333333333333333 
3 0.3764705882352941 0.34285714285714286 0.36656346749226004 0.3523809523809524 0.36160990712074303 0.4095238095238095 0.36160990712074303 0.5321428571428571 0.3715170278637771 0.5511904761904762 0.38390092879256965 0.5511904761904762 0.3993808049535604 0.5416666666666666 0.4006191950464396 0.5404761904761904 0.4055727554179567 0.530952380952381 0.4055727554179567 0.4869047619047619 0.4006191950464396 0.38095238095238093 0.3956656346749226 0.3619047619047619 0.38575851393188854 0.34285714285714286 0.3764705882352941 0.34285714285714286 
4 0.4068111455108359 0.34285714285714286 0.40619195046439627 0.34404761904761905 0.40123839009287926 0.3619047619047619 0.39628482972136225 0.41309523809523807 0.39628482972136225 0.5488095238095239 0.39690402476780184 0.5511904761904762 0.4068111455108359 0.5607142857142857 0.42043343653250775 0.5607142857142857 0.4247678018575851 0.5511904761904762 0.43034055727554177 0.530952380952381 0.43034055727554177 0.49642857142857144 0.42538699690402476 0.4 0.42043343653250775 0.3523809523809524 0.4148606811145511 0.34285714285714286 0.4068111455108359 0.34285714285714286 
7 0.43653250773993807 0.3523809523809524 0.4359133126934985 0.3547619047619048 0.4260061919504644 0.41904761904761906 0.4260061919504644 0.5321428571428571 0.43157894736842106 0.5511904761904762 0.4501547987616099 0.5511904761904762 0.4551083591331269 0.5416666666666666 0.4551083591331269 0.5071428571428571 0.4501547987616099 0.3821428571428571 0.4452012383900929 0.3523809523809524 0.43653250773993807 0.3523809523809524 
8 0.4563467492260062 0.3333333333333333 0.45572755417956656 0.33690476190476193 0.45077399380804956 0.41309523809523807 0.45077399380804956 0.5607142857142857 0.45572755417956656 0.569047619047619 0.45758513931888545 0.5702380952380952 0.4786377708978328 0.5702380952380952 0.47987616099071206 0.569047619047619 0.4842105263157895 0.5607142857142857 0.4848297213622291 0.5583333333333333 0.4848297213622291 0.4869047619047619 0.47987616099071206 0.3821428571428571 0.47492260061919506 0.3523809523809524 0.4693498452012384 0.3345238095238095 0.4681114551083591 0.3333333333333333 0.4563467492260062 0.3333333333333333 
9 0.49597523219814244 0.34285714285714286 0.4904024767801858 0.36428571428571427 0.4804953560371517 0.5154761904761904 0.4804953560371517 0.5583333333333333 0.48111455108359136 0.5607142857142857 0.518266253869969 0.5607142857142857 0.5195046439628483 0.5595238095238095 0.5195046439628483 0.4488095238095238 0.5145510835913313 0.39166666666666666 0.5095975232198142 0.3619047619047619 0.5046439628482973 0.34285714285714286 0.49597523219814244 0.34285714285714286 
10 0.5151702786377709 0.3333333333333333 0.5151702786377709 0.5488095238095239 0.5201238390092879 0.5595238095238095 0.5213622291021672 0.5607142857142857 0.5318885448916408 0.5607142857142857 0.5442724458204334 0.55 0.5442724458204334 0.49642857142857144 0.5393188854489164 0.4011904761904762 0.5343653250773994 0.3738095238095238 0.5294117647058824 0.3535714285714286 0.5238390092879257 0.3333333333333333 0.5151702786377709 0.3333333333333333 
11 0.5554179566563467 0.3238095238095238 0.5498452012383901 0.3345238095238095 0.544891640866873 0.3619047619047619 0.5399380804953561 0.4857142857142857 0.5399380804953561 0.5416666666666666 0.544891640866873 0.5511904761904762 0.5560371517027863 0.5607142857142857 0.5684210526315789 0.5607142857142857 0.5739938080495356 0.5511904761904762 0.578328173374613 0.5321428571428571 0.5789473684210527 0.5273809523809524 0.5789473684210527 0.5142857142857142 0.5739938080495356 0.4023809523809524 0.5690402476780185 0.34285714285714286 0.5640866873065016 0.3238095238095238 0.5554179566563467 0.3238095238095238 
12 0.5746130030959752 0.3523809523809524 0.5696594427244582 0.3619047619047619 0.5696594427244582 0.5178571428571429 0.5702786377708978 0.5226190476190476 0.5746130030959752 0.5321428571428571 0.5795665634674922 0.5416666666666666 0.5894736842105263 0.5511904761904762 0.6018575851393189 0.5511904761904762 0.6037151702786377 0.55 0.6136222910216719 0.5214285714285715 0.6136222910216719 0.4107142857142857 0.6086687306501548 0.37142857142857144 0.6037151702786377 0.3523809523809524 0.5746130030959752 0.3523809523809524 
15 0.6241486068111455 0.3238095238095238 0.614860681114551 0.34285714285714286 0.6092879256965944 0.3619047619047619 0.6092879256965944 0.5202380952380953 0.6099071207430341 0.5226190476190476 0.6142414860681115 0.530952380952381 0.6173374613003096 0.5321428571428571 0.6551083591331269 0.5321428571428571 0.6582043343653251 0.530952380952381 0.6625386996904025 0.513095238095238 0.6631578947368421 0.5023809523809524 0.6631578947368421 0.45714285714285713 0.653250773993808 0.39166666666666666 0.648297213622291 0.37142857142857144 0.638390092879257 0.3345238095238095 0.6334365325077399 0.325 0.628482972136223 0.3238095238095238 0.6241486068111455 0.3238095238095238 
16 0.6687306501547987 0.3047619047619048 0.6538699690402476 0.3142857142857143 0.6439628482972136 0.3535714285714286 0.6439628482972136 0.37976190476190474 0.6538699690402476 0.4654761904761905 0.6588235294117647 0.49404761904761907 0.6687306501547987 0.513095238095238 0.686687306501548 0.513095238095238 0.7065015479876161 0.49404761904761907 0.7077399380804954 0.49047619047619045 0.7077399380804954 0.44761904761904764 0.6928792569659443 0.3333333333333333 0.6879256965944273 0.31666666666666665 0.6829721362229102 0.3047619047619048 0.6687306501547987 0.3047619047619048 
18 0.6885448916408669 0.5047619047619047 0.6588235294117647 0.5238095238095238 0.6489164086687307 0.5345238095238095 0.6489164086687307 0.5511904761904762 0.6544891640866873 0.5702380952380952 0.6786377708978328 0.6464285714285715 0.6885448916408669 0.6726190476190477 0.6891640866873066 0.6738095238095239 0.7040247678018576 0.694047619047619 0.7188854489164087 0.7130952380952381 0.7312693498452012 0.7130952380952381 0.7325077399380805 0.7119047619047619 0.7473684210526316 0.694047619047619 0.7473684210526316 0.638095238095238 0.7126934984520124 0.5142857142857142 0.7071207430340557 0.5047619047619047 0.6885448916408669 0.5047619047619047 
19 0.6340557275541796 0.5333333333333333 0.611764705882353 0.5428571428571428 0.6092879256965944 0.544047619047619 0.5993808049535604 0.5523809523809524 0.5993808049535604 0.5702380952380952 0.6291021671826625 0.6916666666666667 0.6445820433436532 0.7321428571428571 0.6495356037151703 0.7416666666666667 0.6674922600619195 0.7416666666666667 0.6879256965944273 0.7130952380952381 0.6879256965944273 0.6666666666666666 0.6780185758513931 0.6202380952380953 0.6631578947368421 0.5630952380952381 0.6575851393188854 0.5428571428571428 0.6526315789473685 0.5333333333333333 0.6340557275541796 0.5333333333333333 
20 0.5851393188854489 0.5619047619047619 0.5647058823529412 0.580952380952381 0.5647058823529412 0.6071428571428571 0.6092879256965944 0.7214285714285714 0.6142414860681115 0.7321428571428571 0.6241486068111455 0.7511904761904762 0.6297213622291021 0.7607142857142857 0.6377708978328174 0.7607142857142857 0.643343653250774 0.7511904761904762 0.643343653250774 0.7428571428571429 0.638390092879257 0.7047619047619048 0.6334365325077399 0.6773809523809524 0.6179566563467492 0.6 0.6086687306501548 0.5619047619047619 0.5851393188854489 0.5619047619047619 
21 0.5547987616099072 0.5619047619047619 0.544891640866873 0.580952380952381 0.544891640866873 0.6059523809523809 0.5795665634674922 0.7595238095238095 0.5851393188854489 0.7702380952380953 0.5981424148606811 0.7702380952380953 0.5987616099071208 0.7690476190476191 0.5987616099071208 0.6785714285714286 0.5938080495356037 0.6392857142857142 0.5839009287925696 0.5642857142857143 0.58328173374613 0.5619047619047619 0.5547987616099072 0.5619047619047619 
22 0.5263157894736842 0.5619047619047619 0.5207430340557275 0.5714285714285714 0.5201238390092879 0.5726190476190476 0.5201238390092879 0.6166666666666667 0.530030959752322 0.6833333333333333 0.534984520123839 0.7130952380952381 0.5399380804953561 0.7309523809523809 0.5455108359133127 0.7416666666666667 0.5585139318885449 0.7416666666666667 0.5591331269349845 0.736904761904762 0.5591331269349845 0.6476190476190476 0.5541795665634675 0.6011904761904762 0.5492260061919505 0.5619047619047619 0.5263157894736842 0.5619047619047619 
23 0.5009287925696595 0.5714285714285714 0.5003095975232198 0.5726190476190476 0.5003095975232198 0.6178571428571429 0.5052631578947369 0.6642857142857143 0.5102167182662539 0.7023809523809523 0.5151702786377709 0.7214285714285714 0.5157894736842106 0.7226190476190476 0.5256965944272446 0.7321428571428571 0.5275541795665635 0.7321428571428571 0.5294117647058824 0.7309523809523809 0.5294117647058824 0.6190476190476191 0.5244582043343653 0.5726190476190476 0.5238390092879257 0.5714285714285714 0.5009287925696595 0.5714285714285714 
24 0.4804953560371517 0.580952380952381 0.4804953560371517 0.625 0.4904024767801858 0.6904761904761905 0.4953560371517028 0.7107142857142857 0.49597523219814244 0.7130952380952381 0.5052631578947369 0.7309523809523809 0.5065015479876162 0.7321428571428571 0.5077399380804953 0.7321428571428571 0.5095975232198142 0.7309523809523809 0.5145510835913313 0.7226190476190476 0.5145510835913313 0.6976190476190476 0.5095975232198142 0.638095238095238 0.5046439628482973 0.6 0.4996904024767802 0.580952380952381 0.4804953560371517 0.580952380952381 
25 0.46068111455108357 0.580952380952381 0.46068111455108357 0.625 0.47554179566563465 0.7119047619047619 0.4804953560371517 0.7285714285714285 0.486687306501548 0.7321428571428571 0.48978328173374613 0.7321428571428571 0.48978328173374613 0.6666666666666666 0.4848297213622291 0.5916666666666667 0.47987616099071206 0.580952380952381 0.46068111455108357 0.580952380952381 
26 0.44148606811145513 0.5714285714285714 0.4408668730650155 0.5738095238095238 0.4408668730650155 0.6142857142857143 0.45572755417956656 0.7119047619047619 0.46068111455108357 0.7404761904761905 0.46563467492260063 0.7511904761904762 0.4693498452012384 0.7511904761904762 0.47492260061919506 0.7404761904761905 0.47492260061919506 0.6785714285714286 0.469969040247678 0.6190476190476191 0.465015479876161 0.5916666666666667 0.460061919504644 0.580952380952381 0.4551083591331269 0.5714285714285714 0.44148606811145513 0.5714285714285714 
27 0.4260061919504644 0.5714285714285714 0.42105263157894735 0.580952380952381 0.41609907120743034 0.6 0.41609907120743034 0.6464285714285715 0.42105263157894735 0.6928571428571428 0.4260061919504644 0.7226190476190476 0.4408668730650155 0.7797619047619048 0.460061919504644 0.7797619047619048 0.460061919504644 0.6952380952380952 0.4501547987616099 0.6095238095238096 0.44024767801857584 0.580952380952381 0.4346749226006192 0.5714285714285714 0.4260061919504644 0.5714285714285714 
29 0.3993808049535604 0.5714285714285714 0.39690402476780184 0.5726190476190476 0.3863777089783282 0.5821428571428572 0.3715170278637771 0.7714285714285715 0.3715170278637771 0.7833333333333333 0.3721362229102167 0.7880952380952381 0.3764705882352941 0.7988095238095239 0.39504643962848296 0.7988095238095239 0.4006191950464396 0.7892857142857143 0.4105263157894737 0.7321428571428571 0.4154798761609907 0.694047619047619 0.42043343653250775 0.6452380952380953 0.42043343653250775 0.5821428571428572 0.4198142414860681 0.580952380952381 0.4105263157894737 0.5726190476190476 0.4086687306501548 0.5714285714285714 0.3993808049535604 0.5714285714285714 
30 0.34365325077399383 0.5523809523809524 0.34179566563467495 0.5535714285714286 0.3368421052631579 0.5619047619047619 0.33250773993808047 0.5714285714285714 0.3318885448916409 0.5738095238095238 0.3170278637770898 0.6595238095238095 0.31207430340557274 0.6964285714285714 0.31207430340557274 0.7404761904761905 0.3126934984520124 0.7416666666666667 0.3318885448916409 0.7607142857142857 0.3510835913312694 0.7607142857142857 0.37089783281733746 0.7214285714285714 0.3907120743034056 0.6261904761904762 0.3907120743034056 0.5726190476190476 0.3851393188854489 0.5619047619047619 0.3603715170278638 0.5523809523809524 0.34365325077399383 0.5523809523809524 
31 0.29226006191950465 0.5238095238095238 0.2823529411764706 0.5428571428571428 0.2625386996904025 0.6964285714285714 0.2625386996904025 0.7214285714285714 0.2631578947368421 0.7226190476190476 0.2823529411764706 0.7321428571428571 0.291640866873065 0.7321428571428571 0.3058823529411765 0.7119047619047619 0.31145510835913315 0.7023809523809523 0.32136222910216716 0.6726190476190477 0.33622291021671824 0.6083333333333333 0.3411764705882353 0.5785714285714286 0.3411764705882353 0.544047619047619 0.34055727554179566 0.5428571428571428 0.31640866873065016 0.5238095238095238 0.29226006191950465 0.5238095238095238 