3 0.34241486068111454 0.3238095238095238 0.33746130030959753 0.3333333333333333 0.3368421052631579 0.3357142857142857 0.3318885448916409 0.3726190476190476 0.3219814241486068 0.46785714285714286 0.3219814241486068 0.5035714285714286 0.3269349845201238 0.513095238095238 0.33746130030959753 0.5226190476190476 0.37089783281733746 0.5226190476190476 0.37585139318885447 0.5119047619047619 0.37585139318885447 0.47619047619047616 0.37089783281733746 0.41904761904761906 0.36594427244582045 0.3726190476190476 0.3560371517027864 0.3333333333333333 0.3510835913312694 0.3238095238095238 0.34241486068111454 0.3238095238095238 
4 0.3721362229102167 0.34285714285714286 0.3715170278637771 0.34404761904761905 0.36656346749226004 0.36428571428571427 0.36656346749226004 0.4845238095238095 0.3715170278637771 0.5214285714285715 0.3721362229102167 0.5226190476190476 0.4 0.5226190476190476 0.4006191950464396 0.5214285714285715 0.4006191950464396 0.4380952380952381 0.3956656346749226 0.4 0.38575851393188854 0.34404761904761905 0.3845201238390093 0.34285714285714286 0.3721362229102167 0.34285714285714286 
5 0.40123839009287926 0.44761904761904764 0.39628482972136225 0.45714285714285713 0.39628482972136225 0.5321428571428571 0.4148606811145511 0.5321428571428571 0.43034055727554177 0.5226190476190476 0.43034055727554177 0.4785714285714286 0.42538699690402476 0.4583333333333333 0.4198142414860681 0.44761904761904764 0.40123839009287926 0.44761904761904764 
6 0.43157894736842106 0.3047619047619048 0.4309597523219814 0.30714285714285716 0.4260061919504644 0.3345238095238095 0.42105263157894735 0.4119047619047619 0.42105263157894735 0.4845238095238095 0.4260061919504644 0.5226190476190476 0.4359133126934985 0.5416666666666666 0.4501547987616099 0.5416666666666666 0.460061919504644 0.5119047619047619 0.460061919504644 0.4773809523809524 0.4551083591331269 0.3726190476190476 0.4501547987616099 0.325 0.4452012383900929 0.3047619047619048 0.43157894736842106 0.3047619047619048 
7 0.4563467492260062 0.34285714285714286 0.45077399380804956 0.3523809523809524 0.45077399380804956 0.5214285714285715 0.4520123839009288 0.5226190476190476 0.469969040247678 0.5226190476190476 0.47492260061919506 0.513095238095238 0.47492260061919506 0.44761904761904764 0.469969040247678 0.35595238095238096 0.4693498452012384 0.3523809523809524 0.465015479876161 0.34404761904761905 0.46377708978328175 0.34285714285714286 0.4563467492260062 0.34285714285714286 
8 0.47554179566563465 0.3142857142857143 0.47058823529411764 0.3238095238095238 0.46563467492260063 0.42857142857142855 0.46563467492260063 0.45476190476190476 0.47058823529411764 0.5190476190476191 0.4712074303405573 0.5214285714285715 0.4724458204334365 0.5226190476190476 0.48978328173374613 0.5226190476190476 0.49473684210526314 0.5214285714285715 0.4996904024767802 0.5119047619047619 0.4996904024767802 0.42142857142857143 0.49473684210526314 0.3619047619047619 0.48978328173374613 0.3345238095238095 0.4848297213622291 0.3142857142857143 0.47554179566563465 0.3142857142857143 
9 0.5009287925696595 0.3238095238095238 0.5003095975232198 0.325 0.4953560371517028 0.37142857142857144 0.4953560371517028 0.5202380952380953 0.49597523219814244 0.5226190476190476 0.5195046439628483 0.5226190476190476 0.5244582043343653 0.5119047619047619 0.5244582043343653 0.4095238095238095 0.5195046439628483 0.34285714285714286 0.5145510835913313 0.325 0.513312693498452 0.3238095238095238 0.5009287925696595 0.3238095238095238 
10 0.5201238390092879 0.3238095238095238 0.5151702786377709 0.3619047619047619 0.5151702786377709 0.41785714285714287 0.5201238390092879 0.5035714285714286 0.5256965944272446 0.513095238095238 0.5393188854489164 0.513095238095238 0.5442724458204334 0.5035714285714286 0.5442724458204334 0.4666666666666667 0.5393188854489164 0.3619047619047619 0.5343653250773994 0.3261904761904762 0.5331269349845201 0.3238095238095238 0.5201238390092879 0.3238095238095238 
11 0.5597523219814241 0.29523809523809524 0.5547987616099072 0.3047619047619048 0.544891640866873 0.34285714285714286 0.534984520123839 0.4095238095238095 0.534984520123839 0.4738095238095238 0.5399380804953561 0.5107142857142857 0.5405572755417957 0.513095238095238 0.544891640866873 0.5226190476190476 0.5585139318885449 0.5226190476190476 0.5690402476780185 0.513095238095238 0.5739938080495356 0.5035714285714286 0.5739938080495356 0.29523809523809524 0.5597523219814241 0.29523809523809524 
12 0.5795665634674922 0.3523809523809524 0.5696594427244582 0.3726190476190476 0.5647058823529412 0.49523809523809526 0.5647058823529412 0.5178571428571429 0.5653250773993808 0.5226190476190476 0.5746130030959752 0.5321428571428571 0.5888544891640867 0.5321428571428571 0.5938080495356037 0.5214285714285715 0.5987616099071208 0.5035714285714286 0.5987616099071208 0.41904761904761906 0.5938080495356037 0.3523809523809524 0.5795665634674922 0.3523809523809524 
13 0.614860681114551 0.3333333333333333 0.6099071207430341 0.34285714285714286 0.6043343653250774 0.3619047619047619 0.5944272445820433 0.4011904761904762 0.5894736842105263 0.49523809523809526 0.5894736842105263 0.5226190476190476 0.595046439628483 0.5321428571428571 0.6235294117647059 0.5321428571428571 0.6334365325077399 0.37976190476190474 0.6334365325077399 0.34285714285714286 0.6278637770897832 0.3333333333333333 0.614860681114551 0.3333333333333333 
14 0.6489164086687307 0.3333333333333333 0.6390092879256966 0.3535714285714286 0.6340557275541796 0.3726190476190476 0.6291021671826625 0.39285714285714285 0.6191950464396285 0.44761904761904764 0.6191950464396285 0.5226190476190476 0.6291021671826625 0.5416666666666666 0.643343653250774 0.5416666666666666 0.6681114551083591 0.5321428571428571 0.6730650154798762 0.4607142857142857 0.6730650154798762 0.4107142857142857 0.6681114551083591 0.3619047619047619 0.6631578947368421 0.3333333333333333 0.6489164086687307 0.3333333333333333 
15 0.6934984520123839 0.34285714285714286 0.6835913312693499 0.3523809523809524 0.6792569659442724 0.3619047619047619 0.6786377708978328 0.36428571428571427 0.6736842105263158 0.38452380952380955 0.6687306501547987 0.4095238095238095 0.6637770897832818 0.46190476190476193 0.6637770897832818 0.5214285714285715 0.6687306501547987 0.5321428571428571 0.6941176470588235 0.5416666666666666 0.7126934984520124 0.5416666666666666 0.7176470588235294 0.37976190476190474 0.7176470588235294 0.35714285714285715 0.7170278637770898 0.3523809523809524 0.7126934984520124 0.34285714285714286 0.6934984520123839 0.34285714285714286 
18 0.6643962848297214 0.5333333333333333 0.6340557275541796 0.5523809523809524 0.6291021671826625 0.5619047619047619 0.6291021671826625 0.5976190476190476 0.6340557275541796 0.6166666666666667 0.6637770897832818 0.6928571428571428 0.6687306501547987 0.7035714285714286 0.6736842105263158 0.7130952380952381 0.6792569659442724 0.7226190476190476 0.6873065015479877 0.7226190476190476 0.6922600619195046 0.7130952380952381 0.6928792569659443 0.7095238095238096 0.6928792569659443 0.6452380952380953 0.6829721362229102 0.5523809523809524 0.6780185758513931 0.5345238095238095 0.6761609907120743 0.5333333333333333 0.6643962848297214 0.5333333333333333 
20 0.5696594427244582 0.5428571428571428 0.5647058823529412 0.6107142857142858 0.5647058823529412 0.7107142857142857 0.5696594427244582 0.7404761904761905 0.5746130030959752 0.7511904761904762 0.5801857585139318 0.7607142857142857 0.5839009287925696 0.7607142857142857 0.5888544891640867 0.7511904761904762 0.6037151702786377 0.6261904761904762 0.6037151702786377 0.5714285714285714 0.5938080495356037 0.5464285714285714 0.5925696594427244 0.544047619047619 0.5913312693498453 0.5428571428571428 0.5696594427244582 0.5428571428571428 
21 0.5603715170278638 0.5333333333333333 0.544891640866873 0.5428571428571428 0.544891640866873 0.6892857142857143 0.5498452012383901 0.7309523809523809 0.5547987616099072 0.7416666666666667 0.5585139318885449 0.7416666666666667 0.5640866873065016 0.7309523809523809 0.5690402476780185 0.7035714285714286 0.5739938080495356 0.6178571428571429 0.5739938080495356 0.5523809523809524 0.5634674922600619 0.5333333333333333 0.5603715170278638 0.5333333333333333 
22 0.530030959752322 0.5238095238095238 0.525077399380805 0.5333333333333333 0.5201238390092879 0.5535714285714286 0.5201238390092879 0.6154761904761905 0.525077399380805 0.7309523809523809 0.5306501547987617 0.7416666666666667 0.5331269349845201 0.7416666666666667 0.5343653250773994 0.7404761904761905 0.5393188854489164 0.7309523809523809 0.5436532507739938 0.705952380952381 0.5492260061919505 0.6642857142857143 0.5492260061919505 0.5428571428571428 0.5442724458204334 0.5238095238095238 0.530030959752322 0.5238095238095238 
23 0.5052631578947369 0.5333333333333333 0.5052631578947369 0.6452380952380953 0.5058823529411764 0.655952380952381 0.5102167182662539 0.6928571428571428 0.5114551083591331 0.694047619047619 0.5195046439628483 0.694047619047619 0.5244582043343653 0.6726190476190477 0.5244582043343653 0.5333333333333333 0.5052631578947369 0.5333333333333333 
24 0.4904024767801858 0.5333333333333333 0.4904024767801858 0.5988095238095238 0.4953560371517028 0.6642857142857143 0.5003095975232198 0.6833333333333333 0.5015479876160991 0.6845238095238095 0.5089783281733746 0.6845238095238095 0.5095975232198142 0.6833333333333333 0.5095975232198142 0.5345238095238095 0.5089783281733746 0.5333333333333333 0.4904024767801858 0.5333333333333333 
25 0.4712074303405573 0.5333333333333333 0.47058823529411764 0.5345238095238095 0.47058823529411764 0.55 0.47554179566563465 0.6345238095238095 0.4804953560371517 0.6845238095238095 0.4854489164086687 0.694047619047619 0.48978328173374613 0.694047619047619 0.49473684210526314 0.6845238095238095 0.49473684210526314 0.5428571428571428 0.4842105263157895 0.5333333333333333 0.4712074303405573 0.5333333333333333 
26 0.46191950464396286 0.5428571428571428 0.46068111455108357 0.544047619047619 0.45572755417956656 0.5535714285714286 0.45572755417956656 0.5892857142857143 0.46068111455108357 0.6226190476190476 0.47058823529411764 0.6845238095238095 0.4842105263157895 0.6845238095238095 0.4848297213622291 0.6833333333333333 0.4848297213622291 0.638095238095238 0.47987616099071206 0.5523809523809524 0.47368421052631576 0.5428571428571428 0.46191950464396286 0.5428571428571428 
27 0.4408668730650155 0.5333333333333333 0.4359133126934985 0.5630952380952381 0.4359133126934985 0.6178571428571429 0.4408668730650155 0.6964285714285714 0.44148606811145513 0.7035714285714286 0.4458204334365325 0.7321428571428571 0.45077399380804956 0.7416666666666667 0.45944272445820433 0.7416666666666667 0.460061919504644 0.7404761904761905 0.465015479876161 0.7130952380952381 0.465015479876161 0.580952380952381 0.460061919504644 0.5523809523809524 0.4551083591331269 0.5345238095238095 0.4544891640866873 0.5333333333333333 0.4408668730650155 0.5333333333333333 
28 0.41609907120743034 0.5523809523809524 0.41114551083591333 0.5619047619047619 0.41114551083591333 0.5892857142857143 0.42105263157894735 0.7309523809523809 0.421671826625387 0.7321428571428571 0.43034055727554177 0.7321428571428571 0.43529411764705883 0.7023809523809523 0.44024767801857584 0.6452380952380953 0.44024767801857584 0.5547619047619048 0.43962848297213625 0.5523809523809524 0.41609907120743034 0.5523809523809524 
29 0.39195046439628484 0.5428571428571428 0.3863777089783282 0.5535714285714286 0.38204334365325077 0.5714285714285714 0.3814241486068111 0.575 0.3814241486068111 0.655952380952381 0.3863777089783282 0.7226190476190476 0.3913312693498452 0.7488095238095238 0.39195046439628484 0.7511904761904762 0.39690402476780184 0.7607142857142857 0.4006191950464396 0.7607142857142857 0.4105263157894737 0.7416666666666667 0.4154798761609907 0.7035714285714286 0.42043343653250775 0.6178571428571429 0.42043343653250775 0.5678571428571428 0.4198142414860681 0.5619047619047619 0.4154798761609907 0.5547619047619048 0.4136222910216718 0.5523809523809524 0.40495356037151703 0.5428571428571428 0.39195046439628484 0.5428571428571428 
30 0.3331269349845201 0.5333333333333333 0.3318885448916409 0.5345238095238095 0.3021671826625387 0.6285714285714286 0.3021671826625387 0.675 0.30712074303405573 0.6845238095238095 0.32260061919504646 0.7035714285714286 0.3263157894736842 0.7035714285714286 0.34055727554179566 0.694047619047619 0.3510835913312694 0.6738095238095239 0.3752321981424149 0.6178571428571429 0.38080495356037153 0.5964285714285714 0.38080495356037153 0.5619047619047619 0.3752321981424149 0.5523809523809524 0.3702786377708978 0.544047619047619 0.3609907120743034 0.5333333333333333 0.3331269349845201 0.5333333333333333 
31 0.30340557275541796 0.4857142857142857 0.3021671826625387 0.4869047619047619 0.29226006191950465 0.5047619047619047 0.2674922600619195 0.5714285714285714 0.2674922600619195 0.5988095238095238 0.27801857585139317 0.6273809523809524 0.29473684210526313 0.6273809523809524 0.29659442724458207 0.6261904761904762 0.3065015479876161 0.6178571428571429 0.31640866873065016 0.6071428571428571 0.32136222910216716 0.5988095238095238 0.3263157894736842 0.5892857142857143 0.33126934984520123 0.5785714285714286 0.3411764705882353 0.5416666666666666 0.3411764705882353 0.5238095238095238 0.3263157894736842 0.49523809523809526 0.31640866873065016 0.4857142857142857 0.30340557275541796 0.4857142857142857 