1 0.2724458204334365 0.34285714285714286 0.2674922600619195 0.3547619047619048 0.2674922600619195 0.3976190476190476 0.2823529411764706 0.4357142857142857 0.28606811145510835 0.4369047619047619 0.291640866873065 0.4369047619047619 0.30092879256965943 0.4261904761904762 0.31145510835913315 0.40595238095238095 0.31145510835913315 0.3630952380952381 0.3015479876160991 0.34404761904761905 0.29907120743034055 0.34285714285714286 0.2724458204334365 0.34285714285714286 
2 0.32260061919504646 0.3523809523809524 0.3170278637770898 0.3619047619047619 0.30712074303405573 0.38095238095238093 0.29721362229102166 0.41904761904761906 0.29721362229102166 0.475 0.3021671826625387 0.4928571428571429 0.30712074303405573 0.5035714285714286 0.3170278637770898 0.5119047619047619 0.3188854489164087 0.513095238095238 0.3306501547987616 0.513095238095238 0.3411764705882353 0.5035714285714286 0.3461300309597523 0.49404761904761907 0.3510835913312694 0.48333333333333334 0.3510835913312694 0.4 0.3461300309597523 0.37142857142857144 0.33560371517027865 0.3523809523809524 0.32260061919504646 0.3523809523809524 
3 0.34179566563467495 0.38095238095238093 0.3269349845201238 0.5142857142857142 0.3269349845201238 0.569047619047619 0.3318885448916409 0.5797619047619048 0.3746130030959752 0.5797619047619048 0.3801857585139319 0.5702380952380952 0.38575851393188854 0.5595238095238095 0.38575851393188854 0.4857142857142857 0.37585139318885447 0.39166666666666666 0.37089783281733746 0.38095238095238093 0.34179566563467495 0.38095238095238093 
4 0.38699690402476783 0.37142857142857144 0.3739938080495356 0.38095238095238093 0.3721362229102167 0.3880952380952381 0.3715170278637771 0.39166666666666666 0.3715170278637771 0.44285714285714284 0.3764705882352941 0.49404761904761907 0.3814241486068111 0.513095238095238 0.38699690402476783 0.5226190476190476 0.3993808049535604 0.5226190476190476 0.4154798761609907 0.5035714285714286 0.42043343653250775 0.4928571428571429 0.42043343653250775 0.4488095238095238 0.4105263157894737 0.38095238095238093 0.40495356037151703 0.37142857142857144 0.38699690402476783 0.37142857142857144 
5 0.41671826625387 0.4 0.41114551083591333 0.41904761904761906 0.40123839009287926 0.49523809523809526 0.40123839009287926 0.555952380952381 0.4018575851393189 0.5607142857142857 0.40619195046439627 0.5702380952380952 0.43529411764705883 0.5702380952380952 0.44024767801857584 0.5607142857142857 0.44024767801857584 0.544047619047619 0.43034055727554177 0.4011904761904762 0.4297213622291022 0.4 0.41671826625387 0.4 
6 0.44643962848297214 0.37142857142857144 0.4359133126934985 0.3904761904761905 0.4309597523219814 0.4095238095238095 0.4260061919504644 0.4392857142857143 0.4260061919504644 0.5797619047619048 0.4501547987616099 0.5797619047619048 0.4544891640866873 0.5702380952380952 0.460061919504644 0.5511904761904762 0.460061919504644 0.39404761904761904 0.45944272445820433 0.3904761904761905 0.4551083591331269 0.37142857142857144 0.44643962848297214 0.37142857142857144 
7 0.47554179566563465 0.4 0.47058823529411764 0.4107142857142857 0.46563467492260063 0.4380952380952381 0.45572755417956656 0.49642857142857144 0.45077399380804956 0.544047619047619 0.45077399380804956 0.6047619047619047 0.4520123839009288 0.6071428571428571 0.45325077399380803 0.6083333333333333 0.47987616099071206 0.6083333333333333 0.4848297213622291 0.5892857142857143 0.48978328173374613 0.5416666666666666 0.48978328173374613 0.4380952380952381 0.4848297213622291 0.4035714285714286 0.4842105263157895 0.4011904761904762 0.48297213622291024 0.4 0.47554179566563465 0.4 
8 0.4904024767801858 0.42857142857142855 0.4854489164086687 0.4452380952380952 0.4804953560371517 0.5380952380952381 0.4804953560371517 0.6166666666666667 0.48173374613003095 0.6178571428571429 0.5139318885448917 0.6178571428571429 0.5145510835913313 0.6166666666666667 0.5145510835913313 0.5535714285714286 0.5095975232198142 0.47619047619047616 0.5046439628482973 0.4392857142857143 0.49907120743034056 0.42857142857142855 0.4904024767801858 0.42857142857142855 
9 0.525077399380805 0.41904761904761906 0.5201238390092879 0.42857142857142855 0.5151702786377709 0.4488095238095238 0.5102167182662539 0.4797619047619048 0.5102167182662539 0.5952380952380952 0.5108359133126935 0.5988095238095238 0.5151702786377709 0.6178571428571429 0.5442724458204334 0.6178571428571429 0.5492260061919505 0.6083333333333333 0.5492260061919505 0.5083333333333333 0.5442724458204334 0.4392857142857143 0.5393188854489164 0.41904761904761906 0.525077399380805 0.41904761904761906 
10 0.5405572755417957 0.4095238095238095 0.5356037151702786 0.41904761904761906 0.534984520123839 0.4238095238095238 0.534984520123839 0.4452380952380952 0.5399380804953561 0.5095238095238095 0.544891640866873 0.569047619047619 0.5498452012383901 0.6071428571428571 0.5504643962848297 0.6083333333333333 0.5739938080495356 0.6083333333333333 0.5789473684210527 0.5988095238095238 0.5789473684210527 0.5452380952380952 0.5690402476780185 0.4857142857142857 0.5640866873065016 0.45714285714285713 0.5541795665634675 0.41904761904761906 0.5492260061919505 0.4095238095238095 0.5405572755417957 0.4095238095238095 
11 0.5851393188854489 0.3238095238095238 0.5845201238390093 0.325 0.5746130030959752 0.3619047619047619 0.5597523219814241 0.4380952380952381 0.5597523219814241 0.48928571428571427 0.5603715170278638 0.49404761904761907 0.5647058823529412 0.5202380952380953 0.5653250773993808 0.5226190476190476 0.5839009287925696 0.5226190476190476 0.5938080495356037 0.5035714285714286 0.6037151702786377 0.3952380952380952 0.6037151702786377 0.3345238095238095 0.5981424148606811 0.3238095238095238 0.5851393188854489 0.3238095238095238 
12 0.6006191950464397 0.41904761904761906 0.5993808049535604 0.42023809523809524 0.5944272445820433 0.4380952380952381 0.5845201238390093 0.5166666666666667 0.5845201238390093 0.5797619047619048 0.5894736842105263 0.5892857142857143 0.6043343653250774 0.5988095238095238 0.6173374613003096 0.5988095238095238 0.6185758513931888 0.5964285714285714 0.6185758513931888 0.5154761904761904 0.6136222910216719 0.430952380952381 0.6130030959752322 0.42857142857142855 0.6086687306501548 0.42023809523809524 0.6074303405572755 0.41904761904761906 0.6006191950464397 0.41904761904761906 
13 0.6247678018575852 0.38095238095238093 0.6198142414860681 0.39166666666666666 0.6142414860681115 0.42023809523809524 0.6092879256965944 0.45 0.6092879256965944 0.513095238095238 0.6191950464396285 0.5321428571428571 0.643343653250774 0.5321428571428571 0.648297213622291 0.5214285714285715 0.648297213622291 0.4666666666666667 0.643343653250774 0.4011904761904762 0.638390092879257 0.38095238095238093 0.6247678018575852 0.38095238095238093 
14 0.6544891640866873 0.4 0.6538699690402476 0.4011904761904762 0.6489164086687307 0.41904761904761906 0.6439628482972136 0.4392857142857143 0.6439628482972136 0.5119047619047619 0.6489164086687307 0.5785714285714286 0.6594427244582043 0.5988095238095238 0.6730650154798762 0.5988095238095238 0.6910216718266254 0.5892857142857143 0.6928792569659443 0.5880952380952381 0.6978328173374613 0.5797619047619048 0.6978328173374613 0.5345238095238095 0.6829721362229102 0.41904761904761906 0.6773993808049535 0.4 0.6544891640866873 0.4 
15 0.6835913312693499 0.37142857142857144 0.6736842105263158 0.39166666666666666 0.6736842105263158 0.4369047619047619 0.6786377708978328 0.5023809523809524 0.6891640866873066 0.5226190476190476 0.7058823529411765 0.5226190476190476 0.7077399380804954 0.5214285714285715 0.7170278637770898 0.513095238095238 0.7219814241486068 0.5035714285714286 0.7275541795665634 0.475 0.7275541795665634 0.45714285714285713 0.7226006191950465 0.43214285714285716 0.7176470588235294 0.4119047619047619 0.7170278637770898 0.4095238095238095 0.7027863777089783 0.3726190476190476 0.701547987616099 0.37142857142857144 0.6835913312693499 0.37142857142857144 
16 0.7238390092879257 0.37142857142857144 0.7089783281733746 0.38095238095238093 0.708359133126935 0.38452380952380955 0.708359133126935 0.4142857142857143 0.713312693498452 0.4369047619047619 0.718266253869969 0.4452380952380952 0.7226006191950465 0.44642857142857145 0.7374613003095976 0.42738095238095236 0.7424148606811145 0.41785714285714287 0.7424148606811145 0.38095238095238093 0.7374613003095976 0.3726190476190476 0.7362229102167183 0.37142857142857144 0.7238390092879257 0.37142857142857144 
17 0.7337461300309598 0.5619047619047619 0.7281733746130031 0.5714285714285714 0.718266253869969 0.5916666666666667 0.718266253869969 0.6369047619047619 0.7281733746130031 0.6642857142857143 0.7287925696594427 0.6654761904761904 0.7473684210526316 0.6654761904761904 0.7572755417956656 0.655952380952381 0.7671826625386997 0.6369047619047619 0.7671826625386997 0.6011904761904762 0.7622291021671826 0.5821428571428572 0.7572755417956656 0.5714285714285714 0.7473684210526316 0.5630952380952381 0.7448916408668731 0.5619047619047619 0.7337461300309598 0.5619047619047619 
18 0.6934984520123839 0.6095238095238096 0.6786377708978328 0.638095238095238 0.6786377708978328 0.6845238095238095 0.713312693498452 0.7607142857142857 0.7269349845201238 0.7607142857142857 0.7473684210526316 0.7214285714285714 0.7473684210526316 0.705952380952381 0.7424148606811145 0.6857142857142857 0.7226006191950465 0.6095238095238096 0.6934984520123839 0.6095238095238096 
19 0.648297213622291 0.6095238095238096 0.6458204334365325 0.6107142857142858 0.6340557275541796 0.6202380952380953 0.6340557275541796 0.675 0.6588235294117647 0.7702380952380953 0.6693498452012384 0.7988095238095239 0.6829721362229102 0.7988095238095239 0.7021671826625387 0.7797619047619048 0.7027863777089783 0.7785714285714286 0.7027863777089783 0.7166666666666667 0.6829721362229102 0.6190476190476191 0.6780185758513931 0.6095238095238096 0.648297213622291 0.6095238095238096 
20 0.6191950464396285 0.7047619047619048 0.6142414860681115 0.7154761904761905 0.6142414860681115 0.7595238095238095 0.6241486068111455 0.7976190476190477 0.6297213622291021 0.8178571428571428 0.6390092879256966 0.8369047619047619 0.6520123839009287 0.8369047619047619 0.653250773993808 0.8357142857142857 0.653250773993808 0.780952380952381 0.648297213622291 0.7261904761904762 0.6476780185758514 0.7238095238095238 0.643343653250774 0.7142857142857143 0.638390092879257 0.7047619047619048 0.6191950464396285 0.7047619047619048 
21 0.5801857585139318 0.6285714285714286 0.5746130030959752 0.6476190476190476 0.5746130030959752 0.6714285714285714 0.5795665634674922 0.7130952380952381 0.5944272445820433 0.7988095238095239 0.6 0.8083333333333333 0.6086687306501548 0.8083333333333333 0.6086687306501548 0.638095238095238 0.6037151702786377 0.6285714285714286 0.5801857585139318 0.6285714285714286 
22 0.5597523219814241 0.6285714285714286 0.5547987616099072 0.6392857142857142 0.5547987616099072 0.7095238095238096 0.5647058823529412 0.8261904761904761 0.5696594427244582 0.8369047619047619 0.578328173374613 0.8369047619047619 0.5839009287925696 0.8273809523809523 0.5888544891640867 0.7988095238095239 0.5888544891640867 0.775 0.5839009287925696 0.6666666666666666 0.5789473684210527 0.6392857142857142 0.573374613003096 0.6285714285714286 0.5597523219814241 0.6285714285714286 
23 0.5306501547987617 0.6285714285714286 0.530030959752322 0.6333333333333333 0.530030959752322 0.6464285714285715 0.5399380804953561 0.8178571428571428 0.544891640866873 0.8261904761904761 0.5461300309597523 0.8273809523809523 0.5523219814241486 0.8273809523809523 0.5535603715170279 0.825 0.5541795665634675 0.8226190476190476 0.5591331269349845 0.7690476190476191 0.5591331269349845 0.6297619047619047 0.5585139318885449 0.6285714285714286 0.5306501547987617 0.6285714285714286 
24 0.5114551083591331 0.6190476190476191 0.5102167182662539 0.6202380952380953 0.5102167182662539 0.6440476190476191 0.5151702786377709 0.7130952380952381 0.5201238390092879 0.7690476190476191 0.525077399380805 0.7952380952380952 0.530030959752322 0.8083333333333333 0.5386996904024768 0.8083333333333333 0.5393188854489164 0.805952380952381 0.5393188854489164 0.6392857142857142 0.5337461300309597 0.6190476190476191 0.5114551083591331 0.6190476190476191 
25 0.5102167182662539 0.6190476190476191 0.4972136222910217 0.6202380952380953 0.4904024767801858 0.6285714285714286 0.4904024767801858 0.7035714285714286 0.4953560371517028 0.7416666666666667 0.5003095975232198 0.7785714285714286 0.5052631578947369 0.7976190476190477 0.5058823529411764 0.7988095238095239 0.5145510835913313 0.7988095238095239 0.5195046439628483 0.7892857142857143 0.5195046439628483 0.6571428571428571 0.5145510835913313 0.6202380952380953 0.5126934984520124 0.6190476190476191 0.5102167182662539 0.6190476190476191 
26 0.4662538699690402 0.6190476190476191 0.46563467492260063 0.6226190476190476 0.46563467492260063 0.6928571428571428 0.4804953560371517 0.7976190476190477 0.4904024767801858 0.8178571428571428 0.4953560371517028 0.8273809523809523 0.5040247678018576 0.8273809523809523 0.5095975232198142 0.8178571428571428 0.5095975232198142 0.8011904761904762 0.49473684210526314 0.6285714285714286 0.48978328173374613 0.6202380952380953 0.4885448916408669 0.6190476190476191 0.4662538699690402 0.6190476190476191 
27 0.45263157894736844 0.6190476190476191 0.45077399380804956 0.6202380952380953 0.4458204334365325 0.6285714285714286 0.4458204334365325 0.7571428571428571 0.45077399380804956 0.7880952380952381 0.4613003095975232 0.8273809523809523 0.4662538699690402 0.8369047619047619 0.47492260061919506 0.8369047619047619 0.47987616099071206 0.8071428571428572 0.47987616099071206 0.719047619047619 0.469969040247678 0.6309523809523809 0.4693498452012384 0.6285714285714286 0.465015479876161 0.6190476190476191 0.45263157894736844 0.6190476190476191 
28 0.4260061919504644 0.6190476190476191 0.42105263157894735 0.6297619047619047 0.42105263157894735 0.7988095238095239 0.4260061919504644 0.8178571428571428 0.44024767801857584 0.8178571428571428 0.4501547987616099 0.7988095238095239 0.4501547987616099 0.6190476190476191 0.4260061919504644 0.6190476190476191 
29 0.40123839009287926 0.6952380952380952 0.38204334365325077 0.7047619047619048 0.3814241486068111 0.705952380952381 0.3764705882352941 0.7238095238095238 0.36160990712074303 0.8 0.36160990712074303 0.8357142857142857 0.3628482972136223 0.8369047619047619 0.38575851393188854 0.8369047619047619 0.4154798761609907 0.7797619047619048 0.4198142414860681 0.7702380952380953 0.4247678018575851 0.7511904761904762 0.42538699690402476 0.7464285714285714 0.42538699690402476 0.7238095238095238 0.42043343653250775 0.705952380952381 0.4198142414860681 0.7047619047619048 0.4105263157894737 0.6976190476190476 0.4068111455108359 0.6952380952380952 0.40123839009287926 0.6952380952380952 
30 0.34179566563467495 0.5904761904761905 0.3368421052631579 0.6 0.31207430340557274 0.7345238095238096 0.31207430340557274 0.7785714285714286 0.3318885448916409 0.7988095238095239 0.35541795665634673 0.7988095238095239 0.3609907120743034 0.7892857142857143 0.36594427244582045 0.7797619047619048 0.38080495356037153 0.7321428571428571 0.3956656346749226 0.675 0.4006191950464396 0.6452380952380953 0.4006191950464396 0.6107142857142858 0.3907120743034056 0.6 0.37089783281733746 0.5904761904761905 0.34179566563467495 0.5904761904761905 
31 0.29287925696594425 0.6 0.2873065015479876 0.6095238095238096 0.2625386996904025 0.6869047619047619 0.2625386996904025 0.7226190476190476 0.26811145510835915 0.7321428571428571 0.2873065015479876 0.7607142857142857 0.30092879256965943 0.7607142857142857 0.3065015479876161 0.7511904761904762 0.33126934984520123 0.7035714285714286 0.33622291021671824 0.6845238095238095 0.33622291021671824 0.6297619047619047 0.33560371517027865 0.6285714285714286 0.3157894736842105 0.6 0.29287925696594425 0.6 
32 0.2476780185758514 0.5714285714285714 0.23777089783281732 0.5916666666666667 0.23777089783281732 0.6154761904761905 0.24272445820433436 0.6464285714285715 0.248297213622291 0.655952380952381 0.25758513931888544 0.6654761904761904 0.28173374613003094 0.6654761904761904 0.28173374613003094 0.6107142857142858 0.27678018575851393 0.5833333333333334 0.2761609907120743 0.580952380952381 0.2712074303405573 0.5714285714285714 0.2476780185758514 0.5714285714285714 
A 0.3814241486068111 0.5047619047619047 0.3715170278637771 0.5630952380952381 0.3715170278637771 0.5785714285714286 0.3721362229102167 0.5797619047619048 0.3876160990712074 0.5892857142857143 0.42043343653250775 0.5892857142857143 0.42043343653250775 0.5642857142857143 0.4055727554179567 0.5059523809523809 0.4043343653250774 0.5047619047619047 0.3814241486068111 0.5047619047619047 
H 0.5857585139318885 0.49523809523809526 0.5845201238390093 0.49642857142857144 0.5696594427244582 0.5142857142857142 0.5696594427244582 0.5488095238095239 0.5746130030959752 0.5988095238095238 0.5938080495356037 0.5988095238095238 0.5938080495356037 0.4988095238095238 0.5931888544891641 0.49523809523809526 0.5857585139318885 0.49523809523809526 
J 0.6396284829721363 0.5142857142857142 0.6198142414860681 0.5238095238095238 0.6142414860681115 0.5333333333333333 0.6142414860681115 0.5976190476190476 0.614860681114551 0.5988095238095238 0.6526315789473685 0.5988095238095238 0.653250773993808 0.5964285714285714 0.653250773993808 0.5345238095238095 0.648297213622291 0.5154761904761904 0.6476780185758514 0.5142857142857142 0.6396284829721363 0.5142857142857142 
K 0.6092879256965944 0.6190476190476191 0.6061919504643963 0.6202380952380953 0.6 0.6285714285714286 0.5993808049535604 0.6297619047619047 0.5993808049535604 0.6464285714285715 0.6043343653250774 0.7488095238095238 0.6092879256965944 0.7690476190476191 0.6099071207430341 0.7702380952380953 0.6526315789473685 0.7702380952380953 0.653250773993808 0.7690476190476191 0.653250773993808 0.7071428571428572 0.638390092879257 0.6190476190476191 0.6092879256965944 0.6190476190476191 
T 0.3913312693498452 0.6095238095238096 0.3715170278637771 0.7238095238095238 0.3715170278637771 0.7309523809523809 0.3721362229102167 0.7321428571428571 0.42105263157894735 0.7607142857142857 0.42538699690402476 0.7607142857142857 0.43034055727554177 0.6357142857142857 0.43034055727554177 0.6107142857142858 0.4297213622291022 0.6095238095238096 0.3913312693498452 0.6095238095238096 