2 0.3170278637770898 0.3523809523809524 0.3027863777089783 0.38095238095238093 0.29721362229102166 0.4095238095238095 0.29226006191950465 0.44047619047619047 0.29226006191950465 0.4654761904761905 0.3021671826625387 0.4845238095238095 0.3176470588235294 0.49404761904761907 0.334984520123839 0.49404761904761907 0.33622291021671824 0.4928571428571429 0.34055727554179566 0.4845238095238095 0.3411764705882353 0.48214285714285715 0.3411764705882353 0.3535714285714286 0.339938080495356 0.3523809523809524 0.3170278637770898 0.3523809523809524 
3 0.34241486068111454 0.4 0.34179566563467495 0.4011904761904762 0.3368421052631579 0.42142857142857143 0.3318885448916409 0.4773809523809524 0.3318885448916409 0.5416666666666666 0.3368421052631579 0.5511904761904762 0.3752321981424149 0.5511904761904762 0.38080495356037153 0.5416666666666666 0.38080495356037153 0.5154761904761904 0.37089783281733746 0.42142857142857143 0.36594427244582045 0.4 0.34241486068111454 0.4 
4 0.3913312693498452 0.4 0.3814241486068111 0.41904761904761906 0.3715170278637771 0.49523809523809526 0.3715170278637771 0.5595238095238095 0.37708978328173376 0.5702380952380952 0.39504643962848296 0.5702380952380952 0.40495356037151703 0.5607142857142857 0.4055727554179567 0.5595238095238095 0.4055727554179567 0.47619047619047616 0.4006191950464396 0.4095238095238095 0.3956656346749226 0.4011904761904762 0.3931888544891641 0.4 0.3913312693498452 0.4 
5 0.4117647058823529 0.4095238095238095 0.41114551083591333 0.4107142857142857 0.40619195046439627 0.42857142857142855 0.39628482972136225 0.5523809523809524 0.39628482972136225 0.569047619047619 0.40619195046439627 0.5892857142857143 0.4198142414860681 0.5892857142857143 0.43529411764705883 0.5595238095238095 0.43529411764705883 0.46785714285714286 0.43034055727554177 0.42023809523809524 0.42538699690402476 0.4107142857142857 0.4235294117647059 0.4095238095238095 0.4117647058823529 0.4095238095238095 
6 0.43157894736842106 0.38095238095238093 0.4260061919504644 0.42023809523809524 0.4260061919504644 0.5797619047619048 0.4309597523219814 0.5892857142857143 0.4501547987616099 0.5892857142857143 0.4551083591331269 0.5773809523809523 0.4551083591331269 0.5238095238095238 0.4501547987616099 0.3821428571428571 0.44891640866873067 0.38095238095238093 0.43157894736842106 0.38095238095238093 
7 0.46068111455108357 0.42857142857142855 0.45572755417956656 0.4511904761904762 0.45077399380804956 0.5142857142857142 0.45077399380804956 0.5785714285714286 0.45572755417956656 0.5988095238095238 0.47492260061919506 0.5988095238095238 0.47492260061919506 0.43333333333333335 0.4743034055727554 0.42857142857142855 0.46068111455108357 0.42857142857142855 
8 0.4804953560371517 0.4380952380952381 0.47554179566563465 0.44761904761904764 0.47058823529411764 0.4857142857142857 0.47058823529411764 0.5976190476190476 0.47554179566563465 0.6083333333333333 0.4996904024767802 0.6083333333333333 0.4996904024767802 0.48928571428571427 0.49473684210526314 0.4488095238095238 0.48978328173374613 0.4380952380952381 0.4804953560371517 0.4380952380952381 
9 0.5065015479876162 0.4380952380952381 0.5052631578947369 0.4392857142857143 0.5003095975232198 0.44761904761904764 0.4953560371517028 0.544047619047619 0.4953560371517028 0.5976190476190476 0.5003095975232198 0.6083333333333333 0.5244582043343653 0.6083333333333333 0.5294117647058824 0.5988095238095238 0.5294117647058824 0.5345238095238095 0.5244582043343653 0.45 0.5238390092879257 0.44761904761904764 0.5195046439628483 0.4380952380952381 0.5065015479876162 0.4380952380952381 
10 0.5318885448916408 0.41904761904761906 0.530030959752322 0.42023809523809524 0.525077399380805 0.4785714285714286 0.525077399380805 0.5964285714285714 0.5256965944272446 0.5988095238095238 0.5442724458204334 0.5988095238095238 0.5492260061919505 0.5880952380952381 0.5492260061919505 0.544047619047619 0.5442724458204334 0.44761904761904764 0.5393188854489164 0.42023809523809524 0.5386996904024768 0.41904761904761906 0.5318885448916408 0.41904761904761906 
11 0.5504643962848297 0.3904761904761905 0.5498452012383901 0.39166666666666666 0.544891640866873 0.4023809523809524 0.5399380804953561 0.5142857142857142 0.5399380804953561 0.5416666666666666 0.5405572755417957 0.5511904761904762 0.544891640866873 0.5797619047619048 0.5504643962848297 0.5892857142857143 0.5684210526315789 0.5892857142857143 0.5739938080495356 0.5785714285714286 0.5739938080495356 0.544047619047619 0.5640866873065016 0.4095238095238095 0.5591331269349845 0.3904761904761905 0.5504643962848297 0.3904761904761905 
12 0.5758513931888545 0.4095238095238095 0.5746130030959752 0.4107142857142857 0.5702786377708978 0.42857142857142855 0.5647058823529412 0.4583333333333333 0.5647058823529412 0.55 0.5696594427244582 0.5797619047619048 0.5795665634674922 0.5892857142857143 0.5987616099071208 0.5892857142857143 0.5987616099071208 0.5059523809523809 0.5938080495356037 0.4583333333333333 0.5888544891640867 0.42023809523809524 0.58328173374613 0.4095238095238095 0.5758513931888545 0.4095238095238095 
13 0.604953560371517 0.38095238095238093 0.5993808049535604 0.3904761904761905 0.5894736842105263 0.4988095238095238 0.5894736842105263 0.513095238095238 0.5944272445820433 0.5607142857142857 0.6278637770897832 0.5607142857142857 0.628482972136223 0.5595238095238095 0.628482972136223 0.5059523809523809 0.6185758513931888 0.4 0.6136222910216719 0.3821428571428571 0.611764705882353 0.38095238095238093 0.604953560371517 0.38095238095238093 
14 0.6346749226006192 0.3904761904761905 0.6340557275541796 0.39285714285714285 0.6291021671826625 0.42142857142857143 0.6241486068111455 0.4880952380952381 0.6241486068111455 0.5416666666666666 0.6340557275541796 0.5511904761904762 0.648297213622291 0.5511904761904762 0.6724458204334365 0.5416666666666666 0.6773993808049535 0.5321428571428571 0.6780185758513931 0.5297619047619048 0.6780185758513931 0.4773809523809524 0.6730650154798762 0.39285714285714285 0.6724458204334365 0.3904761904761905 0.6346749226006192 0.3904761904761905 
15 0.6749226006191951 0.3333333333333333 0.6736842105263158 0.3345238095238095 0.6687306501547987 0.3535714285714286 0.6637770897832818 0.3904761904761905 0.6637770897832818 0.4654761904761905 0.6687306501547987 0.48333333333333334 0.6693498452012384 0.4845238095238095 0.6904024767801857 0.4845238095238095 0.7120743034055728 0.475 0.7176470588235294 0.4654761904761905 0.7226006191950465 0.45595238095238094 0.7226006191950465 0.4095238095238095 0.7126934984520124 0.3821428571428571 0.6978328173374613 0.34404761904761905 0.6922600619195046 0.3333333333333333 0.6749226006191951 0.3333333333333333 
18 0.6835913312693499 0.5333333333333333 0.6736842105263158 0.544047619047619 0.6687306501547987 0.5523809523809524 0.6637770897832818 0.5619047619047619 0.6588235294117647 0.5726190476190476 0.6588235294117647 0.6083333333333333 0.6637770897832818 0.6369047619047619 0.6786377708978328 0.6928571428571428 0.6792569659442724 0.694047619047619 0.6842105263157895 0.7023809523809523 0.6860681114551084 0.7035714285714286 0.6972136222910217 0.7035714285714286 0.7027863777089783 0.7 0.7170278637770898 0.6845238095238095 0.7176470588235294 0.6833333333333333 0.7176470588235294 0.6202380952380953 0.7126934984520124 0.544047619047619 0.7120743034055728 0.5428571428571428 0.7021671826625387 0.5333333333333333 0.6835913312693499 0.5333333333333333 
19 0.6396284829721363 0.580952380952381 0.6198142414860681 0.5904761904761905 0.6055727554179566 0.6 0.6043343653250774 0.6011904761904762 0.5993808049535604 0.6095238095238096 0.5993808049535604 0.6369047619047619 0.6340557275541796 0.7595238095238095 0.6390092879256966 0.7690476190476191 0.6402476780185758 0.7702380952380953 0.653250773993808 0.7702380952380953 0.6773993808049535 0.7321428571428571 0.6780185758513931 0.7297619047619047 0.6780185758513931 0.6761904761904762 0.6631578947368421 0.5833333333333334 0.6625386996904025 0.580952380952381 0.6396284829721363 0.580952380952381 
20 0.5808049535603715 0.6190476190476191 0.5696594427244582 0.6285714285714286 0.5696594427244582 0.6547619047619048 0.5746130030959752 0.675 0.6092879256965944 0.7702380952380953 0.614860681114551 0.7797619047619048 0.6235294117647059 0.7797619047619048 0.6235294117647059 0.7261904761904762 0.6136222910216719 0.6583333333333333 0.6086687306501548 0.6297619047619047 0.6037151702786377 0.6190476190476191 0.5808049535603715 0.6190476190476191 
21 0.5653250773993808 0.6285714285714286 0.5547987616099072 0.638095238095238 0.5498452012383901 0.6476190476190476 0.5498452012383901 0.7988095238095239 0.5690402476780185 0.7988095238095239 0.5888544891640867 0.694047619047619 0.5888544891640867 0.6678571428571428 0.5739938080495356 0.6297619047619047 0.5727554179566563 0.6285714285714286 0.5653250773993808 0.6285714285714286 
22 0.5405572755417957 0.6285714285714286 0.534984520123839 0.638095238095238 0.530030959752322 0.6666666666666666 0.525077399380805 0.7142857142857143 0.525077399380805 0.8178571428571428 0.5306501547987617 0.8273809523809523 0.5337461300309597 0.8273809523809523 0.5393188854489164 0.8178571428571428 0.5436532507739938 0.8083333333333333 0.5442724458204334 0.805952380952381 0.5492260061919505 0.7797619047619048 0.5541795665634675 0.7416666666666667 0.5640866873065016 0.6464285714285715 0.5640866873065016 0.6309523809523809 0.5634674922600619 0.6297619047619047 0.5622291021671827 0.6285714285714286 0.5405572755417957 0.6285714285714286 
23 0.5213622291021672 0.6190476190476191 0.5151702786377709 0.6285714285714286 0.5102167182662539 0.7166666666666667 0.5102167182662539 0.7702380952380953 0.5151702786377709 0.7797619047619048 0.5238390092879257 0.7797619047619048 0.5287925696594428 0.7702380952380953 0.5294117647058824 0.7666666666666667 0.5393188854489164 0.6738095238095239 0.5393188854489164 0.6202380952380953 0.5386996904024768 0.6190476190476191 0.5213622291021672 0.6190476190476191 
24 0.5027863777089784 0.6190476190476191 0.5009287925696595 0.6202380952380953 0.5003095975232198 0.6226190476190476 0.5003095975232198 0.7690476190476191 0.5009287925696595 0.7702380952380953 0.5095975232198142 0.7702380952380953 0.5145510835913313 0.7595238095238095 0.5195046439628483 0.7214285714285714 0.5195046439628483 0.6202380952380953 0.5188854489164086 0.6190476190476191 0.5027863777089784 0.6190476190476191 
25 0.4854489164086687 0.6190476190476191 0.4804953560371517 0.6666666666666666 0.4804953560371517 0.7511904761904762 0.48606811145510836 0.7702380952380953 0.49411764705882355 0.7702380952380953 0.4996904024767802 0.7583333333333333 0.5046439628482973 0.7119047619047619 0.5046439628482973 0.6202380952380953 0.5040247678018576 0.6190476190476191 0.4854489164086687 0.6190476190476191 
26 0.46563467492260063 0.6095238095238096 0.46563467492260063 0.6369047619047619 0.47058823529411764 0.7607142857142857 0.4848297213622291 0.7607142857142857 0.48978328173374613 0.675 0.48978328173374613 0.6107142857142858 0.4891640866873065 0.6095238095238096 0.46563467492260063 0.6095238095238096 
27 0.4582043343653251 0.6190476190476191 0.4563467492260062 0.6202380952380953 0.4458204334365325 0.6285714285714286 0.4458204334365325 0.675 0.45077399380804956 0.7511904761904762 0.45572755417956656 0.7797619047619048 0.46068111455108357 0.7988095238095239 0.469969040247678 0.7988095238095239 0.469969040247678 0.6297619047619047 0.465015479876161 0.6190476190476191 0.4582043343653251 0.6190476190476191 
28 0.421671826625387 0.6285714285714286 0.42105263157894735 0.6297619047619047 0.41609907120743034 0.6476190476190476 0.41609907120743034 0.694047619047619 0.4260061919504644 0.7892857142857143 0.4309597523219814 0.7988095238095239 0.4340557275541796 0.7988095238095239 0.44024767801857584 0.7892857142857143 0.44458204334365325 0.7797619047619048 0.4452012383900929 0.7761904761904762 0.4551083591331269 0.680952380952381 0.4551083591331269 0.6702380952380952 0.4501547987616099 0.6404761904761904 0.44953560371517026 0.638095238095238 0.4452012383900929 0.6285714285714286 0.421671826625387 0.6285714285714286 
29 0.39195046439628484 0.6190476190476191 0.3913312693498452 0.6214285714285714 0.3863777089783282 0.7142857142857143 0.3863777089783282 0.7690476190476191 0.3913312693498452 0.7797619047619048 0.3993808049535604 0.7797619047619048 0.4105263157894737 0.7607142857142857 0.42043343653250775 0.7309523809523809 0.42538699690402476 0.694047619047619 0.43034055727554177 0.6369047619047619 0.43034055727554177 0.6190476190476191 0.39195046439628484 0.6190476190476191 
30 0.3473684210526316 0.5904761904761905 0.34674922600619196 0.594047619047619 0.3318885448916409 0.6857142857142857 0.3318885448916409 0.7392857142857143 0.33250773993808047 0.7416666666666667 0.3572755417956656 0.7690476190476191 0.3585139318885449 0.7702380952380953 0.3752321981424149 0.7702380952380953 0.38080495356037153 0.7595238095238095 0.38575851393188854 0.7416666666666667 0.4006191950464396 0.6642857142857143 0.4006191950464396 0.6107142857142858 0.39504643962848296 0.6 0.3801857585139319 0.5904761904761905 0.3473684210526316 0.5904761904761905 
31 0.31207430340557274 0.5523809523809524 0.30712074303405573 0.5630952380952381 0.3021671826625387 0.580952380952381 0.3021671826625387 0.694047619047619 0.32074303405572757 0.694047619047619 0.33126934984520123 0.6845238095238095 0.33622291021671824 0.675 0.3510835913312694 0.6369047619047619 0.3510835913312694 0.5833333333333334 0.3504643962848297 0.580952380952381 0.3411764705882353 0.5619047619047619 0.330030959752322 0.5523809523809524 0.31207430340557274 0.5523809523809524 