1 0.3176470588235294 0.3523809523809524 0.31207430340557274 0.3619047619047619 0.30712074303405573 0.37142857142857144 0.30712074303405573 0.42738095238095236 0.3176470588235294 0.44642857142857145 0.3411764705882353 0.44642857142857145 0.3461300309597523 0.42738095238095236 0.3510835913312694 0.40714285714285714 0.3510835913312694 0.37142857142857144 0.34055727554179566 0.3523809523809524 0.3176470588235294 0.3523809523809524 
2 0.35170278637770896 0.38095238095238093 0.34179566563467495 0.4011904761904762 0.32260061919504646 0.4666666666666667 0.3170278637770898 0.4869047619047619 0.3170278637770898 0.5214285714285715 0.32260061919504646 0.5321428571428571 0.33250773993808047 0.5416666666666666 0.34179566563467495 0.55 0.34365325077399383 0.5511904761904762 0.3461300309597523 0.5511904761904762 0.3492260061919505 0.55 0.3603715170278638 0.5416666666666666 0.36594427244582045 0.5321428571428571 0.36594427244582045 0.4583333333333333 0.3609907120743034 0.3821428571428571 0.35975232198142415 0.38095238095238093 0.35170278637770896 0.38095238095238093 
3 0.36780185758513934 0.41904761904761906 0.36656346749226004 0.42023809523809524 0.3622291021671827 0.42857142857142855 0.36160990712074303 0.43333333333333335 0.356656346749226 0.525 0.356656346749226 0.569047619047619 0.36160990712074303 0.5880952380952381 0.3622291021671827 0.5892857142857143 0.4 0.5892857142857143 0.4006191950464396 0.5869047619047619 0.4006191950464396 0.49523809523809526 0.3956656346749226 0.430952380952381 0.39504643962848296 0.42857142857142855 0.39009287925696595 0.41904761904761906 0.36780185758513934 0.41904761904761906 
4 0.4117647058823529 0.41904761904761906 0.40619195046439627 0.42857142857142855 0.39628482972136225 0.46785714285714286 0.39195046439628484 0.4857142857142857 0.3913312693498452 0.48928571428571427 0.3913312693498452 0.5035714285714286 0.39628482972136225 0.5785714285714286 0.40123839009287926 0.6071428571428571 0.4024767801857585 0.6083333333333333 0.42043343653250775 0.6083333333333333 0.4247678018575851 0.5988095238095238 0.42538699690402476 0.5964285714285714 0.42538699690402476 0.5142857142857142 0.42043343653250775 0.4297619047619048 0.4154798761609907 0.41904761904761906 0.4117647058823529 0.41904761904761906 
5 0.4260061919504644 0.41904761904761906 0.42105263157894735 0.4357142857142857 0.41609907120743034 0.45714285714285713 0.41609907120743034 0.5190476190476191 0.42105263157894735 0.6071428571428571 0.42229102167182664 0.6083333333333333 0.43962848297213625 0.6083333333333333 0.4452012383900929 0.5976190476190476 0.44953560371517026 0.5880952380952381 0.4501547987616099 0.5857142857142857 0.4501547987616099 0.5345238095238095 0.44024767801857584 0.42857142857142855 0.43529411764705883 0.41904761904761906 0.4260061919504644 0.41904761904761906 
6 0.448297213622291 0.3904761904761905 0.4458204334365325 0.39166666666666666 0.4408668730650155 0.4095238095238095 0.4359133126934985 0.4773809523809524 0.4359133126934985 0.513095238095238 0.4408668730650155 0.6178571428571429 0.4582043343653251 0.6178571428571429 0.460061919504644 0.6142857142857143 0.465015479876161 0.5988095238095238 0.465015479876161 0.5369047619047619 0.460061919504644 0.3904761904761905 0.448297213622291 0.3904761904761905 
7 0.46068111455108357 0.41904761904761906 0.46068111455108357 0.6178571428571429 0.4792569659442725 0.6178571428571429 0.47987616099071206 0.6166666666666667 0.47987616099071206 0.4857142857142857 0.47492260061919506 0.42142857142857143 0.4743034055727554 0.41904761904761906 0.46068111455108357 0.41904761904761906 
8 0.486687306501548 0.42857142857142855 0.4854489164086687 0.4297619047619048 0.4804953560371517 0.4392857142857143 0.47554179566563465 0.4583333333333333 0.47554179566563465 0.625 0.4761609907120743 0.6273809523809524 0.48173374613003095 0.6369047619047619 0.4934984520123839 0.6369047619047619 0.5046439628482973 0.6273809523809524 0.5046439628482973 0.5726190476190476 0.4996904024767802 0.44761904761904764 0.49473684210526314 0.42857142857142855 0.486687306501548 0.42857142857142855 
9 0.5102167182662539 0.42857142857142855 0.5058823529411764 0.4380952380952381 0.5052631578947369 0.44047619047619047 0.5003095975232198 0.5047619047619047 0.5003095975232198 0.6357142857142857 0.5009287925696595 0.6369047619047619 0.5176470588235295 0.6369047619047619 0.5195046439628483 0.6357142857142857 0.5294117647058824 0.6273809523809524 0.5294117647058824 0.5630952380952381 0.5244582043343653 0.4380952380952381 0.5195046439628483 0.42857142857142855 0.5102167182662539 0.42857142857142855 
10 0.525077399380805 0.4380952380952381 0.5207430340557275 0.45714285714285713 0.5201238390092879 0.4630952380952381 0.5201238390092879 0.5702380952380952 0.525077399380805 0.6178571428571429 0.5442724458204334 0.6178571428571429 0.5492260061919505 0.6071428571428571 0.5492260061919505 0.5904761904761905 0.5393188854489164 0.44047619047619047 0.5386996904024768 0.4380952380952381 0.525077399380805 0.4380952380952381 
11 0.551702786377709 0.4 0.5498452012383901 0.4011904761904762 0.544891640866873 0.4095238095238095 0.5399380804953561 0.5238095238095238 0.5399380804953561 0.5702380952380952 0.544891640866873 0.6071428571428571 0.5504643962848297 0.6178571428571429 0.561609907120743 0.6178571428571429 0.5634674922600619 0.6166666666666667 0.5690402476780185 0.5976190476190476 0.5690402476780185 0.5619047619047619 0.5640866873065016 0.4011904761904762 0.5634674922600619 0.4 0.551702786377709 0.4 
12 0.5708978328173374 0.41904761904761906 0.5696594427244582 0.42023809523809524 0.5647058823529412 0.4297619047619048 0.5597523219814241 0.45714285714285713 0.5597523219814241 0.5702380952380952 0.5647058823529412 0.6047619047619047 0.5702786377708978 0.6083333333333333 0.58328173374613 0.6083333333333333 0.5839009287925696 0.6071428571428571 0.5888544891640867 0.55 0.5888544891640867 0.44761904761904764 0.5839009287925696 0.42857142857142855 0.5789473684210527 0.42023809523809524 0.5770897832817338 0.41904761904761906 0.5708978328173374 0.41904761904761906 
13 0.590092879256966 0.44761904761904764 0.5845201238390093 0.45714285714285713 0.5795665634674922 0.5428571428571428 0.5795665634674922 0.5976190476190476 0.590092879256966 0.6083333333333333 0.6080495356037152 0.6083333333333333 0.6136222910216719 0.5988095238095238 0.6136222910216719 0.5833333333333334 0.6080495356037152 0.4857142857142857 0.6074303405572755 0.47619047619047616 0.6037151702786377 0.4488095238095238 0.6030959752321982 0.44761904761904764 0.590092879256966 0.44761904761904764 
14 0.6191950464396285 0.42857142857142855 0.6142414860681115 0.4380952380952381 0.6099071207430341 0.44761904761904764 0.6043343653250774 0.4666666666666667 0.6043343653250774 0.5892857142857143 0.6092879256965944 0.5988095238095238 0.6427244582043343 0.5988095238095238 0.6476780185758514 0.5892857142857143 0.648297213622291 0.5869047619047619 0.648297213622291 0.5369047619047619 0.638390092879257 0.44285714285714284 0.6377708978328174 0.4380952380952381 0.6334365325077399 0.42857142857142855 0.6191950464396285 0.42857142857142855 
15 0.6489164086687307 0.38095238095238093 0.6445820433436532 0.3904761904761905 0.6390092879256966 0.4095238095238095 0.6390092879256966 0.5321428571428571 0.6439628482972136 0.5571428571428572 0.6445820433436532 0.5595238095238095 0.6452012383900929 0.5607142857142857 0.6730650154798762 0.5607142857142857 0.6829721362229102 0.5511904761904762 0.6873065015479877 0.5416666666666666 0.6879256965944273 0.5380952380952381 0.6879256965944273 0.5202380952380953 0.6873065015479877 0.5142857142857142 0.6631578947368421 0.4023809523809524 0.6582043343653251 0.38095238095238093 0.6489164086687307 0.38095238095238093 
16 0.6712074303405573 0.37142857142857144 0.6687306501547987 0.3726190476190476 0.6594427244582043 0.38095238095238093 0.6588235294117647 0.3821428571428571 0.6588235294117647 0.4369047619047619 0.6687306501547987 0.45595238095238094 0.6928792569659443 0.45595238095238094 0.7027863777089783 0.4261904761904762 0.7027863777089783 0.4011904761904762 0.6928792569659443 0.37142857142857144 0.6712074303405573 0.37142857142857144 
17 0.6693498452012384 0.6285714285714286 0.6489164086687307 0.6476190476190476 0.6439628482972136 0.6583333333333333 0.6439628482972136 0.6797619047619048 0.6445820433436532 0.6845238095238095 0.6489164086687307 0.7130952380952381 0.6637770897832818 0.75 0.6736842105263158 0.7702380952380953 0.6786377708978328 0.7785714285714286 0.679876160990712 0.7797619047619048 0.6972136222910217 0.7797619047619048 0.7114551083591332 0.7702380952380953 0.7120743034055728 0.7690476190476191 0.7126934984520124 0.7666666666666667 0.7126934984520124 0.736904761904762 0.7120743034055728 0.7333333333333333 0.6922600619195046 0.638095238095238 0.6879256965944273 0.6285714285714286 0.6693498452012384 0.6285714285714286 
19 0.6204334365325077 0.6285714285714286 0.595046439628483 0.6476190476190476 0.5944272445820433 0.6488095238095238 0.5944272445820433 0.7130952380952381 0.6142414860681115 0.7785714285714286 0.6241486068111455 0.8071428571428572 0.6340557275541796 0.8166666666666667 0.6359133126934985 0.8178571428571428 0.6427244582043343 0.8178571428571428 0.6631578947368421 0.7988095238095239 0.6631578947368421 0.7619047619047619 0.638390092879257 0.6309523809523809 0.6377708978328174 0.6285714285714286 0.6204334365325077 0.6285714285714286 
20 0.5845201238390093 0.6488095238095238 0.5746130030959752 0.6571428571428571 0.5702786377708978 0.6666666666666666 0.5696594427244582 0.6702380952380952 0.5696594427244582 0.694047619047619 0.5746130030959752 0.7380952380952381 0.5801857585139318 0.7702380952380953 0.5845201238390093 0.7880952380952381 0.5894736842105263 0.805952380952381 0.5944272445820433 0.8178571428571428 0.6074303405572755 0.8178571428571428 0.6086687306501548 0.8166666666666667 0.6086687306501548 0.7869047619047619 0.6037151702786377 0.7047619047619048 0.5987616099071208 0.6571428571428571 0.5938080495356037 0.6488095238095238 0.5845201238390093 0.6488095238095238 
21 0.5498452012383901 0.6571428571428571 0.5498452012383901 0.7511904761904762 0.5547987616099072 0.8178571428571428 0.5634674922600619 0.8178571428571428 0.5690402476780185 0.8083333333333333 0.5789473684210527 0.694047619047619 0.5789473684210527 0.6619047619047619 0.578328173374613 0.6571428571428571 0.5498452012383901 0.6571428571428571 
22 0.5374613003095975 0.638095238095238 0.534984520123839 0.6404761904761904 0.5306501547987617 0.6476190476190476 0.530030959752322 0.6488095238095238 0.525077399380805 0.6833333333333333 0.525077399380805 0.7523809523809524 0.530030959752322 0.8321428571428572 0.5306501547987617 0.8369047619047619 0.5442724458204334 0.8369047619047619 0.5492260061919505 0.8261904761904761 0.5541795665634675 0.7392857142857143 0.5541795665634675 0.6666666666666666 0.5479876160990712 0.6476190476190476 0.5430340557275541 0.638095238095238 0.5374613003095975 0.638095238095238 
23 0.5120743034055728 0.6476190476190476 0.5102167182662539 0.6488095238095238 0.5102167182662539 0.7892857142857143 0.5151702786377709 0.8261904761904761 0.5157894736842106 0.8273809523809523 0.5244582043343653 0.8273809523809523 0.5294117647058824 0.8130952380952381 0.5343653250773994 0.6821428571428572 0.5343653250773994 0.6595238095238095 0.5294117647058824 0.6488095238095238 0.5281733746130031 0.6476190476190476 0.5120743034055728 0.6476190476190476 
24 0.4953560371517028 0.6476190476190476 0.4953560371517028 0.7404761904761905 0.5003095975232198 0.7988095238095239 0.5058823529411764 0.8083333333333333 0.5145510835913313 0.8083333333333333 0.5145510835913313 0.6476190476190476 0.4953560371517028 0.6476190476190476 
25 0.4804953560371517 0.6476190476190476 0.4804953560371517 0.7226190476190476 0.4854489164086687 0.7690476190476191 0.4904024767801858 0.8083333333333333 0.49907120743034056 0.8083333333333333 0.4996904024767802 0.805952380952381 0.4996904024767802 0.6511904761904762 0.4984520123839009 0.6476190476190476 0.4804953560371517 0.6476190476190476 
26 0.4662538699690402 0.6476190476190476 0.46563467492260063 0.6488095238095238 0.46563467492260063 0.675 0.47554179566563465 0.8083333333333333 0.48297213622291024 0.8083333333333333 0.4848297213622291 0.8071428571428572 0.4848297213622291 0.6476190476190476 0.4662538699690402 0.6476190476190476 
27 0.45077399380804956 0.638095238095238 0.4458204334365325 0.6571428571428571 0.4458204334365325 0.7321428571428571 0.45077399380804956 0.8083333333333333 0.45572755417956656 0.8369047619047619 0.46439628482972134 0.8369047619047619 0.469969040247678 0.8178571428571428 0.469969040247678 0.6678571428571428 0.465015479876161 0.638095238095238 0.45077399380804956 0.638095238095238 
28 0.426625386996904 0.6476190476190476 0.421671826625387 0.6571428571428571 0.42105263157894735 0.6630952380952381 0.42105263157894735 0.7083333333333334 0.4260061919504644 0.7511904761904762 0.4359133126934985 0.8261904761904761 0.43839009287925695 0.8273809523809523 0.44024767801857584 0.8273809523809523 0.4452012383900929 0.8178571428571428 0.44953560371517026 0.8083333333333333 0.4501547987616099 0.805952380952381 0.4501547987616099 0.6571428571428571 0.4439628482972136 0.6476190476190476 0.426625386996904 0.6476190476190476 
29 0.40619195046439627 0.6476190476190476 0.40123839009287926 0.6583333333333333 0.39628482972136225 0.6797619047619048 0.39628482972136225 0.7119047619047619 0.40123839009287926 0.8047619047619048 0.4018575851393189 0.8083333333333333 0.40619195046439627 0.8166666666666667 0.40743034055727556 0.8178571428571428 0.4148606811145511 0.8178571428571428 0.4154798761609907 0.8166666666666667 0.42043343653250775 0.7988095238095239 0.42538699690402476 0.7702380952380953 0.43034055727554177 0.7309523809523809 0.43034055727554177 0.7047619047619048 0.42538699690402476 0.6571428571428571 0.42043343653250775 0.6476190476190476 0.40619195046439627 0.6476190476190476 
30 0.3715170278637771 0.6190476190476191 0.3622291021671827 0.6285714285714286 0.36160990712074303 0.6297619047619047 0.356656346749226 0.65 0.34179566563467495 0.7619047619047619 0.34179566563467495 0.7988095238095239 0.356656346749226 0.8178571428571428 0.37089783281733746 0.8178571428571428 0.3801857585139319 0.8083333333333333 0.38575851393188854 0.7988095238095239 0.3907120743034056 0.7880952380952381 0.39504643962848296 0.7690476190476191 0.4006191950464396 0.7404761904761905 0.4055727554179567 0.7119047619047619 0.4105263157894737 0.6642857142857143 0.4105263157894737 0.65 0.40495356037151703 0.638095238095238 0.39504643962848296 0.6285714285714286 0.38328173374613 0.6190476190476191 0.3715170278637771 0.6190476190476191 
31 0.3170278637770898 0.6190476190476191 0.31207430340557274 0.6285714285714286 0.29721362229102166 0.6761904761904762 0.2873065015479876 0.7166666666666667 0.2873065015479876 0.7607142857142857 0.29721362229102166 0.7690476190476191 0.29907120743034055 0.7702380952380953 0.3157894736842105 0.7702380952380953 0.3256965944272446 0.7595238095238095 0.3306501547987616 0.7511904761904762 0.33622291021671824 0.7416666666666667 0.3411764705882353 0.7309523809523809 0.3560371517027864 0.6928571428571428 0.3560371517027864 0.6571428571428571 0.3504643962848297 0.638095238095238 0.3461300309597523 0.6297619047619047 0.33622291021671824 0.6190476190476191 0.3170278637770898 0.6190476190476191 