6 0.41238390092879257 0.29523809523809524 0.41114551083591333 0.29642857142857143 0.40619195046439627 0.31666666666666665 0.40619195046439627 0.4452380952380952 0.41114551083591333 0.5011904761904762 0.41609907120743034 0.5404761904761904 0.421671826625387 0.5511904761904762 0.43962848297213625 0.5511904761904762 0.4452012383900929 0.5404761904761904 0.4452012383900929 0.46785714285714286 0.43034055727554177 0.3142857142857143 0.42538699690402476 0.29642857142857143 0.4235294117647059 0.29523809523809524 0.41238390092879257 0.29523809523809524 
7 0.4458204334365325 0.34285714285714286 0.4408668730650155 0.46904761904761905 0.4408668730650155 0.5297619047619048 0.44148606811145513 0.5321428571428571 0.44643962848297214 0.5416666666666666 0.4743034055727554 0.5416666666666666 0.47492260061919506 0.5404761904761904 0.47492260061919506 0.49642857142857144 0.465015479876161 0.3547619047619048 0.46439628482972134 0.3523809523809524 0.45944272445820433 0.34285714285714286 0.4458204334365325 0.34285714285714286 
8 0.4823529411764706 0.3523809523809524 0.4804953560371517 0.3535714285714286 0.47058823529411764 0.3821428571428571 0.47058823529411764 0.5476190476190477 0.4712074303405573 0.5511904761904762 0.5046439628482973 0.5511904761904762 0.5046439628482973 0.4583333333333333 0.4996904024767802 0.38333333333333336 0.49473684210526314 0.3523809523809524 0.4823529411764706 0.3523809523809524 
9 0.5201238390092879 0.4380952380952381 0.5052631578947369 0.4666666666666667 0.5003095975232198 0.4880952380952381 0.5003095975232198 0.55 0.5009287925696595 0.5511904761904762 0.5393188854489164 0.5511904761904762 0.5442724458204334 0.5404761904761904 0.5442724458204334 0.5333333333333333 0.5436532507739938 0.49523809523809526 0.5393188854489164 0.45714285714285713 0.5343653250773994 0.4380952380952381 0.5201238390092879 0.4380952380952381 
10 0.5597523219814241 0.37142857142857144 0.5547987616099072 0.38095238095238093 0.5498452012383901 0.4 0.5356037151702786 0.4857142857142857 0.534984520123839 0.49166666666666664 0.534984520123839 0.5511904761904762 0.5634674922600619 0.5511904761904762 0.5690402476780185 0.5416666666666666 0.5739938080495356 0.475 0.5739938080495356 0.37142857142857144 0.5597523219814241 0.37142857142857144 
11 0.5944272445820433 0.3333333333333333 0.5851393188854489 0.3523809523809524 0.5647058823529412 0.47023809523809523 0.5647058823529412 0.5607142857142857 0.5696594427244582 0.5702380952380952 0.5839009287925696 0.5702380952380952 0.5938080495356037 0.5607142857142857 0.6037151702786377 0.49166666666666664 0.6086687306501548 0.45595238095238094 0.6086687306501548 0.37142857142857144 0.6037151702786377 0.3333333333333333 0.5944272445820433 0.3333333333333333 
12 0.6198142414860681 0.3904761904761905 0.6142414860681115 0.4 0.590092879256966 0.5142857142857142 0.5894736842105263 0.5190476190476191 0.5894736842105263 0.5571428571428572 0.590092879256966 0.5607142857142857 0.595046439628483 0.5702380952380952 0.6235294117647059 0.5702380952380952 0.628482972136223 0.5416666666666666 0.6334365325077399 0.475 0.6334365325077399 0.4 0.628482972136223 0.39166666666666666 0.6272445820433437 0.3904761904761905 0.6198142414860681 0.3904761904761905 
13 0.6340557275541796 0.38095238095238093 0.6291021671826625 0.4011904761904762 0.6191950464396285 0.5333333333333333 0.6191950464396285 0.5595238095238095 0.6241486068111455 0.5785714285714286 0.6352941176470588 0.5892857142857143 0.648297213622291 0.5892857142857143 0.653250773993808 0.5785714285714286 0.653250773993808 0.4392857142857143 0.648297213622291 0.38095238095238093 0.6340557275541796 0.38095238095238093 
20 0.6043343653250774 0.5714285714285714 0.6043343653250774 0.7119047619047619 0.6092879256965944 0.7607142857142857 0.6142414860681115 0.7869047619047619 0.614860681114551 0.7892857142857143 0.6334365325077399 0.7892857142857143 0.6377708978328174 0.7797619047619048 0.638390092879257 0.7773809523809524 0.638390092879257 0.594047619047619 0.6377708978328174 0.5904761904761905 0.6334365325077399 0.5726190476190476 0.6328173374613003 0.5714285714285714 0.6043343653250774 0.5714285714285714 
21 0.5752321981424149 0.5714285714285714 0.5746130030959752 0.5726190476190476 0.5696594427244582 0.6488095238095238 0.5696594427244582 0.6511904761904762 0.5795665634674922 0.7785714285714286 0.5851393188854489 0.7892857142857143 0.5931888544891641 0.7892857142857143 0.5987616099071208 0.7797619047619048 0.6086687306501548 0.6845238095238095 0.6086687306501548 0.5916666666666667 0.6037151702786377 0.5738095238095238 0.6030959752321982 0.5726190476190476 0.6012383900928793 0.5714285714285714 0.5752321981424149 0.5714285714285714 
22 0.5405572755417957 0.5619047619047619 0.5399380804953561 0.5642857142857143 0.5399380804953561 0.6083333333333333 0.5498452012383901 0.7797619047619048 0.5547987616099072 0.7988095238095239 0.5628482972136223 0.7988095238095239 0.5634674922600619 0.7976190476190477 0.5690402476780185 0.7797619047619048 0.5690402476780185 0.5821428571428572 0.5585139318885449 0.5619047619047619 0.5405572755417957 0.5619047619047619 
23 0.5201238390092879 0.5619047619047619 0.5151702786377709 0.6571428571428571 0.5151702786377709 0.7392857142857143 0.5157894736842106 0.7416666666666667 0.5244582043343653 0.7416666666666667 0.5294117647058824 0.7321428571428571 0.5393188854489164 0.6845238095238095 0.5442724458204334 0.6428571428571429 0.5442724458204334 0.5726190476190476 0.5393188854489164 0.5619047619047619 0.5201238390092879 0.5619047619047619 
24 0.5157894736842106 0.5619047619047619 0.49597523219814244 0.5714285714285714 0.4953560371517028 0.5785714285714286 0.4953560371517028 0.6464285714285715 0.5003095975232198 0.7380952380952381 0.5009287925696595 0.7416666666666667 0.5095975232198142 0.7416666666666667 0.5145510835913313 0.7214285714285714 0.5195046439628483 0.694047619047619 0.5195046439628483 0.5619047619047619 0.5157894736842106 0.5619047619047619 
25 0.4804953560371517 0.5619047619047619 0.47554179566563465 0.6107142857142858 0.47554179566563465 0.6845238095238095 0.4804953560371517 0.7404761904761905 0.48111455108359136 0.7416666666666667 0.4885448916408669 0.7416666666666667 0.49473684210526314 0.7321428571428571 0.4996904024767802 0.655952380952381 0.4996904024767802 0.5619047619047619 0.4804953560371517 0.5619047619047619 
26 0.4563467492260062 0.5619047619047619 0.45572755417956656 0.5630952380952381 0.45572755417956656 0.75 0.46068111455108357 0.7690476190476191 0.46253869969040246 0.7702380952380953 0.46439628482972134 0.7702380952380953 0.469969040247678 0.7607142857142857 0.47492260061919506 0.7392857142857143 0.4848297213622291 0.6071428571428571 0.4848297213622291 0.575 0.4842105263157895 0.5714285714285714 0.47987616099071206 0.5619047619047619 0.4563467492260062 0.5619047619047619 
27 0.44148606811145513 0.5619047619047619 0.4309597523219814 0.5904761904761905 0.4260061919504644 0.6202380952380953 0.42105263157894735 0.6571428571428571 0.41609907120743034 0.6952380952380952 0.41114551083591333 0.7428571428571429 0.41114551083591333 0.7892857142857143 0.42043343653250775 0.7892857142857143 0.43034055727554177 0.7702380952380953 0.4452012383900929 0.7130952380952381 0.4501547987616099 0.6916666666666667 0.4551083591331269 0.6654761904761904 0.460061919504644 0.6357142857142857 0.460061919504644 0.5714285714285714 0.4551083591331269 0.5630952380952381 0.4538699690402477 0.5619047619047619 0.44148606811145513 0.5619047619047619 
28 0.3814241486068111 0.5428571428571428 0.3814241486068111 0.6261904761904762 0.3913312693498452 0.7690476190476191 0.39195046439628484 0.7702380952380953 0.4105263157894737 0.7702380952380953 0.4154798761609907 0.7404761904761905 0.4154798761609907 0.5619047619047619 0.4105263157894737 0.5523809523809524 0.4006191950464396 0.5428571428571428 0.3814241486068111 0.5428571428571428 
29 0.36780185758513934 0.5333333333333333 0.35170278637770896 0.5428571428571428 0.34179566563467495 0.705952380952381 0.34179566563467495 0.7583333333333333 0.34241486068111454 0.7607142857142857 0.3473684210526316 0.7702380952380953 0.3560371517027864 0.7702380952380953 0.3653250773993808 0.7607142857142857 0.37089783281733746 0.7416666666666667 0.37585139318885447 0.7226190476190476 0.38080495356037153 0.6845238095238095 0.38080495356037153 0.5428571428571428 0.37585139318885447 0.5333333333333333 0.36780185758513934 0.5333333333333333 
31 0.2873065015479876 0.5047619047619047 0.2625386996904025 0.6404761904761904 0.2625386996904025 0.6845238095238095 0.2823529411764706 0.7035714285714286 0.3015479876160991 0.7035714285714286 0.3065015479876161 0.6928571428571428 0.32136222910216716 0.6369047619047619 0.33126934984520123 0.5976190476190476 0.33622291021671824 0.5773809523809523 0.33622291021671824 0.5154761904761904 0.334984520123839 0.5142857142857142 0.3108359133126935 0.5047619047619047 0.2873065015479876 0.5047619047619047 