2 0.3269349845201238 0.4857142857142857 0.3269349845201238 0.5238095238095238 0.3318885448916409 0.5976190476190476 0.33746130030959753 0.6083333333333333 0.3461300309597523 0.6083333333333333 0.3560371517027864 0.5892857142857143 0.3560371517027864 0.49642857142857144 0.35479876160990714 0.49523809523809526 0.3411764705882353 0.4857142857142857 0.3269349845201238 0.4857142857142857 
3 0.34674922600619196 0.49523809523809526 0.34674922600619196 0.569047619047619 0.35170278637770896 0.5869047619047619 0.35294117647058826 0.5892857142857143 0.36594427244582045 0.5892857142857143 0.37585139318885447 0.569047619047619 0.38080495356037153 0.5488095238095239 0.38080495356037153 0.5238095238095238 0.37585139318885447 0.5142857142857142 0.3702786377708978 0.5047619047619047 0.3609907120743034 0.49523809523809526 0.34674922600619196 0.49523809523809526 
4 0.38699690402476783 0.45714285714285713 0.3814241486068111 0.4666666666666667 0.36160990712074303 0.6023809523809524 0.36160990712074303 0.625 0.3622291021671827 0.6273809523809524 0.36656346749226004 0.6369047619047619 0.3715170278637771 0.6464285714285715 0.3888544891640867 0.6464285714285715 0.3907120743034056 0.6452380952380953 0.3956656346749226 0.6369047619047619 0.4006191950464396 0.6261904761904762 0.4055727554179567 0.5321428571428571 0.4055727554179567 0.4857142857142857 0.4006191950464396 0.45714285714285713 0.38699690402476783 0.45714285714285713 
5 0.40619195046439627 0.41904761904761906 0.4018575851393189 0.42857142857142855 0.40123839009287926 0.430952380952381 0.39628482972136225 0.45714285714285713 0.39628482972136225 0.6059523809523809 0.4018575851393189 0.6273809523809524 0.41114551083591333 0.6357142857142857 0.4136222910216718 0.6369047619047619 0.4247678018575851 0.6369047619047619 0.43034055727554177 0.6261904761904762 0.43529411764705883 0.6083333333333333 0.43529411764705883 0.5452380952380952 0.42538699690402476 0.45714285714285713 0.42043343653250775 0.4297619047619048 0.4154798761609907 0.42023809523809524 0.4136222910216718 0.41904761904761906 0.40619195046439627 0.41904761904761906 
6 0.4321981424148607 0.4095238095238095 0.4309597523219814 0.4107142857142857 0.4260061919504644 0.41904761904761906 0.42105263157894735 0.44761904761904764 0.42105263157894735 0.6238095238095238 0.4260061919504644 0.6452380952380953 0.4309597523219814 0.655952380952381 0.4458204334365325 0.655952380952381 0.44891640866873067 0.6523809523809524 0.4544891640866873 0.6369047619047619 0.4551083591331269 0.6333333333333333 0.4551083591331269 0.5726190476190476 0.4501547987616099 0.43214285714285716 0.4452012383900929 0.4095238095238095 0.4321981424148607 0.4095238095238095 
11 0.5504643962848297 0.4095238095238095 0.5498452012383901 0.4107142857142857 0.544891640866873 0.42857142857142855 0.544891640866873 0.5607142857142857 0.5498452012383901 0.6261904761904762 0.5603715170278638 0.6464285714285715 0.578328173374613 0.6464285714285715 0.5839009287925696 0.6261904761904762 0.5839009287925696 0.5916666666666667 0.5739938080495356 0.4488095238095238 0.5690402476780185 0.42142857142857143 0.5640866873065016 0.4095238095238095 0.5504643962848297 0.4095238095238095 
12 0.5696594427244582 0.42857142857142855 0.5696594427244582 0.5297619047619048 0.5746130030959752 0.5988095238095238 0.5795665634674922 0.6166666666666667 0.5845201238390093 0.6273809523809524 0.5894736842105263 0.6369047619047619 0.6086687306501548 0.6369047619047619 0.6136222910216719 0.6261904761904762 0.6136222910216719 0.580952380952381 0.5938080495356037 0.44166666666666665 0.5931888544891641 0.4380952380952381 0.5882352941176471 0.42857142857142855 0.5696594427244582 0.42857142857142855 
13 0.604953560371517 0.45714285714285713 0.5993808049535604 0.46785714285714286 0.5944272445820433 0.4857142857142857 0.5944272445820433 0.513095238095238 0.5993808049535604 0.5678571428571428 0.604953560371517 0.5797619047619048 0.6160990712074303 0.5797619047619048 0.6235294117647059 0.5702380952380952 0.6235294117647059 0.46785714285714286 0.6185758513931888 0.45714285714285713 0.604953560371517 0.45714285714285713 
18 0.6489164086687307 0.6190476190476191 0.6489164086687307 0.6452380952380953 0.6588235294117647 0.6642857142857143 0.660061919504644 0.6654761904761904 0.6928792569659443 0.6654761904761904 0.6978328173374613 0.655952380952381 0.6978328173374613 0.6190476190476191 0.6489164086687307 0.6190476190476191 
19 0.6346749226006192 0.6190476190476191 0.6092879256965944 0.638095238095238 0.5993808049535604 0.6476190476190476 0.5993808049535604 0.7035714285714286 0.6092879256965944 0.7416666666666667 0.614860681114551 0.7511904761904762 0.6247678018575852 0.7607142857142857 0.6371517027863777 0.7607142857142857 0.6625386996904025 0.7416666666666667 0.6631578947368421 0.7392857142857143 0.6631578947368421 0.6857142857142857 0.6582043343653251 0.6571428571428571 0.648297213622291 0.6190476190476191 0.6346749226006192 0.6190476190476191 
21 0.5504643962848297 0.6095238095238096 0.5498452012383901 0.611904761904762 0.5498452012383901 0.6928571428571428 0.5547987616099072 0.7607142857142857 0.5597523219814241 0.7892857142857143 0.578328173374613 0.7892857142857143 0.5789473684210527 0.7869047619047619 0.5839009287925696 0.7595238095238095 0.5839009287925696 0.6857142857142857 0.5789473684210527 0.6285714285714286 0.5541795665634675 0.6095238095238096 0.5504643962848297 0.6095238095238096 
22 0.534984520123839 0.5821428571428572 0.525077399380805 0.5904761904761905 0.525077399380805 0.7023809523809523 0.530030959752322 0.7892857142857143 0.5405572755417957 0.8273809523809523 0.5585139318885449 0.8273809523809523 0.5634674922600619 0.8178571428571428 0.5640866873065016 0.8142857142857143 0.5640866873065016 0.8011904761904762 0.5541795665634675 0.6011904761904762 0.5492260061919505 0.5904761904761905 0.5362229102167183 0.5821428571428572 0.534984520123839 0.5821428571428572 
23 0.5058823529411764 0.5904761904761905 0.5052631578947369 0.5928571428571429 0.5052631578947369 0.6369047619047619 0.5102167182662539 0.7119047619047619 0.5151702786377709 0.7607142857142857 0.5287925696594428 0.7607142857142857 0.5294117647058824 0.7595238095238095 0.5294117647058824 0.6011904761904762 0.5244582043343653 0.5904761904761905 0.5058823529411764 0.5904761904761905 
24 0.49287925696594426 0.5714285714285714 0.4904024767801858 0.5726190476190476 0.4904024767801858 0.6464285714285715 0.4953560371517028 0.7095238095238096 0.5003095975232198 0.7511904761904762 0.5089783281733746 0.7511904761904762 0.5108359133126935 0.7416666666666667 0.5108359133126935 0.6571428571428571 0.5095975232198142 0.5738095238095238 0.508359133126935 0.5714285714285714 0.49287925696594426 0.5714285714285714 
25 0.47554179566563465 0.5904761904761905 0.47554179566563465 0.6357142857142857 0.4804953560371517 0.6845238095238095 0.4904024767801858 0.7511904761904762 0.4953560371517028 0.7690476190476191 0.496594427244582 0.7702380952380953 0.49907120743034056 0.7702380952380953 0.4996904024767802 0.7690476190476191 0.4996904024767802 0.6583333333333333 0.49473684210526314 0.5916666666666667 0.4934984520123839 0.5904761904761905 0.47554179566563465 0.5904761904761905 
26 0.47368421052631576 0.580952380952381 0.47058823529411764 0.5821428571428572 0.46068111455108357 0.5904761904761905 0.46068111455108357 0.655952380952381 0.47554179566563465 0.7511904761904762 0.48111455108359136 0.7702380952380953 0.48606811145510836 0.7797619047619048 0.49473684210526314 0.7797619047619048 0.49473684210526314 0.7142857142857143 0.47987616099071206 0.580952380952381 0.47368421052631576 0.580952380952381 
27 0.45139318885448915 0.6 0.4309597523219814 0.6476190476190476 0.4309597523219814 0.6654761904761904 0.4458204334365325 0.7988095238095239 0.45077399380804956 0.8261904761904761 0.45572755417956656 0.8488095238095238 0.4569659442724458 0.8523809523809524 0.460061919504644 0.8559523809523809 0.465015479876161 0.8559523809523809 0.469969040247678 0.8452380952380952 0.47987616099071206 0.8178571428571428 0.47987616099071206 0.7130952380952381 0.4792569659442725 0.7047619047619048 0.465015479876161 0.6095238095238096 0.45758513931888545 0.6 0.45139318885448915 0.6 
28 0.40743034055727556 0.6190476190476191 0.40619195046439627 0.6202380952380953 0.40619195046439627 0.7178571428571429 0.4068111455108359 0.7214285714285714 0.41609907120743034 0.7654761904761904 0.41671826625387 0.7678571428571429 0.42105263157894735 0.7785714285714286 0.43157894736842106 0.7988095238095239 0.44024767801857584 0.7988095238095239 0.44458204334365325 0.7892857142857143 0.4452012383900929 0.7869047619047619 0.4452012383900929 0.7142857142857143 0.44024767801857584 0.6571428571428571 0.43034055727554177 0.6214285714285714 0.42910216718266253 0.6190476190476191 0.40743034055727556 0.6190476190476191 