1 0.2532507739938081 0.4095238095238095 0.25263157894736843 0.4107142857142857 0.2476780185758514 0.4297619047619048 0.23777089783281732 0.5428571428571428 0.23777089783281732 0.5702380952380952 0.24272445820433436 0.5892857142857143 0.2854489164086687 0.5892857142857143 0.286687306501548 0.5880952380952381 0.286687306501548 0.5345238095238095 0.27678018575851393 0.44285714285714284 0.2761609907120743 0.4380952380952381 0.2718266253869969 0.4095238095238095 0.2532507739938081 0.4095238095238095 
2 0.2885448916408669 0.4 0.2873065015479876 0.4011904761904762 0.2823529411764706 0.4107142857142857 0.2773993808049536 0.5380952380952381 0.2773993808049536 0.5404761904761904 0.2823529411764706 0.5892857142857143 0.3201238390092879 0.5892857142857143 0.32136222910216716 0.5880952380952381 0.3263157894736842 0.5785714285714286 0.3263157894736842 0.5166666666666667 0.31640866873065016 0.45714285714285713 0.31145510835913315 0.42857142857142855 0.3058823529411765 0.4095238095238095 0.3015479876160991 0.4011904761904762 0.30030959752321984 0.4 0.2885448916408669 0.4 
3 0.33250773993808047 0.4857142857142857 0.32260061919504646 0.5047619047619047 0.3219814241486068 0.5083333333333333 0.3219814241486068 0.5785714285714286 0.32260061919504646 0.5797619047619048 0.3653250773993808 0.5797619047619048 0.37585139318885447 0.5702380952380952 0.37585139318885447 0.5297619047619048 0.3746130030959752 0.5238095238095238 0.37089783281733746 0.5083333333333333 0.3702786377708978 0.5059523809523809 0.36594427244582045 0.49523809523809526 0.3609907120743034 0.4857142857142857 0.33250773993808047 0.4857142857142857 
4 0.356656346749226 0.37142857142857144 0.356656346749226 0.444047619047619 0.36656346749226004 0.5321428571428571 0.3715170278637771 0.5666666666666667 0.37275541795665634 0.569047619047619 0.3739938080495356 0.5702380952380952 0.39504643962848296 0.5702380952380952 0.4055727554179567 0.5607142857142857 0.4105263157894737 0.55 0.4105263157894737 0.5059523809523809 0.4055727554179567 0.47619047619047616 0.4006191950464396 0.45714285714285713 0.38080495356037153 0.4 0.37089783281733746 0.3726190476190476 0.3702786377708978 0.37142857142857144 0.356656346749226 0.37142857142857144 
5 0.38699690402476783 0.3523809523809524 0.3814241486068111 0.3738095238095238 0.3814241486068111 0.4357142857142857 0.40123839009287926 0.5607142857142857 0.43034055727554177 0.5607142857142857 0.43962848297213625 0.55 0.44024767801857584 0.5488095238095239 0.44024767801857584 0.48095238095238096 0.43962848297213625 0.47619047619047616 0.43034055727554177 0.4380952380952381 0.4055727554179567 0.37142857142857144 0.3956656346749226 0.3523809523809524 0.38699690402476783 0.3523809523809524 
6 0.42105263157894735 0.3333333333333333 0.42105263157894735 0.4452380952380952 0.4309597523219814 0.5511904761904762 0.4359133126934985 0.5595238095238095 0.43962848297213625 0.5607142857142857 0.4501547987616099 0.5607142857142857 0.460061919504644 0.5511904761904762 0.46439628482972134 0.5416666666666666 0.465015479876161 0.5369047619047619 0.465015479876161 0.525 0.4501547987616099 0.39404761904761904 0.4452012383900929 0.3619047619047619 0.44024767801857584 0.34285714285714286 0.4346749226006192 0.3333333333333333 0.42105263157894735 0.3333333333333333 
7 0.45572755417956656 0.3619047619047619 0.45572755417956656 0.5511904761904762 0.486687306501548 0.5511904761904762 0.4891640866873065 0.55 0.48978328173374613 0.5464285714285714 0.48978328173374613 0.5083333333333333 0.47987616099071206 0.4107142857142857 0.47492260061919506 0.38095238095238093 0.469969040247678 0.3630952380952381 0.4693498452012384 0.3619047619047619 0.45572755417956656 0.3619047619047619 
8 0.4904024767801858 0.3238095238095238 0.4804953560371517 0.36428571428571427 0.47554179566563465 0.5511904761904762 0.4854489164086687 0.5595238095238095 0.4873065015479876 0.5607142857142857 0.5046439628482973 0.5607142857142857 0.5095975232198142 0.55 0.5095975232198142 0.3904761904761905 0.5046439628482973 0.3273809523809524 0.49907120743034056 0.3238095238095238 0.4904024767801858 0.3238095238095238 
9 0.5256965944272446 0.3523809523809524 0.5201238390092879 0.3619047619047619 0.5052631578947369 0.4392857142857143 0.5052631578947369 0.5511904761904762 0.5108359133126935 0.5607142857142857 0.5430340557275541 0.5607142857142857 0.5442724458204334 0.5595238095238095 0.5442724458204334 0.38333333333333336 0.5393188854489164 0.3535714285714286 0.5386996904024768 0.3523809523809524 0.5256965944272446 0.3523809523809524 
10 0.5510835913312694 0.3619047619047619 0.5498452012383901 0.3630952380952381 0.544891640866873 0.37142857142857144 0.5399380804953561 0.39404761904761904 0.5399380804953561 0.55 0.5411764705882353 0.5511904761904762 0.5640866873065016 0.5511904761904762 0.5690402476780185 0.45595238095238094 0.5690402476780185 0.3619047619047619 0.5510835913312694 0.3619047619047619 
11 0.5993808049535604 0.3333333333333333 0.590092879256966 0.34285714285714286 0.5795665634674922 0.3619047619047619 0.5696594427244582 0.3904761904761905 0.5647058823529412 0.4095238095238095 0.5597523219814241 0.44761904761904764 0.5597523219814241 0.5571428571428572 0.5603715170278638 0.5607142857142857 0.5938080495356037 0.5607142857142857 0.6037151702786377 0.42738095238095236 0.6037151702786377 0.3333333333333333 0.5993808049535604 0.3333333333333333 
12 0.6204334365325077 0.3523809523809524 0.6191950464396285 0.3535714285714286 0.6092879256965944 0.3726190476190476 0.5944272445820433 0.42023809523809524 0.5894736842105263 0.44761904761904764 0.5894736842105263 0.5583333333333333 0.590092879256966 0.5607142857142857 0.5944272445820433 0.5702380952380952 0.611764705882353 0.5702380952380952 0.6136222910216719 0.569047619047619 0.6185758513931888 0.5511904761904762 0.6235294117647059 0.513095238095238 0.6334365325077399 0.43452380952380953 0.6334365325077399 0.3523809523809524 0.6204334365325077 0.3523809523809524 
13 0.6297213622291021 0.3904761904761905 0.6291021671826625 0.39166666666666666 0.6191950464396285 0.45714285714285713 0.6092879256965944 0.5428571428571428 0.6092879256965944 0.5607142857142857 0.6191950464396285 0.5785714285714286 0.6210526315789474 0.5797619047619048 0.6377708978328174 0.5797619047619048 0.6427244582043343 0.5702380952380952 0.643343653250774 0.5666666666666667 0.648297213622291 0.5321428571428571 0.648297213622291 0.3904761904761905 0.6297213622291021 0.3904761904761905 
14 0.6749226006191951 0.4095238095238095 0.6736842105263158 0.4107142857142857 0.6687306501547987 0.41904761904761906 0.6544891640866873 0.44761904761904764 0.6489164086687307 0.4666666666666667 0.6439628482972136 0.4857142857142857 0.6340557275541796 0.5630952380952381 0.6340557275541796 0.5761904761904761 0.6346749226006192 0.5797619047619048 0.6439628482972136 0.5892857142857143 0.660061919504644 0.5988095238095238 0.6749226006191951 0.5988095238095238 0.6780185758513931 0.5976190476190476 0.6879256965944273 0.5797619047619048 0.6928792569659443 0.49404761904761907 0.6928792569659443 0.41904761904761906 0.6879256965944273 0.4095238095238095 0.6749226006191951 0.4095238095238095 
15 0.7102167182662539 0.3904761904761905 0.708359133126935 0.39166666666666666 0.6990712074303406 0.4095238095238095 0.6934984520123839 0.4297619047619048 0.6835913312693499 0.49523809523809526 0.6835913312693499 0.5785714285714286 0.6885448916408669 0.5892857142857143 0.7213622291021672 0.5892857142857143 0.7226006191950465 0.5880952380952381 0.7275541795665634 0.5785714285714286 0.7275541795665634 0.5238095238095238 0.7226006191950465 0.4226190476190476 0.7219814241486068 0.41904761904761906 0.7176470588235294 0.4011904761904762 0.7120743034055728 0.3904761904761905 0.7102167182662539 0.3904761904761905 
16 0.7337461300309598 0.41904761904761906 0.7331269349845201 0.42023809523809524 0.7281733746130031 0.4392857142857143 0.718266253869969 0.5154761904761904 0.718266253869969 0.5285714285714286 0.7232198142414861 0.5797619047619048 0.7622291021671826 0.5797619047619048 0.7671826625386997 0.569047619047619 0.7671826625386997 0.5523809523809524 0.76656346749226 0.5428571428571428 0.7572755417956656 0.42023809523809524 0.756656346749226 0.41904761904761906 0.7337461300309598 0.41904761904761906 
17 0.6885448916408669 0.5904761904761905 0.6885448916408669 0.6369047619047619 0.698452012383901 0.6845238095238095 0.718266253869969 0.7226190476190476 0.7386996904024767 0.7511904761904762 0.756656346749226 0.7511904761904762 0.7622291021671826 0.7404761904761905 0.7622291021671826 0.705952380952381 0.7473684210526316 0.5904761904761905 0.6885448916408669 0.5904761904761905 
18 0.6489164086687307 0.6 0.6439628482972136 0.6107142857142858 0.6439628482972136 0.6547619047619048 0.6489164086687307 0.6738095238095239 0.6786377708978328 0.7595238095238095 0.6842105263157895 0.7702380952380953 0.7126934984520124 0.7702380952380953 0.7126934984520124 0.7047619047619048 0.7027863777089783 0.638095238095238 0.6928792569659443 0.6 0.6489164086687307 0.6 
19 0.6043343653250774 0.5904761904761905 0.5993808049535604 0.6 0.5993808049535604 0.6345238095238095 0.6043343653250774 0.6714285714285714 0.6191950464396285 0.75 0.6241486068111455 0.7690476190476191 0.6247678018575852 0.7702380952380953 0.6625386996904025 0.7702380952380953 0.6631578947368421 0.7666666666666667 0.6631578947368421 0.7333333333333333 0.6582043343653251 0.6702380952380952 0.653250773993808 0.6107142857142858 0.648297213622291 0.6 0.6272445820433437 0.5904761904761905 0.6043343653250774 0.5904761904761905 
20 0.5801857585139318 0.5714285714285714 0.5696594427244582 0.580952380952381 0.5696594427244582 0.6178571428571429 0.5746130030959752 0.6547619047619048 0.5894736842105263 0.7297619047619047 0.590092879256966 0.7321428571428571 0.5993808049535604 0.7511904761904762 0.6130030959752322 0.7511904761904762 0.6136222910216719 0.75 0.6136222910216719 0.669047619047619 0.6086687306501548 0.5916666666666667 0.5981424148606811 0.5714285714285714 0.5801857585139318 0.5714285714285714 
21 0.5603715170278638 0.5619047619047619 0.5504643962848297 0.5714285714285714 0.5498452012383901 0.5797619047619048 0.5498452012383901 0.6238095238095238 0.5603715170278638 0.694047619047619 0.5653250773993808 0.7226190476190476 0.5696594427244582 0.7416666666666667 0.5746130030959752 0.75 0.5758513931888545 0.7511904761904762 0.5888544891640867 0.7511904761904762 0.5938080495356037 0.7297619047619047 0.5938080495356037 0.6976190476190476 0.5839009287925696 0.5714285714285714 0.5789473684210527 0.5630952380952381 0.5770897832817338 0.5619047619047619 0.5603715170278638 0.5619047619047619 
22 0.530030959752322 0.5619047619047619 0.525077399380805 0.580952380952381 0.525077399380805 0.6071428571428571 0.530030959752322 0.6654761904761904 0.534984520123839 0.7 0.5399380804953561 0.7309523809523809 0.5498452012383901 0.7702380952380953 0.5547987616099072 0.7797619047619048 0.5591331269349845 0.7797619047619048 0.5640866873065016 0.7607142857142857 0.5640866873065016 0.6392857142857142 0.5591331269349845 0.5726190476190476 0.5541795665634675 0.5619047619047619 0.530030959752322 0.5619047619047619 
23 0.5108359133126935 0.5714285714285714 0.5102167182662539 0.5726190476190476 0.5102167182662539 0.6619047619047619 0.5151702786377709 0.6928571428571428 0.5201238390092879 0.7130952380952381 0.525077399380805 0.7297619047619047 0.530030959752322 0.7404761904761905 0.5306501547987617 0.7416666666666667 0.5386996904024768 0.7416666666666667 0.5393188854489164 0.7404761904761905 0.5393188854489164 0.6666666666666666 0.5343653250773994 0.5738095238095238 0.5337461300309597 0.5714285714285714 0.5108359133126935 0.5714285714285714 
24 0.49102167182662537 0.5714285714285714 0.4904024767801858 0.5726190476190476 0.4904024767801858 0.6357142857142857 0.5003095975232198 0.7130952380952381 0.5052631578947369 0.7309523809523809 0.5065015479876162 0.7321428571428571 0.5195046439628483 0.7321428571428571 0.5195046439628483 0.6571428571428571 0.5145510835913313 0.575 0.5139318885448917 0.5714285714285714 0.49102167182662537 0.5714285714285714 
25 0.4761609907120743 0.5714285714285714 0.47554179566563465 0.5726190476190476 0.47554179566563465 0.655952380952381 0.4904024767801858 0.7416666666666667 0.49907120743034056 0.7416666666666667 0.5046439628482973 0.7309523809523809 0.5046439628482973 0.669047619047619 0.49473684210526314 0.5726190476190476 0.49226006191950467 0.5714285714285714 0.4761609907120743 0.5714285714285714 
26 0.4569659442724458 0.5714285714285714 0.45572755417956656 0.5726190476190476 0.45572755417956656 0.6464285714285715 0.46068111455108357 0.7130952380952381 0.47058823529411764 0.7773809523809524 0.4712074303405573 0.7797619047619048 0.4848297213622291 0.7797619047619048 0.48978328173374613 0.7702380952380953 0.48978328173374613 0.6666666666666666 0.47987616099071206 0.5714285714285714 0.4569659442724458 0.5714285714285714 
27 0.4359133126934985 0.5714285714285714 0.4309597523219814 0.580952380952381 0.4309597523219814 0.6547619047619048 0.4458204334365325 0.7785714285714286 0.45077399380804956 0.7880952380952381 0.4520123839009288 0.7892857142857143 0.45263157894736844 0.7892857142857143 0.4544891640866873 0.7880952380952381 0.460061919504644 0.7797619047619048 0.465015479876161 0.7702380952380953 0.465015479876161 0.6666666666666666 0.460061919504644 0.5738095238095238 0.45944272445820433 0.5714285714285714 0.4359133126934985 0.5714285714285714 
28 0.40619195046439627 0.5714285714285714 0.40123839009287926 0.580952380952381 0.40123839009287926 0.7416666666666667 0.40619195046439627 0.7690476190476191 0.4068111455108359 0.7702380952380953 0.42043343653250775 0.7702380952380953 0.42538699690402476 0.75 0.43529411764705883 0.7035714285714286 0.43529411764705883 0.580952380952381 0.43034055727554177 0.5714285714285714 0.40619195046439627 0.5714285714285714 
29 0.37770897832817335 0.580952380952381 0.37708978328173376 0.5821428571428572 0.3764705882352941 0.5845238095238096 0.3715170278637771 0.6107142857142858 0.3715170278637771 0.7309523809523809 0.3721362229102167 0.7380952380952381 0.3764705882352941 0.7690476190476191 0.3814241486068111 0.7797619047619048 0.39504643962848296 0.7797619047619048 0.3956656346749226 0.7785714285714286 0.4055727554179567 0.6726190476190477 0.4055727554179567 0.580952380952381 0.37770897832817335 0.580952380952381 
30 0.3380804953560371 0.580952380952381 0.3269349845201238 0.5904761904761905 0.3219814241486068 0.6595238095238095 0.3219814241486068 0.7 0.3269349845201238 0.7607142857142857 0.3510835913312694 0.7607142857142857 0.3603715170278638 0.7511904761904762 0.36594427244582045 0.7404761904761905 0.37089783281733746 0.7226190476190476 0.37585139318885447 0.7035714285714286 0.38080495356037153 0.6523809523809524 0.38080495356037153 0.5904761904761905 0.37585139318885447 0.580952380952381 0.3380804953560371 0.580952380952381 
31 0.2835913312693498 0.5904761904761905 0.2773993808049536 0.6 0.2724458204334365 0.6309523809523809 0.2674922600619195 0.6666666666666666 0.2674922600619195 0.75 0.26811145510835915 0.7511904761904762 0.28297213622291023 0.7607142857142857 0.29102167182662536 0.7607142857142857 0.29659442724458207 0.7511904761904762 0.31145510835913315 0.7226190476190476 0.31640866873065016 0.7119047619047619 0.32136222910216716 0.694047619047619 0.3256965944272446 0.675 0.33126934984520123 0.6464285714285715 0.33126934984520123 0.6 0.3108359133126935 0.5904761904761905 0.2835913312693498 0.5904761904761905 