2 0.3269349845201238 0.3619047619047619 0.3219814241486068 0.37142857142857144 0.3176470588235294 0.38095238095238093 0.29226006191950465 0.44761904761904764 0.29226006191950465 0.48333333333333334 0.29721362229102166 0.4928571428571429 0.3176470588235294 0.513095238095238 0.3411764705882353 0.513095238095238 0.3461300309597523 0.5035714285714286 0.3560371517027864 0.4154761904761905 0.3560371517027864 0.38095238095238093 0.3510835913312694 0.37142857142857144 0.3455108359133127 0.3619047619047619 0.3269349845201238 0.3619047619047619 
3 0.3473684210526316 0.4095238095238095 0.34179566563467495 0.4297619047619048 0.3219814241486068 0.5238095238095238 0.3219814241486068 0.569047619047619 0.32260061919504646 0.5702380952380952 0.34241486068111454 0.5892857142857143 0.37089783281733746 0.5892857142857143 0.38080495356037153 0.5702380952380952 0.38080495356037153 0.45714285714285713 0.37089783281733746 0.42023809523809524 0.36594427244582045 0.4095238095238095 0.3473684210526316 0.4095238095238095 
4 0.38823529411764707 0.4380952380952381 0.38699690402476783 0.4392857142857143 0.38204334365325077 0.44761904761904764 0.3814241486068111 0.4511904761904762 0.3715170278637771 0.5333333333333333 0.36656346749226004 0.580952380952381 0.36656346749226004 0.5964285714285714 0.3671826625386997 0.5988095238095238 0.3721362229102167 0.6083333333333333 0.3956656346749226 0.6083333333333333 0.40495356037151703 0.5988095238095238 0.4055727554179567 0.5964285714285714 0.4105263157894737 0.5107142857142857 0.4105263157894737 0.46785714285714286 0.4055727554179567 0.4380952380952381 0.38823529411764707 0.4380952380952381 
5 0.4068111455108359 0.4380952380952381 0.40123839009287926 0.4488095238095238 0.39628482972136225 0.5916666666666667 0.39628482972136225 0.5964285714285714 0.39690402476780184 0.5988095238095238 0.40123839009287926 0.6083333333333333 0.40619195046439627 0.6166666666666667 0.40743034055727556 0.6178571428571429 0.4247678018575851 0.6178571428571429 0.43529411764705883 0.6071428571428571 0.44024767801857584 0.5892857142857143 0.44024767801857584 0.525 0.42538699690402476 0.4666666666666667 0.42043343653250775 0.44761904761904764 0.4148606811145511 0.4380952380952381 0.4068111455108359 0.4380952380952381 
6 0.4235294117647059 0.38095238095238093 0.41609907120743034 0.4095238095238095 0.41609907120743034 0.4369047619047619 0.42105263157894735 0.5023809523809524 0.4359133126934985 0.5976190476190476 0.43777089783281736 0.5988095238095238 0.4501547987616099 0.5988095238095238 0.460061919504644 0.5702380952380952 0.460061919504644 0.5095238095238095 0.4551083591331269 0.4666666666666667 0.43529411764705883 0.38452380952380955 0.4346749226006192 0.3821428571428571 0.4340557275541796 0.38095238095238093 0.4235294117647059 0.38095238095238093 
7 0.47058823529411764 0.42857142857142855 0.46068111455108357 0.46785714285714286 0.45077399380804956 0.5642857142857143 0.45077399380804956 0.6166666666666667 0.45572755417956656 0.6261904761904762 0.4569659442724458 0.6273809523809524 0.4786377708978328 0.6273809523809524 0.47987616099071206 0.625 0.4848297213622291 0.513095238095238 0.4848297213622291 0.4297619047619048 0.4842105263157895 0.42857142857142855 0.47058823529411764 0.42857142857142855 
8 0.4854489164086687 0.4380952380952381 0.4804953560371517 0.4666666666666667 0.47554179566563465 0.5333333333333333 0.47554179566563465 0.6273809523809524 0.4904024767801858 0.6369047619047619 0.5046439628482973 0.6369047619047619 0.5095975232198142 0.6273809523809524 0.5095975232198142 0.5630952380952381 0.5046439628482973 0.4666666666666667 0.4996904024767802 0.4488095238095238 0.49473684210526314 0.4380952380952381 0.4854489164086687 0.4380952380952381 
9 0.5151702786377709 0.44761904761904764 0.5108359133126935 0.4666666666666667 0.5052631578947369 0.49523809523809526 0.5052631578947369 0.6261904761904762 0.5102167182662539 0.6369047619047619 0.5244582043343653 0.6369047619047619 0.5343653250773994 0.6273809523809524 0.5393188854489164 0.6178571428571429 0.5393188854489164 0.5904761904761905 0.5294117647058824 0.4666666666666667 0.5244582043343653 0.4488095238095238 0.5238390092879257 0.44761904761904764 0.5151702786377709 0.44761904761904764 
10 0.5306501547987617 0.4380952380952381 0.530030959752322 0.44047619047619047 0.530030959752322 0.5321428571428571 0.534984520123839 0.6261904761904762 0.5368421052631579 0.6273809523809524 0.541795665634675 0.6273809523809524 0.5634674922600619 0.6178571428571429 0.5640866873065016 0.6166666666666667 0.5640866873065016 0.5535714285714286 0.5442724458204334 0.44047619047619047 0.5436532507739938 0.4380952380952381 0.5306501547987617 0.4380952380952381 
11 0.5653250773993808 0.38095238095238093 0.5597523219814241 0.39166666666666666 0.5547987616099072 0.4392857142857143 0.5547987616099072 0.5583333333333333 0.5597523219814241 0.5892857142857143 0.5647058823529412 0.5988095238095238 0.5702786377708978 0.6083333333333333 0.5839009287925696 0.6083333333333333 0.5882352941176471 0.5988095238095238 0.5931888544891641 0.5797619047619048 0.5938080495356037 0.5761904761904761 0.5938080495356037 0.5523809523809524 0.5789473684210527 0.4095238095238095 0.5739938080495356 0.3821428571428571 0.573374613003096 0.38095238095238093 0.5653250773993808 0.38095238095238093 
12 0.595046439628483 0.4380952380952381 0.5894736842105263 0.4488095238095238 0.5845201238390093 0.49523809523809526 0.5795665634674922 0.5916666666666667 0.5795665634674922 0.6083333333333333 0.5962848297213622 0.6178571428571429 0.6080495356037152 0.6178571428571429 0.6185758513931888 0.6071428571428571 0.6185758513931888 0.5714285714285714 0.6086687306501548 0.46785714285714286 0.6037151702786377 0.4380952380952381 0.595046439628483 0.4380952380952381 
13 0.6105263157894737 0.45714285714285713 0.6099071207430341 0.4583333333333333 0.6092879256965944 0.4607142857142857 0.6092879256965944 0.5785714285714286 0.6142414860681115 0.6035714285714285 0.6154798761609908 0.6083333333333333 0.638390092879257 0.6083333333333333 0.648297213622291 0.5880952380952381 0.648297213622291 0.5726190476190476 0.643343653250774 0.544047619047619 0.6334365325077399 0.49523809523809526 0.6235294117647059 0.4595238095238095 0.6210526315789474 0.45714285714285713 0.6105263157894737 0.45714285714285713 
14 0.6489164086687307 0.3904761904761905 0.6445820433436532 0.4011904761904762 0.6390092879256966 0.42857142857142855 0.6390092879256966 0.5785714285714286 0.6396284829721363 0.5797619047619048 0.6489164086687307 0.5892857142857143 0.6681114551083591 0.5892857142857143 0.6873065015479877 0.569047619047619 0.6879256965944273 0.5666666666666667 0.6879256965944273 0.5238095238095238 0.6730650154798762 0.4392857142857143 0.6674922600619195 0.41904761904761906 0.6582043343653251 0.4 0.653250773993808 0.3904761904761905 0.6489164086687307 0.3904761904761905 
15 0.6643962848297214 0.3619047619047619 0.6538699690402476 0.3821428571428571 0.6538699690402476 0.4166666666666667 0.6687306501547987 0.4928571428571429 0.6736842105263158 0.5119047619047619 0.6743034055727554 0.513095238095238 0.7027863777089783 0.513095238095238 0.7176470588235294 0.4845238095238095 0.7176470588235294 0.44166666666666665 0.7126934984520124 0.42857142857142855 0.6879256965944273 0.37142857142857144 0.6829721362229102 0.3630952380952381 0.6817337461300309 0.3619047619047619 0.6643962848297214 0.3619047619047619 
17 0.7281733746130031 0.5523809523809524 0.7139318885448916 0.5619047619047619 0.7040247678018576 0.6095238095238096 0.7034055727554179 0.6130952380952381 0.7034055727554179 0.6369047619047619 0.7238390092879257 0.675 0.7417956656346749 0.675 0.7517027863777089 0.655952380952381 0.7572755417956656 0.6357142857142857 0.7572755417956656 0.5714285714285714 0.7523219814241486 0.5535714285714286 0.7517027863777089 0.5523809523809524 0.7281733746130031 0.5523809523809524 
18 0.6835913312693499 0.5619047619047619 0.6736842105263158 0.5630952380952381 0.6489164086687307 0.6 0.6489164086687307 0.6464285714285715 0.6637770897832818 0.675 0.6786377708978328 0.6928571428571428 0.6996904024767802 0.7130952380952381 0.7126934984520124 0.7130952380952381 0.7275541795665634 0.6833333333333333 0.7275541795665634 0.6571428571428571 0.7176470588235294 0.6285714285714286 0.7021671826625387 0.5904761904761905 0.6873065015479877 0.5619047619047619 0.6835913312693499 0.5619047619047619 
19 0.6390092879256966 0.6 0.6247678018575852 0.6095238095238096 0.6 0.6285714285714286 0.5993808049535604 0.6297619047619047 0.5993808049535604 0.6511904761904762 0.6 0.655952380952381 0.6043343653250774 0.675 0.6247678018575852 0.7321428571428571 0.6291021671826625 0.7416666666666667 0.6390092879256966 0.7607142857142857 0.6445820433436532 0.7702380952380953 0.6582043343653251 0.7702380952380953 0.6724458204334365 0.7511904761904762 0.6730650154798762 0.7488095238095238 0.6730650154798762 0.7047619047619048 0.653250773993808 0.6011904761904762 0.6526315789473685 0.6 0.6390092879256966 0.6 
20 0.595046439628483 0.6761904761904762 0.5845201238390093 0.6952380952380952 0.5845201238390093 0.7130952380952381 0.5944272445820433 0.7678571428571429 0.6092879256965944 0.8369047619047619 0.6142414860681115 0.8464285714285714 0.628482972136223 0.8464285714285714 0.628482972136223 0.6952380952380952 0.6235294117647059 0.6857142857142857 0.6074303405572755 0.6761904761904762 0.595046439628483 0.6761904761904762 
21 0.5746130030959752 0.6285714285714286 0.5696594427244582 0.638095238095238 0.5696594427244582 0.7773809523809524 0.5746130030959752 0.7988095238095239 0.5882352941176471 0.7988095238095239 0.5888544891640867 0.7976190476190477 0.6030959752321982 0.6845238095238095 0.6037151702786377 0.6785714285714286 0.6037151702786377 0.6404761904761904 0.6030959752321982 0.638095238095238 0.5987616099071208 0.6285714285714286 0.5746130030959752 0.6285714285714286 
22 0.5560371517027863 0.6285714285714286 0.5547987616099072 0.6297619047619047 0.5498452012383901 0.6392857142857142 0.5498452012383901 0.7119047619047619 0.5547987616099072 0.8178571428571428 0.5597523219814241 0.8273809523809523 0.5678018575851393 0.8273809523809523 0.573374613003096 0.8178571428571428 0.5739938080495356 0.8130952380952381 0.5789473684210527 0.7321428571428571 0.5789473684210527 0.6964285714285714 0.5739938080495356 0.6392857142857142 0.5684210526315789 0.6285714285714286 0.5560371517027863 0.6285714285714286 
23 0.525077399380805 0.6476190476190476 0.525077399380805 0.6654761904761904 0.530030959752322 0.7726190476190476 0.5306501547987617 0.7797619047619048 0.534984520123839 0.8083333333333333 0.5436532507739938 0.8083333333333333 0.5442724458204334 0.8071428571428572 0.5492260061919505 0.7702380952380953 0.5541795665634675 0.7297619047619047 0.5541795665634675 0.6488095238095238 0.5529411764705883 0.6476190476190476 0.525077399380805 0.6476190476190476 
24 0.5058823529411764 0.6476190476190476 0.5052631578947369 0.6511904761904762 0.5052631578947369 0.6535714285714286 0.5102167182662539 0.7511904761904762 0.5151702786377709 0.7702380952380953 0.5201238390092879 0.7857142857142857 0.5213622291021672 0.7892857142857143 0.5343653250773994 0.7892857142857143 0.5343653250773994 0.6583333333333333 0.5287925696594428 0.6476190476190476 0.5058823529411764 0.6476190476190476 
25 0.48606811145510836 0.6476190476190476 0.4854489164086687 0.6488095238095238 0.4854489164086687 0.655952380952381 0.4904024767801858 0.7214285714285714 0.5003095975232198 0.7988095238095239 0.5095975232198142 0.7988095238095239 0.5145510835913313 0.7892857142857143 0.5145510835913313 0.6678571428571428 0.5095975232198142 0.6476190476190476 0.48606811145510836 0.6476190476190476 
26 0.4662538699690402 0.6476190476190476 0.46563467492260063 0.6488095238095238 0.46563467492260063 0.6833333333333333 0.47554179566563465 0.7511904761904762 0.4904024767801858 0.8083333333333333 0.5046439628482973 0.8083333333333333 0.5046439628482973 0.7726190476190476 0.49473684210526314 0.6476190476190476 0.4662538699690402 0.6476190476190476 
27 0.4470588235294118 0.6476190476190476 0.4458204334365325 0.6488095238095238 0.44148606811145513 0.6571428571428571 0.4408668730650155 0.6595238095238095 0.4408668730650155 0.7119047619047619 0.4458204334365325 0.7702380952380953 0.45077399380804956 0.7976190476190477 0.45572755417956656 0.8178571428571428 0.46563467492260063 0.8369047619047619 0.469969040247678 0.8369047619047619 0.47492260061919506 0.8261904761904761 0.47492260061919506 0.7047619047619048 0.469969040247678 0.6761904761904762 0.465015479876161 0.6571428571428571 0.460061919504644 0.6476190476190476 0.4470588235294118 0.6476190476190476 
28 0.43157894736842106 0.6285714285714286 0.426625386996904 0.638095238095238 0.42105263157894735 0.6571428571428571 0.42105263157894735 0.7035714285714286 0.4260061919504644 0.7690476190476191 0.43157894736842106 0.8083333333333333 0.44458204334365325 0.8083333333333333 0.4501547987616099 0.7761904761904762 0.4501547987616099 0.6488095238095238 0.4452012383900929 0.6285714285714286 0.43157894736842106 0.6285714285714286 
29 0.40804953560371515 0.638095238095238 0.39690402476780184 0.6476190476190476 0.39628482972136225 0.6511904761904762 0.39628482972136225 0.8083333333333333 0.40123839009287926 0.8178571428571428 0.4105263157894737 0.8178571428571428 0.4154798761609907 0.8083333333333333 0.42538699690402476 0.7511904761904762 0.43034055727554177 0.7119047619047619 0.43034055727554177 0.6476190476190476 0.42043343653250775 0.638095238095238 0.40804953560371515 0.638095238095238 
30 0.3523219814241486 0.6 0.35170278637770896 0.6011904761904762 0.3368421052631579 0.725 0.3368421052631579 0.7678571428571429 0.33746130030959753 0.7702380952380953 0.3572755417956656 0.7797619047619048 0.37585139318885447 0.7797619047619048 0.38575851393188854 0.7607142857142857 0.4105263157894737 0.6547619047619048 0.4105263157894737 0.6214285714285714 0.40990712074303404 0.6190476190476191 0.39442724458204337 0.6095238095238096 0.3752321981424149 0.6 0.3523219814241486 0.6 
31 0.30712074303405573 0.580952380952381 0.3021671826625387 0.6 0.29721362229102166 0.6285714285714286 0.2873065015479876 0.6964285714285714 0.2873065015479876 0.705952380952381 0.28792569659442724 0.7130952380952381 0.29226006191950465 0.7226190476190476 0.3077399380804954 0.7416666666666667 0.32136222910216716 0.7416666666666667 0.33126934984520123 0.7321428571428571 0.3560371517027864 0.675 0.3560371517027864 0.6011904761904762 0.35541795665634673 0.6 0.33126934984520123 0.5821428571428572 0.32941176470588235 0.580952380952381 0.30712074303405573 0.580952380952381 
32 0.2631578947368421 0.5714285714285714 0.25758513931888544 0.580952380952381 0.25263157894736843 0.5904761904761905 0.25263157894736843 0.6452380952380953 0.2582043343653251 0.6654761904761904 0.2625386996904025 0.675 0.26811145510835915 0.6845238095238095 0.28297213622291023 0.694047619047619 0.2953560371517028 0.694047619047619 0.29659442724458207 0.6928571428571428 0.3015479876160991 0.675 0.3015479876160991 0.6107142857142858 0.29659442724458207 0.5904761904761905 0.291640866873065 0.5714285714285714 0.2631578947368421 0.5714285714285714 