1 0.17461300309597524 0.2761904761904762 0.17337461300309598 0.2773809523809524 0.16842105263157894 0.2857142857142857 0.1634674922600619 0.3142857142857143 0.1634674922600619 0.3869047619047619 0.16842105263157894 0.4083333333333333 0.17894736842105263 0.41785714285714287 0.19752321981424148 0.41785714285714287 0.2068111455108359 0.39880952380952384 0.20743034055727555 0.3952380952380952 0.20743034055727555 0.3619047619047619 0.20247678018575851 0.325 0.19752321981424148 0.29642857142857143 0.19195046439628483 0.2857142857142857 0.1826625386996904 0.2761904761904762 0.17461300309597524 0.2761904761904762 
2 0.2241486068111455 0.3238095238095238 0.2086687306501548 0.3333333333333333 0.20309597523219813 0.3535714285714286 0.18328173374613002 0.42857142857142855 0.18328173374613002 0.4726190476190476 0.18390092879256967 0.475 0.19814241486068113 0.5035714285714286 0.20804953560371517 0.513095238095238 0.21362229102167182 0.513095238095238 0.2173374613003096 0.5119047619047619 0.22724458204334366 0.5023809523809524 0.24210526315789474 0.4261904761904762 0.24210526315789474 0.3357142857142857 0.23591331269349844 0.3238095238095238 0.2241486068111455 0.3238095238095238 
3 0.24272445820433436 0.34285714285714286 0.23777089783281732 0.3619047619047619 0.22291021671826625 0.4773809523809524 0.22291021671826625 0.5023809523809524 0.22786377708978328 0.5214285714285715 0.2476780185758514 0.5511904761904762 0.26687306501547986 0.5511904761904762 0.2761609907120743 0.5416666666666666 0.27678018575851393 0.5404761904761904 0.291640866873065 0.4369047619047619 0.291640866873065 0.38095238095238093 0.29040247678018577 0.37142857142857144 0.286687306501548 0.3523809523809524 0.25696594427244585 0.34285714285714286 0.24272445820433436 0.34285714285714286 
4 0.3219814241486068 0.34285714285714286 0.2873065015479876 0.3619047619047619 0.2724458204334365 0.4785714285714286 0.2724458204334365 0.5297619047619048 0.2773993808049536 0.5404761904761904 0.2823529411764706 0.55 0.2835913312693498 0.5511904761904762 0.32941176470588235 0.5511904761904762 0.3306501547987616 0.55 0.33126934984520123 0.5476190476190477 0.33622291021671824 0.42738095238095236 0.33622291021671824 0.3619047619047619 0.33126934984520123 0.3523809523809524 0.3263157894736842 0.34404761904761905 0.32445820433436534 0.34285714285714286 0.3219814241486068 0.34285714285714286 
5 0.3479876160990712 0.3333333333333333 0.34179566563467495 0.34285714285714286 0.3368421052631579 0.3619047619047619 0.3318885448916409 0.3904761904761905 0.3269349845201238 0.46904761904761905 0.3269349845201238 0.5321428571428571 0.34179566563467495 0.5607142857142857 0.3442724458204334 0.5607142857142857 0.3560371517027864 0.5571428571428572 0.3634674922600619 0.5511904761904762 0.36470588235294116 0.55 0.36594427244582045 0.5476190476190477 0.37089783281733746 0.5321428571428571 0.37089783281733746 0.4785714285714286 0.36594427244582045 0.37142857142857144 0.3609907120743034 0.3523809523809524 0.3560371517027864 0.3345238095238095 0.35541795665634673 0.3333333333333333 0.3479876160990712 0.3333333333333333 
6 0.3715170278637771 0.3142857142857143 0.36656346749226004 0.325 0.36160990712074303 0.34404761904761905 0.36160990712074303 0.4845238095238095 0.36656346749226004 0.5416666666666666 0.3715170278637771 0.5607142857142857 0.38204334365325077 0.5702380952380952 0.39442724458204337 0.5702380952380952 0.4055727554179567 0.5595238095238095 0.4105263157894737 0.55 0.4105263157894737 0.4869047619047619 0.4055727554179567 0.4238095238095238 0.40495356037151703 0.41904761904761906 0.4006191950464396 0.39285714285714285 0.38575851393188854 0.325 0.38080495356037153 0.31547619047619047 0.37894736842105264 0.3142857142857143 0.3715170278637771 0.3142857142857143 
7 0.40309597523219814 0.3523809523809524 0.4018575851393189 0.3535714285714286 0.40123839009287926 0.35595238095238096 0.40123839009287926 0.42738095238095236 0.40619195046439627 0.5416666666666666 0.4117647058823529 0.5511904761904762 0.4297213622291022 0.5511904761904762 0.4452012383900929 0.5321428571428571 0.4501547987616099 0.5214285714285715 0.4501547987616099 0.47619047619047616 0.43529411764705883 0.3904761904761905 0.43034055727554177 0.37142857142857144 0.42043343653250775 0.3523809523809524 0.40309597523219814 0.3523809523809524 
8 0.4582043343653251 0.3333333333333333 0.45572755417956656 0.3345238095238095 0.45077399380804956 0.3523809523809524 0.4458204334365325 0.4297619047619048 0.4458204334365325 0.5119047619047619 0.45077399380804956 0.5416666666666666 0.45572755417956656 0.5511904761904762 0.46687306501547987 0.5607142857142857 0.4996904024767802 0.5607142857142857 0.4996904024767802 0.48928571428571427 0.49473684210526314 0.4095238095238095 0.48978328173374613 0.3904761904761905 0.47492260061919506 0.3345238095238095 0.47368421052631576 0.3333333333333333 0.4582043343653251 0.3333333333333333 
9 0.5164086687306502 0.3142857142857143 0.5052631578947369 0.3238095238095238 0.5003095975232198 0.3345238095238095 0.4953560371517028 0.3523809523809524 0.4953560371517028 0.5511904761904762 0.5003095975232198 0.5607142857142857 0.5473684210526316 0.5607142857142857 0.5486068111455108 0.5595238095238095 0.5492260061919505 0.5583333333333333 0.5492260061919505 0.49523809523809526 0.5343653250773994 0.3345238095238095 0.5238390092879257 0.3142857142857143 0.5164086687306502 0.3142857142857143 
10 0.5702786377708978 0.3333333333333333 0.5647058823529412 0.34285714285714286 0.5597523219814241 0.3523809523809524 0.5547987616099072 0.3821428571428571 0.544891640866873 0.4666666666666667 0.544891640866873 0.5369047619047619 0.5455108359133127 0.5416666666666666 0.5498452012383901 0.5511904761904762 0.5888544891640867 0.5511904761904762 0.5888544891640867 0.34285714285714286 0.58328173374613 0.3333333333333333 0.5702786377708978 0.3333333333333333 
11 0.6191950464396285 0.29523809523809524 0.6142414860681115 0.3047619047619048 0.6099071207430341 0.3142857142857143 0.6092879256965944 0.31666666666666665 0.6043343653250774 0.34285714285714286 0.5944272445820433 0.4095238095238095 0.5845201238390093 0.4857142857142857 0.5845201238390093 0.5404761904761904 0.5894736842105263 0.5511904761904762 0.6006191950464397 0.5607142857142857 0.6235294117647059 0.5607142857142857 0.6334365325077399 0.5416666666666666 0.6334365325077399 0.29523809523809524 0.6191950464396285 0.29523809523809524 
12 0.6544891640866873 0.3142857142857143 0.6489164086687307 0.3238095238095238 0.6445820433436532 0.3333333333333333 0.6390092879256966 0.3547619047619048 0.6291021671826625 0.4011904761904762 0.6241486068111455 0.5357142857142857 0.6241486068111455 0.5416666666666666 0.6303405572755418 0.5511904761904762 0.6526315789473685 0.5511904761904762 0.6681114551083591 0.5416666666666666 0.6681114551083591 0.3142857142857143 0.6544891640866873 0.3142857142857143 
13 0.6786377708978328 0.3333333333333333 0.6736842105263158 0.34404761904761905 0.6687306501547987 0.36547619047619045 0.6637770897832818 0.4023809523809524 0.6637770897832818 0.5404761904761904 0.6643962848297214 0.5416666666666666 0.6990712074303406 0.5511904761904762 0.7120743034055728 0.5511904761904762 0.7226006191950465 0.5321428571428571 0.7226006191950465 0.4297619047619048 0.7126934984520124 0.3535714285714286 0.6873065015479877 0.3333333333333333 0.6786377708978328 0.3333333333333333 
14 0.7188854489164087 0.3238095238095238 0.713312693498452 0.3333333333333333 0.7034055727554179 0.3523809523809524 0.7034055727554179 0.41785714285714287 0.718266253869969 0.5190476190476191 0.7232198142414861 0.5321428571428571 0.7281733746130031 0.5404761904761904 0.730030959752322 0.5416666666666666 0.7510835913312693 0.5416666666666666 0.76656346749226 0.5321428571428571 0.7770897832817337 0.5226190476190476 0.7869969040247679 0.513095238095238 0.7869969040247679 0.4666666666666667 0.7721362229102167 0.34285714285714286 0.7671826625386997 0.325 0.7659442724458204 0.3238095238095238 0.7188854489164087 0.3238095238095238 
15 0.7832817337461301 0.2761904761904762 0.7727554179566564 0.29523809523809524 0.7678018575851393 0.305952380952381 0.7628482972136222 0.3238095238095238 0.7628482972136222 0.3476190476190476 0.7727554179566564 0.4630952380952381 0.773374613003096 0.4654761904761905 0.778328173374613 0.475 0.8068111455108359 0.475 0.8315789473684211 0.44642857142857145 0.8315789473684211 0.3821428571428571 0.821671826625387 0.2988095238095238 0.8210526315789474 0.29523809523809524 0.8117647058823529 0.2773809523809524 0.8105263157894737 0.2761904761904762 0.7832817337461301 0.2761904761904762 
16 0.8185758513931889 0.24761904761904763 0.8173374613003096 0.2488095238095238 0.8123839009287925 0.25833333333333336 0.8074303405572756 0.2761904761904762 0.8074303405572756 0.29404761904761906 0.8173374613003096 0.37857142857142856 0.8222910216718267 0.3892857142857143 0.8402476780185758 0.3892857142857143 0.8551083591331269 0.37976190476190474 0.8563467492260062 0.37857142857142856 0.8613003095975232 0.36904761904761907 0.8613003095975232 0.325 0.8513931888544891 0.26666666666666666 0.8464396284829722 0.2571428571428571 0.8408668730650155 0.24761904761904763 0.8185758513931889 0.24761904761904763 
17 0.8024767801857585 0.5047619047619047 0.7578947368421053 0.5333333333333333 0.7578947368421053 0.5976190476190476 0.7628482972136222 0.6178571428571429 0.7975232198142415 0.6845238095238095 0.8123839009287925 0.7035714285714286 0.836532507739938 0.7035714285714286 0.860061919504644 0.6845238095238095 0.8613003095975232 0.6821428571428572 0.8613003095975232 0.6666666666666666 0.8513931888544891 0.6 0.8408668730650155 0.5523809523809524 0.8309597523219814 0.5142857142857142 0.821671826625387 0.5047619047619047 0.8024767801857585 0.5047619047619047 
18 0.698452012383901 0.5523809523809524 0.6934984520123839 0.5619047619047619 0.6934984520123839 0.6357142857142857 0.7034055727554179 0.675 0.708359133126935 0.694047619047619 0.7139318885448916 0.7130952380952381 0.718266253869969 0.7226190476190476 0.7232198142414861 0.7321428571428571 0.7380804953560371 0.75 0.7479876160990712 0.7607142857142857 0.7622291021671826 0.7607142857142857 0.7919504643962848 0.7416666666666667 0.8012383900928792 0.7321428571428571 0.8018575851393189 0.7309523809523809 0.8018575851393189 0.7047619047619048 0.7622291021671826 0.5630952380952381 0.7572755417956656 0.5523809523809524 0.698452012383901 0.5523809523809524 
19 0.6340557275541796 0.5619047619047619 0.6340557275541796 0.6738095238095239 0.6538699690402476 0.7511904761904762 0.6588235294117647 0.7607142857142857 0.7120743034055728 0.7607142857142857 0.7126934984520124 0.7595238095238095 0.7126934984520124 0.7154761904761905 0.6978328173374613 0.5726190476190476 0.6965944272445821 0.5714285714285714 0.6823529411764706 0.5619047619047619 0.6340557275541796 0.5619047619047619 
20 0.604953560371517 0.5714285714285714 0.5944272445820433 0.580952380952381 0.5894736842105263 0.5904761904761905 0.5894736842105263 0.6178571428571429 0.6092879256965944 0.7035714285714286 0.6291021671826625 0.7607142857142857 0.6476780185758514 0.7607142857142857 0.648297213622291 0.7571428571428571 0.648297213622291 0.7333333333333333 0.643343653250774 0.638095238095238 0.638390092879257 0.5738095238095238 0.6371517027863777 0.5714285714285714 0.604953560371517 0.5714285714285714 
21 0.5956656346749226 0.6952380952380952 0.5944272445820433 0.6964285714285714 0.5696594427244582 0.7238095238095238 0.5696594427244582 0.75 0.5801857585139318 0.7797619047619048 0.5845201238390093 0.7892857142857143 0.5944272445820433 0.8083333333333333 0.6055727554179566 0.8178571428571428 0.6309597523219814 0.8178571428571428 0.6328173374613003 0.8166666666666667 0.6334365325077399 0.8154761904761905 0.6334365325077399 0.7345238095238096 0.6179566563467492 0.7047619047619048 0.6086687306501548 0.6964285714285714 0.6068111455108359 0.6952380952380952 0.5956656346749226 0.6952380952380952 
22 0.5603715170278638 0.5714285714285714 0.5547987616099072 0.5821428571428572 0.5547987616099072 0.6357142857142857 0.5597523219814241 0.6654761904761904 0.5696594427244582 0.7226190476190476 0.5752321981424149 0.7321428571428571 0.5820433436532507 0.7321428571428571 0.5839009287925696 0.7309523809523809 0.5931888544891641 0.7226190476190476 0.6037151702786377 0.7035714285714286 0.6037151702786377 0.6297619047619047 0.5938080495356037 0.5833333333333334 0.5931888544891641 0.580952380952381 0.5882352941176471 0.5714285714285714 0.5603715170278638 0.5714285714285714 
23 0.525077399380805 0.5619047619047619 0.5213622291021672 0.5630952380952381 0.5157894736842106 0.5714285714285714 0.5151702786377709 0.5738095238095238 0.5151702786377709 0.6142857142857143 0.5201238390092879 0.7595238095238095 0.5207430340557275 0.7607142857142857 0.5294117647058824 0.7607142857142857 0.5393188854489164 0.7404761904761905 0.5442724458204334 0.7226190476190476 0.5492260061919505 0.694047619047619 0.5591331269349845 0.6273809523809524 0.5591331269349845 0.5714285714285714 0.5343653250773994 0.5619047619047619 0.525077399380805 0.5619047619047619 
24 0.4904024767801858 0.5714285714285714 0.4904024767801858 0.675 0.4953560371517028 0.7416666666666667 0.5003095975232198 0.7511904761904762 0.5095975232198142 0.7511904761904762 0.5145510835913313 0.7404761904761905 0.5195046439628483 0.6535714285714286 0.5195046439628483 0.5726190476190476 0.5188854489164086 0.5714285714285714 0.4904024767801858 0.5714285714285714 
25 0.4569659442724458 0.5714285714285714 0.45572755417956656 0.5726190476190476 0.45572755417956656 0.6071428571428571 0.4613003095975232 0.655952380952381 0.46563467492260063 0.6916666666666667 0.47554179566563465 0.7404761904761905 0.4854489164086687 0.7607142857142857 0.49473684210526314 0.7607142857142857 0.49473684210526314 0.5761904761904761 0.4934984520123839 0.5714285714285714 0.4569659442724458 0.5714285714285714 
26 0.4260061919504644 0.5714285714285714 0.4260061919504644 0.5988095238095238 0.4309597523219814 0.7035714285714286 0.4359133126934985 0.7511904761904762 0.4408668730650155 0.7690476190476191 0.44148606811145513 0.7702380952380953 0.4551083591331269 0.7702380952380953 0.460061919504644 0.7416666666666667 0.465015479876161 0.6369047619047619 0.465015479876161 0.6011904761904762 0.460061919504644 0.5714285714285714 0.4260061919504644 0.5714285714285714 
27 0.4018575851393189 0.5619047619047619 0.39628482972136225 0.5714285714285714 0.3863777089783282 0.5916666666666667 0.3863777089783282 0.6738095238095239 0.3913312693498452 0.7511904761904762 0.39690402476780184 0.7785714285714286 0.40123839009287926 0.7976190476190477 0.40619195046439627 0.8071428571428572 0.40743034055727556 0.8083333333333333 0.4247678018575851 0.8083333333333333 0.42538699690402476 0.8035714285714286 0.43034055727554177 0.7202380952380952 0.43034055727554177 0.5833333333333334 0.42538699690402476 0.5726190476190476 0.42043343653250775 0.5630952380952381 0.41919504643962846 0.5619047619047619 0.4018575851393189 0.5619047619047619 
28 0.3690402476780186 0.5619047619047619 0.36656346749226004 0.5630952380952381 0.35170278637770896 0.5726190476190476 0.34674922600619196 0.580952380952381 0.34674922600619196 0.7869047619047619 0.3473684210526316 0.7892857142857143 0.3609907120743034 0.7892857142857143 0.36594427244582045 0.7797619047619048 0.37089783281733746 0.7583333333333333 0.37585139318885447 0.7321428571428571 0.3907120743034056 0.6369047619047619 0.3907120743034056 0.580952380952381 0.38080495356037153 0.5619047619047619 0.3690402476780186 0.5619047619047619 
30 0.33560371517027865 0.5619047619047619 0.29287925696594425 0.5714285714285714 0.29226006191950465 0.5726190476190476 0.2873065015479876 0.5916666666666667 0.2823529411764706 0.6892857142857143 0.2823529411764706 0.7107142857142857 0.2873065015479876 0.75 0.29226006191950465 0.7607142857142857 0.33560371517027865 0.7607142857142857 0.3411764705882353 0.75 0.3510835913312694 0.6333333333333333 0.3510835913312694 0.5714285714285714 0.3461300309597523 0.5630952380952381 0.3448916408668731 0.5619047619047619 0.33560371517027865 0.5619047619047619 
31 0.24272445820433436 0.5523809523809524 0.23777089783281732 0.5619047619047619 0.23281733746130032 0.5738095238095238 0.2130030959752322 0.7166666666666667 0.2130030959752322 0.7404761904761905 0.21362229102167182 0.7416666666666667 0.2613003095975232 0.7416666666666667 0.2712074303405573 0.7321428571428571 0.28173374613003094 0.7130952380952381 0.291640866873065 0.6738095238095239 0.29659442724458207 0.5976190476190476 0.29659442724458207 0.5619047619047619 0.26687306501547986 0.5523809523809524 0.24272445820433436 0.5523809523809524 
32 0.19442724458204336 0.5142857142857142 0.1931888544891641 0.5154761904761904 0.18823529411764706 0.5238095238095238 0.18328173374613002 0.5333333333333333 0.1634674922600619 0.65 0.1634674922600619 0.6845238095238095 0.16842105263157894 0.694047619047619 0.2018575851393189 0.694047619047619 0.21114551083591332 0.6845238095238095 0.21671826625386997 0.675 0.2173374613003096 0.6738095238095239 0.23157894736842105 0.6369047619047619 0.2371517027863777 0.6166666666666667 0.24148606811145512 0.5797619047619048 0.24210526315789474 0.5714285714285714 0.24210526315789474 0.5535714285714286 0.2371517027863777 0.5345238095238095 0.23653250773993809 0.5333333333333333 0.23095975232198143 0.5238095238095238 0.21176470588235294 0.5142857142857142 0.19442724458204336 0.5142857142857142 