1 0.21857585139318886 0.4 0.20804953560371517 0.41904761904761906 0.1931888544891641 0.5047619047619047 0.1931888544891641 0.569047619047619 0.19814241486068113 0.5797619047619048 0.20309597523219813 0.5880952380952381 0.2043343653250774 0.5892857142857143 0.23219814241486067 0.5892857142857143 0.24705882352941178 0.569047619047619 0.24705882352941178 0.4297619047619048 0.24210526315789474 0.4011904761904762 0.24148606811145512 0.4 0.21857585139318886 0.4 
2 0.2476780185758514 0.3904761904761905 0.23777089783281732 0.5619047619047619 0.23777089783281732 0.5785714285714286 0.243343653250774 0.5976190476190476 0.2452012383900929 0.5988095238095238 0.26191950464396285 0.5988095238095238 0.2959752321981424 0.5892857142857143 0.3015479876160991 0.5797619047619048 0.3015479876160991 0.5226190476190476 0.30092879256965943 0.5142857142857142 0.29659442724458207 0.47619047619047616 0.291640866873065 0.4392857142857143 0.286687306501548 0.42857142857142855 0.27678018575851393 0.4095238095238095 0.26625386996904027 0.3904761904761905 0.2476780185758514 0.3904761904761905 
3 0.3170278637770898 0.3619047619047619 0.30712074303405573 0.3726190476190476 0.3021671826625387 0.38095238095238093 0.29721362229102166 0.4 0.29721362229102166 0.5666666666666667 0.3021671826625387 0.5869047619047619 0.3040247678018576 0.5892857142857143 0.33126934984520123 0.5892857142857143 0.3560371517027864 0.5797619047619048 0.36594427244582045 0.5702380952380952 0.36594427244582045 0.544047619047619 0.3609907120743034 0.5142857142857142 0.33126934984520123 0.37142857142857144 0.3256965944272446 0.3619047619047619 0.3170278637770898 0.3619047619047619 
4 0.36408668730650157 0.3619047619047619 0.3622291021671827 0.3630952380952381 0.36160990712074303 0.36428571428571427 0.356656346749226 0.375 0.35170278637770896 0.4095238095238095 0.35170278637770896 0.569047619047619 0.3523219814241486 0.5702380952380952 0.4006191950464396 0.5702380952380952 0.4006191950464396 0.49523809523809526 0.38080495356037153 0.3904761904761905 0.37585139318885447 0.37142857142857144 0.37089783281733746 0.3619047619047619 0.36408668730650157 0.3619047619047619 
5 0.40743034055727556 0.3619047619047619 0.40619195046439627 0.3630952380952381 0.40123839009287926 0.3821428571428571 0.3913312693498452 0.4488095238095238 0.3913312693498452 0.5035714285714286 0.39628482972136225 0.5607142857142857 0.43962848297213625 0.5607142857142857 0.44024767801857584 0.5595238095238095 0.44024767801857584 0.5071428571428571 0.43034055727554177 0.3821428571428571 0.42538699690402476 0.3619047619047619 0.40743034055727556 0.3619047619047619 
6 0.4458204334365325 0.34285714285714286 0.4408668730650155 0.3523809523809524 0.4359133126934985 0.39404761904761904 0.4309597523219814 0.4583333333333333 0.4309597523219814 0.5107142857142857 0.4359133126934985 0.5607142857142857 0.46439628482972134 0.5607142857142857 0.469969040247678 0.5404761904761904 0.469969040247678 0.3619047619047619 0.465015479876161 0.3523809523809524 0.460061919504644 0.34404761904761905 0.4588235294117647 0.34285714285714286 0.4458204334365325 0.34285714285714286 
7 0.4904024767801858 0.37142857142857144 0.48606811145510836 0.38095238095238093 0.47554179566563465 0.41904761904761906 0.46563467492260063 0.4785714285714286 0.46068111455108357 0.5345238095238095 0.46068111455108357 0.5511904761904762 0.46563467492260063 0.5607142857142857 0.49287925696594426 0.5607142857142857 0.49411764705882355 0.5595238095238095 0.4996904024767802 0.5511904761904762 0.5040247678018576 0.513095238095238 0.5046439628482973 0.5059523809523809 0.5046439628482973 0.37142857142857144 0.4904024767801858 0.37142857142857144 
8 0.5207430340557275 0.3523809523809524 0.5201238390092879 0.3535714285714286 0.5151702786377709 0.37142857142857144 0.5102167182662539 0.39166666666666666 0.5003095975232198 0.4380952380952381 0.4904024767801858 0.5452380952380952 0.4904024767801858 0.5607142857142857 0.4953560371517028 0.5702380952380952 0.5065015479876162 0.5797619047619048 0.5095975232198142 0.5797619047619048 0.5281733746130031 0.5702380952380952 0.5294117647058824 0.569047619047619 0.5343653250773994 0.5607142857142857 0.5442724458204334 0.4642857142857143 0.5442724458204334 0.37142857142857144 0.5393188854489164 0.3523809523809524 0.5207430340557275 0.3523809523809524 
9 0.5498452012383901 0.3523809523809524 0.5455108359133127 0.3619047619047619 0.5399380804953561 0.39166666666666666 0.525077399380805 0.5535714285714286 0.525077399380805 0.569047619047619 0.5306501547987617 0.5797619047619048 0.5634674922600619 0.5797619047619048 0.5690402476780185 0.5702380952380952 0.5739938080495356 0.43452380952380953 0.5739938080495356 0.3619047619047619 0.5690402476780185 0.3523809523809524 0.5498452012383901 0.3523809523809524 
10 0.590092879256966 0.38095238095238093 0.5845201238390093 0.3904761904761905 0.5795665634674922 0.4011904761904762 0.5746130030959752 0.41904761904761906 0.5647058823529412 0.49642857142857144 0.5603715170278638 0.5523809523809524 0.5597523219814241 0.5642857142857143 0.5597523219814241 0.5797619047619048 0.5653250773993808 0.5892857142857143 0.5888544891640867 0.5892857142857143 0.5938080495356037 0.5797619047619048 0.6037151702786377 0.4357142857142857 0.6037151702786377 0.3821428571428571 0.6018575851393189 0.38095238095238093 0.590092879256966 0.38095238095238093 
11 0.6352941176470588 0.3523809523809524 0.6340557275541796 0.3535714285714286 0.6191950464396285 0.38095238095238093 0.614860681114551 0.3904761904761905 0.6043343653250774 0.42857142857142855 0.5894736842105263 0.5142857142857142 0.5894736842105263 0.5297619047619048 0.5944272445820433 0.5785714285714286 0.5993808049535604 0.5892857142857143 0.6235294117647059 0.5892857142857143 0.648297213622291 0.40714285714285714 0.648297213622291 0.3535714285714286 0.6476780185758514 0.3523809523809524 0.6352941176470588 0.3523809523809524 
12 0.6495356037151703 0.4 0.6390092879256966 0.41904761904761906 0.6297213622291021 0.4666666666666667 0.6247678018575852 0.49523809523809526 0.6191950464396285 0.5345238095238095 0.6191950464396285 0.5785714285714286 0.6297213622291021 0.5988095238095238 0.6476780185758514 0.5988095238095238 0.648297213622291 0.5964285714285714 0.6582043343653251 0.44642857142857145 0.6582043343653251 0.4119047619047619 0.6575851393188854 0.4095238095238095 0.6526315789473685 0.4 0.6495356037151703 0.4 
13 0.6736842105263158 0.4095238095238095 0.6687306501547987 0.41904761904761906 0.6637770897832818 0.4392857142857143 0.6439628482972136 0.5333333333333333 0.6439628482972136 0.5988095238095238 0.6495356037151703 0.6083333333333333 0.6724458204334365 0.6083333333333333 0.6730650154798762 0.6071428571428571 0.6780185758513931 0.5678571428571428 0.6829721362229102 0.5202380952380953 0.6829721362229102 0.41904761904761906 0.6773993808049535 0.4095238095238095 0.6736842105263158 0.4095238095238095 
14 0.6934984520123839 0.41904761904761906 0.6885448916408669 0.42857142857142855 0.6835913312693499 0.44761904761904764 0.6736842105263158 0.5333333333333333 0.6736842105263158 0.5869047619047619 0.6792569659442724 0.5988095238095238 0.6842105263157895 0.6083333333333333 0.7157894736842105 0.6083333333333333 0.7176470588235294 0.6071428571428571 0.7226006191950465 0.5988095238095238 0.7275541795665634 0.5035714285714286 0.7275541795665634 0.4642857142857143 0.7226006191950465 0.44761904761904764 0.7021671826625387 0.41904761904761906 0.6934984520123839 0.41904761904761906 
15 0.7492260061919505 0.41904761904761906 0.7380804953560371 0.42857142857142855 0.7331269349845201 0.44761904761904764 0.7232198142414861 0.4869047619047619 0.718266253869969 0.525 0.718266253869969 0.5976190476190476 0.7238390092879257 0.6083333333333333 0.7659442724458204 0.6083333333333333 0.7671826625386997 0.6071428571428571 0.7671826625386997 0.41904761904761906 0.7492260061919505 0.41904761904761906 
16 0.7727554179566564 0.41904761904761906 0.7678018575851393 0.4297619047619048 0.7628482972136222 0.4857142857142857 0.7628482972136222 0.5892857142857143 0.7678018575851393 0.6071428571428571 0.7684210526315789 0.6083333333333333 0.7907120743034056 0.6083333333333333 0.8 0.5988095238095238 0.8018575851393189 0.5964285714285714 0.8061919504643963 0.5892857142857143 0.8068111455108359 0.5880952380952381 0.8068111455108359 0.5547619047619048 0.8012383900928792 0.4666666666666667 0.7969040247678019 0.42857142857142855 0.7919504643962848 0.41904761904761906 0.7727554179566564 0.41904761904761906 
17 0.7547987616099071 0.6285714285714286 0.7529411764705882 0.6297619047619047 0.7529411764705882 0.6821428571428572 0.7578947368421053 0.7702380952380953 0.7628482972136222 0.7880952380952381 0.7640866873065015 0.7892857142857143 0.7820433436532508 0.7892857142857143 0.8006191950464396 0.7797619047619048 0.8018575851393189 0.7785714285714286 0.8018575851393189 0.669047619047619 0.7969040247678019 0.6285714285714286 0.7547987616099071 0.6285714285714286 
18 0.7095975232198143 0.6285714285714286 0.7034055727554179 0.638095238095238 0.7034055727554179 0.675 0.718266253869969 0.7690476190476191 0.7287925696594427 0.7988095238095239 0.7337461300309598 0.8071428571428572 0.7479876160990712 0.8166666666666667 0.74984520123839 0.8178571428571428 0.7616099071207431 0.8178571428571428 0.7671826625386997 0.7988095238095239 0.7671826625386997 0.7666666666666667 0.7572755417956656 0.65 0.7523219814241486 0.6285714285714286 0.7095975232198143 0.6285714285714286 
19 0.660061919504644 0.6285714285714286 0.6588235294117647 0.6297619047619047 0.6538699690402476 0.638095238095238 0.6538699690402476 0.6738095238095239 0.6637770897832818 0.7880952380952381 0.6687306501547987 0.8166666666666667 0.6736842105263158 0.8273809523809523 0.6873065015479877 0.8273809523809523 0.7126934984520124 0.7988095238095239 0.7126934984520124 0.7714285714285715 0.7077399380804954 0.6392857142857142 0.7065015479876161 0.638095238095238 0.6823529411764706 0.6285714285714286 0.660061919504644 0.6285714285714286 
20 0.6390092879256966 0.6285714285714286 0.6247678018575852 0.638095238095238 0.6241486068111455 0.6392857142857142 0.6241486068111455 0.6833333333333333 0.6340557275541796 0.7702380952380953 0.6439628482972136 0.8261904761904761 0.6452012383900929 0.8273809523809523 0.6582043343653251 0.8273809523809523 0.6631578947368421 0.675 0.6631578947368421 0.6297619047619047 0.6625386996904025 0.6285714285714286 0.6390092879256966 0.6285714285714286 
21 0.6006191950464397 0.6190476190476191 0.5993808049535604 0.6202380952380953 0.5993808049535604 0.7690476190476191 0.6043343653250774 0.7976190476190477 0.6055727554179566 0.7988095238095239 0.6179566563467492 0.7988095238095239 0.6185758513931888 0.7976190476190477 0.6235294117647059 0.7797619047619048 0.628482972136223 0.7309523809523809 0.6334365325077399 0.6464285714285715 0.6334365325077399 0.6202380952380953 0.6321981424148607 0.6190476190476191 0.6006191950464397 0.6190476190476191 
22 0.5764705882352941 0.5904761904761905 0.5746130030959752 0.5916666666666667 0.5647058823529412 0.7142857142857143 0.5647058823529412 0.7988095238095239 0.5702786377708978 0.8083333333333333 0.5888544891640867 0.8083333333333333 0.5931888544891641 0.7892857142857143 0.5938080495356037 0.7857142857142857 0.5987616099071208 0.7476190476190476 0.6037151702786377 0.694047619047619 0.6086687306501548 0.6226190476190476 0.6086687306501548 0.6190476190476191 0.6080495356037152 0.6071428571428571 0.6037151702786377 0.5904761904761905 0.5764705882352941 0.5904761904761905 
23 0.5510835913312694 0.580952380952381 0.5498452012383901 0.5821428571428572 0.5498452012383901 0.7690476190476191 0.5504643962848297 0.7702380952380953 0.5634674922600619 0.7702380952380953 0.5640866873065016 0.7690476190476191 0.5690402476780185 0.7511904761904762 0.5789473684210527 0.625 0.5789473684210527 0.6 0.5739938080495356 0.5904761904761905 0.5684210526315789 0.580952380952381 0.5510835913312694 0.580952380952381 
24 0.530030959752322 0.580952380952381 0.525077399380805 0.5904761904761905 0.525077399380805 0.6654761904761904 0.530030959752322 0.7511904761904762 0.5479876160990712 0.7511904761904762 0.5492260061919505 0.75 0.5492260061919505 0.5821428571428572 0.5479876160990712 0.580952380952381 0.530030959752322 0.580952380952381 
25 0.5126934984520124 0.5904761904761905 0.5102167182662539 0.5916666666666667 0.5009287925696595 0.6 0.5003095975232198 0.6011904761904762 0.5003095975232198 0.6369047619047619 0.5102167182662539 0.7797619047619048 0.5294117647058824 0.7797619047619048 0.5294117647058824 0.6416666666666667 0.5244582043343653 0.5916666666666667 0.5232198142414861 0.5904761904761905 0.5126934984520124 0.5904761904761905 
26 0.491640866873065 0.580952380952381 0.48111455108359136 0.5904761904761905 0.48111455108359136 0.6273809523809524 0.4904024767801858 0.7607142857142857 0.4996904024767802 0.7607142857142857 0.5046439628482973 0.7511904761904762 0.5095975232198142 0.7321428571428571 0.5145510835913313 0.6059523809523809 0.5145510835913313 0.580952380952381 0.491640866873065 0.580952380952381 
27 0.46068111455108357 0.5904761904761905 0.45139318885448915 0.6 0.45077399380804956 0.6011904761904762 0.45077399380804956 0.6833333333333333 0.45572755417956656 0.7214285714285714 0.46563467492260063 0.7964285714285714 0.4662538699690402 0.7988095238095239 0.4848297213622291 0.7988095238095239 0.48978328173374613 0.7892857142857143 0.48978328173374613 0.6095238095238096 0.4842105263157895 0.5916666666666667 0.48359133126934983 0.5904761904761905 0.46068111455108357 0.5904761904761905 
28 0.41114551083591333 0.6095238095238096 0.41114551083591333 0.675 0.41609907120743034 0.7797619047619048 0.42105263157894735 0.8166666666666667 0.42291021671826623 0.8178571428571428 0.43529411764705883 0.8178571428571428 0.4452012383900929 0.7988095238095239 0.4501547987616099 0.7797619047619048 0.4551083591331269 0.7142857142857143 0.4551083591331269 0.6107142857142858 0.4538699690402477 0.6095238095238096 0.41114551083591333 0.6095238095238096 
29 0.39628482972136225 0.6095238095238096 0.3671826625386997 0.6190476190476191 0.36656346749226004 0.6214285714285714 0.36656346749226004 0.6369047619047619 0.3764705882352941 0.7976190476190477 0.37708978328173376 0.7988095238095239 0.39504643962848296 0.7988095238095239 0.3956656346749226 0.7976190476190477 0.4006191950464396 0.7797619047619048 0.4154798761609907 0.6738095238095239 0.4154798761609907 0.6214285714285714 0.4105263157894737 0.6095238095238096 0.39628482972136225 0.6095238095238096 
30 0.30835913312693497 0.6285714285714286 0.30712074303405573 0.6297619047619047 0.30712074303405573 0.6630952380952381 0.3269349845201238 0.7988095238095239 0.3411764705882353 0.7988095238095239 0.3560371517027864 0.7892857142857143 0.3609907120743034 0.7785714285714286 0.37585139318885447 0.6607142857142857 0.37585139318885447 0.6285714285714286 0.30835913312693497 0.6285714285714286 
31 0.2724458204334365 0.6095238095238096 0.2532507739938081 0.6190476190476191 0.2476780185758514 0.6285714285714286 0.24272445820433436 0.7238095238095238 0.24272445820433436 0.7892857142857143 0.248297213622291 0.7988095238095239 0.2631578947368421 0.8083333333333333 0.2761609907120743 0.8083333333333333 0.286687306501548 0.7892857142857143 0.29659442724458207 0.7702380952380953 0.3015479876160991 0.7488095238095238 0.31640866873065016 0.6738095238095239 0.31640866873065016 0.6285714285714286 0.3065015479876161 0.6190476190476191 0.286687306501548 0.6095238095238096 0.2724458204334365 0.6095238095238096 
32 0.17523219814241486 0.6476190476190476 0.15913312693498452 0.6571428571428571 0.1585139318885449 0.6583333333333333 0.1585139318885449 0.7154761904761905 0.15913312693498452 0.7214285714285714 0.1634674922600619 0.7309523809523809 0.16904024767801856 0.7416666666666667 0.18328173374613002 0.7607142857142857 0.23653250773993809 0.7607142857142857 0.24643962848297213 0.7511904761904762 0.24705882352941178 0.7488095238095238 0.24705882352941178 0.6773809523809524 0.24210526315789474 0.6571428571428571 0.2173374613003096 0.6476190476190476 0.17523219814241486 0.6476190476190476 