2 0.3219814241486068 0.4 0.30712074303405573 0.42857142857142855 0.2773993808049536 0.49523809523809526 0.2773993808049536 0.5595238095238095 0.2823529411764706 0.5702380952380952 0.2873065015479876 0.5797619047619048 0.31145510835913315 0.5797619047619048 0.31640866873065016 0.569047619047619 0.33622291021671824 0.4654761904761905 0.33622291021671824 0.4 0.3219814241486068 0.4 
3 0.3331269349845201 0.42857142857142855 0.3318885448916409 0.430952380952381 0.3219814241486068 0.4785714285714286 0.31207430340557274 0.5333333333333333 0.31207430340557274 0.5892857142857143 0.3368421052631579 0.5988095238095238 0.3510835913312694 0.5988095238095238 0.3560371517027864 0.5880952380952381 0.3560371517027864 0.4666666666666667 0.3510835913312694 0.42857142857142855 0.3331269349845201 0.42857142857142855 
4 0.3572755417956656 0.4380952380952381 0.356656346749226 0.44166666666666665 0.35170278637770896 0.5523809523809524 0.35170278637770896 0.5988095238095238 0.356656346749226 0.6083333333333333 0.38080495356037153 0.6083333333333333 0.39009287925696595 0.5988095238095238 0.3907120743034056 0.5964285714285714 0.3907120743034056 0.5523809523809524 0.38575851393188854 0.48095238095238096 0.38080495356037153 0.4392857142857143 0.3801857585139319 0.4380952380952381 0.3572755417956656 0.4380952380952381 
5 0.38204334365325077 0.41904761904761906 0.3814241486068111 0.42142857142857143 0.3764705882352941 0.5904761904761905 0.3764705882352941 0.6083333333333333 0.4006191950464396 0.6083333333333333 0.4154798761609907 0.5988095238095238 0.4154798761609907 0.5535714285714286 0.4055727554179567 0.45 0.4006191950464396 0.41904761904761906 0.38204334365325077 0.41904761904761906 
6 0.41114551083591333 0.37142857142857144 0.40619195046439627 0.38095238095238093 0.40619195046439627 0.6059523809523809 0.41114551083591333 0.6178571428571429 0.43034055727554177 0.6178571428571429 0.44024767801857584 0.6083333333333333 0.44024767801857584 0.49523809523809526 0.43034055727554177 0.38095238095238093 0.42538699690402476 0.37142857142857144 0.41114551083591333 0.37142857142857144 
7 0.4458204334365325 0.42857142857142855 0.4408668730650155 0.47619047619047616 0.4408668730650155 0.6178571428571429 0.4693498452012384 0.6178571428571429 0.469969040247678 0.6154761904761905 0.469969040247678 0.5714285714285714 0.465015479876161 0.45 0.460061919504644 0.42857142857142855 0.4458204334365325 0.42857142857142855 
8 0.4712074303405573 0.4 0.46563467492260063 0.4107142857142857 0.46068111455108357 0.5428571428571428 0.46068111455108357 0.5773809523809523 0.46563467492260063 0.6178571428571429 0.4996904024767802 0.6178571428571429 0.4996904024767802 0.5630952380952381 0.49473684210526314 0.4869047619047619 0.4848297213622291 0.41904761904761906 0.4743034055727554 0.4 0.4712074303405573 0.4 
9 0.5052631578947369 0.4 0.4953560371517028 0.4380952380952381 0.4953560371517028 0.6178571428571429 0.5238390092879257 0.6178571428571429 0.5294117647058824 0.6083333333333333 0.5294117647058824 0.5523809523809524 0.5244582043343653 0.4 0.5052631578947369 0.4 
10 0.5399380804953561 0.4095238095238095 0.525077399380805 0.4380952380952381 0.5201238390092879 0.5452380952380952 0.5201238390092879 0.5607142857142857 0.525077399380805 0.6059523809523809 0.5263157894736842 0.6083333333333333 0.5337461300309597 0.6083333333333333 0.5541795665634675 0.5988095238095238 0.5541795665634675 0.5345238095238095 0.5492260061919505 0.4095238095238095 0.5399380804953561 0.4095238095238095 
12 0.5715170278637771 0.3619047619047619 0.5696594427244582 0.3630952380952381 0.5597523219814241 0.4095238095238095 0.5547987616099072 0.4642857142857143 0.5498452012383901 0.5333333333333333 0.5498452012383901 0.5988095238095238 0.5597523219814241 0.6178571428571429 0.5690402476780185 0.6178571428571429 0.5882352941176471 0.6083333333333333 0.5938080495356037 0.5976190476190476 0.5938080495356037 0.5523809523809524 0.5839009287925696 0.39404761904761904 0.5789473684210527 0.36428571428571427 0.5777089783281734 0.3619047619047619 0.5715170278637771 0.3619047619047619 
13 0.604953560371517 0.42857142857142855 0.5993808049535604 0.4392857142857143 0.5944272445820433 0.45714285714285713 0.590092879256966 0.47619047619047616 0.5845201238390093 0.5333333333333333 0.5845201238390093 0.5976190476190476 0.5851393188854489 0.5988095238095238 0.6136222910216719 0.5988095238095238 0.6185758513931888 0.5214285714285715 0.6185758513931888 0.430952380952381 0.6173374613003096 0.42857142857142855 0.604953560371517 0.42857142857142855 
14 0.6340557275541796 0.42857142857142855 0.6247678018575852 0.45714285714285713 0.6241486068111455 0.4595238095238095 0.6092879256965944 0.5428571428571428 0.6092879256965944 0.5964285714285714 0.6099071207430341 0.5988095238095238 0.6142414860681115 0.6083333333333333 0.6526315789473685 0.6083333333333333 0.6582043343653251 0.5988095238095238 0.6594427244582043 0.5797619047619048 0.6594427244582043 0.5619047619047619 0.6582043343653251 0.5273809523809524 0.653250773993808 0.4392857142857143 0.648297213622291 0.4297619047619048 0.6464396284829721 0.42857142857142855 0.6340557275541796 0.42857142857142855 
15 0.6489164086687307 0.41904761904761906 0.6489164086687307 0.5214285714285715 0.6538699690402476 0.5892857142857143 0.6594427244582043 0.5988095238095238 0.6823529411764706 0.5988095238095238 0.6922600619195046 0.5892857142857143 0.6972136222910217 0.5797619047619048 0.6978328173374613 0.5773809523809523 0.6978328173374613 0.5357142857142857 0.6928792569659443 0.5154761904761904 0.6681114551083591 0.42857142857142855 0.6631578947368421 0.41904761904761906 0.6489164086687307 0.41904761904761906 
18 0.718266253869969 0.5714285714285714 0.679876160990712 0.6 0.6786377708978328 0.6023809523809524 0.6786377708978328 0.6202380952380953 0.679876160990712 0.6273809523809524 0.6835913312693499 0.6464285714285715 0.6990712074303406 0.7035714285714286 0.7337461300309598 0.7607142857142857 0.7523219814241486 0.7607142857142857 0.7572755417956656 0.7511904761904762 0.7572755417956656 0.7142857142857143 0.7374613003095976 0.5904761904761905 0.7269349845201238 0.5714285714285714 0.718266253869969 0.5714285714285714 
19 0.6643962848297214 0.6095238095238096 0.6396284829721363 0.6190476190476191 0.6340557275541796 0.6214285714285714 0.6297213622291021 0.6285714285714286 0.6291021671826625 0.6309523809523809 0.6291021671826625 0.655952380952381 0.6340557275541796 0.6738095238095239 0.6588235294117647 0.7607142857142857 0.6736842105263158 0.7892857142857143 0.6928792569659443 0.7892857142857143 0.7120743034055728 0.7607142857142857 0.7126934984520124 0.7583333333333333 0.7126934984520124 0.7345238095238096 0.7077399380804954 0.7047619047619048 0.6879256965944273 0.6202380952380953 0.6829721362229102 0.6095238095238096 0.6643962848297214 0.6095238095238096 
20 0.6160990712074303 0.6095238095238096 0.6142414860681115 0.6107142857142858 0.6043343653250774 0.6190476190476191 0.6043343653250774 0.6654761904761904 0.6092879256965944 0.7023809523809523 0.6291021671826625 0.7892857142857143 0.6346749226006192 0.7988095238095239 0.6476780185758514 0.7988095238095239 0.648297213622291 0.7964285714285714 0.648297213622291 0.763095238095238 0.643343653250774 0.6666666666666666 0.638390092879257 0.6202380952380953 0.6377708978328174 0.6190476190476191 0.628482972136223 0.6095238095238096 0.6160990712074303 0.6095238095238096 
21 0.5808049535603715 0.6190476190476191 0.5702786377708978 0.6285714285714286 0.5696594427244582 0.6297619047619047 0.5696594427244582 0.6547619047619048 0.5746130030959752 0.6845238095238095 0.5845201238390093 0.7416666666666667 0.5944272445820433 0.7797619047619048 0.6043343653250774 0.8083333333333333 0.6185758513931888 0.8083333333333333 0.6185758513931888 0.7523809523809524 0.6086687306501548 0.6333333333333333 0.6074303405572755 0.6285714285714286 0.6037151702786377 0.6190476190476191 0.5808049535603715 0.6190476190476191 
22 0.5461300309597523 0.6190476190476191 0.544891640866873 0.6202380952380953 0.5399380804953561 0.638095238095238 0.5399380804953561 0.6714285714285714 0.5547987616099072 0.7761904761904762 0.5653250773993808 0.8083333333333333 0.5696594427244582 0.8166666666666667 0.5727554179566563 0.8178571428571428 0.5876160990712074 0.8178571428571428 0.5888544891640867 0.8166666666666667 0.5888544891640867 0.7619047619047619 0.5789473684210527 0.6488095238095238 0.5739938080495356 0.6190476190476191 0.5461300309597523 0.6190476190476191 
23 0.5151702786377709 0.6190476190476191 0.5151702786377709 0.7035714285714286 0.5201238390092879 0.7702380952380953 0.5256965944272446 0.7797619047619048 0.551702786377709 0.7797619047619048 0.5541795665634675 0.7785714285714286 0.5541795665634675 0.7547619047619047 0.5492260061919505 0.6345238095238095 0.5486068111455108 0.6285714285714286 0.5442724458204334 0.6190476190476191 0.5151702786377709 0.6190476190476191 
24 0.49102167182662537 0.6285714285714286 0.4904024767801858 0.6297619047619047 0.4904024767801858 0.6845238095238095 0.4953560371517028 0.7416666666666667 0.5003095975232198 0.7511904761904762 0.5195046439628483 0.7511904761904762 0.5195046439628483 0.6297619047619047 0.518266253869969 0.6285714285714286 0.49102167182662537 0.6285714285714286 
25 0.4724458204334365 0.6285714285714286 0.4712074303405573 0.6297619047619047 0.47058823529411764 0.6321428571428571 0.46563467492260063 0.6988095238095238 0.46563467492260063 0.7571428571428571 0.46687306501547987 0.7595238095238095 0.4681114551083591 0.7607142857142857 0.4848297213622291 0.7607142857142857 0.49411764705882355 0.7511904761904762 0.49473684210526314 0.7488095238095238 0.49473684210526314 0.6321428571428571 0.49411764705882355 0.6285714285714286 0.4724458204334365 0.6285714285714286 
26 0.45077399380804956 0.6226190476190476 0.4458204334365325 0.6285714285714286 0.4408668730650155 0.6976190476190476 0.4408668730650155 0.7880952380952381 0.4458204334365325 0.7988095238095239 0.460061919504644 0.7988095238095239 0.465015479876161 0.7892857142857143 0.469969040247678 0.7452380952380953 0.469969040247678 0.6226190476190476 0.45077399380804956 0.6226190476190476 
27 0.41671826625387 0.6190476190476191 0.4117647058823529 0.6285714285714286 0.41114551083591333 0.6309523809523809 0.39628482972136225 0.7523809523809524 0.39628482972136225 0.8166666666666667 0.39690402476780184 0.8178571428571428 0.41857585139318887 0.8178571428571428 0.4198142414860681 0.8166666666666667 0.42538699690402476 0.7988095238095239 0.44024767801857584 0.7404761904761905 0.4452012383900929 0.719047619047619 0.4501547987616099 0.6738095238095239 0.4501547987616099 0.6285714285714286 0.43962848297213625 0.6190476190476191 0.41671826625387 0.6190476190476191 
28 0.3826625386996904 0.6095238095238096 0.3814241486068111 0.611904761904762 0.3764705882352941 0.638095238095238 0.3715170278637771 0.7440476190476191 0.3715170278637771 0.8178571428571428 0.38575851393188854 0.8178571428571428 0.4006191950464396 0.7607142857142857 0.4154798761609907 0.6845238095238095 0.4154798761609907 0.6297619047619047 0.4105263157894737 0.6190476190476191 0.38823529411764707 0.6095238095238096 0.3826625386996904 0.6095238095238096 
29 0.3473684210526316 0.6190476190476191 0.34674922600619196 0.6238095238095238 0.3368421052631579 0.7440476190476191 0.3368421052631579 0.7988095238095239 0.3492260061919505 0.7988095238095239 0.3510835913312694 0.7964285714285714 0.35541795665634673 0.7892857142857143 0.3609907120743034 0.7797619047619048 0.37089783281733746 0.7476190476190476 0.38080495356037153 0.6845238095238095 0.38575851393188854 0.6440476190476191 0.38575851393188854 0.6285714285714286 0.38080495356037153 0.6202380952380953 0.37956656346749224 0.6190476190476191 0.3473684210526316 0.6190476190476191 
30 0.31331269349845203 0.6 0.31207430340557274 0.6011904761904762 0.3021671826625387 0.6202380952380953 0.2873065015479876 0.7047619047619048 0.2873065015479876 0.7511904761904762 0.29226006191950465 0.7607142857142857 0.3027863777089783 0.7702380952380953 0.330030959752322 0.7702380952380953 0.33126934984520123 0.7690476190476191 0.33622291021671824 0.7595238095238095 0.3411764705882353 0.7404761904761905 0.3510835913312694 0.6845238095238095 0.3560371517027864 0.625 0.3560371517027864 0.6095238095238096 0.32507739938080493 0.6 0.31331269349845203 0.6 
31 0.26811145510835915 0.5714285714285714 0.25758513931888544 0.5904761904761905 0.24272445820433436 0.6857142857142857 0.24272445820433436 0.7404761904761905 0.2476780185758514 0.7511904761904762 0.25263157894736843 0.7595238095238095 0.25386996904024767 0.7607142857142857 0.2613003095975232 0.7607142857142857 0.2718266253869969 0.7511904761904762 0.27678018575851393 0.7416666666666667 0.29659442724458207 0.6845238095238095 0.3065015479876161 0.6547619047619048 0.31145510835913315 0.625 0.31145510835913315 0.6011904761904762 0.3065015479876161 0.5904761904761905 0.3015479876160991 0.580952380952381 0.286687306501548 0.5714285714285714 0.26811145510835915 0.5714285714285714 