2 0.24024767801857586 0.3523809523809524 0.23281733746130032 0.37142857142857144 0.22786377708978328 0.4583333333333333 0.22786377708978328 0.5035714285714286 0.23777089783281732 0.5226190476190476 0.27678018575851393 0.5226190476190476 0.28173374613003094 0.513095238095238 0.286687306501548 0.4738095238095238 0.286687306501548 0.3547619047619048 0.28606811145510835 0.3535714285714286 0.2848297213622291 0.3523809523809524 0.24024767801857586 0.3523809523809524 
3 0.29721362229102166 0.3333333333333333 0.29226006191950465 0.34285714285714286 0.2873065015479876 0.38333333333333336 0.2773993808049536 0.47619047619047616 0.2773993808049536 0.5297619047619048 0.27801857585139317 0.5321428571428571 0.2823529411764706 0.5416666666666666 0.3021671826625387 0.5511904761904762 0.32445820433436534 0.5511904761904762 0.3263157894736842 0.55 0.33126934984520123 0.5297619047619048 0.33126934984520123 0.4773809523809524 0.3263157894736842 0.4095238095238095 0.32136222910216716 0.38095238095238093 0.31640866873065016 0.3619047619047619 0.31145510835913315 0.34404761904761905 0.3058823529411765 0.3333333333333333 0.29721362229102166 0.3333333333333333 
4 0.34241486068111454 0.3333333333333333 0.34179566563467495 0.3345238095238095 0.3368421052631579 0.3523809523809524 0.3318885448916409 0.39166666666666666 0.3219814241486068 0.5238095238095238 0.3219814241486068 0.5416666666666666 0.3318885448916409 0.5607142857142857 0.33746130030959753 0.5702380952380952 0.3510835913312694 0.5702380952380952 0.3560371517027864 0.5666666666666667 0.3603715170278638 0.5607142857142857 0.3609907120743034 0.5595238095238095 0.3609907120743034 0.3547619047619048 0.3560371517027864 0.3333333333333333 0.34241486068111454 0.3333333333333333 
5 0.36656346749226004 0.3333333333333333 0.36160990712074303 0.42023809523809524 0.356656346749226 0.5238095238095238 0.356656346749226 0.5511904761904762 0.36160990712074303 0.569047619047619 0.3628482972136223 0.5702380952380952 0.378328173374613 0.5702380952380952 0.3801857585139319 0.569047619047619 0.3907120743034056 0.5607142857142857 0.4006191950464396 0.5404761904761904 0.4006191950464396 0.5059523809523809 0.3907120743034056 0.4011904761904762 0.38575851393188854 0.3630952380952381 0.38080495356037153 0.34285714285714286 0.37585139318885447 0.3333333333333333 0.36656346749226004 0.3333333333333333 
6 0.41114551083591333 0.3333333333333333 0.40123839009287926 0.4392857142857143 0.39628482972136225 0.49523809523809526 0.39628482972136225 0.5488095238095239 0.40619195046439627 0.5702380952380952 0.41114551083591333 0.5797619047619048 0.41919504643962846 0.5797619047619048 0.42538699690402476 0.5702380952380952 0.43034055727554177 0.5607142857142857 0.43529411764705883 0.5416666666666666 0.43529411764705883 0.41904761904761906 0.43034055727554177 0.3523809523809524 0.4247678018575851 0.3333333333333333 0.41114551083591333 0.3333333333333333 
7 0.43157894736842106 0.34285714285714286 0.4309597523219814 0.34404761904761905 0.4309597523219814 0.5392857142857143 0.4359133126934985 0.5595238095238095 0.4371517027863777 0.5607142857142857 0.4582043343653251 0.5607142857142857 0.45944272445820433 0.5595238095238095 0.46439628482972134 0.5511904761904762 0.465015479876161 0.5488095238095239 0.465015479876161 0.4 0.460061919504644 0.38095238095238093 0.4551083591331269 0.3630952380952381 0.44953560371517026 0.3523809523809524 0.43962848297213625 0.34285714285714286 0.43157894736842106 0.34285714285714286 
8 0.4718266253869969 0.3523809523809524 0.47058823529411764 0.3535714285714286 0.46563467492260063 0.37142857142857144 0.46068111455108357 0.525 0.46068111455108357 0.5583333333333333 0.4613003095975232 0.5607142857142857 0.4662538699690402 0.5702380952380952 0.49907120743034056 0.5702380952380952 0.5046439628482973 0.5607142857142857 0.5046439628482973 0.525 0.4996904024767802 0.4095238095238095 0.49473684210526314 0.38095238095238093 0.4848297213622291 0.3535714285714286 0.4842105263157895 0.3523809523809524 0.4718266253869969 0.3523809523809524 
9 0.5114551083591331 0.34285714285714286 0.5102167182662539 0.34404761904761905 0.5052631578947369 0.3619047619047619 0.5003095975232198 0.4 0.5003095975232198 0.5702380952380952 0.5325077399380805 0.5702380952380952 0.5343653250773994 0.569047619047619 0.5393188854489164 0.55 0.5393188854489164 0.4773809523809524 0.5343653250773994 0.4 0.5244582043343653 0.34285714285714286 0.5114551083591331 0.34285714285714286 
10 0.5455108359133127 0.3619047619047619 0.5399380804953561 0.3726190476190476 0.534984520123839 0.4107142857142857 0.534984520123839 0.5511904761904762 0.5399380804953561 0.5607142857142857 0.5690402476780185 0.5607142857142857 0.5739938080495356 0.5416666666666666 0.5739938080495356 0.5047619047619047 0.5591331269349845 0.3619047619047619 0.5455108359133127 0.3619047619047619 
11 0.5795665634674922 0.3333333333333333 0.5746130030959752 0.34285714285714286 0.5696594427244582 0.4011904761904762 0.5647058823529412 0.4773809523809524 0.5647058823529412 0.513095238095238 0.5696594427244582 0.5511904761904762 0.5752321981424149 0.5702380952380952 0.5801857585139318 0.5797619047619048 0.5987616099071208 0.5797619047619048 0.6030959752321982 0.5702380952380952 0.6037151702786377 0.5678571428571428 0.6086687306501548 0.5416666666666666 0.6086687306501548 0.4857142857142857 0.6037151702786377 0.41904761904761906 0.5987616099071208 0.3547619047619048 0.5938080495356037 0.3333333333333333 0.5795665634674922 0.3333333333333333 
12 0.6099071207430341 0.34285714285714286 0.6092879256965944 0.34404761904761905 0.6043343653250774 0.4869047619047619 0.6043343653250774 0.5369047619047619 0.6092879256965944 0.5702380952380952 0.6198142414860681 0.5797619047619048 0.6334365325077399 0.5797619047619048 0.643343653250774 0.5595238095238095 0.643343653250774 0.5142857142857142 0.638390092879257 0.4 0.6334365325077399 0.3619047619047619 0.628482972136223 0.3523809523809524 0.6229102167182663 0.34285714285714286 0.6099071207430341 0.34285714285714286 
13 0.6352941176470588 0.34285714285714286 0.6340557275541796 0.34404761904761905 0.6340557275541796 0.5202380952380953 0.6390092879256966 0.5416666666666666 0.6439628482972136 0.55 0.6489164086687307 0.5571428571428572 0.6544891640866873 0.5607142857142857 0.6674922600619195 0.5607142857142857 0.6730650154798762 0.55 0.6780185758513931 0.530952380952381 0.6780185758513931 0.5047619047619047 0.6631578947368421 0.34404761904761905 0.6625386996904025 0.34285714285714286 0.6352941176470588 0.34285714285714286 
14 0.6786377708978328 0.38095238095238093 0.6736842105263158 0.3904761904761905 0.6693498452012384 0.4095238095238095 0.6687306501547987 0.41309523809523807 0.6687306501547987 0.5369047619047619 0.6693498452012384 0.5404761904761904 0.6736842105263158 0.5511904761904762 0.7157894736842105 0.5511904761904762 0.7176470588235294 0.55 0.7176470588235294 0.47619047619047616 0.7077399380804954 0.42857142857142855 0.7021671826625387 0.4095238095238095 0.6928792569659443 0.38095238095238093 0.6786377708978328 0.38095238095238093 
15 0.7380804953560371 0.3333333333333333 0.7139318885448916 0.3523809523809524 0.713312693498452 0.3547619047619048 0.713312693498452 0.5214285714285715 0.7139318885448916 0.5226190476190476 0.7572755417956656 0.5226190476190476 0.7622291021671826 0.513095238095238 0.7671826625386997 0.46785714285714286 0.7671826625386997 0.4666666666666667 0.76656346749226 0.45714285714285713 0.7523219814241486 0.3333333333333333 0.7380804953560371 0.3333333333333333 
18 0.7188854489164087 0.5333333333333333 0.698452012383901 0.5428571428571428 0.6934984520123839 0.5535714285714286 0.6934984520123839 0.5857142857142857 0.6941176470588235 0.5892857142857143 0.7089783281733746 0.6369047619047619 0.7380804953560371 0.7119047619047619 0.7386996904024767 0.7130952380952381 0.7448916408668731 0.7166666666666667 0.7455108359133127 0.7166666666666667 0.7721362229102167 0.7035714285714286 0.7721362229102167 0.6595238095238095 0.7523219814241486 0.5428571428571428 0.746749226006192 0.5333333333333333 0.7188854489164087 0.5333333333333333 
19 0.6445820433436532 0.5619047619047619 0.6390092879256966 0.5726190476190476 0.6390092879256966 0.5892857142857143 0.6588235294117647 0.7035714285714286 0.6736842105263158 0.7607142857142857 0.6873065015479877 0.7607142857142857 0.7170278637770898 0.7511904761904762 0.7176470588235294 0.75 0.7176470588235294 0.7083333333333334 0.7027863777089783 0.5833333333333334 0.6978328173374613 0.5630952380952381 0.6959752321981424 0.5619047619047619 0.6445820433436532 0.5619047619047619 
20 0.614860681114551 0.5714285714285714 0.6142414860681115 0.5726190476190476 0.6092879256965944 0.5904761904761905 0.6092879256965944 0.6130952380952381 0.6142414860681115 0.7107142857142857 0.6191950464396285 0.7404761904761905 0.6241486068111455 0.7690476190476191 0.6291021671826625 0.7869047619047619 0.6297213622291021 0.7880952380952381 0.6396284829721363 0.7988095238095239 0.648297213622291 0.7988095238095239 0.653250773993808 0.7892857142857143 0.653250773993808 0.6857142857142857 0.648297213622291 0.594047619047619 0.6476780185758514 0.5904761904761905 0.643343653250774 0.580952380952381 0.638390092879257 0.5714285714285714 0.614860681114551 0.5714285714285714 
21 0.595046439628483 0.5619047619047619 0.5851393188854489 0.5714285714285714 0.5801857585139318 0.580952380952381 0.5795665634674922 0.5833333333333334 0.5795665634674922 0.7773809523809524 0.5801857585139318 0.7797619047619048 0.5845201238390093 0.7892857142857143 0.5975232198142415 0.7892857142857143 0.5987616099071208 0.7880952380952381 0.6185758513931888 0.6238095238095238 0.6185758513931888 0.5880952380952381 0.6173374613003096 0.5845238095238096 0.6086687306501548 0.5714285714285714 0.6024767801857586 0.5630952380952381 0.6012383900928793 0.5619047619047619 0.595046439628483 0.5619047619047619 
22 0.5547987616099072 0.5714285714285714 0.5504643962848297 0.580952380952381 0.544891640866873 0.6011904761904762 0.544891640866873 0.7595238095238095 0.5498452012383901 0.7797619047619048 0.5554179566563467 0.7892857142857143 0.5684210526315789 0.7892857142857143 0.5690402476780185 0.7880952380952381 0.5739938080495356 0.7416666666666667 0.5789473684210527 0.655952380952381 0.5789473684210527 0.580952380952381 0.5715170278637771 0.5714285714285714 0.5547987616099072 0.5714285714285714 
23 0.5368421052631579 0.5714285714285714 0.5207430340557275 0.580952380952381 0.5201238390092879 0.5821428571428572 0.5201238390092879 0.7023809523809523 0.525077399380805 0.7511904761904762 0.5393188854489164 0.7511904761904762 0.5442724458204334 0.7309523809523809 0.5492260061919505 0.6464285714285715 0.5492260061919505 0.5857142857142857 0.5486068111455108 0.580952380952381 0.5442724458204334 0.5714285714285714 0.5368421052631579 0.5714285714285714 
24 0.496594427244582 0.580952380952381 0.4953560371517028 0.5821428571428572 0.4953560371517028 0.5976190476190476 0.5003095975232198 0.7119047619047619 0.5052631578947369 0.7511904761904762 0.5126934984520124 0.7511904761904762 0.5145510835913313 0.75 0.5195046439628483 0.7035714285714286 0.5244582043343653 0.6154761904761905 0.5244582043343653 0.5821428571428572 0.5238390092879257 0.580952380952381 0.496594427244582 0.580952380952381 
25 0.47554179566563465 0.580952380952381 0.47554179566563465 0.6654761904761904 0.4804953560371517 0.7297619047619047 0.48111455108359136 0.7321428571428571 0.4854489164086687 0.7416666666666667 0.49473684210526314 0.7416666666666667 0.4996904024767802 0.6928571428571428 0.4996904024767802 0.5821428571428572 0.4984520123839009 0.580952380952381 0.47554179566563465 0.580952380952381 
26 0.46068111455108357 0.5714285714285714 0.45139318885448915 0.580952380952381 0.45077399380804956 0.5821428571428572 0.45077399380804956 0.7214285714285714 0.45572755417956656 0.7511904761904762 0.465015479876161 0.7511904761904762 0.469969040247678 0.7309523809523809 0.47492260061919506 0.6821428571428572 0.47987616099071206 0.611904761904762 0.47987616099071206 0.580952380952381 0.47492260061919506 0.5714285714285714 0.46068111455108357 0.5714285714285714 
27 0.421671826625387 0.5619047619047619 0.42105263157894735 0.5642857142857143 0.41609907120743034 0.594047619047619 0.41609907120743034 0.6345238095238095 0.42105263157894735 0.75 0.4260061919504644 0.7880952380952381 0.4309597523219814 0.7988095238095239 0.43962848297213625 0.7988095238095239 0.44024767801857584 0.7976190476190477 0.4452012383900929 0.7797619047619048 0.4501547987616099 0.7416666666666667 0.4501547987616099 0.5738095238095238 0.44953560371517026 0.5714285714285714 0.4452012383900929 0.5619047619047619 0.421671826625387 0.5619047619047619 
28 0.39195046439628484 0.5523809523809524 0.3863777089783282 0.5619047619047619 0.3814241486068111 0.5726190476190476 0.3814241486068111 0.6452380952380953 0.3863777089783282 0.7 0.3925696594427245 0.7607142857142857 0.39628482972136225 0.7797619047619048 0.4148606811145511 0.7797619047619048 0.4154798761609907 0.7738095238095238 0.42043343653250775 0.6261904761904762 0.42043343653250775 0.575 0.4198142414860681 0.5714285714285714 0.4154798761609907 0.5630952380952381 0.4043343653250774 0.5523809523809524 0.39195046439628484 0.5523809523809524 
29 0.3523219814241486 0.5619047619047619 0.34674922600619196 0.5714285714285714 0.34179566563467495 0.6928571428571428 0.34179566563467495 0.7797619047619048 0.35975232198142415 0.7797619047619048 0.3609907120743034 0.7785714285714286 0.36594427244582045 0.7702380952380953 0.37089783281733746 0.7595238095238095 0.37585139318885447 0.7226190476190476 0.38080495356037153 0.680952380952381 0.38575851393188854 0.6357142857142857 0.38575851393188854 0.5726190476190476 0.38080495356037153 0.5619047619047619 0.3523219814241486 0.5619047619047619 
30 0.30835913312693497 0.5428571428571428 0.2978328173374613 0.5523809523809524 0.29226006191950465 0.5619047619047619 0.2773993808049536 0.7154761904761905 0.2773993808049536 0.7357142857142858 0.27801857585139317 0.7392857142857143 0.2786377708978328 0.7416666666666667 0.30340557275541796 0.7607142857142857 0.31640866873065016 0.7607142857142857 0.32136222910216716 0.75 0.33126934984520123 0.7130952380952381 0.3510835913312694 0.6178571428571429 0.3560371517027864 0.5761904761904761 0.3560371517027864 0.5619047619047619 0.32074303405572757 0.5428571428571428 0.30835913312693497 0.5428571428571428 
31 0.2532507739938081 0.5142857142857142 0.24272445820433436 0.5333333333333333 0.22786377708978328 0.6023809523809524 0.22291021671826625 0.6297619047619047 0.22291021671826625 0.6928571428571428 0.2235294117647059 0.694047619047619 0.23839009287925697 0.7035714285714286 0.2520123839009288 0.7035714285714286 0.2613003095975232 0.694047619047619 0.26191950464396285 0.6928571428571428 0.28606811145510835 0.6369047619047619 0.29659442724458207 0.6083333333333333 0.3015479876160991 0.5571428571428572 0.3015479876160991 0.5369047619047619 0.30092879256965943 0.5345238095238095 0.2996904024767802 0.5333333333333333 0.27058823529411763 0.5142857142857142 0.2532507739938081 0.5142857142857142 