1 0.2625386996904025 0.3142857142857143 0.2130030959752322 0.3238095238095238 0.2130030959752322 0.4083333333333333 0.22291021671826625 0.41785714285714287 0.2371517027863777 0.41785714285714287 0.24705882352941178 0.4083333333333333 0.2712074303405573 0.37976190476190474 0.28173374613003094 0.3607142857142857 0.28173374613003094 0.31666666666666665 0.28111455108359135 0.3142857142857143 0.2625386996904025 0.3142857142857143 
2 0.2674922600619195 0.29523809523809524 0.2625386996904025 0.3142857142857143 0.23777089783281732 0.4380952380952381 0.23777089783281732 0.4845238095238095 0.24272445820433436 0.5035714285714286 0.25263157894736843 0.5119047619047619 0.2544891640866873 0.513095238095238 0.28111455108359135 0.513095238095238 0.286687306501548 0.5035714285714286 0.291640866873065 0.4928571428571429 0.29659442724458207 0.45357142857142857 0.29659442724458207 0.31785714285714284 0.2959752321981424 0.3142857142857143 0.291640866873065 0.29523809523809524 0.2674922600619195 0.29523809523809524 
3 0.3139318885448916 0.2857142857142857 0.31207430340557274 0.2869047619047619 0.3077399380804954 0.29523809523809524 0.30712074303405573 0.2976190476190476 0.3021671826625387 0.3333333333333333 0.2873065015479876 0.44761904761904764 0.2873065015479876 0.513095238095238 0.29226006191950465 0.5226190476190476 0.33560371517027865 0.5226190476190476 0.33622291021671824 0.5202380952380953 0.34055727554179566 0.49404761904761907 0.3411764705882353 0.4880952380952381 0.3461300309597523 0.4154761904761905 0.3461300309597523 0.3726190476190476 0.34055727554179566 0.3404761904761905 0.33869969040247677 0.3333333333333333 0.33126934984520123 0.305952380952381 0.3263157894736842 0.29523809523809524 0.3201238390092879 0.2857142857142857 0.3139318885448916 0.2857142857142857 
4 0.356656346749226 0.2857142857142857 0.3523219814241486 0.29523809523809524 0.34674922600619196 0.3142857142857143 0.34179566563467495 0.3523809523809524 0.3368421052631579 0.4119047619047619 0.3368421052631579 0.43452380952380953 0.3380804953560371 0.4369047619047619 0.3653250773993808 0.4369047619047619 0.37585139318885447 0.4261904761904762 0.38080495356037153 0.41785714285714287 0.38080495356037153 0.325 0.37585139318885447 0.28809523809523807 0.3752321981424149 0.2857142857142857 0.356656346749226 0.2857142857142857 
5 0.3876160990712074 0.3238095238095238 0.3863777089783282 0.325 0.37708978328173376 0.34404761904761905 0.36656346749226004 0.42857142857142855 0.36656346749226004 0.5297619047619048 0.3715170278637771 0.5511904761904762 0.38575851393188854 0.5511904761904762 0.3956656346749226 0.5416666666666666 0.40495356037151703 0.5321428571428571 0.4105263157894737 0.5214285714285715 0.4105263157894737 0.4583333333333333 0.4055727554179567 0.3619047619047619 0.4006191950464396 0.3345238095238095 0.3956656346749226 0.3238095238095238 0.3876160990712074 0.3238095238095238 
6 0.42105263157894735 0.2857142857142857 0.41609907120743034 0.29642857142857143 0.41114551083591333 0.3142857142857143 0.40619195046439627 0.3357142857142857 0.4018575851393189 0.3619047619047619 0.40123839009287926 0.37142857142857144 0.40123839009287926 0.5488095238095239 0.4018575851393189 0.5511904761904762 0.43034055727554177 0.5511904761904762 0.44024767801857584 0.5285714285714286 0.4452012383900929 0.513095238095238 0.4452012383900929 0.4785714285714286 0.44024767801857584 0.34404761904761905 0.43034055727554177 0.2857142857142857 0.42105263157894735 0.2857142857142857 
7 0.45572755417956656 0.3333333333333333 0.45077399380804956 0.34404761904761905 0.44643962848297214 0.3630952380952381 0.4408668730650155 0.39166666666666666 0.4359133126934985 0.4380952380952381 0.4359133126934985 0.5392857142857143 0.43653250773993807 0.5416666666666666 0.469969040247678 0.5416666666666666 0.469969040247678 0.3523809523809524 0.465015479876161 0.3333333333333333 0.45572755417956656 0.3333333333333333 
8 0.4873065015479876 0.3238095238095238 0.4854489164086687 0.325 0.4804953560371517 0.3345238095238095 0.47554179566563465 0.3523809523809524 0.47058823529411764 0.38095238095238093 0.46563467492260063 0.4380952380952381 0.46563467492260063 0.5595238095238095 0.4662538699690402 0.5607142857142857 0.5046439628482973 0.5607142857142857 0.5095975232198142 0.5511904761904762 0.5095975232198142 0.39285714285714285 0.5046439628482973 0.3238095238095238 0.4873065015479876 0.3238095238095238 
9 0.5151702786377709 0.3238095238095238 0.5102167182662539 0.3345238095238095 0.5052631578947369 0.38095238095238093 0.5052631578947369 0.5678571428571428 0.5058823529411764 0.5702380952380952 0.5380804953560372 0.5702380952380952 0.5393188854489164 0.569047619047619 0.5442724458204334 0.5595238095238095 0.5442724458204334 0.4011904761904762 0.5393188854489164 0.3523809523809524 0.5343653250773994 0.3238095238095238 0.5151702786377709 0.3238095238095238 
10 0.5547987616099072 0.3333333333333333 0.5504643962848297 0.34285714285714286 0.5498452012383901 0.34523809523809523 0.544891640866873 0.37142857142857144 0.5399380804953561 0.4380952380952381 0.5399380804953561 0.5607142857142857 0.544891640866873 0.5702380952380952 0.5690402476780185 0.5702380952380952 0.578328173374613 0.5607142857142857 0.5789473684210527 0.5571428571428572 0.5789473684210527 0.4869047619047619 0.5739938080495356 0.4119047619047619 0.5690402476780185 0.3619047619047619 0.5640866873065016 0.3345238095238095 0.561609907120743 0.3333333333333333 0.5547987616099072 0.3333333333333333 
11 0.595046439628483 0.3142857142857143 0.5894736842105263 0.3345238095238095 0.5696594427244582 0.4583333333333333 0.5696594427244582 0.4928571428571429 0.5746130030959752 0.5773809523809523 0.5752321981424149 0.5797619047619048 0.5795665634674922 0.5892857142857143 0.5987616099071208 0.5892857142857143 0.6074303405572755 0.5797619047619048 0.6086687306501548 0.5773809523809523 0.6136222910216719 0.5666666666666667 0.6136222910216719 0.4666666666666667 0.6086687306501548 0.3357142857142857 0.6037151702786377 0.31547619047619047 0.6024767801857586 0.3142857142857143 0.595046439628483 0.3142857142857143 
12 0.614860681114551 0.38095238095238093 0.6099071207430341 0.3904761904761905 0.6092879256965944 0.39404761904761904 0.6043343653250774 0.5642857142857143 0.6043343653250774 0.5702380952380952 0.6142414860681115 0.5892857142857143 0.6278637770897832 0.5892857142857143 0.638390092879257 0.5797619047619048 0.643343653250774 0.5607142857142857 0.643343653250774 0.44761904761904764 0.638390092879257 0.41904761904761906 0.6334365325077399 0.4 0.628482972136223 0.38333333333333336 0.6272445820433437 0.38095238095238093 0.614860681114551 0.38095238095238093 
13 0.6402476780185758 0.38095238095238093 0.6390092879256966 0.3821428571428571 0.6340557275541796 0.3904761904761905 0.6297213622291021 0.4095238095238095 0.6291021671826625 0.4142857142857143 0.6291021671826625 0.425 0.6340557275541796 0.5607142857142857 0.6390092879256966 0.5702380952380952 0.6681114551083591 0.5702380952380952 0.6730650154798762 0.5595238095238095 0.6730650154798762 0.5107142857142857 0.6724458204334365 0.5047619047619047 0.6631578947368421 0.4392857142857143 0.6582043343653251 0.4119047619047619 0.6575851393188854 0.4095238095238095 0.648297213622291 0.38095238095238093 0.6402476780185758 0.38095238095238093 
14 0.6848297213622291 0.34285714285714286 0.6786377708978328 0.3523809523809524 0.6743034055727554 0.3619047619047619 0.6736842105263158 0.36428571428571427 0.6687306501547987 0.3904761904761905 0.6637770897832818 0.44047619047619047 0.6637770897832818 0.513095238095238 0.6687306501547987 0.5595238095238095 0.669969040247678 0.5607142857142857 0.6829721362229102 0.5607142857142857 0.6928792569659443 0.5571428571428572 0.7027863777089783 0.5511904761904762 0.7126934984520124 0.5416666666666666 0.7126934984520124 0.3630952380952381 0.7077399380804954 0.34404761904761905 0.7065015479876161 0.34285714285714286 0.6848297213622291 0.34285714285714286 
15 0.7238390092879257 0.3333333333333333 0.718266253869969 0.34285714285714286 0.7139318885448916 0.3523809523809524 0.713312693498452 0.3547619047619048 0.708359133126935 0.3821428571428571 0.708359133126935 0.5380952380952381 0.7089783281733746 0.5416666666666666 0.7139318885448916 0.5511904761904762 0.7312693498452012 0.5511904761904762 0.756656346749226 0.5321428571428571 0.7572755417956656 0.5297619047619048 0.7572755417956656 0.4380952380952381 0.7424148606811145 0.3333333333333333 0.7238390092879257 0.3333333333333333 
17 0.7628482972136222 0.5238095238095238 0.7380804953560371 0.5333333333333333 0.7232198142414861 0.5428571428571428 0.718266253869969 0.5523809523809524 0.718266253869969 0.5702380952380952 0.7281733746130031 0.6178571428571429 0.7430340557275542 0.675 0.7535603715170278 0.7035714285714286 0.7721362229102167 0.7035714285714286 0.7770897832817337 0.6928571428571428 0.7820433436532508 0.6654761904761904 0.7820433436532508 0.5726190476190476 0.7770897832817337 0.5333333333333333 0.7721362229102167 0.5238095238095238 0.7628482972136222 0.5238095238095238 
18 0.6996904024767802 0.5523809523809524 0.6835913312693499 0.5619047619047619 0.6743034055727554 0.5714285714285714 0.6687306501547987 0.580952380952381 0.6687306501547987 0.6059523809523809 0.6835913312693499 0.6738095238095239 0.6885448916408669 0.694047619047619 0.6934984520123839 0.7035714285714286 0.713312693498452 0.7321428571428571 0.7325077399380805 0.7321428571428571 0.7473684210526316 0.7130952380952381 0.7473684210526316 0.6476190476190476 0.7325077399380805 0.5833333333333334 0.7275541795665634 0.5630952380952381 0.7219814241486068 0.5523809523809524 0.6996904024767802 0.5523809523809524 
19 0.6253869969040248 0.580952380952381 0.6241486068111455 0.5821428571428572 0.6241486068111455 0.6357142857142857 0.6390092879256966 0.7511904761904762 0.6439628482972136 0.7785714285714286 0.6489164086687307 0.7892857142857143 0.6773993808049535 0.7892857142857143 0.7071207430340557 0.7702380952380953 0.7077399380804954 0.7690476190476191 0.7077399380804954 0.7440476190476191 0.6823529411764706 0.6202380952380953 0.6780185758513931 0.6011904761904762 0.6730650154798762 0.5821428571428572 0.6718266253869969 0.580952380952381 0.6253869969040248 0.580952380952381 
20 0.6043343653250774 0.580952380952381 0.5944272445820433 0.5904761904761905 0.5944272445820433 0.6511904761904762 0.5993808049535604 0.7119047619047619 0.6043343653250774 0.7392857142857143 0.604953560371517 0.7416666666666667 0.614860681114551 0.7702380952380953 0.6204334365325077 0.7797619047619048 0.638390092879257 0.7797619047619048 0.638390092879257 0.7642857142857142 0.6334365325077399 0.6297619047619047 0.628482972136223 0.5821428571428572 0.6272445820433437 0.580952380952381 0.6043343653250774 0.580952380952381 
21 0.5696594427244582 0.5904761904761905 0.5647058823529412 0.611904761904762 0.5647058823529412 0.6464285714285715 0.5795665634674922 0.7892857142857143 0.5938080495356037 0.7892857142857143 0.5987616099071208 0.7797619047619048 0.6037151702786377 0.7595238095238095 0.6037151702786377 0.6476190476190476 0.5987616099071208 0.6011904761904762 0.5981424148606811 0.6 0.5931888544891641 0.5916666666666667 0.5919504643962848 0.5904761904761905 0.5696594427244582 0.5904761904761905 
22 0.5399380804953561 0.5904761904761905 0.5399380804953561 0.7702380952380953 0.5498452012383901 0.8083333333333333 0.5634674922600619 0.8083333333333333 0.5690402476780185 0.7976190476190477 0.5690402476780185 0.6095238095238096 0.5640866873065016 0.5916666666666667 0.5628482972136223 0.5904761904761905 0.5399380804953561 0.5904761904761905 
23 0.5201238390092879 0.5904761904761905 0.5151702786377709 0.594047619047619 0.5102167182662539 0.6761904761904762 0.5102167182662539 0.7952380952380952 0.5108359133126935 0.7976190476190477 0.5114551083591331 0.7988095238095239 0.5281733746130031 0.7988095238095239 0.5294117647058824 0.7976190476190477 0.5343653250773994 0.7797619047619048 0.5393188854489164 0.7404761904761905 0.5393188854489164 0.5904761904761905 0.5201238390092879 0.5904761904761905 
24 0.4953560371517028 0.5904761904761905 0.4904024767801858 0.6011904761904762 0.4904024767801858 0.7678571428571429 0.49597523219814244 0.7892857142857143 0.5046439628482973 0.7892857142857143 0.5095975232198142 0.7702380952380953 0.5145510835913313 0.7416666666666667 0.5195046439628483 0.675 0.5195046439628483 0.6416666666666667 0.5145510835913313 0.5904761904761905 0.4953560371517028 0.5904761904761905 
25 0.47058823529411764 0.580952380952381 0.47058823529411764 0.7785714285714286 0.4712074303405573 0.7797619047619048 0.4743034055727554 0.7797619047619048 0.47987616099071206 0.7785714285714286 0.4848297213622291 0.7690476190476191 0.48978328173374613 0.7571428571428571 0.49473684210526314 0.6833333333333333 0.49473684210526314 0.580952380952381 0.47058823529411764 0.580952380952381 
26 0.45077399380804956 0.5714285714285714 0.4458204334365325 0.6202380952380953 0.4458204334365325 0.7702380952380953 0.45139318885448915 0.7785714285714286 0.45263157894736844 0.7797619047619048 0.46439628482972134 0.7797619047619048 0.465015479876161 0.7773809523809524 0.47492260061919506 0.7107142857142857 0.47492260061919506 0.6130952380952381 0.469969040247678 0.5726190476190476 0.4693498452012384 0.5714285714285714 0.45077399380804956 0.5714285714285714 
27 0.4260061919504644 0.5714285714285714 0.41609907120743034 0.6297619047619047 0.41114551083591333 0.6964285714285714 0.41114551083591333 0.7773809523809524 0.4117647058823529 0.7797619047619048 0.41609907120743034 0.7892857142857143 0.43529411764705883 0.7892857142857143 0.44024767801857584 0.7702380952380953 0.4452012383900929 0.75 0.4501547987616099 0.719047619047619 0.4544891640866873 0.6202380952380953 0.4551083591331269 0.5964285714285714 0.4551083591331269 0.5904761904761905 0.44953560371517026 0.5714285714285714 0.4260061919504644 0.5714285714285714 
28 0.4068111455108359 0.5523809523809524 0.39628482972136225 0.5619047619047619 0.3913312693498452 0.5714285714285714 0.3814241486068111 0.6309523809523809 0.3814241486068111 0.6369047619047619 0.38204334365325077 0.7226190476190476 0.3863777089783282 0.7416666666666667 0.40123839009287926 0.7690476190476191 0.4024767801857585 0.7702380952380953 0.4105263157894737 0.7702380952380953 0.4154798761609907 0.7595238095238095 0.42538699690402476 0.6345238095238095 0.42538699690402476 0.5714285714285714 0.42043343653250775 0.5535714285714286 0.41919504643962846 0.5523809523809524 0.4068111455108359 0.5523809523809524 
29 0.36656346749226004 0.5523809523809524 0.36160990712074303 0.5619047619047619 0.356656346749226 0.5738095238095238 0.356656346749226 0.7416666666666667 0.36160990712074303 0.7511904761904762 0.37089783281733746 0.7511904761904762 0.3752321981424149 0.7416666666666667 0.38575851393188854 0.7130952380952381 0.3956656346749226 0.6083333333333333 0.3956656346749226 0.5523809523809524 0.36656346749226004 0.5523809523809524 
30 0.3219814241486068 0.5333333333333333 0.31207430340557274 0.544047619047619 0.2873065015479876 0.6857142857142857 0.2873065015479876 0.7285714285714285 0.28792569659442724 0.7309523809523809 0.3170278637770898 0.7607142857142857 0.3411764705882353 0.7607142857142857 0.3461300309597523 0.7511904761904762 0.3510835913312694 0.7404761904761905 0.3560371517027864 0.7130952380952381 0.36594427244582045 0.5797619047619048 0.36594427244582045 0.5535714285714286 0.3603715170278638 0.5428571428571428 0.33560371517027865 0.5333333333333333 0.3219814241486068 0.5333333333333333 
31 0.2743034055727554 0.5047619047619047 0.2724458204334365 0.5059523809523809 0.2625386996904025 0.5238095238095238 0.243343653250774 0.6 0.24272445820433436 0.6035714285714285 0.24272445820433436 0.675 0.2476780185758514 0.6845238095238095 0.25758513931888544 0.694047619047619 0.28173374613003094 0.694047619047619 0.2959752321981424 0.6654761904761904 0.3065015479876161 0.6357142857142857 0.31145510835913315 0.6166666666666667 0.3157894736842105 0.5988095238095238 0.31640866873065016 0.5952380952380952 0.31640866873065016 0.5333333333333333 0.3108359133126935 0.5238095238095238 0.286687306501548 0.5047619047619047 0.2743034055727554 0.5047619047619047 