3 0.31207430340557274 0.3238095238095238 0.30712074303405573 0.3345238095238095 0.2823529411764706 0.4583333333333333 0.2823529411764706 0.5035714285714286 0.2873065015479876 0.5119047619047619 0.2885448916408669 0.513095238095238 0.33622291021671824 0.513095238095238 0.3411764705882353 0.49166666666666664 0.3461300309597523 0.4357142857142857 0.3461300309597523 0.3630952380952381 0.3411764705882353 0.34285714285714286 0.33622291021671824 0.3333333333333333 0.3263157894736842 0.3238095238095238 0.31207430340557274 0.3238095238095238 
4 0.3523219814241486 0.3142857142857143 0.35170278637770896 0.31666666666666665 0.3473684210526316 0.3404761904761905 0.34179566563467495 0.37142857142857144 0.3318885448916409 0.4869047619047619 0.3318885448916409 0.530952380952381 0.3331269349845201 0.5321428571428571 0.3609907120743034 0.5321428571428571 0.3653250773993808 0.513095238095238 0.37089783281733746 0.4452380952380952 0.37089783281733746 0.3142857142857143 0.3523219814241486 0.3142857142857143 
5 0.3715170278637771 0.3523809523809524 0.36656346749226004 0.38095238095238093 0.356656346749226 0.4869047619047619 0.356656346749226 0.5321428571428571 0.3931888544891641 0.5321428571428571 0.39504643962848296 0.530952380952381 0.4006191950464396 0.5226190476190476 0.4006191950464396 0.5059523809523809 0.3907120743034056 0.3547619047619048 0.39009287925696595 0.3523809523809524 0.3715170278637771 0.3523809523809524 
6 0.40123839009287926 0.29523809523809524 0.39628482972136225 0.47619047619047616 0.39628482972136225 0.513095238095238 0.40123839009287926 0.5595238095238095 0.4018575851393189 0.5607142857142857 0.43529411764705883 0.5607142857142857 0.4452012383900929 0.5511904761904762 0.4452012383900929 0.5059523809523809 0.44024767801857584 0.4523809523809524 0.43529411764705883 0.4 0.42538699690402476 0.305952380952381 0.42043343653250775 0.29642857142857143 0.41609907120743034 0.29523809523809524 0.40123839009287926 0.29523809523809524 
7 0.44148606811145513 0.4666666666666667 0.43653250773993807 0.47619047619047616 0.4359133126934985 0.4785714285714286 0.4359133126934985 0.5583333333333333 0.43653250773993807 0.5607142857142857 0.45944272445820433 0.5607142857142857 0.4693498452012384 0.5511904761904762 0.469969040247678 0.5476190476190477 0.469969040247678 0.4857142857142857 0.465015479876161 0.4666666666666667 0.44148606811145513 0.4666666666666667 
8 0.47058823529411764 0.45714285714285713 0.46068111455108357 0.47619047619047616 0.46068111455108357 0.5607142857142857 0.49907120743034056 0.5607142857142857 0.5046439628482973 0.55 0.5046439628482973 0.5166666666666667 0.4996904024767802 0.4666666666666667 0.49473684210526314 0.45714285714285713 0.47058823529411764 0.45714285714285713 
9 0.5009287925696595 0.45714285714285713 0.49597523219814244 0.4666666666666667 0.4953560371517028 0.46904761904761905 0.4953560371517028 0.5226190476190476 0.5003095975232198 0.5535714285714286 0.5015479876160991 0.5571428571428572 0.5046439628482973 0.5607142857142857 0.5294117647058824 0.5607142857142857 0.5393188854489164 0.55 0.5393188854489164 0.5214285714285715 0.5343653250773994 0.4773809523809524 0.5281733746130031 0.4607142857142857 0.525077399380805 0.45714285714285713 0.5009287925696595 0.45714285714285713 
10 0.534984520123839 0.45714285714285713 0.530030959752322 0.4773809523809524 0.530030959752322 0.5511904761904762 0.5578947368421052 0.5511904761904762 0.5591331269349845 0.55 0.5640866873065016 0.513095238095238 0.5640866873065016 0.4880952380952381 0.5591331269349845 0.45714285714285713 0.534984520123839 0.45714285714285713 
11 0.5746130030959752 0.29523809523809524 0.5647058823529412 0.3142857142857143 0.5547987616099072 0.4523809523809524 0.5547987616099072 0.5392857142857143 0.5554179566563467 0.5416666666666666 0.5839009287925696 0.5416666666666666 0.5931888544891641 0.5321428571428571 0.5938080495356037 0.530952380952381 0.5938080495356037 0.44761904761904764 0.5888544891640867 0.375 0.5839009287925696 0.32857142857142857 0.58328173374613 0.3238095238095238 0.5789473684210527 0.29523809523809524 0.5746130030959752 0.29523809523809524 
12 0.590092879256966 0.3142857142857143 0.5845201238390093 0.325 0.5845201238390093 0.45476190476190476 0.5894736842105263 0.5226190476190476 0.6278637770897832 0.5226190476190476 0.628482972136223 0.5202380952380953 0.628482972136223 0.45714285714285713 0.6185758513931888 0.3333333333333333 0.6130030959752322 0.3142857142857143 0.590092879256966 0.3142857142857143 
13 0.6241486068111455 0.3238095238095238 0.6191950464396285 0.3333333333333333 0.6142414860681115 0.3904761904761905 0.6142414860681115 0.5214285714285715 0.6191950464396285 0.5321428571428571 0.653250773993808 0.5321428571428571 0.6582043343653251 0.5226190476190476 0.6582043343653251 0.4857142857142857 0.643343653250774 0.32976190476190476 0.6427244582043343 0.3238095238095238 0.6241486068111455 0.3238095238095238 
14 0.6606811145510836 0.3142857142857143 0.6588235294117647 0.31547619047619047 0.6538699690402476 0.3345238095238095 0.6489164086687307 0.36428571428571427 0.6489164086687307 0.49166666666666664 0.6538699690402476 0.513095238095238 0.6613003095975232 0.5214285714285715 0.6637770897832818 0.5226190476190476 0.6730650154798762 0.5226190476190476 0.6978328173374613 0.5035714285714286 0.7027863777089783 0.49404761904761907 0.7027863777089783 0.4380952380952381 0.6978328173374613 0.3904761904761905 0.6928792569659443 0.3523809523809524 0.6879256965944273 0.3238095238095238 0.6829721362229102 0.3142857142857143 0.6606811145510836 0.3142857142857143 
15 0.708359133126935 0.24761904761904763 0.7040247678018576 0.2571428571428571 0.698452012383901 0.2857142857142857 0.6934984520123839 0.4380952380952381 0.6934984520123839 0.44642857142857145 0.698452012383901 0.4714285714285714 0.6996904024767802 0.475 0.7318885448916409 0.475 0.7517027863777089 0.45595238095238094 0.7523219814241486 0.45476190476190476 0.7523219814241486 0.3904761904761905 0.7374613003095976 0.2761904761904762 0.7318885448916409 0.2571428571428571 0.7275541795665634 0.2488095238095238 0.7263157894736842 0.24761904761904763 0.708359133126935 0.24761904761904763 
21 0.5913312693498453 0.5142857142857142 0.5894736842105263 0.5154761904761904 0.5795665634674922 0.5238095238095238 0.5795665634674922 0.5654761904761905 0.5845201238390093 0.6357142857142857 0.5944272445820433 0.7226190476190476 0.6061919504643963 0.7226190476190476 0.6080495356037152 0.7202380952380952 0.6086687306501548 0.7178571428571429 0.6136222910216719 0.6916666666666667 0.6235294117647059 0.6083333333333333 0.6235294117647059 0.525 0.6185758513931888 0.5154761904761904 0.6173374613003096 0.5142857142857142 0.5913312693498453 0.5142857142857142 
22 0.5801857585139318 0.5238095238095238 0.5554179566563467 0.5333333333333333 0.5461300309597523 0.5428571428571428 0.544891640866873 0.5452380952380952 0.544891640866873 0.5654761904761905 0.5498452012383901 0.6464285714285715 0.5597523219814241 0.7226190476190476 0.5647058823529412 0.7416666666666667 0.5789473684210527 0.7416666666666667 0.5839009287925696 0.7309523809523809 0.5839009287925696 0.525 0.5826625386996904 0.5238095238095238 0.5801857585139318 0.5238095238095238 
23 0.5306501547987617 0.5428571428571428 0.5207430340557275 0.5523809523809524 0.5201238390092879 0.555952380952381 0.5201238390092879 0.6059523809523809 0.534984520123839 0.7023809523809523 0.5374613003095975 0.7035714285714286 0.5492260061919505 0.7035714285714286 0.5535603715170279 0.694047619047619 0.5541795665634675 0.6916666666666667 0.5541795665634675 0.6047619047619047 0.5492260061919505 0.5428571428571428 0.5306501547987617 0.5428571428571428 
24 0.4978328173374613 0.5428571428571428 0.49597523219814244 0.544047619047619 0.4953560371517028 0.5452380952380952 0.4953560371517028 0.6166666666666667 0.5003095975232198 0.6619047619047619 0.5009287925696595 0.6654761904761904 0.5052631578947369 0.6833333333333333 0.5102167182662539 0.694047619047619 0.518266253869969 0.694047619047619 0.5238390092879257 0.6845238095238095 0.5244582043343653 0.6821428571428572 0.5244582043343653 0.5535714285714286 0.5238390092879257 0.5523809523809524 0.5040247678018576 0.5428571428571428 0.4978328173374613 0.5428571428571428 
25 0.4712074303405573 0.5523809523809524 0.47058823529411764 0.5535714285714286 0.47058823529411764 0.6797619047619048 0.4712074303405573 0.6845238095238095 0.47554179566563465 0.694047619047619 0.4842105263157895 0.694047619047619 0.4891640866873065 0.6845238095238095 0.49473684210526314 0.6642857142857143 0.4996904024767802 0.5702380952380952 0.4996904024767802 0.5547619047619048 0.49907120743034056 0.5535714285714286 0.4978328173374613 0.5523809523809524 0.4712074303405573 0.5523809523809524 
26 0.45572755417956656 0.5428571428571428 0.44148606811145513 0.5523809523809524 0.43653250773993807 0.5619047619047619 0.4359133126934985 0.5654761904761905 0.4359133126934985 0.6916666666666667 0.43653250773993807 0.694047619047619 0.4544891640866873 0.694047619047619 0.460061919504644 0.6833333333333333 0.465015479876161 0.6642857142857143 0.469969040247678 0.6261904761904762 0.469969040247678 0.5535714285714286 0.465015479876161 0.5428571428571428 0.45572755417956656 0.5428571428571428 
27 0.4359133126934985 0.5428571428571428 0.40619195046439627 0.5523809523809524 0.4018575851393189 0.5619047619047619 0.39628482972136225 0.5821428571428572 0.3913312693498452 0.6011904761904762 0.3863777089783282 0.638095238095238 0.3863777089783282 0.7309523809523809 0.3925696594427245 0.7404761904761905 0.4018575851393189 0.7416666666666667 0.4055727554179567 0.7416666666666667 0.42538699690402476 0.6845238095238095 0.44024767801857584 0.6261904761904762 0.4452012383900929 0.5702380952380952 0.4452012383900929 0.5535714285714286 0.43962848297213625 0.5428571428571428 0.4359133126934985 0.5428571428571428 
28 0.3913312693498452 0.5142857142857142 0.37708978328173376 0.5238095238095238 0.3764705882352941 0.525 0.3715170278637771 0.5523809523809524 0.35170278637770896 0.6797619047619048 0.35170278637770896 0.7321428571428571 0.35975232198142415 0.7321428571428571 0.3609907120743034 0.7309523809523809 0.37585139318885447 0.7035714285714286 0.38575851393188854 0.675 0.3907120743034056 0.655952380952381 0.3956656346749226 0.6345238095238095 0.4105263157894737 0.569047619047619 0.4105263157894737 0.5523809523809524 0.4055727554179567 0.5142857142857142 0.3913312693498452 0.5142857142857142 
29 0.3492260061919505 0.5238095238095238 0.3473684210526316 0.525 0.34674922600619196 0.5261904761904762 0.3368421052631579 0.5535714285714286 0.3318885448916409 0.5738095238095238 0.31207430340557274 0.6666666666666666 0.31207430340557274 0.7130952380952381 0.3170278637770898 0.7226190476190476 0.330030959752322 0.7226190476190476 0.33126934984520123 0.7214285714285714 0.3411764705882353 0.7035714285714286 0.3609907120743034 0.6654761904761904 0.3702786377708978 0.6369047619047619 0.3752321981424149 0.6178571428571429 0.37585139318885447 0.6142857142857143 0.38080495356037153 0.5595238095238095 0.38080495356037153 0.525 0.37956656346749224 0.5238095238095238 0.3492260061919505 0.5238095238095238 
30 0.29721362229102166 0.5047619047619047 0.29287925696594425 0.5142857142857142 0.25758513931888544 0.6011904761904762 0.25263157894736843 0.6190476190476191 0.25263157894736843 0.6535714285714286 0.25758513931888544 0.6654761904761904 0.3108359133126935 0.6654761904761904 0.31640866873065016 0.655952380952381 0.33126934984520123 0.6273809523809524 0.33560371517027865 0.6178571428571429 0.33622291021671824 0.6154761904761905 0.3510835913312694 0.5416666666666666 0.3510835913312694 0.5238095238095238 0.33622291021671824 0.5047619047619047 0.29721362229102166 0.5047619047619047 