2 0.3027863777089783 0.38095238095238093 0.29721362229102166 0.3904761904761905 0.2724458204334365 0.4583333333333333 0.26811145510835915 0.47619047619047616 0.2674922600619195 0.5166666666666667 0.2674922600619195 0.5190476190476191 0.26873065015479874 0.5226190476190476 0.2724458204334365 0.530952380952381 0.2873065015479876 0.5607142857142857 0.3065015479876161 0.5607142857142857 0.31640866873065016 0.5416666666666666 0.33622291021671824 0.45357142857142857 0.33622291021671824 0.4 0.33126934984520123 0.39166666666666666 0.32136222910216716 0.38095238095238093 0.3027863777089783 0.38095238095238093 
3 0.3473684210526316 0.37142857142857144 0.3269349845201238 0.44761904761904764 0.31207430340557274 0.5047619047619047 0.30712074303405573 0.5369047619047619 0.30712074303405573 0.5511904761904762 0.3170278637770898 0.5607142857142857 0.3368421052631579 0.5702380952380952 0.3591331269349845 0.5702380952380952 0.3609907120743034 0.5678571428571428 0.36594427244582045 0.55 0.36594427244582045 0.4095238095238095 0.3609907120743034 0.38095238095238093 0.35541795665634673 0.3726190476190476 0.35294117647058826 0.37142857142857144 0.3473684210526316 0.37142857142857144 
4 0.3764705882352941 0.38095238095238093 0.36160990712074303 0.4095238095238095 0.356656346749226 0.4488095238095238 0.356656346749226 0.5571428571428572 0.3572755417956656 0.5607142857142857 0.37275541795665634 0.5702380952380952 0.3851393188854489 0.5702380952380952 0.3907120743034056 0.5607142857142857 0.3907120743034056 0.49523809523809526 0.38575851393188854 0.38095238095238093 0.3764705882352941 0.38095238095238093 
5 0.39628482972136225 0.3904761904761905 0.38204334365325077 0.41904761904761906 0.3814241486068111 0.42142857142857143 0.3814241486068111 0.5595238095238095 0.38699690402476783 0.5702380952380952 0.40495356037151703 0.5702380952380952 0.4297213622291022 0.5511904761904762 0.43034055727554177 0.55 0.43034055727554177 0.5083333333333333 0.4154798761609907 0.4 0.4105263157894737 0.3904761904761905 0.39628482972136225 0.3904761904761905 
6 0.421671826625387 0.34285714285714286 0.42105263157894735 0.34404761904761905 0.41609907120743034 0.3630952380952381 0.41114551083591333 0.4595238095238095 0.41114551083591333 0.475 0.41609907120743034 0.5595238095238095 0.4260061919504644 0.5785714285714286 0.4284829721362229 0.5797619047619048 0.43529411764705883 0.5797619047619048 0.43962848297213625 0.5702380952380952 0.4452012383900929 0.5511904761904762 0.4501547987616099 0.530952380952381 0.4501547987616099 0.45714285714285713 0.4452012383900929 0.3821428571428571 0.44024767801857584 0.3619047619047619 0.43529411764705883 0.34404761904761905 0.4346749226006192 0.34285714285714286 0.421671826625387 0.34285714285714286 
7 0.45077399380804956 0.37142857142857144 0.4458204334365325 0.38095238095238093 0.4408668730650155 0.5333333333333333 0.4408668730650155 0.5702380952380952 0.44643962848297214 0.5797619047619048 0.4743034055727554 0.5797619047619048 0.47492260061919506 0.5785714285714286 0.47492260061919506 0.45 0.469969040247678 0.39404761904761904 0.4693498452012384 0.3904761904761905 0.465015479876161 0.38095238095238093 0.460061919504644 0.37142857142857144 0.45077399380804956 0.37142857142857144 
8 0.4854489164086687 0.37142857142857144 0.48111455108359136 0.38095238095238093 0.47554179566563465 0.41309523809523807 0.47058823529411764 0.4773809523809524 0.47058823529411764 0.5666666666666667 0.4712074303405573 0.5702380952380952 0.47554179566563465 0.5869047619047619 0.47678018575851394 0.5892857142857143 0.5021671826625387 0.5892857142857143 0.5046439628482973 0.5880952380952381 0.5046439628482973 0.4595238095238095 0.4996904024767802 0.3904761904761905 0.49473684210526314 0.3726190476190476 0.49411764705882355 0.37142857142857144 0.4854489164086687 0.37142857142857144 
9 0.5256965944272446 0.38095238095238093 0.5201238390092879 0.3904761904761905 0.5157894736842106 0.4 0.5102167182662539 0.42023809523809524 0.5003095975232198 0.4797619047619048 0.5003095975232198 0.5892857142857143 0.5343653250773994 0.5892857142857143 0.5393188854489164 0.5797619047619048 0.5393188854489164 0.45714285714285713 0.5343653250773994 0.3821428571428571 0.5337461300309597 0.38095238095238093 0.5256965944272446 0.38095238095238093 
10 0.5399380804953561 0.37142857142857144 0.534984520123839 0.4 0.530030959752322 0.4297619047619048 0.530030959752322 0.4583333333333333 0.534984520123839 0.5785714285714286 0.5356037151702786 0.5797619047619048 0.5486068111455108 0.5797619047619048 0.5640866873065016 0.5702380952380952 0.5678018575851393 0.5607142857142857 0.5690402476780185 0.5511904761904762 0.5690402476780185 0.544047619047619 0.5640866873065016 0.4857142857142857 0.5541795665634675 0.3821428571428571 0.5486068111455108 0.37142857142857144 0.5399380804953561 0.37142857142857144 
11 0.5851393188854489 0.3523809523809524 0.5795665634674922 0.3619047619047619 0.5746130030959752 0.38452380952380955 0.5696594427244582 0.4095238095238095 0.5597523219814241 0.4607142857142857 0.5597523219814241 0.5404761904761904 0.5696594427244582 0.5785714285714286 0.5702786377708978 0.5797619047619048 0.5789473684210527 0.5797619047619048 0.5888544891640867 0.5702380952380952 0.5938080495356037 0.5595238095238095 0.5987616099071208 0.5226190476190476 0.5987616099071208 0.3738095238095238 0.5938080495356037 0.3523809523809524 0.5851393188854489 0.3523809523809524 
12 0.6092879256965944 0.4095238095238095 0.5944272445820433 0.4380952380952381 0.5845201238390093 0.5523809523809524 0.5845201238390093 0.5702380952380952 0.6 0.5797619047619048 0.6179566563467492 0.5797619047619048 0.6185758513931888 0.5785714285714286 0.6235294117647059 0.5226190476190476 0.6235294117647059 0.4297619047619048 0.6185758513931888 0.4095238095238095 0.6092879256965944 0.4095238095238095 
13 0.6297213622291021 0.41904761904761906 0.6241486068111455 0.4380952380952381 0.6191950464396285 0.4583333333333333 0.6142414860681115 0.5154761904761904 0.6142414860681115 0.569047619047619 0.614860681114551 0.5702380952380952 0.6241486068111455 0.5785714285714286 0.6260061919504644 0.5797619047619048 0.643343653250774 0.5797619047619048 0.648297213622291 0.5226190476190476 0.648297213622291 0.47619047619047616 0.643343653250774 0.430952380952381 0.638390092879257 0.42023809523809524 0.6352941176470588 0.41904761904761906 0.6297213622291021 0.41904761904761906 
14 0.6439628482972136 0.38095238095238093 0.6390092879256966 0.42023809523809524 0.6390092879256966 0.5607142857142857 0.6439628482972136 0.5702380952380952 0.6829721362229102 0.5702380952380952 0.6873065015479877 0.5607142857142857 0.6879256965944273 0.5583333333333333 0.6879256965944273 0.5238095238095238 0.6780185758513931 0.42857142857142855 0.6582043343653251 0.38095238095238093 0.6439628482972136 0.38095238095238093 
15 0.6743034055727554 0.38095238095238093 0.6736842105263158 0.3821428571428571 0.6687306501547987 0.4095238095238095 0.6687306501547987 0.42738095238095236 0.6736842105263158 0.4869047619047619 0.6786377708978328 0.530952380952381 0.6835913312693499 0.5488095238095239 0.6885448916408669 0.5607142857142857 0.7114551083591332 0.5607142857142857 0.7126934984520124 0.5595238095238095 0.7275541795665634 0.5321428571428571 0.7275541795665634 0.49642857142857144 0.6978328173374613 0.3904761904761905 0.6928792569659443 0.3821428571428571 0.691640866873065 0.38095238095238093 0.6743034055727554 0.38095238095238093 
18 0.6885448916408669 0.6 0.6835913312693499 0.6095238095238096 0.6835913312693499 0.7226190476190476 0.6885448916408669 0.7511904761904762 0.7034055727554179 0.7797619047619048 0.7170278637770898 0.7797619047619048 0.7226006191950465 0.7702380952380953 0.7275541795665634 0.7511904761904762 0.7325077399380805 0.6916666666666667 0.7325077399380805 0.6309523809523809 0.7318885448916409 0.6285714285714286 0.7275541795665634 0.6190476190476191 0.7226006191950465 0.6095238095238096 0.7071207430340557 0.6 0.6885448916408669 0.6 
19 0.6786377708978328 0.6 0.6439628482972136 0.6095238095238096 0.6390092879256966 0.6190476190476191 0.6390092879256966 0.6738095238095239 0.6538699690402476 0.7702380952380953 0.6637770897832818 0.7988095238095239 0.6724458204334365 0.7988095238095239 0.6978328173374613 0.7797619047619048 0.6978328173374613 0.7440476190476191 0.6879256965944273 0.6 0.6786377708978328 0.6 
20 0.6142414860681115 0.6095238095238096 0.6092879256965944 0.6202380952380953 0.6092879256965944 0.675 0.6142414860681115 0.7214285714285714 0.6191950464396285 0.7607142857142857 0.6241486068111455 0.7785714285714286 0.6291021671826625 0.7892857142857143 0.6340557275541796 0.7988095238095239 0.643343653250774 0.7988095238095239 0.643343653250774 0.6190476190476191 0.6266253869969041 0.6107142857142858 0.6210526315789474 0.6095238095238096 0.6142414860681115 0.6095238095238096 
21 0.5801857585139318 0.6190476190476191 0.5746130030959752 0.6285714285714286 0.5746130030959752 0.6535714285714286 0.5894736842105263 0.7702380952380953 0.5944272445820433 0.7964285714285714 0.595046439628483 0.7988095238095239 0.6068111455108359 0.7988095238095239 0.6086687306501548 0.7976190476190477 0.6136222910216719 0.7202380952380952 0.6136222910216719 0.6190476190476191 0.5801857585139318 0.6190476190476191 
22 0.5603715170278638 0.6 0.5504643962848297 0.6095238095238096 0.5498452012383901 0.6107142857142858 0.5498452012383901 0.7380952380952381 0.5547987616099072 0.7892857142857143 0.5597523219814241 0.8071428571428572 0.5609907120743034 0.8083333333333333 0.5739938080495356 0.8083333333333333 0.5789473684210527 0.7595238095238095 0.5839009287925696 0.675 0.5839009287925696 0.6214285714285714 0.5789473684210527 0.6095238095238096 0.5739938080495356 0.6 0.5603715170278638 0.6 
23 0.5306501547987617 0.6095238095238096 0.530030959752322 0.6107142857142858 0.530030959752322 0.694047619047619 0.534984520123839 0.7404761904761905 0.5399380804953561 0.7785714285714286 0.5455108359133127 0.7892857142857143 0.5529411764705883 0.7892857142857143 0.5541795665634675 0.7880952380952381 0.5541795665634675 0.6107142857142858 0.5535603715170279 0.6095238095238096 0.5306501547987617 0.6095238095238096 
24 0.5108359133126935 0.6095238095238096 0.5102167182662539 0.6107142857142858 0.5102167182662539 0.7130952380952381 0.5151702786377709 0.7511904761904762 0.5201238390092879 0.7702380952380953 0.525077399380805 0.7797619047619048 0.5386996904024768 0.7797619047619048 0.5393188854489164 0.7738095238095238 0.5393188854489164 0.7523809523809524 0.5343653250773994 0.6095238095238096 0.5108359133126935 0.6095238095238096 
25 0.49102167182662537 0.6 0.4904024767801858 0.6011904761904762 0.4904024767801858 0.6738095238095239 0.5003095975232198 0.7785714285714286 0.5009287925696595 0.7797619047619048 0.5095975232198142 0.7797619047619048 0.5145510835913313 0.7607142857142857 0.5145510835913313 0.6 0.49102167182662537 0.6 
26 0.46563467492260063 0.6095238095238096 0.46563467492260063 0.6464285714285715 0.4804953560371517 0.7857142857142857 0.48111455108359136 0.7892857142857143 0.48606811145510836 0.7988095238095239 0.49473684210526314 0.7988095238095239 0.4996904024767802 0.7892857142857143 0.4996904024767802 0.6964285714285714 0.49473684210526314 0.6095238095238096 0.46563467492260063 0.6095238095238096 
27 0.44643962848297214 0.6 0.4408668730650155 0.6095238095238096 0.4408668730650155 0.7035714285714286 0.4458204334365325 0.7880952380952381 0.45139318885448915 0.8083333333333333 0.45572755417956656 0.8178571428571428 0.465015479876161 0.8178571428571428 0.4693498452012384 0.8071428571428572 0.469969040247678 0.8047619047619048 0.47492260061919506 0.7690476190476191 0.47492260061919506 0.7166666666666667 0.469969040247678 0.6107142857142858 0.465015479876161 0.6011904761904762 0.46377708978328175 0.6 0.44643962848297214 0.6 
28 0.41114551083591333 0.6095238095238096 0.40619195046439627 0.6297619047619047 0.40619195046439627 0.7095238095238096 0.4068111455108359 0.7130952380952381 0.41609907120743034 0.7607142857142857 0.42105263157894735 0.7797619047619048 0.4260061919504644 0.7976190476190477 0.426625386996904 0.7988095238095239 0.43962848297213625 0.7988095238095239 0.44024767801857584 0.7976190476190477 0.4452012383900929 0.7607142857142857 0.4452012383900929 0.6345238095238095 0.44458204334365325 0.6309523809523809 0.4439628482972136 0.6297619047619047 0.43034055727554177 0.6095238095238096 0.41114551083591333 0.6095238095238096 
29 0.3925696594427245 0.6 0.3814241486068111 0.6095238095238096 0.3814241486068111 0.7976190476190477 0.3863777089783282 0.8083333333333333 0.39442724458204337 0.8083333333333333 0.3956656346749226 0.8071428571428572 0.4006191950464396 0.7976190476190477 0.4055727554179567 0.7797619047619048 0.4105263157894737 0.7309523809523809 0.4154798761609907 0.6261904761904762 0.4154798761609907 0.6011904761904762 0.4148606811145511 0.6 0.3925696594427245 0.6 
30 0.32755417956656346 0.6095238095238096 0.3269349845201238 0.6107142857142858 0.3170278637770898 0.719047619047619 0.3170278637770898 0.7678571428571429 0.3176470588235294 0.7702380952380953 0.3473684210526316 0.8083333333333333 0.3504643962848297 0.8083333333333333 0.3609907120743034 0.7988095238095239 0.3702786377708978 0.7797619047619048 0.37089783281733746 0.7773809523809524 0.37585139318885447 0.7511904761904762 0.38575851393188854 0.6547619047619048 0.38575851393188854 0.6202380952380953 0.3851393188854489 0.6190476190476191 0.3752321981424149 0.6095238095238096 0.32755417956656346 0.6095238095238096 
31 0.2873065015479876 0.5904761904761905 0.27801857585139317 0.6095238095238096 0.2773993808049536 0.6130952380952381 0.2773993808049536 0.675 0.2823529411764706 0.7416666666666667 0.2873065015479876 0.7607142857142857 0.29721362229102166 0.7785714285714286 0.29845201238390096 0.7797619047619048 0.31145510835913315 0.7797619047619048 0.32136222910216716 0.7595238095238095 0.33126934984520123 0.6869047619047619 0.33126934984520123 0.6011904761904762 0.3287925696594427 0.6 0.3065015479876161 0.5916666666666667 0.3027863777089783 0.5904761904761905 0.2873065015479876 0.5904761904761905 