5 0.3863777089783282 0.34285714285714286 0.3814241486068111 0.3523809523809524 0.3814241486068111 0.530952380952381 0.3863777089783282 0.5416666666666666 0.4148606811145511 0.5416666666666666 0.42043343653250775 0.5321428571428571 0.42043343653250775 0.49642857142857144 0.4006191950464396 0.3535714285714286 0.39504643962848296 0.34285714285714286 0.3863777089783282 0.34285714285714286 
7 0.4309597523219814 0.3238095238095238 0.4309597523219814 0.4880952380952381 0.43157894736842106 0.49404761904761907 0.43653250773993807 0.5321428571428571 0.44148606811145513 0.5416666666666666 0.46439628482972134 0.5416666666666666 0.465015479876161 0.5392857142857143 0.465015479876161 0.44761904761904764 0.460061919504644 0.38095238095238093 0.4501547987616099 0.34404761904761905 0.4452012383900929 0.3333333333333333 0.44024767801857584 0.325 0.4309597523219814 0.3238095238095238 
8 0.4563467492260062 0.3142857142857143 0.45572755417956656 0.31547619047619047 0.45572755417956656 0.45476190476190476 0.46068111455108357 0.5297619047619048 0.46191950464396286 0.5321428571428571 0.48978328173374613 0.5321428571428571 0.4996904024767802 0.5226190476190476 0.4996904024767802 0.5059523809523809 0.49473684210526314 0.42857142857142855 0.48978328173374613 0.4 0.469969040247678 0.3238095238095238 0.465015479876161 0.3142857142857143 0.4563467492260062 0.3142857142857143 
11 0.5746130030959752 0.2857142857142857 0.5647058823529412 0.31666666666666665 0.5547987616099072 0.38095238095238093 0.5498452012383901 0.45 0.5498452012383901 0.5035714285714286 0.5597523219814241 0.5226190476190476 0.5789473684210527 0.5226190476190476 0.5839009287925696 0.513095238095238 0.5888544891640867 0.46785714285714286 0.5888544891640867 0.2976190476190476 0.5882352941176471 0.29523809523809524 0.5839009287925696 0.2857142857142857 0.5746130030959752 0.2857142857142857 
12 0.6055727554179566 0.3333333333333333 0.595046439628483 0.34285714285714286 0.5944272445820433 0.34404761904761905 0.5851393188854489 0.37142857142857144 0.5845201238390093 0.3761904761904762 0.5746130030959752 0.5071428571428571 0.5746130030959752 0.530952380952381 0.5752321981424149 0.5321428571428571 0.5894736842105263 0.5416666666666666 0.6074303405572755 0.5416666666666666 0.6086687306501548 0.5404761904761904 0.6136222910216719 0.5226190476190476 0.6136222910216719 0.3547619047619048 0.6086687306501548 0.3333333333333333 0.6055727554179566 0.3333333333333333 
14 0.6291021671826625 0.3619047619047619 0.6241486068111455 0.37142857142857144 0.6191950464396285 0.4023809523809524 0.6043343653250774 0.5154761904761904 0.6043343653250774 0.5392857142857143 0.604953560371517 0.5416666666666666 0.6092879256965944 0.55 0.6105263157894737 0.5511904761904762 0.6575851393188854 0.5511904761904762 0.6582043343653251 0.55 0.6681114551083591 0.44642857142857145 0.6681114551083591 0.39166666666666666 0.6631578947368421 0.38095238095238093 0.643343653250774 0.3619047619047619 0.6291021671826625 0.3619047619047619 
21 0.5659442724458205 0.5428571428571428 0.5647058823529412 0.544047619047619 0.5597523219814241 0.5726190476190476 0.5597523219814241 0.5952380952380952 0.5746130030959752 0.694047619047619 0.5795665634674922 0.7130952380952381 0.5851393188854489 0.7226190476190476 0.6037151702786377 0.7226190476190476 0.6037151702786377 0.5880952380952381 0.6030959752321982 0.580952380952381 0.5987616099071208 0.5523809523809524 0.5876160990712074 0.5428571428571428 0.5659442724458205 0.5428571428571428 
22 0.5411764705882353 0.5333333333333333 0.5399380804953561 0.5345238095238095 0.5399380804953561 0.5511904761904762 0.5498452012383901 0.6845238095238095 0.5547987616099072 0.7095238095238096 0.5554179566563467 0.7119047619047619 0.5597523219814241 0.7226190476190476 0.5727554179566563 0.7226190476190476 0.5739938080495356 0.7214285714285714 0.5739938080495356 0.6297619047619047 0.5690402476780185 0.5333333333333333 0.5411764705882353 0.5333333333333333 
23 0.5207430340557275 0.5333333333333333 0.5201238390092879 0.5357142857142857 0.5201238390092879 0.6071428571428571 0.530030959752322 0.694047619047619 0.534984520123839 0.7035714285714286 0.5430340557275541 0.7035714285714286 0.5492260061919505 0.6928571428571428 0.5492260061919505 0.6107142857142858 0.5486068111455108 0.5976190476190476 0.5442724458204334 0.5333333333333333 0.5207430340557275 0.5333333333333333 
24 0.508359133126935 0.5333333333333333 0.5052631578947369 0.5345238095238095 0.5009287925696595 0.5428571428571428 0.5003095975232198 0.5464285714285714 0.5003095975232198 0.5869047619047619 0.5052631578947369 0.6654761904761904 0.5102167182662539 0.6916666666666667 0.5108359133126935 0.694047619047619 0.5238390092879257 0.694047619047619 0.5244582043343653 0.6928571428571428 0.5244582043343653 0.5345238095238095 0.5238390092879257 0.5333333333333333 0.508359133126935 0.5333333333333333 
25 0.48111455108359136 0.5428571428571428 0.4804953560371517 0.544047619047619 0.4804953560371517 0.5607142857142857 0.4854489164086687 0.6178571428571429 0.4904024767801858 0.6642857142857143 0.4953560371517028 0.6845238095238095 0.5089783281733746 0.6845238095238095 0.5095975232198142 0.6833333333333333 0.5095975232198142 0.580952380952381 0.5046439628482973 0.544047619047619 0.503405572755418 0.5428571428571428 0.48111455108359136 0.5428571428571428 
26 0.46563467492260063 0.5428571428571428 0.46563467492260063 0.625 0.47058823529411764 0.6642857142857143 0.47554179566563465 0.6845238095238095 0.48606811145510836 0.7035714285714286 0.4891640866873065 0.7035714285714286 0.49411764705882355 0.694047619047619 0.49473684210526314 0.6904761904761905 0.49473684210526314 0.6666666666666666 0.48978328173374613 0.5821428571428572 0.4848297213622291 0.5464285714285714 0.4842105263157895 0.5428571428571428 0.46563467492260063 0.5428571428571428 
27 0.44643962848297214 0.5523809523809524 0.4408668730650155 0.5619047619047619 0.43653250773993807 0.580952380952381 0.4359133126934985 0.5845238095238096 0.4359133126934985 0.7214285714285714 0.4408668730650155 0.7321428571428571 0.4458204334365325 0.7416666666666667 0.4551083591331269 0.7416666666666667 0.460061919504644 0.7321428571428571 0.465015479876161 0.7119047619047619 0.469969040247678 0.6714285714285714 0.469969040247678 0.5642857142857143 0.465015479876161 0.5523809523809524 0.44643962848297214 0.5523809523809524 
28 0.41609907120743034 0.5619047619047619 0.41114551083591333 0.5714285714285714 0.40619195046439627 0.7047619047619048 0.40619195046439627 0.7309523809523809 0.4068111455108359 0.7321428571428571 0.42538699690402476 0.7321428571428571 0.43529411764705883 0.7119047619047619 0.44024767801857584 0.6642857142857143 0.4452012383900929 0.5857142857142857 0.4452012383900929 0.5630952380952381 0.44458204334365325 0.5619047619047619 0.41609907120743034 0.5619047619047619 
29 0.3913312693498452 0.5523809523809524 0.3863777089783282 0.5714285714285714 0.3814241486068111 0.6666666666666666 0.3814241486068111 0.7416666666666667 0.3863777089783282 0.7511904761904762 0.4 0.7511904761904762 0.4006191950464396 0.75 0.4055727554179567 0.7309523809523809 0.4105263157894737 0.7095238095238096 0.4154798761609907 0.6833333333333333 0.42538699690402476 0.569047619047619 0.42538699690402476 0.5630952380952381 0.42043343653250775 0.5523809523809524 0.3913312693498452 0.5523809523809524 
31 0.3021671826625387 0.5428571428571428 0.2724458204334365 0.6571428571428571 0.2724458204334365 0.7023809523809523 0.2736842105263158 0.7035714285714286 0.28792569659442724 0.7130952380952381 0.3065015479876161 0.7130952380952381 0.3157894736842105 0.7035714285714286 0.3263157894736842 0.6845238095238095 0.35541795665634673 0.6083333333333333 0.3560371517027864 0.6059523809523809 0.3560371517027864 0.5630952380952381 0.3510835913312694 0.5523809523809524 0.3411764705882353 0.5428571428571428 0.3021671826625387 0.5428571428571428 