1 0.2532507739938081 0.2571428571428571 0.23777089783281732 0.26666666666666666 0.23281733746130032 0.2761904761904762 0.22291021671826625 0.36547619047619045 0.22291021671826625 0.40714285714285714 0.23839009287925697 0.42738095238095236 0.2476780185758514 0.4357142857142857 0.2501547987616099 0.4369047619047619 0.26687306501547986 0.4369047619047619 0.2712074303405573 0.42738095238095236 0.2718266253869969 0.425 0.27678018575851393 0.3880952380952381 0.27678018575851393 0.2892857142857143 0.2761609907120743 0.2857142857142857 0.2718266253869969 0.2761904761904762 0.26191950464396285 0.2571428571428571 0.2532507739938081 0.2571428571428571 
2 0.27306501547987616 0.29523809523809524 0.2724458204334365 0.29642857142857143 0.25758513931888544 0.4297619047619048 0.25758513931888544 0.4357142857142857 0.26811145510835915 0.45595238095238094 0.2835913312693498 0.475 0.30030959752321984 0.475 0.3015479876160991 0.4738095238095238 0.3065015479876161 0.45476190476190476 0.3108359133126935 0.42738095238095236 0.31145510835913315 0.41785714285714287 0.31145510835913315 0.31547619047619047 0.3058823529411765 0.3047619047619048 0.286687306501548 0.29523809523809524 0.27306501547987616 0.29523809523809524 
3 0.30712074303405573 0.3142857142857143 0.29721362229102166 0.45595238095238094 0.29721362229102166 0.4845238095238095 0.3281733746130031 0.5035714285714286 0.3504643962848297 0.5035714285714286 0.3510835913312694 0.5023809523809524 0.3609907120743034 0.4166666666666667 0.3609907120743034 0.3345238095238095 0.3560371517027864 0.3142857142857143 0.30712074303405573 0.3142857142857143 
4 0.3671826625386997 0.3142857142857143 0.36160990712074303 0.33095238095238094 0.356656346749226 0.36428571428571427 0.35170278637770896 0.4107142857142857 0.35170278637770896 0.5202380952380953 0.35294117647058826 0.5226190476190476 0.3801857585139319 0.5226190476190476 0.38575851393188854 0.513095238095238 0.38575851393188854 0.32857142857142857 0.3851393188854489 0.325 0.38080495356037153 0.31547619047619047 0.3801857585139319 0.3142857142857143 0.3671826625386997 0.3142857142857143 
5 0.3913312693498452 0.34285714285714286 0.3863777089783282 0.3523809523809524 0.3814241486068111 0.3738095238095238 0.3764705882352941 0.4511904761904762 0.3764705882352941 0.5321428571428571 0.3814241486068111 0.5416666666666666 0.40495356037151703 0.5416666666666666 0.4148606811145511 0.5321428571428571 0.4154798761609907 0.5297619047619048 0.4154798761609907 0.4857142857142857 0.4055727554179567 0.34404761904761905 0.40309597523219814 0.34285714285714286 0.3913312693498452 0.34285714285714286 
6 0.42105263157894735 0.2571428571428571 0.4117647058823529 0.2761904761904762 0.40619195046439627 0.29523809523809524 0.40123839009287926 0.3547619047619048 0.40123839009287926 0.44642857142857145 0.40619195046439627 0.49404761904761907 0.41114551083591333 0.5119047619047619 0.4130030959752322 0.513095238095238 0.4241486068111455 0.513095238095238 0.4297213622291022 0.5035714285714286 0.43529411764705883 0.4928571428571429 0.44024767801857584 0.4738095238095238 0.4452012383900929 0.44642857142857145 0.4452012383900929 0.3904761904761905 0.44024767801857584 0.26666666666666666 0.4346749226006192 0.2571428571428571 0.42105263157894735 0.2571428571428571 
7 0.45139318885448915 0.3238095238095238 0.45077399380804956 0.325 0.4458204334365325 0.33690476190476193 0.4359133126934985 0.4869047619047619 0.4359133126934985 0.5226190476190476 0.4408668730650155 0.530952380952381 0.45077399380804956 0.5416666666666666 0.469969040247678 0.5416666666666666 0.469969040247678 0.3547619047619048 0.465015479876161 0.3238095238095238 0.45139318885448915 0.3238095238095238 
8 0.47554179566563465 0.3238095238095238 0.47058823529411764 0.3535714285714286 0.46563467492260063 0.4392857142857143 0.46563467492260063 0.4607142857142857 0.4662538699690402 0.5416666666666666 0.4712074303405573 0.5511904761904762 0.5046439628482973 0.5511904761904762 0.5046439628482973 0.4392857142857143 0.4996904024767802 0.3726190476190476 0.49473684210526314 0.3345238095238095 0.48978328173374613 0.325 0.4885448916408669 0.3238095238095238 0.47554179566563465 0.3238095238095238 
9 0.5207430340557275 0.3238095238095238 0.5201238390092879 0.325 0.5157894736842106 0.3345238095238095 0.5102167182662539 0.3523809523809524 0.5052631578947369 0.4011904761904762 0.5052631578947369 0.5214285714285715 0.5102167182662539 0.5511904761904762 0.5424148606811146 0.5511904761904762 0.5442724458204334 0.55 0.5442724458204334 0.44761904761904764 0.5393188854489164 0.3630952380952381 0.5343653250773994 0.3345238095238095 0.5287925696594428 0.3238095238095238 0.5207430340557275 0.3238095238095238 
10 0.5455108359133127 0.3142857142857143 0.5399380804953561 0.3238095238095238 0.5399380804953561 0.43452380952380953 0.544891640866873 0.4738095238095238 0.5504643962848297 0.513095238095238 0.5547987616099072 0.530952380952381 0.5554179566563467 0.5321428571428571 0.5671826625386996 0.5321428571428571 0.5789473684210527 0.5214285714285715 0.5789473684210527 0.45714285714285713 0.5739938080495356 0.4095238095238095 0.5690402476780185 0.36547619047619045 0.5684210526315789 0.3619047619047619 0.5640866873065016 0.34285714285714286 0.5591331269349845 0.3238095238095238 0.5535603715170279 0.3142857142857143 0.5455108359133127 0.3142857142857143 
11 0.5894736842105263 0.17261904761904762 0.5795665634674922 0.18095238095238095 0.5746130030959752 0.19047619047619047 0.5696594427244582 0.2119047619047619 0.5597523219814241 0.3142857142857143 0.5597523219814241 0.37023809523809526 0.5647058823529412 0.41785714285714287 0.5708978328173374 0.42738095238095236 0.5839009287925696 0.42738095238095236 0.5938080495356037 0.4083333333333333 0.5981424148606811 0.39880952380952384 0.5987616099071208 0.3952380952380952 0.6037151702786377 0.35833333333333334 0.6037151702786377 0.2 0.5981424148606811 0.18095238095238095 0.5938080495356037 0.17261904761904762 0.5894736842105263 0.17261904761904762 
12 0.6099071207430341 0.34285714285714286 0.604953560371517 0.3619047619047619 0.6043343653250774 0.36666666666666664 0.5944272445820433 0.4773809523809524 0.5944272445820433 0.5035714285714286 0.5993808049535604 0.5119047619047619 0.6092879256965944 0.5226190476190476 0.6334365325077399 0.5226190476190476 0.6334365325077399 0.4869047619047619 0.628482972136223 0.36547619047619045 0.6235294117647059 0.34285714285714286 0.6099071207430341 0.34285714285714286 
13 0.6247678018575852 0.3333333333333333 0.6191950464396285 0.3630952380952381 0.6191950464396285 0.36904761904761907 0.6241486068111455 0.49047619047619045 0.6291021671826625 0.5035714285714286 0.648297213622291 0.5035714285714286 0.6582043343653251 0.48333333333333334 0.6582043343653251 0.4488095238095238 0.653250773993808 0.41309523809523807 0.648297213622291 0.3821428571428571 0.643343653250774 0.3547619047619048 0.6427244582043343 0.3523809523809524 0.6377708978328174 0.3345238095238095 0.6371517027863777 0.3333333333333333 0.6247678018575852 0.3333333333333333 
14 0.6501547987616099 0.26666666666666666 0.6489164086687307 0.26785714285714285 0.6439628482972136 0.2988095238095238 0.6439628482972136 0.36904761904761907 0.6489164086687307 0.45476190476190476 0.6538699690402476 0.4845238095238095 0.6730650154798762 0.4845238095238095 0.6972136222910217 0.4654761904761905 0.7027863777089783 0.45595238095238094 0.7027863777089783 0.42857142857142855 0.6780185758513931 0.2857142857142857 0.6730650154798762 0.26785714285714285 0.6724458204334365 0.26666666666666666 0.6501547987616099 0.26666666666666666 
15 0.6934984520123839 0.2571428571428571 0.6842105263157895 0.2761904761904762 0.6835913312693499 0.28095238095238095 0.6835913312693499 0.35833333333333334 0.6885448916408669 0.4083333333333333 0.6934984520123839 0.4357142857142857 0.698452012383901 0.44642857142857145 0.7226006191950465 0.44642857142857145 0.7374613003095976 0.4369047619047619 0.7374613003095976 0.38095238095238093 0.7176470588235294 0.29285714285714287 0.7077399380804954 0.25833333333333336 0.7065015479876161 0.2571428571428571 0.6934984520123839 0.2571428571428571 
16 0.7238390092879257 0.22857142857142856 0.7232198142414861 0.22976190476190475 0.718266253869969 0.24047619047619048 0.718266253869969 0.29404761904761906 0.7232198142414861 0.37023809523809526 0.7331269349845201 0.4166666666666667 0.7337461300309598 0.41785714285714287 0.7473684210526316 0.41785714285714287 0.7560371517027864 0.4083333333333333 0.7721362229102167 0.3892857142857143 0.7721362229102167 0.3547619047619048 0.7622291021671826 0.25833333333333336 0.7572755417956656 0.2488095238095238 0.7424148606811145 0.22857142857142856 0.7238390092879257 0.22857142857142856 
17 0.7585139318885449 0.38095238095238093 0.7337461300309598 0.4095238095238095 0.7331269349845201 0.4107142857142857 0.7331269349845201 0.44642857142857145 0.7380804953560371 0.4654761904761905 0.7628482972136222 0.513095238095238 0.7739938080495357 0.5321428571428571 0.7826625386996904 0.5416666666666666 0.8117647058823529 0.5416666666666666 0.821671826625387 0.5119047619047619 0.821671826625387 0.4869047619047619 0.7814241486068112 0.38095238095238093 0.7585139318885449 0.38095238095238093 
18 0.7232198142414861 0.42857142857142855 0.6848297213622291 0.45714285714285713 0.6835913312693499 0.4583333333333333 0.6835913312693499 0.48095238095238096 0.6842105263157895 0.4845238095238095 0.6885448916408669 0.5023809523809524 0.718266253869969 0.5797619047619048 0.7232198142414861 0.5892857142857143 0.7386996904024767 0.6083333333333333 0.7585139318885449 0.6273809523809524 0.7715170278637771 0.6273809523809524 0.7721362229102167 0.6261904761904762 0.7820433436532508 0.5988095238095238 0.7820433436532508 0.5571428571428572 0.7814241486068112 0.5523809523809524 0.7770897832817337 0.5333333333333333 0.7715170278637771 0.5142857142857142 0.7417956656346749 0.4380952380952381 0.7374613003095976 0.42857142857142855 0.7232198142414861 0.42857142857142855 
19 0.6804953560371517 0.45714285714285713 0.6489164086687307 0.47619047619047616 0.6439628482972136 0.4857142857142857 0.6439628482972136 0.513095238095238 0.6489164086687307 0.5321428571428571 0.6687306501547987 0.6071428571428571 0.6786377708978328 0.6357142857142857 0.6885448916408669 0.655952380952381 0.6941176470588235 0.6642857142857143 0.7089783281733746 0.6845238095238095 0.7164086687306501 0.6845238095238095 0.7176470588235294 0.6833333333333333 0.7374613003095976 0.6452380952380953 0.7374613003095976 0.6095238095238096 0.7275541795665634 0.5714285714285714 0.6879256965944273 0.45714285714285713 0.6804953560371517 0.45714285714285713 
20 0.6352941176470588 0.49523809523809526 0.6191950464396285 0.5154761904761904 0.6191950464396285 0.5595238095238095 0.6439628482972136 0.6452380952380953 0.6489164086687307 0.655952380952381 0.6538699690402476 0.6654761904761904 0.6637770897832818 0.6833333333333333 0.6662538699690402 0.6845238095238095 0.6755417956656347 0.6845238095238095 0.6773993808049535 0.6833333333333333 0.6780185758513931 0.6821428571428572 0.6780185758513931 0.6297619047619047 0.6582043343653251 0.5238095238095238 0.648297213622291 0.49642857142857144 0.6476780185758514 0.49523809523809526 0.6352941176470588 0.49523809523809526 
21 0.6012383900928793 0.5142857142857142 0.5993808049535604 0.5154761904761904 0.5894736842105263 0.544047619047619 0.5894736842105263 0.5583333333333333 0.6241486068111455 0.7321428571428571 0.6291021671826625 0.7404761904761905 0.6340557275541796 0.7416666666666667 0.6371517027863777 0.7416666666666667 0.643343653250774 0.7321428571428571 0.6476780185758514 0.7226190476190476 0.648297213622291 0.7202380952380952 0.648297213622291 0.6571428571428571 0.643343653250774 0.6095238095238096 0.638390092879257 0.5833333333333334 0.6235294117647059 0.5154761904761904 0.6222910216718266 0.5142857142857142 0.6012383900928793 0.5142857142857142 
22 0.5758513931888545 0.5333333333333333 0.5746130030959752 0.5357142857142857 0.5696594427244582 0.5523809523809524 0.5696594427244582 0.7226190476190476 0.5746130030959752 0.7583333333333333 0.5795665634674922 0.7785714285714286 0.5845201238390093 0.7892857142857143 0.5888544891640867 0.7892857142857143 0.5987616099071208 0.7702380952380953 0.6037151702786377 0.6821428571428572 0.6037151702786377 0.5714285714285714 0.5987616099071208 0.5523809523809524 0.5938080495356037 0.5345238095238095 0.5931888544891641 0.5333333333333333 0.5758513931888545 0.5333333333333333 
23 0.5343653250773994 0.5714285714285714 0.5312693498452012 0.575 0.530030959752322 0.5785714285714286 0.530030959752322 0.594047619047619 0.534984520123839 0.6345238095238095 0.5498452012383901 0.7178571428571429 0.5547987616099072 0.7416666666666667 0.5647058823529412 0.7785714285714286 0.5678018575851393 0.7797619047619048 0.5690402476780185 0.7797619047619048 0.5739938080495356 0.7785714285714286 0.5789473684210527 0.7702380952380953 0.5789473684210527 0.7142857142857143 0.5690402476780185 0.6023809523809524 0.5640866873065016 0.5726190476190476 0.5634674922600619 0.5714285714285714 0.5343653250773994 0.5714285714285714 
24 0.5102167182662539 0.5714285714285714 0.5052631578947369 0.5821428571428572 0.5052631578947369 0.5988095238095238 0.5102167182662539 0.6321428571428571 0.5108359133126935 0.6357142857142857 0.5201238390092879 0.6845238095238095 0.534984520123839 0.7416666666666667 0.5479876160990712 0.7416666666666667 0.5492260061919505 0.7404761904761905 0.5492260061919505 0.6952380952380952 0.5393188854489164 0.580952380952381 0.5343653250773994 0.5726190476190476 0.5318885448916408 0.5714285714285714 0.5102167182662539 0.5714285714285714 
25 0.48111455108359136 0.5714285714285714 0.4804953560371517 0.5726190476190476 0.4804953560371517 0.6166666666666667 0.4854489164086687 0.6452380952380953 0.5003095975232198 0.7130952380952381 0.5102167182662539 0.7321428571428571 0.5238390092879257 0.7321428571428571 0.5244582043343653 0.7309523809523809 0.5244582043343653 0.6773809523809524 0.5145510835913313 0.6023809523809524 0.5095975232198142 0.580952380952381 0.49473684210526314 0.5714285714285714 0.48111455108359136 0.5714285714285714 
26 0.46068111455108357 0.5619047619047619 0.46068111455108357 0.6654761904761904 0.47554179566563465 0.7226190476190476 0.4804953560371517 0.7404761904761905 0.48173374613003095 0.7416666666666667 0.49473684210526314 0.7416666666666667 0.49473684210526314 0.6392857142857142 0.4848297213622291 0.5821428571428572 0.4743034055727554 0.5619047619047619 0.46068111455108357 0.5619047619047619 
27 0.43157894736842106 0.5428571428571428 0.42105263157894735 0.5714285714285714 0.42105263157894735 0.6261904761904762 0.4260061919504644 0.6619047619047619 0.4309597523219814 0.694047619047619 0.4408668730650155 0.7321428571428571 0.45077399380804956 0.75 0.45263157894736844 0.7511904761904762 0.465015479876161 0.7511904761904762 0.465015479876161 0.6011904761904762 0.460061919504644 0.5726190476190476 0.4544891640866873 0.5523809523809524 0.4501547987616099 0.544047619047619 0.44891640866873067 0.5428571428571428 0.43157894736842106 0.5428571428571428 
28 0.4018575851393189 0.5238095238095238 0.39195046439628484 0.5333333333333333 0.3863777089783282 0.5428571428571428 0.3814241486068111 0.6011904761904762 0.3814241486068111 0.6988095238095238 0.38204334365325077 0.7035714285714286 0.39195046439628484 0.7226190476190476 0.4043343653250774 0.7226190476190476 0.4055727554179567 0.7214285714285714 0.4105263157894737 0.7130952380952381 0.43034055727554177 0.5702380952380952 0.43034055727554177 0.544047619047619 0.4247678018575851 0.5333333333333333 0.4148606811145511 0.5238095238095238 0.4018575851393189 0.5238095238095238 
30 0.31331269349845203 0.4857142857142857 0.31207430340557274 0.4869047619047619 0.30712074303405573 0.49642857142857144 0.27306501547987616 0.6285714285714286 0.2724458204334365 0.6333333333333333 0.2724458204334365 0.675 0.3021671826625387 0.7119047619047619 0.30340557275541796 0.7130952380952381 0.3108359133126935 0.7130952380952381 0.32136222910216716 0.7035714285714286 0.3263157894736842 0.694047619047619 0.36594427244582045 0.5607142857142857 0.3702786377708978 0.5416666666666666 0.37089783281733746 0.5321428571428571 0.3702786377708978 0.5238095238095238 0.3560371517027864 0.49523809523809526 0.33126934984520123 0.4857142857142857 0.31331269349845203 0.4857142857142857 
31 0.26377708978328174 0.45714285714285713 0.2625386996904025 0.4583333333333333 0.25758513931888544 0.4666666666666667 0.21795665634674924 0.5726190476190476 0.21795665634674924 0.6142857142857143 0.21857585139318886 0.6166666666666667 0.23281733746130032 0.655952380952381 0.2563467492260062 0.655952380952381 0.2718266253869969 0.6369047619047619 0.291640866873065 0.5797619047619048 0.3065015479876161 0.530952380952381 0.3065015479876161 0.49523809523809526 0.3015479876160991 0.4857142857142857 0.29102167182662536 0.4666666666666667 0.2854489164086687 0.45714285714285713 0.26377708978328174 0.45714285714285713 
32 0.22291021671826625 0.4095238095238095 0.21795665634674924 0.42023809523809524 0.1931888544891641 0.4857142857142857 0.18885448916408668 0.5047619047619047 0.18328173374613002 0.5333333333333333 0.18328173374613002 0.5511904761904762 0.19814241486068113 0.5607142857142857 0.22724458204334366 0.5607142857142857 0.2371517027863777 0.5511904761904762 0.26191950464396285 0.4928571428571429 0.26687306501547986 0.4738095238095238 0.26687306501547986 0.44047619047619047 0.26625386996904027 0.4380952380952381 0.2613003095975232 0.42857142857142855 0.2520123839009288 0.41904761904761906 0.24148606811145512 0.4095238095238095 0.22291021671826625 0.4095238095238095 