2 0.2823529411764706 0.3523809523809524 0.2773993808049536 0.38095238095238093 0.2674922600619195 0.4857142857142857 0.2674922600619195 0.5214285714285715 0.2724458204334365 0.530952380952381 0.2823529411764706 0.5416666666666666 0.31145510835913315 0.5416666666666666 0.31640866873065016 0.530952380952381 0.31640866873065016 0.4666666666666667 0.31145510835913315 0.40476190476190477 0.3065015479876161 0.36547619047619045 0.3058823529411765 0.3630952380952381 0.3015479876160991 0.3535714285714286 0.30030959752321984 0.3523809523809524 0.2823529411764706 0.3523809523809524 
3 0.3281733746130031 0.38095238095238093 0.3126934984520124 0.3904761904761905 0.31207430340557274 0.39166666666666666 0.31207430340557274 0.5511904761904762 0.3219814241486068 0.5607142857142857 0.35541795665634673 0.5607142857142857 0.3609907120743034 0.5511904761904762 0.3609907120743034 0.4773809523809524 0.3510835913312694 0.41904761904761906 0.3461300309597523 0.3904761904761905 0.3411764705882353 0.3821428571428571 0.339938080495356 0.38095238095238093 0.3281733746130031 0.38095238095238093 
4 0.356656346749226 0.3619047619047619 0.356656346749226 0.5404761904761904 0.36160990712074303 0.5571428571428572 0.3628482972136223 0.5595238095238095 0.36408668730650157 0.5607142857142857 0.37585139318885447 0.5607142857142857 0.3907120743034056 0.5511904761904762 0.3956656346749226 0.5404761904761904 0.3956656346749226 0.4869047619047619 0.3907120743034056 0.4583333333333333 0.37585139318885447 0.38333333333333336 0.37089783281733746 0.37142857142857144 0.36594427244582045 0.3619047619047619 0.356656346749226 0.3619047619047619 
5 0.39195046439628484 0.3619047619047619 0.3863777089783282 0.3726190476190476 0.3814241486068111 0.4011904761904762 0.3814241486068111 0.4654761904761905 0.3863777089783282 0.5511904761904762 0.3913312693498452 0.5607142857142857 0.4055727554179567 0.5607142857142857 0.42043343653250775 0.5511904761904762 0.42043343653250775 0.47023809523809523 0.4154798761609907 0.4392857142857143 0.4055727554179567 0.38095238095238093 0.4006191950464396 0.3619047619047619 0.39195046439628484 0.3619047619047619 
6 0.40804953560371515 0.3238095238095238 0.40619195046439627 0.325 0.40619195046439627 0.4357142857142857 0.41609907120743034 0.5511904761904762 0.43529411764705883 0.5511904761904762 0.44024767801857584 0.5404761904761904 0.44024767801857584 0.5047619047619047 0.42538699690402476 0.33690476190476193 0.4247678018575851 0.3333333333333333 0.42043343653250775 0.325 0.41919504643962846 0.3238095238095238 0.40804953560371515 0.3238095238095238 
7 0.4359133126934985 0.34285714285714286 0.4309597523219814 0.3630952380952381 0.4309597523219814 0.5119047619047619 0.4359133126934985 0.5404761904761904 0.44148606811145513 0.5511904761904762 0.45944272445820433 0.5511904761904762 0.460061919504644 0.5488095238095239 0.460061919504644 0.4297619047619048 0.4551083591331269 0.3726190476190476 0.4501547987616099 0.34523809523809523 0.44953560371517026 0.34285714285714286 0.4359133126934985 0.34285714285714286 
8 0.46068111455108357 0.3238095238095238 0.4563467492260062 0.3333333333333333 0.45572755417956656 0.3357142857142857 0.45077399380804956 0.39285714285714285 0.45077399380804956 0.4369047619047619 0.45572755417956656 0.5416666666666666 0.4613003095975232 0.5511904761904762 0.48978328173374613 0.5511904761904762 0.48978328173374613 0.42142857142857143 0.4848297213622291 0.38095238095238093 0.47987616099071206 0.34404761904761905 0.4693498452012384 0.3238095238095238 0.46068111455108357 0.3238095238095238 
9 0.4854489164086687 0.3238095238095238 0.4854489164086687 0.5416666666666666 0.5176470588235295 0.5416666666666666 0.5195046439628483 0.5404761904761904 0.5195046439628483 0.4869047619047619 0.5145510835913313 0.4 0.5095975232198142 0.3619047619047619 0.5046439628482973 0.3345238095238095 0.49907120743034056 0.3238095238095238 0.4854489164086687 0.3238095238095238 
10 0.5263157894736842 0.3238095238095238 0.525077399380805 0.325 0.5201238390092879 0.3333333333333333 0.5151702786377709 0.34285714285714286 0.5102167182662539 0.3726190476190476 0.5102167182662539 0.49047619047619045 0.5151702786377709 0.5321428571428571 0.5393188854489164 0.5321428571428571 0.5393188854489164 0.3535714285714286 0.5337461300309597 0.3345238095238095 0.5294117647058824 0.325 0.5269349845201239 0.3238095238095238 0.5263157894736842 0.3238095238095238 
11 0.5461300309597523 0.2857142857142857 0.5405572755417957 0.29523809523809524 0.5399380804953561 0.2976190476190476 0.534984520123839 0.3523809523809524 0.534984520123839 0.4928571428571429 0.5399380804953561 0.5226190476190476 0.544891640866873 0.530952380952381 0.5560371517027863 0.5416666666666666 0.5640866873065016 0.5416666666666666 0.5739938080495356 0.5321428571428571 0.5739938080495356 0.4107142857142857 0.5690402476780185 0.35595238095238096 0.5640866873065016 0.3238095238095238 0.5591331269349845 0.29523809523809524 0.5541795665634675 0.2869047619047619 0.5529411764705883 0.2857142857142857 0.5461300309597523 0.2857142857142857 
13 0.604953560371517 0.34285714285714286 0.5894736842105263 0.3904761904761905 0.5845201238390093 0.45714285714285713 0.5845201238390093 0.5226190476190476 0.5894736842105263 0.5321428571428571 0.6278637770897832 0.5321428571428571 0.628482972136223 0.5297619047619048 0.628482972136223 0.3535714285714286 0.6229102167182663 0.34285714285714286 0.604953560371517 0.34285714285714286 
14 0.6445820433436532 0.3523809523809524 0.6340557275541796 0.37142857142857144 0.6291021671826625 0.38095238095238093 0.6241486068111455 0.4 0.6241486068111455 0.5285714285714286 0.6247678018575852 0.5321428571428571 0.6297213622291021 0.5416666666666666 0.6464396284829721 0.5416666666666666 0.6730650154798762 0.5321428571428571 0.6730650154798762 0.4880952380952381 0.6681114551083591 0.36666666666666664 0.6662538699690402 0.3619047619047619 0.653250773993808 0.3523809523809524 0.6445820433436532 0.3523809523809524 
15 0.6947368421052632 0.3142857142857143 0.6736842105263158 0.3238095238095238 0.6687306501547987 0.3333333333333333 0.6637770897832818 0.4511904761904762 0.6637770897832818 0.4845238095238095 0.6687306501547987 0.5035714285714286 0.6786377708978328 0.5226190476190476 0.6835913312693499 0.530952380952381 0.6848297213622291 0.5321428571428571 0.6972136222910217 0.5321428571428571 0.7120743034055728 0.513095238095238 0.7176470588235294 0.5035714285714286 0.7176470588235294 0.4583333333333333 0.7077399380804954 0.325 0.7027863777089783 0.31666666666666665 0.7003095975232199 0.3142857142857143 0.6947368421052632 0.3142857142857143 
18 0.6835913312693499 0.5333333333333333 0.6687306501547987 0.5428571428571428 0.6594427244582043 0.5523809523809524 0.6588235294117647 0.555952380952381 0.6588235294117647 0.5892857142857143 0.6637770897832818 0.6273809523809524 0.6687306501547987 0.6464285714285715 0.6736842105263158 0.6642857142857143 0.6835913312693499 0.694047619047619 0.7034055727554179 0.7416666666666667 0.7114551083591332 0.7416666666666667 0.7269349845201238 0.7321428571428571 0.7275541795665634 0.7297619047619047 0.7275541795665634 0.6666666666666666 0.7126934984520124 0.5345238095238095 0.7114551083591332 0.5333333333333333 0.6835913312693499 0.5333333333333333 
20 0.5752321981424149 0.5523809523809524 0.5746130030959752 0.5547619047619048 0.5746130030959752 0.6273809523809524 0.5894736842105263 0.7119047619047619 0.5993808049535604 0.75 0.6043343653250774 0.7607142857142857 0.6136222910216719 0.7607142857142857 0.6136222910216719 0.5714285714285714 0.6030959752321982 0.5523809523809524 0.5752321981424149 0.5523809523809524 
21 0.5455108359133127 0.5619047619047619 0.544891640866873 0.5630952380952381 0.544891640866873 0.6273809523809524 0.5597523219814241 0.7416666666666667 0.5647058823529412 0.7702380952380953 0.5839009287925696 0.7702380952380953 0.5839009287925696 0.6190476190476191 0.5789473684210527 0.5630952380952381 0.5777089783281734 0.5619047619047619 0.5455108359133127 0.5619047619047619 
22 0.5337461300309597 0.5619047619047619 0.530030959752322 0.5630952380952381 0.525077399380805 0.5714285714285714 0.5201238390092879 0.6 0.5201238390092879 0.6547619047619048 0.525077399380805 0.7214285714285714 0.530030959752322 0.7785714285714286 0.5306501547987617 0.7797619047619048 0.5479876160990712 0.7797619047619048 0.5492260061919505 0.7785714285714286 0.5541795665634675 0.7690476190476191 0.5541795665634675 0.6202380952380953 0.5492260061919505 0.5619047619047619 0.5337461300309597 0.5619047619047619 
23 0.5052631578947369 0.5523809523809524 0.5003095975232198 0.5619047619047619 0.5003095975232198 0.7226190476190476 0.5052631578947369 0.7416666666666667 0.5108359133126935 0.7511904761904762 0.5145510835913313 0.7511904761904762 0.5195046439628483 0.7416666666666667 0.5244582043343653 0.7130952380952381 0.5294117647058824 0.6642857142857143 0.5294117647058824 0.5619047619047619 0.5238390092879257 0.5523809523809524 0.5052631578947369 0.5523809523809524 
24 0.4873065015479876 0.5619047619047619 0.4854489164086687 0.5630952380952381 0.4854489164086687 0.6726190476190477 0.4904024767801858 0.7202380952380952 0.49102167182662537 0.7226190476190476 0.5040247678018576 0.7226190476190476 0.5046439628482973 0.7214285714285714 0.5046439628482973 0.5619047619047619 0.4873065015479876 0.5619047619047619 
25 0.46563467492260063 0.5619047619047619 0.46563467492260063 0.6273809523809524 0.47058823529411764 0.6928571428571428 0.47554179566563465 0.7297619047619047 0.4761609907120743 0.7321428571428571 0.48978328173374613 0.7321428571428571 0.48978328173374613 0.5714285714285714 0.4842105263157895 0.5619047619047619 0.46563467492260063 0.5619047619047619 
26 0.45139318885448915 0.5523809523809524 0.4408668730650155 0.5619047619047619 0.4408668730650155 0.6130952380952381 0.45077399380804956 0.7226190476190476 0.45572755417956656 0.7511904761904762 0.469969040247678 0.7511904761904762 0.469969040247678 0.5619047619047619 0.460061919504644 0.5535714285714286 0.45758513931888545 0.5523809523809524 0.45139318885448915 0.5523809523809524 
27 0.421671826625387 0.5714285714285714 0.42105263157894735 0.5738095238095238 0.41671826625387 0.6285714285714286 0.41609907120743034 0.6369047619047619 0.41609907120743034 0.7297619047619047 0.4260061919504644 0.7892857142857143 0.43962848297213625 0.7892857142857143 0.4452012383900929 0.7797619047619048 0.4501547987616099 0.7583333333333333 0.4501547987616099 0.6154761904761905 0.44953560371517026 0.6095238095238096 0.4452012383900929 0.5714285714285714 0.421671826625387 0.5714285714285714 
29 0.36656346749226004 0.5714285714285714 0.36160990712074303 0.580952380952381 0.36160990712074303 0.7702380952380953 0.3671826625386997 0.7797619047619048 0.3739938080495356 0.7797619047619048 0.37585139318885447 0.7785714285714286 0.38080495356037153 0.7702380952380953 0.38575851393188854 0.7416666666666667 0.3907120743034056 0.7119047619047619 0.4055727554179567 0.6059523809523809 0.4055727554179567 0.5714285714285714 0.36656346749226004 0.5714285714285714 
31 0.2773993808049536 0.5428571428571428 0.2674922600619195 0.5642857142857143 0.25263157894736843 0.6666666666666666 0.25263157894736843 0.7226190476190476 0.25758513931888544 0.7416666666666667 0.26811145510835915 0.7595238095238095 0.2693498452012384 0.7607142857142857 0.28606811145510835 0.7607142857142857 0.29102167182662536 0.7511904761904762 0.3015479876160991 0.7214285714285714 0.3263157894736842 0.6178571428571429 0.3263157894736842 0.5630952380952381 0.3157894736842105 0.5523809523809524 0.28606811145510835 0.5428571428571428 0.2773993808049536 0.5428571428571428 