2 0.2848297213622291 0.38095238095238093 0.28297213622291023 0.38333333333333336 0.2773993808049536 0.4 0.2724458204334365 0.4380952380952381 0.2674922600619195 0.5142857142857142 0.2674922600619195 0.5595238095238095 0.2724458204334365 0.5702380952380952 0.31455108359133127 0.5702380952380952 0.31640866873065016 0.569047619047619 0.32136222910216716 0.5607142857142857 0.32136222910216716 0.5190476190476191 0.31640866873065016 0.4392857142857143 0.3065015479876161 0.4011904761904762 0.3015479876160991 0.3904761904761905 0.29659442724458207 0.38095238095238093 0.2848297213622291 0.38095238095238093 
4 0.36656346749226004 0.41904761904761906 0.36160990712074303 0.4392857142857143 0.35170278637770896 0.5428571428571428 0.35170278637770896 0.5678571428571428 0.356656346749226 0.5892857142857143 0.38575851393188854 0.5892857142857143 0.3907120743034056 0.5785714285714286 0.3907120743034056 0.5238095238095238 0.38575851393188854 0.4583333333333333 0.38080495356037153 0.42023809523809524 0.37956656346749224 0.41904761904761906 0.36656346749226004 0.41904761904761906 
5 0.39195046439628484 0.4095238095238095 0.3913312693498452 0.4107142857142857 0.3863777089783282 0.430952380952381 0.3814241486068111 0.5773809523809523 0.3814241486068111 0.5892857142857143 0.38390092879256965 0.5988095238095238 0.4055727554179567 0.5988095238095238 0.4148606811145511 0.5892857142857143 0.4154798761609907 0.5880952380952381 0.42043343653250775 0.5773809523809523 0.42043343653250775 0.5273809523809524 0.4105263157894737 0.41904761904761906 0.4055727554179567 0.4095238095238095 0.39195046439628484 0.4095238095238095 
6 0.41238390092879257 0.38095238095238093 0.41114551083591333 0.3821428571428571 0.40619195046439627 0.39166666666666666 0.40619195046439627 0.4845238095238095 0.41609907120743034 0.5892857142857143 0.42105263157894735 0.5988095238095238 0.43529411764705883 0.5988095238095238 0.4452012383900929 0.5785714285714286 0.4452012383900929 0.5047619047619047 0.43034055727554177 0.4035714285714286 0.4297213622291022 0.4 0.42538699690402476 0.38095238095238093 0.41238390092879257 0.38095238095238093 
7 0.44148606811145513 0.4095238095238095 0.4359133126934985 0.41904761904761906 0.4359133126934985 0.4654761904761905 0.4408668730650155 0.5892857142857143 0.46873065015479876 0.5892857142857143 0.469969040247678 0.5869047619047619 0.47492260061919506 0.5702380952380952 0.47492260061919506 0.5619047619047619 0.4743034055727554 0.5523809523809524 0.469969040247678 0.5142857142857142 0.460061919504644 0.45714285714285713 0.4551083591331269 0.4380952380952381 0.4501547987616099 0.42023809523809524 0.4452012383900929 0.4095238095238095 0.44148606811145513 0.4095238095238095 
8 0.46068111455108357 0.42857142857142855 0.46068111455108357 0.45595238095238094 0.46563467492260063 0.5761904761904761 0.47058823529411764 0.5880952380952381 0.4712074303405573 0.5892857142857143 0.48978328173374613 0.5892857142857143 0.4996904024767802 0.5785714285714286 0.5040247678018576 0.5702380952380952 0.5046439628482973 0.5571428571428572 0.5046439628482973 0.555952380952381 0.4996904024767802 0.5142857142857142 0.49473684210526314 0.48095238095238096 0.48978328173374613 0.45714285714285713 0.47987616099071206 0.42857142857142855 0.46068111455108357 0.42857142857142855 
9 0.5021671826625387 0.4 0.5003095975232198 0.4011904761904762 0.49597523219814244 0.4095238095238095 0.4953560371517028 0.4142857142857143 0.4953560371517028 0.5547619047619048 0.49597523219814244 0.5607142857142857 0.5003095975232198 0.5785714285714286 0.5009287925696595 0.5797619047619048 0.5195046439628483 0.5797619047619048 0.5244582043343653 0.5702380952380952 0.5287925696594428 0.5607142857142857 0.5294117647058824 0.5571428571428572 0.5294117647058824 0.4785714285714286 0.5195046439628483 0.4095238095238095 0.5145510835913313 0.4 0.5021671826625387 0.4 
10 0.5399380804953561 0.4 0.534984520123839 0.4107142857142857 0.530030959752322 0.430952380952381 0.525077399380805 0.48928571428571427 0.525077399380805 0.5773809523809523 0.5263157894736842 0.5797619047619048 0.5492260061919505 0.5797619047619048 0.5541795665634675 0.55 0.5541795665634675 0.41904761904761906 0.5492260061919505 0.4 0.5399380804953561 0.4 
11 0.5554179566563467 0.3619047619047619 0.5504643962848297 0.37142857142857144 0.5498452012383901 0.3738095238095238 0.544891640866873 0.4857142857142857 0.544891640866873 0.5607142857142857 0.5498452012383901 0.5702380952380952 0.5554179566563467 0.5797619047619048 0.573374613003096 0.5797619047619048 0.5789473684210527 0.569047619047619 0.5789473684210527 0.4488095238095238 0.5739938080495356 0.3619047619047619 0.5554179566563467 0.3619047619047619 
12 0.5770897832817338 0.3523809523809524 0.5746130030959752 0.3535714285714286 0.5696594427244582 0.3619047619047619 0.5696594427244582 0.45595238095238094 0.5746130030959752 0.5595238095238095 0.5795665634674922 0.5702380952380952 0.5857585139318885 0.5797619047619048 0.6030959752321982 0.5797619047619048 0.6080495356037152 0.5702380952380952 0.6086687306501548 0.5678571428571428 0.6086687306501548 0.5238095238095238 0.5987616099071208 0.38333333333333336 0.5938080495356037 0.3630952380952381 0.5888544891640867 0.3523809523809524 0.5770897832817338 0.3523809523809524 
13 0.6 0.34285714285714286 0.5944272445820433 0.36428571428571427 0.5944272445820433 0.37857142857142856 0.5993808049535604 0.530952380952381 0.6043343653250774 0.5607142857142857 0.6092879256965944 0.5702380952380952 0.6260061919504644 0.5702380952380952 0.628482972136223 0.569047619047619 0.638390092879257 0.55 0.638390092879257 0.5166666666666667 0.6278637770897832 0.4 0.6235294117647059 0.37142857142857144 0.6185758513931888 0.3535714285714286 0.6086687306501548 0.34285714285714286 0.6 0.34285714285714286 
14 0.6643962848297214 0.3619047619047619 0.6346749226006192 0.37142857142857144 0.6340557275541796 0.3726190476190476 0.6291021671826625 0.38333333333333336 0.6291021671826625 0.5214285714285715 0.6340557275541796 0.55 0.6346749226006192 0.5511904761904762 0.6712074303405573 0.5511904761904762 0.6730650154798762 0.55 0.6780185758513931 0.5404761904761904 0.6780185758513931 0.3738095238095238 0.6773993808049535 0.37142857142857144 0.6730650154798762 0.3619047619047619 0.6643962848297214 0.3619047619047619 
15 0.6934984520123839 0.3333333333333333 0.6842105263157895 0.34285714285714286 0.6786377708978328 0.3523809523809524 0.6736842105263158 0.3630952380952381 0.6736842105263158 0.530952380952381 0.6792569659442724 0.5416666666666666 0.6972136222910217 0.5416666666666666 0.7176470588235294 0.5321428571428571 0.7213622291021672 0.5226190476190476 0.7219814241486068 0.5202380952380953 0.7226006191950465 0.5142857142857142 0.7226006191950465 0.47619047619047616 0.7176470588235294 0.34404761904761905 0.7170278637770898 0.34285714285714286 0.7071207430340557 0.3333333333333333 0.6934984520123839 0.3333333333333333 
17 0.7145510835913312 0.5333333333333333 0.6904024767801857 0.5428571428571428 0.6885448916408669 0.544047619047619 0.6786377708978328 0.5630952380952381 0.6786377708978328 0.5785714285714286 0.7034055727554179 0.6464285714285715 0.718266253869969 0.6738095238095239 0.7281733746130031 0.6845238095238095 0.7492260061919505 0.694047619047619 0.7572755417956656 0.694047619047619 0.7572755417956656 0.6476190476190476 0.7424148606811145 0.5523809523809524 0.7325077399380805 0.5333333333333333 0.7145510835913312 0.5333333333333333 
18 0.6594427244582043 0.5523809523809524 0.6297213622291021 0.5714285714285714 0.6291021671826625 0.5738095238095238 0.6291021671826625 0.6142857142857143 0.6303405572755418 0.6178571428571429 0.6489164086687307 0.6654761904761904 0.6687306501547987 0.7035714285714286 0.6835913312693499 0.7226190476190476 0.6972136222910217 0.7226190476190476 0.7077399380804954 0.7130952380952381 0.7077399380804954 0.6571428571428571 0.6928792569659443 0.5916666666666667 0.6879256965944273 0.5714285714285714 0.6823529411764706 0.5619047619047619 0.6730650154798762 0.5535714285714286 0.6693498452012384 0.5523809523809524 0.6594427244582043 0.5523809523809524 
19 0.5944272445820433 0.5714285714285714 0.5801857585139318 0.580952380952381 0.5795665634674922 0.5821428571428572 0.5795665634674922 0.6166666666666667 0.5993808049535604 0.6845238095238095 0.604953560371517 0.7035714285714286 0.6247678018575852 0.7416666666666667 0.6396284829721363 0.7511904761904762 0.6668730650154798 0.7511904761904762 0.6674922600619195 0.75 0.6681114551083591 0.7452380952380953 0.6681114551083591 0.7142857142857143 0.6582043343653251 0.6666666666666666 0.653250773993808 0.6476190476190476 0.6328173374613003 0.5714285714285714 0.5944272445820433 0.5714285714285714 
20 0.5814241486068111 0.5904761904761905 0.5653250773993808 0.6 0.5597523219814241 0.6107142857142858 0.5597523219814241 0.6452380952380953 0.590092879256966 0.7321428571428571 0.6092879256965944 0.7702380952380953 0.6185758513931888 0.7702380952380953 0.6229102167182663 0.7511904761904762 0.6235294117647059 0.7464285714285714 0.6235294117647059 0.7238095238095238 0.6185758513931888 0.7047619047619048 0.6037151702786377 0.6488095238095238 0.5839009287925696 0.5916666666666667 0.5820433436532507 0.5904761904761905 0.5814241486068111 0.5904761904761905 
21 0.5498452012383901 0.5904761904761905 0.5399380804953561 0.6107142857142858 0.5399380804953561 0.6642857142857143 0.5597523219814241 0.7321428571428571 0.5696594427244582 0.7595238095238095 0.5795665634674922 0.7797619047619048 0.5869969040247678 0.7797619047619048 0.5888544891640867 0.7785714285714286 0.5888544891640867 0.7380952380952381 0.5839009287925696 0.6773809523809524 0.5789473684210527 0.6511904761904762 0.5690402476780185 0.6023809523809524 0.5684210526315789 0.6 0.5640866873065016 0.5904761904761905 0.5498452012383901 0.5904761904761905 
22 0.5325077399380805 0.6095238095238096 0.5306501547987617 0.6107142857142858 0.525077399380805 0.6202380952380953 0.5207430340557275 0.6416666666666667 0.5201238390092879 0.6476190476190476 0.5201238390092879 0.6738095238095239 0.534984520123839 0.7607142857142857 0.5399380804953561 0.7797619047619048 0.5455108359133127 0.7892857142857143 0.5535603715170279 0.7892857142857143 0.5591331269349845 0.7785714285714286 0.5591331269349845 0.6857142857142857 0.5442724458204334 0.6095238095238096 0.5325077399380805 0.6095238095238096 
23 0.5052631578947369 0.6 0.5003095975232198 0.6107142857142858 0.5003095975232198 0.6642857142857143 0.5052631578947369 0.719047619047619 0.5108359133126935 0.7511904761904762 0.5207430340557275 0.7702380952380953 0.5244582043343653 0.7702380952380953 0.5287925696594428 0.7607142857142857 0.5294117647058824 0.7583333333333333 0.5294117647058824 0.6107142857142858 0.5244582043343653 0.6011904761904762 0.5226006191950464 0.6 0.5052631578947369 0.6 
24 0.4904024767801858 0.5904761904761905 0.4854489164086687 0.6 0.4854489164086687 0.6654761904761904 0.4904024767801858 0.7595238095238095 0.49102167182662537 0.7607142857142857 0.5040247678018576 0.7607142857142857 0.5046439628482973 0.7571428571428571 0.5095975232198142 0.7130952380952381 0.5095975232198142 0.6 0.5040247678018576 0.5904761904761905 0.4904024767801858 0.5904761904761905 
25 0.47058823529411764 0.6095238095238096 0.47058823529411764 0.7595238095238095 0.4718266253869969 0.7607142857142857 0.4873065015479876 0.7607142857142857 0.48978328173374613 0.7511904761904762 0.49473684210526314 0.6654761904761904 0.49473684210526314 0.6571428571428571 0.48978328173374613 0.6095238095238096 0.47058823529411764 0.6095238095238096 
26 0.45572755417956656 0.6095238095238096 0.45077399380804956 0.6285714285714286 0.45077399380804956 0.7321428571428571 0.45572755417956656 0.7488095238095238 0.46068111455108357 0.7595238095238095 0.4613003095975232 0.7607142857142857 0.4681114551083591 0.7607142857142857 0.469969040247678 0.7595238095238095 0.47492260061919506 0.75 0.47492260061919506 0.6130952380952381 0.4743034055727554 0.6095238095238096 0.45572755417956656 0.6095238095238096 
27 0.4359133126934985 0.6190476190476191 0.4260061919504644 0.6392857142857142 0.42105263157894735 0.669047619047619 0.41609907120743034 0.7333333333333333 0.41609907120743034 0.7988095238095239 0.42105263157894735 0.8178571428571428 0.4340557275541796 0.8178571428571428 0.43529411764705883 0.8166666666666667 0.4452012383900929 0.7690476190476191 0.4501547987616099 0.7416666666666667 0.4551083591331269 0.7130952380952381 0.4551083591331269 0.6297619047619047 0.4501547987616099 0.6190476190476191 0.4359133126934985 0.6190476190476191 
28 0.426625386996904 0.6095238095238096 0.40743034055727556 0.6190476190476191 0.40619195046439627 0.6202380952380953 0.40123839009287926 0.6297619047619047 0.3913312693498452 0.7345238095238096 0.3913312693498452 0.7952380952380952 0.39195046439628484 0.7988095238095239 0.40495356037151703 0.7988095238095239 0.4105263157894737 0.7880952380952381 0.4148606811145511 0.7785714285714286 0.4154798761609907 0.7761904761904762 0.42538699690402476 0.7119047619047619 0.43529411764705883 0.6464285714285715 0.43529411764705883 0.6285714285714286 0.4297213622291022 0.6095238095238096 0.426625386996904 0.6095238095238096 
29 0.37708978328173376 0.6095238095238096 0.3764705882352941 0.6107142857142858 0.36160990712074303 0.7345238095238096 0.36160990712074303 0.7797619047619048 0.36656346749226004 0.7892857142857143 0.37585139318885447 0.7892857142857143 0.38080495356037153 0.7797619047619048 0.3907120743034056 0.7511904761904762 0.4055727554179567 0.694047619047619 0.4105263157894737 0.6357142857142857 0.4105263157894737 0.6202380952380953 0.4055727554179567 0.6095238095238096 0.37708978328173376 0.6095238095238096 
30 0.33746130030959753 0.5904761904761905 0.3318885448916409 0.6011904761904762 0.3219814241486068 0.6857142857142857 0.3219814241486068 0.75 0.3269349845201238 0.7607142857142857 0.3510835913312694 0.7607142857142857 0.37089783281733746 0.7226190476190476 0.3907120743034056 0.6166666666666667 0.3907120743034056 0.6 0.3851393188854489 0.5904761904761905 0.33746130030959753 0.5904761904761905 
31 0.29226006191950465 0.580952380952381 0.2823529411764706 0.6 0.2724458204334365 0.7047619047619048 0.2724458204334365 0.7511904761904762 0.2959752321981424 0.7511904761904762 0.3015479876160991 0.7416666666666667 0.32136222910216716 0.7035714285714286 0.33126934984520123 0.6738095238095239 0.33622291021671824 0.655952380952381 0.3411764705882353 0.6083333333333333 0.3411764705882353 0.6 0.33126934984520123 0.5904761904761905 0.3065015479876161 0.580952380952381 0.29226006191950465 0.580952380952381 
32 0.2532507739938081 0.5714285714285714 0.2476780185758514 0.580952380952381 0.24272445820433436 0.6 0.23281733746130032 0.6857142857142857 0.23281733746130032 0.7309523809523809 0.23839009287925697 0.7416666666666667 0.24210526315789474 0.7416666666666667 0.27678018575851393 0.675 0.286687306501548 0.6369047619047619 0.291640866873065 0.6071428571428571 0.291640866873065 0.5928571428571429 0.29102167182662536 0.5904761904761905 0.286687306501548 0.580952380952381 0.27678018575851393 0.5714285714285714 0.2532507739938081 0.5714285714285714 