2 0.2594427244582043 0.3333333333333333 0.25758513931888544 0.3345238095238095 0.25263157894736843 0.34404761904761905 0.25263157894736843 0.3678571428571429 0.25758513931888544 0.4845238095238095 0.2674922600619195 0.5023809523809524 0.27801857585139317 0.513095238095238 0.2959752321981424 0.513095238095238 0.3108359133126935 0.5035714285714286 0.31145510835913315 0.5023809523809524 0.31145510835913315 0.4238095238095238 0.3065015479876161 0.3821428571428571 0.3015479876160991 0.3619047619047619 0.286687306501548 0.3333333333333333 0.2594427244582043 0.3333333333333333 
3 0.3021671826625387 0.34285714285714286 0.3021671826625387 0.42738095238095236 0.30712074303405573 0.4928571428571429 0.31207430340557274 0.5035714285714286 0.33436532507739936 0.513095238095238 0.3510835913312694 0.513095238095238 0.3609907120743034 0.49404761904761907 0.3609907120743034 0.4583333333333333 0.3461300309597523 0.36428571428571427 0.34055727554179566 0.3523809523809524 0.3306501547987616 0.34285714285714286 0.3021671826625387 0.34285714285714286 
4 0.3572755417956656 0.3047619047619048 0.35170278637770896 0.3142857142857143 0.34674922600619196 0.3345238095238095 0.34674922600619196 0.3869047619047619 0.35170278637770896 0.4642857142857143 0.356656346749226 0.5 0.3572755417956656 0.5023809523809524 0.3591331269349845 0.5035714285714286 0.38080495356037153 0.5035714285714286 0.38575851393188854 0.4928571428571429 0.38575851393188854 0.4107142857142857 0.37585139318885447 0.3142857142857143 0.3702786377708978 0.3047619047619048 0.3572755417956656 0.3047619047619048 
5 0.38823529411764707 0.2857142857142857 0.3863777089783282 0.2869047619047619 0.3814241486068111 0.31547619047619047 0.3814241486068111 0.48333333333333334 0.3913312693498452 0.5035714285714286 0.4148606811145511 0.5035714285714286 0.42043343653250775 0.48214285714285715 0.42043343653250775 0.4392857142857143 0.4055727554179567 0.29285714285714287 0.40495356037151703 0.2869047619047619 0.4037151702786378 0.2857142857142857 0.38823529411764707 0.2857142857142857 
6 0.41238390092879257 0.24761904761904763 0.41114551083591333 0.2488095238095238 0.40619195046439627 0.2761904761904762 0.40619195046439627 0.38571428571428573 0.41609907120743034 0.5011904761904762 0.41671826625387 0.5035714285714286 0.4371517027863777 0.5035714285714286 0.43962848297213625 0.5023809523809524 0.4452012383900929 0.49404761904761907 0.4452012383900929 0.4 0.44024767801857584 0.325 0.43529411764705883 0.26904761904761904 0.43034055727554177 0.24761904761904763 0.41238390092879257 0.24761904761904763 
7 0.44643962848297214 0.2761904761904762 0.4458204334365325 0.2773809523809524 0.4408668730650155 0.42857142857142855 0.4408668730650155 0.49404761904761907 0.45077399380804956 0.5035714285714286 0.469969040247678 0.5035714285714286 0.47492260061919506 0.4928571428571429 0.47492260061919506 0.3238095238095238 0.469969040247678 0.29642857142857143 0.465015479876161 0.2773809523809524 0.46253869969040246 0.2761904761904762 0.44643962848297214 0.2761904761904762 
8 0.4761609907120743 0.29523809523809524 0.47554179566563465 0.29642857142857143 0.47058823529411764 0.33690476190476193 0.47058823529411764 0.49404761904761907 0.47554179566563465 0.513095238095238 0.5046439628482973 0.513095238095238 0.5095975232198142 0.5023809523809524 0.5095975232198142 0.48214285714285715 0.4996904024767802 0.3333333333333333 0.49411764705882355 0.3047619047619048 0.4891640866873065 0.29523809523809524 0.4761609907120743 0.29523809523809524 
9 0.5102167182662539 0.2857142857142857 0.5052631578947369 0.30714285714285716 0.5003095975232198 0.4 0.5003095975232198 0.4845238095238095 0.5052631578947369 0.5023809523809524 0.5071207430340557 0.5035714285714286 0.5393188854489164 0.5035714285714286 0.5393188854489164 0.46904761904761905 0.5343653250773994 0.3238095238095238 0.5294117647058824 0.29642857142857143 0.5287925696594428 0.29523809523809524 0.5232198142414861 0.2857142857142857 0.5102167182662539 0.2857142857142857 
10 0.544891640866873 0.2857142857142857 0.5399380804953561 0.2976190476190476 0.534984520123839 0.31547619047619047 0.530030959752322 0.37142857142857144 0.530030959752322 0.4738095238095238 0.534984520123839 0.5011904761904762 0.5356037151702786 0.5035714285714286 0.5578947368421052 0.5035714285714286 0.5640866873065016 0.49404761904761907 0.5640866873065016 0.34285714285714286 0.5591331269349845 0.29642857142857143 0.5535603715170279 0.2857142857142857 0.544891640866873 0.2857142857142857 
11 0.5801857585139318 0.24761904761904763 0.5702786377708978 0.26666666666666666 0.5647058823529412 0.2892857142857143 0.5597523219814241 0.3523809523809524 0.5597523219814241 0.49404761904761907 0.5702786377708978 0.513095238095238 0.5839009287925696 0.513095238095238 0.5888544891640867 0.5035714285714286 0.5938080495356037 0.4928571428571429 0.5938080495356037 0.26666666666666666 0.5888544891640867 0.2571428571428571 0.58328173374613 0.24761904761904763 0.5801857585139318 0.24761904761904763 
12 0.6043343653250774 0.29523809523809524 0.5993808049535604 0.31547619047619047 0.5944272445820433 0.3523809523809524 0.5894736842105263 0.4 0.5845201238390093 0.49047619047619045 0.5845201238390093 0.49166666666666664 0.5894736842105263 0.5023809523809524 0.590092879256966 0.5035714285714286 0.5993808049535604 0.513095238095238 0.6123839009287926 0.513095238095238 0.6235294117647059 0.5035714285714286 0.628482972136223 0.4083333333333333 0.628482972136223 0.31547619047619047 0.6229102167182663 0.29523809523809524 0.6043343653250774 0.29523809523809524 
13 0.6340557275541796 0.3047619047619048 0.6241486068111455 0.36428571428571427 0.6191950464396285 0.4095238095238095 0.6142414860681115 0.49642857142857144 0.6142414860681115 0.5035714285714286 0.6297213622291021 0.513095238095238 0.6470588235294118 0.513095238095238 0.648297213622291 0.5107142857142857 0.653250773993808 0.4845238095238095 0.653250773993808 0.3380952380952381 0.6526315789473685 0.3333333333333333 0.648297213622291 0.31547619047619047 0.643343653250774 0.3047619047619048 0.6340557275541796 0.3047619047619048 
14 0.6687306501547987 0.34285714285714286 0.6588235294117647 0.3619047619047619 0.6538699690402476 0.39404761904761904 0.6439628482972136 0.47619047619047616 0.6439628482972136 0.513095238095238 0.6489164086687307 0.5226190476190476 0.6978328173374613 0.5226190476190476 0.6978328173374613 0.39404761904761904 0.6928792569659443 0.3619047619047619 0.6873065015479877 0.34285714285714286 0.6687306501547987 0.34285714285714286 
15 0.713312693498452 0.3333333333333333 0.7034055727554179 0.3523809523809524 0.6934984520123839 0.3904761904761905 0.6934984520123839 0.5119047619047619 0.7034055727554179 0.5226190476190476 0.7170278637770898 0.5226190476190476 0.7424148606811145 0.49404761904761907 0.7473684210526316 0.48333333333333334 0.7473684210526316 0.46904761904761905 0.7325077399380805 0.34285714285714286 0.7269349845201238 0.3333333333333333 0.713312693498452 0.3333333333333333 
16 0.7578947368421053 0.3047619047619048 0.7486068111455109 0.3142857142857143 0.7430340557275542 0.325 0.7380804953560371 0.34523809523809523 0.7331269349845201 0.37142857142857144 0.7331269349845201 0.45357142857142857 0.7380804953560371 0.49166666666666664 0.7386996904024767 0.49404761904761907 0.7523219814241486 0.49404761904761907 0.7820433436532508 0.475 0.7820433436532508 0.4392857142857143 0.7770897832817337 0.31547619047619047 0.7721362229102167 0.305952380952381 0.7696594427244582 0.3047619047619048 0.7578947368421053 0.3047619047619048 
17 0.7380804953560371 0.5047619047619047 0.7232198142414861 0.5142857142857142 0.7089783281733746 0.5333333333333333 0.708359133126935 0.5345238095238095 0.708359133126935 0.5702380952380952 0.713312693498452 0.5892857142857143 0.7188854489164087 0.6083333333333333 0.7232198142414861 0.6178571428571429 0.7331269349845201 0.6369047619047619 0.7430340557275542 0.6547619047619048 0.7442724458204334 0.655952380952381 0.7721362229102167 0.655952380952381 0.7863777089783281 0.6369047619047619 0.7869969040247679 0.6357142857142857 0.7869969040247679 0.5976190476190476 0.7820433436532508 0.580952380952381 0.7523219814241486 0.5083333333333333 0.746749226006192 0.5047619047619047 0.7380804953560371 0.5047619047619047 
18 0.679876160990712 0.5428571428571428 0.6637770897832818 0.5523809523809524 0.6637770897832818 0.6071428571428571 0.6786377708978328 0.6654761904761904 0.6835913312693499 0.6845238095238095 0.7034055727554179 0.7130952380952381 0.7176470588235294 0.7130952380952381 0.7325077399380805 0.694047619047619 0.7325077399380805 0.638095238095238 0.7176470588235294 0.5619047619047619 0.7126934984520124 0.544047619047619 0.7108359133126935 0.5428571428571428 0.679876160990712 0.5428571428571428 
19 0.6390092879256966 0.5523809523809524 0.6390092879256966 0.5988095238095238 0.6489164086687307 0.6357142857142857 0.6544891640866873 0.655952380952381 0.6681114551083591 0.655952380952381 0.6730650154798762 0.6452380952380953 0.6730650154798762 0.6 0.6681114551083591 0.5523809523809524 0.6390092879256966 0.5523809523809524 
20 0.614860681114551 0.5333333333333333 0.6092879256965944 0.5428571428571428 0.6092879256965944 0.5892857142857143 0.6191950464396285 0.6738095238095239 0.6241486068111455 0.7035714285714286 0.6291021671826625 0.7226190476190476 0.643343653250774 0.7226190476190476 0.648297213622291 0.6178571428571429 0.648297213622291 0.5916666666666667 0.643343653250774 0.5452380952380952 0.6427244582043343 0.5428571428571428 0.638390092879257 0.5333333333333333 0.614860681114551 0.5333333333333333 
21 0.5894736842105263 0.5238095238095238 0.5845201238390093 0.5333333333333333 0.5801857585139318 0.5428571428571428 0.5795665634674922 0.5476190476190477 0.5795665634674922 0.569047619047619 0.5845201238390093 0.6369047619047619 0.5894736842105263 0.7 0.590092879256966 0.7035714285714286 0.5944272445820433 0.7214285714285714 0.595046439628483 0.7226190476190476 0.6086687306501548 0.7226190476190476 0.6136222910216719 0.7107142857142857 0.6136222910216719 0.5333333333333333 0.6086687306501548 0.525 0.6074303405572755 0.5238095238095238 0.5894736842105263 0.5238095238095238 
22 0.5603715170278638 0.5238095238095238 0.5547987616099072 0.5345238095238095 0.5547987616099072 0.6464285714285715 0.5597523219814241 0.7119047619047619 0.5647058823529412 0.7226190476190476 0.5696594427244582 0.7321428571428571 0.58328173374613 0.7321428571428571 0.5888544891640867 0.7214285714285714 0.5888544891640867 0.544047619047619 0.5839009287925696 0.5261904761904762 0.5826625386996904 0.5238095238095238 0.5603715170278638 0.5238095238095238 
23 0.5325077399380805 0.5142857142857142 0.5312693498452012 0.5154761904761904 0.5256965944272446 0.5238095238095238 0.525077399380805 0.525 0.525077399380805 0.5761904761904761 0.530030959752322 0.6273809523809524 0.534984520123839 0.6738095238095239 0.5399380804953561 0.694047619047619 0.5473684210526316 0.694047619047619 0.5492260061919505 0.6928571428571428 0.5535603715170279 0.6845238095238095 0.5541795665634675 0.6821428571428572 0.5541795665634675 0.525 0.5535603715170279 0.5238095238095238 0.5442724458204334 0.5142857142857142 0.5325077399380805 0.5142857142857142 
24 0.5071207430340557 0.5142857142857142 0.5052631578947369 0.5154761904761904 0.5052631578947369 0.5988095238095238 0.5201238390092879 0.6833333333333333 0.5213622291021672 0.6845238095238095 0.5287925696594428 0.6845238095238095 0.5294117647058824 0.6833333333333333 0.5294117647058824 0.5142857142857142 0.5071207430340557 0.5142857142857142 
25 0.4823529411764706 0.5142857142857142 0.4804953560371517 0.5154761904761904 0.4804953560371517 0.5797619047619048 0.4953560371517028 0.6535714285714286 0.49597523219814244 0.655952380952381 0.5003095975232198 0.6654761904761904 0.5089783281733746 0.6654761904761904 0.5095975232198142 0.6630952380952381 0.5095975232198142 0.580952380952381 0.5046439628482973 0.525 0.4996904024767802 0.5142857142857142 0.4823529411764706 0.5142857142857142 
26 0.4563467492260062 0.5142857142857142 0.45572755417956656 0.5166666666666667 0.45572755417956656 0.5880952380952381 0.46563467492260063 0.6464285714285715 0.47058823529411764 0.6642857142857143 0.4718266253869969 0.6654761904761904 0.48978328173374613 0.6654761904761904 0.48978328173374613 0.6095238095238096 0.47987616099071206 0.5238095238095238 0.47492260061919506 0.5142857142857142 0.4563467492260062 0.5142857142857142 
27 0.42724458204334365 0.5142857142857142 0.4260061919504644 0.5154761904761904 0.4260061919504644 0.5892857142857143 0.426625386996904 0.5988095238095238 0.4309597523219814 0.6369047619047619 0.4408668730650155 0.694047619047619 0.45139318885448915 0.7130952380952381 0.46439628482972134 0.7130952380952381 0.465015479876161 0.7095238095238096 0.465015479876161 0.638095238095238 0.460061919504644 0.5428571428571428 0.4551083591331269 0.5261904761904762 0.4501547987616099 0.5154761904761904 0.44953560371517026 0.5142857142857142 0.42724458204334365 0.5142857142857142 
28 0.40123839009287926 0.5142857142857142 0.39195046439628484 0.5238095238095238 0.3913312693498452 0.525 0.3913312693498452 0.675 0.39628482972136225 0.7035714285714286 0.4018575851393189 0.7130952380952381 0.4105263157894737 0.7130952380952381 0.4154798761609907 0.7023809523809523 0.42538699690402476 0.6654761904761904 0.43034055727554177 0.5797619047619048 0.43034055727554177 0.5428571428571428 0.42538699690402476 0.525 0.42043343653250775 0.5142857142857142 0.40123839009287926 0.5142857142857142 
29 0.3715170278637771 0.5142857142857142 0.36656346749226004 0.5238095238095238 0.36160990712074303 0.5345238095238095 0.36160990712074303 0.6178571428571429 0.36656346749226004 0.7107142857142857 0.36780185758513934 0.7130952380952381 0.3801857585139319 0.7130952380952381 0.3851393188854489 0.7035714285714286 0.3907120743034056 0.6833333333333333 0.3956656346749226 0.6452380952380953 0.3956656346749226 0.5238095238095238 0.38575851393188854 0.5154761904761904 0.38390092879256965 0.5142857142857142 0.3715170278637771 0.5142857142857142 
30 0.3139318885448916 0.5238095238095238 0.3126934984520124 0.525 0.30712074303405573 0.5333333333333333 0.3021671826625387 0.5523809523809524 0.29721362229102166 0.6321428571428571 0.29721362229102166 0.694047619047619 0.31826625386996904 0.7130952380952381 0.33622291021671824 0.7130952380952381 0.3411764705882353 0.7035714285714286 0.3560371517027864 0.6464285714285715 0.36594427244582045 0.5880952380952381 0.36594427244582045 0.525 0.36470588235294116 0.5238095238095238 0.3139318885448916 0.5238095238095238 
31 0.2582043343653251 0.5047619047619047 0.25263157894736843 0.5154761904761904 0.22786377708978328 0.6 0.22786377708978328 0.6440476190476191 0.24272445820433436 0.6738095238095239 0.243343653250774 0.675 0.26687306501547986 0.675 0.27678018575851393 0.6654761904761904 0.291640866873065 0.6369047619047619 0.3015479876160991 0.6166666666666667 0.3065015479876161 0.6047619047619047 0.31145510835913315 0.5583333333333333 0.31145510835913315 0.5333333333333333 0.29659442724458207 0.5154761904761904 0.2953560371517028 0.5142857142857142 0.2761609907120743 0.5047619047619047 0.2582043343653251 0.5047619047619047 