4 0.3671826625386997 0.3047619047619048 0.36656346749226004 0.305952380952381 0.36160990712074303 0.325 0.36160990712074303 0.5226190476190476 0.37275541795665634 0.5321428571428571 0.38575851393188854 0.5321428571428571 0.3956656346749226 0.513095238095238 0.4 0.5035714285714286 0.4006191950464396 0.5011904761904762 0.4006191950464396 0.45714285714285713 0.3907120743034056 0.3619047619047619 0.38575851393188854 0.3333333333333333 0.3801857585139319 0.3142857142857143 0.3746130030959752 0.3047619047619048 0.3671826625386997 0.3047619047619048 
6 0.43839009287925695 0.3047619047619048 0.4371517027863777 0.305952380952381 0.4359133126934985 0.30833333333333335 0.4309597523219814 0.3333333333333333 0.4260061919504644 0.4011904761904762 0.4260061919504644 0.513095238095238 0.4309597523219814 0.530952380952381 0.43653250773993807 0.5416666666666666 0.4551083591331269 0.5416666666666666 0.45944272445820433 0.5321428571428571 0.460061919504644 0.5297619047619048 0.460061919504644 0.38452380952380955 0.4551083591331269 0.31547619047619047 0.44953560371517026 0.3047619047619048 0.43839009287925695 0.3047619047619048 
7 0.4662538699690402 0.3523809523809524 0.46068111455108357 0.3619047619047619 0.45572755417956656 0.44761904761904764 0.45572755417956656 0.5404761904761904 0.46068111455108357 0.5511904761904762 0.46563467492260063 0.5607142857142857 0.47492260061919506 0.5607142857142857 0.47987616099071206 0.4845238095238095 0.47987616099071206 0.35595238095238096 0.47492260061919506 0.3523809523809524 0.4662538699690402 0.3523809523809524 
8 0.4873065015479876 0.3619047619047619 0.48606811145510836 0.3630952380952381 0.48111455108359136 0.37142857142857144 0.4804953560371517 0.3738095238095238 0.47554179566563465 0.47619047619047616 0.47554179566563465 0.5511904761904762 0.48111455108359136 0.5607142857142857 0.48978328173374613 0.5607142857142857 0.5095975232198142 0.5511904761904762 0.5095975232198142 0.4857142857142857 0.4996904024767802 0.3738095238095238 0.49473684210526314 0.3619047619047619 0.4873065015479876 0.3619047619047619 
11 0.5795665634674922 0.29523809523809524 0.5746130030959752 0.3047619047619048 0.5696594427244582 0.3273809523809524 0.5647058823529412 0.3523809523809524 0.5547987616099072 0.42857142857142855 0.5498452012383901 0.49523809523809526 0.5498452012383901 0.5369047619047619 0.5504643962848297 0.5416666666666666 0.5547987616099072 0.5511904761904762 0.5597523219814241 0.5595238095238095 0.5609907120743034 0.5607142857142857 0.5888544891640867 0.5607142857142857 0.5931888544891641 0.5511904761904762 0.5938080495356037 0.5488095238095239 0.5987616099071208 0.4023809523809524 0.5987616099071208 0.3202380952380952 0.5981424148606811 0.3142857142857143 0.5882352941176471 0.29523809523809524 0.5795665634674922 0.29523809523809524 
13 0.6241486068111455 0.3333333333333333 0.6191950464396285 0.34404761904761905 0.6142414860681115 0.42142857142857143 0.6142414860681115 0.513095238095238 0.6191950464396285 0.5226190476190476 0.6247678018575852 0.5321428571428571 0.638390092879257 0.5321428571428571 0.6476780185758514 0.5226190476190476 0.648297213622291 0.5178571428571429 0.648297213622291 0.42023809523809524 0.643343653250774 0.36428571428571427 0.6377708978328174 0.34285714285714286 0.6334365325077399 0.3345238095238095 0.6297213622291021 0.3333333333333333 0.6241486068111455 0.3333333333333333 
20 0.5845201238390093 0.6 0.5795665634674922 0.6107142857142858 0.5795665634674922 0.655952380952381 0.5845201238390093 0.694047619047619 0.6092879256965944 0.7797619047619048 0.614860681114551 0.7892857142857143 0.6328173374613003 0.7892857142857143 0.6334365325077399 0.7880952380952381 0.6334365325077399 0.7357142857142858 0.6235294117647059 0.6226190476190476 0.6229102167182663 0.6190476190476191 0.6179566563467492 0.6095238095238096 0.5938080495356037 0.6 0.5845201238390093 0.6 
21 0.5547987616099072 0.5904761904761905 0.544891640866873 0.6095238095238096 0.5405572755417957 0.6190476190476191 0.5399380804953561 0.6214285714285714 0.5399380804953561 0.6654761904761904 0.5547987616099072 0.7511904761904762 0.5603715170278638 0.7690476190476191 0.5647058823529412 0.7785714285714286 0.5653250773993808 0.7797619047619048 0.5789473684210527 0.7797619047619048 0.5839009287925696 0.7571428571428571 0.5888544891640867 0.7023809523809523 0.5888544891640867 0.6023809523809524 0.5882352941176471 0.6 0.5839009287925696 0.5916666666666667 0.5820433436532507 0.5904761904761905 0.5547987616099072 0.5904761904761905 
22 0.530030959752322 0.5904761904761905 0.5201238390092879 0.6285714285714286 0.5201238390092879 0.655952380952381 0.530030959752322 0.7892857142857143 0.5393188854489164 0.7892857142857143 0.5442724458204334 0.7797619047619048 0.5492260061919505 0.6904761904761905 0.5492260061919505 0.6595238095238095 0.5442724458204334 0.6095238095238096 0.5393188854489164 0.5904761904761905 0.530030959752322 0.5904761904761905 
23 0.5151702786377709 0.5904761904761905 0.5102167182662539 0.6488095238095238 0.5102167182662539 0.75 0.5108359133126935 0.7511904761904762 0.5164086687306502 0.7511904761904762 0.5195046439628483 0.75 0.5238390092879257 0.7404761904761905 0.5244582043343653 0.7380952380952381 0.5294117647058824 0.6833333333333333 0.5343653250773994 0.6166666666666667 0.5343653250773994 0.6 0.5294117647058824 0.5904761904761905 0.5151702786377709 0.5904761904761905 
24 0.491640866873065 0.580952380952381 0.4904024767801858 0.5821428571428572 0.4904024767801858 0.7416666666666667 0.49597523219814244 0.7511904761904762 0.5046439628482973 0.7511904761904762 0.5095975232198142 0.7416666666666667 0.5195046439628483 0.6464285714285715 0.5195046439628483 0.594047619047619 0.5188854489164086 0.5904761904761905 0.5139318885448917 0.580952380952381 0.491640866873065 0.580952380952381 
25 0.4712074303405573 0.5714285714285714 0.47058823529411764 0.5738095238095238 0.47058823529411764 0.6035714285714285 0.47554179566563465 0.7309523809523809 0.4761609907120743 0.7321428571428571 0.4842105263157895 0.7321428571428571 0.4848297213622291 0.7309523809523809 0.48978328173374613 0.7119047619047619 0.49473684210526314 0.6642857142857143 0.49473684210526314 0.5821428571428572 0.49411764705882355 0.580952380952381 0.47987616099071206 0.5714285714285714 0.4712074303405573 0.5714285714285714 
26 0.45572755417956656 0.5714285714285714 0.45572755417956656 0.6547619047619048 0.46068111455108357 0.7214285714285714 0.4613003095975232 0.725 0.4631578947368421 0.7321428571428571 0.469969040247678 0.7321428571428571 0.4743034055727554 0.7226190476190476 0.47492260061919506 0.7202380952380952 0.47492260061919506 0.5726190476190476 0.4743034055727554 0.5714285714285714 0.45572755417956656 0.5714285714285714 
27 0.44643962848297214 0.5619047619047619 0.4408668730650155 0.5726190476190476 0.4359133126934985 0.5904761904761905 0.4309597523219814 0.6202380952380953 0.4309597523219814 0.6607142857142857 0.4359133126934985 0.7476190476190476 0.43653250773993807 0.75 0.4408668730650155 0.7595238095238095 0.44148606811145513 0.7607142857142857 0.4501547987616099 0.7607142857142857 0.4551083591331269 0.7511904761904762 0.460061919504644 0.7321428571428571 0.460061919504644 0.5726190476190476 0.4544891640866873 0.5619047619047619 0.44643962848297214 0.5619047619047619 
28 0.3913312693498452 0.5714285714285714 0.3863777089783282 0.5821428571428572 0.3863777089783282 0.7321428571428571 0.3913312693498452 0.7511904761904762 0.39690402476780184 0.7607142857142857 0.4043343653250774 0.7607142857142857 0.4055727554179567 0.7595238095238095 0.40990712074303404 0.7511904761904762 0.4105263157894737 0.7488095238095238 0.42538699690402476 0.6333333333333333 0.42538699690402476 0.5928571428571429 0.4247678018575851 0.5904761904761905 0.4154798761609907 0.580952380952381 0.4043343653250774 0.5714285714285714 0.3913312693498452 0.5714285714285714 
29 0.3764705882352941 0.580952380952381 0.3622291021671827 0.5904761904761905 0.356656346749226 0.6 0.356656346749226 0.7023809523809523 0.36160990712074303 0.7595238095238095 0.36656346749226004 0.7785714285714286 0.3715170278637771 0.7892857142857143 0.37585139318885447 0.7892857142857143 0.38575851393188854 0.7690476190476191 0.3907120743034056 0.7511904761904762 0.3956656346749226 0.5892857142857143 0.3956656346749226 0.5880952380952381 0.39504643962848296 0.580952380952381 0.3764705882352941 0.580952380952381 
31 0.2835913312693498 0.5428571428571428 0.22786377708978328 0.638095238095238 0.21795665634674924 0.6666666666666666 0.21795665634674924 0.694047619047619 0.25263157894736843 0.7226190476190476 0.286687306501548 0.7226190476190476 0.2959752321981424 0.7119047619047619 0.3015479876160991 0.7035714285714286 0.3065015479876161 0.6928571428571428 0.33126934984520123 0.6261904761904762 0.33622291021671824 0.6071428571428571 0.33622291021671824 0.5619047619047619 0.3157894736842105 0.5428571428571428 0.2835913312693498 0.5428571428571428 