1 0.2823529411764706 0.34285714285714286 0.2724458204334365 0.37142857142857144 0.2674922600619195 0.4773809523809524 0.2674922600619195 0.5416666666666666 0.2724458204334365 0.5488095238095239 0.2873065015479876 0.5607142857142857 0.31021671826625385 0.5607142857142857 0.31145510835913315 0.5595238095238095 0.31640866873065016 0.5511904761904762 0.31640866873065016 0.4642857142857143 0.31145510835913315 0.4095238095238095 0.3065015479876161 0.3738095238095238 0.3015479876160991 0.3535714285714286 0.29659442724458207 0.34285714285714286 0.2823529411764706 0.34285714285714286 
3 0.30712074303405573 0.3523809523809524 0.30712074303405573 0.4452380952380952 0.31207430340557274 0.5511904761904762 0.3170278637770898 0.5595238095238095 0.31826625386996904 0.5607142857142857 0.33622291021671824 0.5607142857142857 0.36470588235294116 0.5511904761904762 0.36594427244582045 0.55 0.37089783281733746 0.5321428571428571 0.37089783281733746 0.5273809523809524 0.3510835913312694 0.3726190476190476 0.3461300309597523 0.3523809523809524 0.30712074303405573 0.3523809523809524 
5 0.3913312693498452 0.37142857142857144 0.3814241486068111 0.3904761904761905 0.3814241486068111 0.55 0.3863777089783282 0.5607142857142857 0.40495356037151703 0.5607142857142857 0.42043343653250775 0.5321428571428571 0.42538699690402476 0.5214285714285715 0.42538699690402476 0.5 0.4247678018575851 0.49523809523809526 0.4006191950464396 0.38095238095238093 0.3956656346749226 0.3726190476190476 0.39442724458204337 0.37142857142857144 0.3913312693498452 0.37142857142857144 
6 0.41671826625387 0.3047619047619048 0.41609907120743034 0.30833333333333335 0.41114551083591333 0.34285714285714286 0.41114551083591333 0.55 0.41609907120743034 0.5607142857142857 0.4346749226006192 0.5607142857142857 0.44024767801857584 0.5511904761904762 0.44458204334365325 0.5416666666666666 0.4452012383900929 0.5392857142857143 0.4452012383900929 0.4726190476190476 0.44024767801857584 0.4023809523809524 0.43529411764705883 0.3488095238095238 0.4346749226006192 0.34285714285714286 0.43034055727554177 0.31547619047619047 0.4247678018575851 0.3047619047619048 0.41671826625387 0.3047619047619048 
7 0.45077399380804956 0.34285714285714286 0.45077399380804956 0.55 0.45139318885448915 0.5511904761904762 0.48297213622291024 0.5511904761904762 0.4848297213622291 0.55 0.4848297213622291 0.5142857142857142 0.469969040247678 0.3619047619047619 0.465015479876161 0.34285714285714286 0.45077399380804956 0.34285714285714286 
8 0.4712074303405573 0.3333333333333333 0.47058823529411764 0.33690476190476193 0.47058823529411764 0.5011904761904762 0.47554179566563465 0.5511904761904762 0.5139318885448917 0.5511904761904762 0.5145510835913313 0.5488095238095239 0.5145510835913313 0.5142857142857142 0.4996904024767802 0.39166666666666666 0.49473684210526314 0.3535714285714286 0.4891640866873065 0.3345238095238095 0.48792569659442725 0.3333333333333333 0.4712074303405573 0.3333333333333333 
9 0.5213622291021672 0.3238095238095238 0.5201238390092879 0.3261904761904762 0.5151702786377709 0.3738095238095238 0.5052631578947369 0.47619047619047616 0.5052631578947369 0.5190476190476191 0.5102167182662539 0.55 0.5108359133126935 0.5511904761904762 0.5393188854489164 0.5511904761904762 0.5442724458204334 0.4714285714285714 0.5442724458204334 0.3619047619047619 0.5393188854489164 0.3345238095238095 0.5337461300309597 0.3238095238095238 0.5213622291021672 0.3238095238095238 
11 0.5795665634674922 0.3333333333333333 0.5746130030959752 0.34404761904761905 0.5696594427244582 0.46904761904761905 0.5696594427244582 0.55 0.5746130030959752 0.5607142857142857 0.5962848297213622 0.5607142857142857 0.5981424148606811 0.5595238095238095 0.6037151702786377 0.55 0.6080495356037152 0.5321428571428571 0.6086687306501548 0.4857142857142857 0.6037151702786377 0.4011904761904762 0.5987616099071208 0.3630952380952381 0.5938080495356037 0.34404761904761905 0.5882352941176471 0.3333333333333333 0.5795665634674922 0.3333333333333333 
12 0.595046439628483 0.3238095238095238 0.5944272445820433 0.3261904761904762 0.5944272445820433 0.40595238095238095 0.5993808049535604 0.5416666666666666 0.604953560371517 0.5511904761904762 0.628482972136223 0.5511904761904762 0.6334365325077399 0.5321428571428571 0.6334365325077399 0.5142857142857142 0.628482972136223 0.4583333333333333 0.6185758513931888 0.35595238095238096 0.6136222910216719 0.3333333333333333 0.6086687306501548 0.3238095238095238 0.595046439628483 0.3238095238095238 
13 0.6340557275541796 0.3333333333333333 0.6291021671826625 0.35595238095238096 0.6241486068111455 0.41904761904761906 0.6241486068111455 0.5404761904761904 0.6291021671826625 0.5511904761904762 0.6464396284829721 0.5511904761904762 0.648297213622291 0.55 0.653250773993808 0.5416666666666666 0.6582043343653251 0.5321428571428571 0.6582043343653251 0.4976190476190476 0.653250773993808 0.34523809523809523 0.6526315789473685 0.34285714285714286 0.648297213622291 0.3333333333333333 0.6340557275541796 0.3333333333333333 
14 0.6588235294117647 0.34285714285714286 0.6538699690402476 0.3821428571428571 0.6439628482972136 0.5333333333333333 0.6439628482972136 0.5416666666666666 0.6544891640866873 0.5607142857142857 0.691640866873065 0.5607142857142857 0.6972136222910217 0.5511904761904762 0.6978328173374613 0.55 0.7027863777089783 0.5321428571428571 0.7027863777089783 0.37142857142857144 0.6724458204334365 0.34285714285714286 0.6588235294117647 0.34285714285714286 
15 0.6941176470588235 0.3523809523809524 0.6934984520123839 0.3547619047619048 0.6885448916408669 0.4583333333333333 0.6885448916408669 0.49404761904761907 0.6934984520123839 0.5404761904761904 0.6941176470588235 0.5416666666666666 0.7120743034055728 0.5416666666666666 0.7374613003095976 0.5321428571428571 0.7374613003095976 0.47023809523809523 0.7275541795665634 0.4035714285714286 0.7226006191950465 0.3726190476190476 0.7120743034055728 0.3523809523809524 0.6941176470588235 0.3523809523809524 
17 0.7684210526315789 0.5047619047619047 0.7535603715170278 0.5142857142857142 0.7232198142414861 0.544047619047619 0.7232198142414861 0.55 0.7281733746130031 0.5607142857142857 0.7727554179566564 0.6547619047619048 0.773374613003096 0.655952380952381 0.7876160990712074 0.675 0.8117647058823529 0.675 0.821671826625387 0.655952380952381 0.821671826625387 0.611904761904762 0.8210526315789474 0.6095238095238096 0.7820433436532508 0.5142857142857142 0.7770897832817337 0.5059523809523809 0.7752321981424148 0.5047619047619047 0.7684210526315789 0.5047619047619047 
18 0.718266253869969 0.5523809523809524 0.6835913312693499 0.5714285714285714 0.6835913312693499 0.6083333333333333 0.7281733746130031 0.7035714285714286 0.7430340557275542 0.7321428571428571 0.74984520123839 0.7321428571428571 0.7820433436532508 0.7130952380952381 0.7820433436532508 0.6761904761904762 0.7424148606811145 0.5619047619047619 0.7374613003095976 0.5535714285714286 0.7362229102167183 0.5523809523809524 0.718266253869969 0.5523809523809524 
20 0.6241486068111455 0.5714285714285714 0.6191950464396285 0.5904761904761905 0.6191950464396285 0.6142857142857143 0.6340557275541796 0.7297619047619047 0.6390092879256966 0.7607142857142857 0.6439628482972136 0.7785714285714286 0.6489164086687307 0.7880952380952381 0.6513931888544892 0.7892857142857143 0.6631578947368421 0.7892857142857143 0.6631578947368421 0.7726190476190476 0.6582043343653251 0.580952380952381 0.6526315789473685 0.5714285714285714 0.6241486068111455 0.5714285714285714 
21 0.5993808049535604 0.580952380952381 0.5851393188854489 0.5904761904761905 0.5845201238390093 0.5916666666666667 0.5845201238390093 0.5964285714285714 0.6043343653250774 0.7880952380952381 0.604953560371517 0.7892857142857143 0.6173374613003096 0.7892857142857143 0.6185758513931888 0.7880952380952381 0.6235294117647059 0.75 0.628482972136223 0.6821428571428572 0.628482972136223 0.580952380952381 0.5993808049535604 0.580952380952381 
22 0.5647058823529412 0.580952380952381 0.5603715170278638 0.5916666666666667 0.5597523219814241 0.594047619047619 0.5597523219814241 0.6654761904761904 0.5795665634674922 0.7797619047619048 0.5845201238390093 0.7988095238095239 0.5975232198142415 0.7988095238095239 0.5987616099071208 0.7976190476190477 0.5987616099071208 0.7619047619047619 0.5938080495356037 0.6023809523809524 0.5888544891640867 0.5904761904761905 0.578328173374613 0.580952380952381 0.5647058823529412 0.580952380952381 
24 0.5058823529411764 0.580952380952381 0.5052631578947369 0.5821428571428572 0.5052631578947369 0.6464285714285715 0.5102167182662539 0.675 0.5151702786377709 0.7011904761904761 0.5201238390092879 0.7226190476190476 0.5306501547987617 0.7511904761904762 0.5356037151702786 0.7607142857142857 0.5492260061919505 0.7607142857142857 0.5492260061919505 0.7428571428571429 0.5294117647058824 0.6 0.5238390092879257 0.5904761904761905 0.5095975232198142 0.580952380952381 0.5058823529411764 0.580952380952381 
25 0.4823529411764706 0.580952380952381 0.4804953560371517 0.5821428571428572 0.4804953560371517 0.5988095238095238 0.4904024767801858 0.7035714285714286 0.4953560371517028 0.7511904761904762 0.5095975232198142 0.7511904761904762 0.5095975232198142 0.5904761904761905 0.4848297213622291 0.580952380952381 0.4823529411764706 0.580952380952381 
26 0.47058823529411764 0.580952380952381 0.45077399380804956 0.5904761904761905 0.45077399380804956 0.6273809523809524 0.45572755417956656 0.6738095238095239 0.47554179566563465 0.7666666666666667 0.47678018575851394 0.7690476190476191 0.48606811145510836 0.7785714285714286 0.4873065015479876 0.7797619047619048 0.4934984520123839 0.7797619047619048 0.49473684210526314 0.7785714285714286 0.4996904024767802 0.7702380952380953 0.4996904024767802 0.7464285714285714 0.47987616099071206 0.5904761904761905 0.47492260061919506 0.580952380952381 0.47058823529411764 0.580952380952381 
27 0.426625386996904 0.580952380952381 0.42105263157894735 0.5904761904761905 0.42105263157894735 0.7416666666666667 0.4309597523219814 0.7797619047619048 0.4408668730650155 0.7988095238095239 0.4501547987616099 0.7988095238095239 0.4551083591331269 0.7797619047619048 0.4551083591331269 0.6107142857142858 0.4501547987616099 0.5821428571428572 0.4476780185758514 0.580952380952381 0.426625386996904 0.580952380952381 
28 0.38699690402476783 0.580952380952381 0.38204334365325077 0.5904761904761905 0.3814241486068111 0.6 0.3814241486068111 0.6178571428571429 0.3913312693498452 0.75 0.39628482972136225 0.7785714285714286 0.39690402476780184 0.7797619047619048 0.40495356037151703 0.7797619047619048 0.4055727554179567 0.7785714285714286 0.4105263157894737 0.7595238095238095 0.4247678018575851 0.6333333333333333 0.4247678018575851 0.6285714285714286 0.4235294117647059 0.6095238095238096 0.4198142414860681 0.5904761904761905 0.4148606811145511 0.580952380952381 0.38699690402476783 0.580952380952381 
29 0.36780185758513934 0.5714285714285714 0.356656346749226 0.580952380952381 0.35170278637770896 0.5904761904761905 0.35170278637770896 0.7702380952380953 0.37089783281733746 0.7702380952380953 0.37585139318885447 0.7511904761904762 0.38080495356037153 0.7226190476190476 0.3907120743034056 0.6428571428571429 0.3907120743034056 0.5714285714285714 0.36780185758513934 0.5714285714285714 
30 0.3176470588235294 0.580952380952381 0.31207430340557274 0.5904761904761905 0.3077399380804954 0.6 0.29226006191950465 0.6571428571428571 0.2823529411764706 0.705952380952381 0.2823529411764706 0.7583333333333333 0.28297213622291023 0.7607142857142857 0.32755417956656346 0.7702380952380953 0.339938080495356 0.7702380952380953 0.3411764705882353 0.7690476190476191 0.3461300309597523 0.7488095238095238 0.3510835913312694 0.7202380952380952 0.3560371517027864 0.6333333333333333 0.3560371517027864 0.6011904761904762 0.3455108359133127 0.580952380952381 0.3176470588235294 0.580952380952381 