2 0.29287925696594425 0.47619047619047616 0.29226006191950465 0.4773809523809524 0.2873065015479876 0.4976190476190476 0.2873065015479876 0.6166666666666667 0.29226006191950465 0.6273809523809524 0.2978328173374613 0.6369047619047619 0.33126934984520123 0.6369047619047619 0.33622291021671824 0.6261904761904762 0.33622291021671824 0.5714285714285714 0.33126934984520123 0.544047619047619 0.3263157894736842 0.5238095238095238 0.32136222910216716 0.5047619047619047 0.3108359133126935 0.47619047619047616 0.29287925696594425 0.47619047619047616 
3 0.34179566563467495 0.44761904761904764 0.3368421052631579 0.45714285714285713 0.3318885448916409 0.4773809523809524 0.3318885448916409 0.625 0.33250773993808047 0.6273809523809524 0.3801857585139319 0.6273809523809524 0.38080495356037153 0.6261904761904762 0.38080495356037153 0.5630952380952381 0.3560371517027864 0.44761904761904764 0.34179566563467495 0.44761904761904764 
4 0.3671826625386997 0.4380952380952381 0.36656346749226004 0.44166666666666665 0.36656346749226004 0.5511904761904762 0.3764705882352941 0.625 0.378328173374613 0.6273809523809524 0.3907120743034056 0.6273809523809524 0.4 0.6178571428571429 0.4055727554179567 0.5988095238095238 0.4055727554179567 0.5630952380952381 0.4006191950464396 0.5238095238095238 0.3907120743034056 0.45714285714285713 0.3851393188854489 0.4380952380952381 0.3671826625386997 0.4380952380952381 
5 0.40123839009287926 0.4380952380952381 0.39628482972136225 0.4488095238095238 0.3913312693498452 0.5083333333333333 0.3913312693498452 0.5273809523809524 0.39628482972136225 0.6083333333333333 0.4148606811145511 0.6083333333333333 0.43034055727554177 0.5988095238095238 0.43034055727554177 0.5238095238095238 0.4154798761609907 0.45 0.4148606811145511 0.44761904761904764 0.40990712074303404 0.4380952380952381 0.40123839009287926 0.4380952380952381 
6 0.421671826625387 0.41904761904761906 0.42105263157894735 0.42142857142857143 0.42105263157894735 0.5964285714285714 0.421671826625387 0.5988095238095238 0.43962848297213625 0.5988095238095238 0.44953560371517026 0.5892857142857143 0.4501547987616099 0.5880952380952381 0.4501547987616099 0.4773809523809524 0.4452012383900929 0.44761904761904764 0.44024767801857584 0.4297619047619048 0.4346749226006192 0.41904761904761906 0.421671826625387 0.41904761904761906 
7 0.46563467492260063 0.4380952380952381 0.46068111455108357 0.44761904761904764 0.45077399380804956 0.4869047619047619 0.44643962848297214 0.5047619047619047 0.4458204334365325 0.5083333333333333 0.4458204334365325 0.5892857142857143 0.4544891640866873 0.5988095238095238 0.47492260061919506 0.5988095238095238 0.47987616099071206 0.5797619047619048 0.47987616099071206 0.4726190476190476 0.4792569659442725 0.4666666666666667 0.47492260061919506 0.4380952380952381 0.46563467492260063 0.4380952380952381 
8 0.48111455108359136 0.4380952380952381 0.4804953560371517 0.44047619047619047 0.47554179566563465 0.46785714285714286 0.47058823529411764 0.5726190476190476 0.47058823529411764 0.6059523809523809 0.4712074303405573 0.6083333333333333 0.4761609907120743 0.6178571428571429 0.4996904024767802 0.6178571428571429 0.5046439628482973 0.6083333333333333 0.5046439628482973 0.5630952380952381 0.4996904024767802 0.47023809523809523 0.49473684210526314 0.4380952380952381 0.48111455108359136 0.4380952380952381 
9 0.5102167182662539 0.41904761904761906 0.5052631578947369 0.4380952380952381 0.5003095975232198 0.4976190476190476 0.4953560371517028 0.5642857142857143 0.4953560371517028 0.5678571428571428 0.5003095975232198 0.6166666666666667 0.5015479876160991 0.6178571428571429 0.5287925696594428 0.6178571428571429 0.5343653250773994 0.6071428571428571 0.5343653250773994 0.5630952380952381 0.5294117647058824 0.4785714285714286 0.5244582043343653 0.42857142857142855 0.5195046439628483 0.41904761904761906 0.5102167182662539 0.41904761904761906 
10 0.5306501547987617 0.44761904761904764 0.530030959752322 0.4488095238095238 0.525077399380805 0.4666666666666667 0.525077399380805 0.5666666666666667 0.530030959752322 0.6083333333333333 0.5585139318885449 0.6083333333333333 0.5591331269349845 0.6071428571428571 0.5591331269349845 0.580952380952381 0.5541795665634675 0.46785714285714286 0.5492260061919505 0.44761904761904764 0.5306501547987617 0.44761904761904764 
11 0.5653250773993808 0.41904761904761906 0.5647058823529412 0.42023809523809524 0.5597523219814241 0.4380952380952381 0.5498452012383901 0.5345238095238095 0.5498452012383901 0.5880952380952381 0.5554179566563467 0.6083333333333333 0.5597523219814241 0.6178571428571429 0.5647058823529412 0.6273809523809524 0.5739938080495356 0.6273809523809524 0.5789473684210527 0.6178571428571429 0.58328173374613 0.6083333333333333 0.5839009287925696 0.6047619047619047 0.5888544891640867 0.55 0.5888544891640867 0.44166666666666665 0.5882352941176471 0.4380952380952381 0.5839009287925696 0.41904761904761906 0.5653250773993808 0.41904761904761906 
12 0.5894736842105263 0.4666666666666667 0.5795665634674922 0.5428571428571428 0.5795665634674922 0.6166666666666667 0.5801857585139318 0.6178571428571429 0.5894736842105263 0.6273809523809524 0.6086687306501548 0.6273809523809524 0.6086687306501548 0.4869047619047619 0.6037151702786377 0.46785714285714286 0.6030959752321982 0.4666666666666667 0.5894736842105263 0.4666666666666667 
13 0.6142414860681115 0.47619047619047616 0.6099071207430341 0.4857142857142857 0.6092879256965944 0.4880952380952381 0.6043343653250774 0.5142857142857142 0.6043343653250774 0.6166666666666667 0.6092879256965944 0.6273809523809524 0.6185758513931888 0.6369047619047619 0.6328173374613003 0.6369047619047619 0.6334365325077399 0.6357142857142857 0.6334365325077399 0.4880952380952381 0.6328173374613003 0.4857142857142857 0.628482972136223 0.47619047619047616 0.6142414860681115 0.47619047619047616 
14 0.6439628482972136 0.4857142857142857 0.6390092879256966 0.49523809523809526 0.6340557275541796 0.5142857142857142 0.6291021671826625 0.5345238095238095 0.6291021671826625 0.6273809523809524 0.6340557275541796 0.6369047619047619 0.6681114551083591 0.6369047619047619 0.6681114551083591 0.4857142857142857 0.6439628482972136 0.4857142857142857 
15 0.6835913312693499 0.47619047619047616 0.6786377708978328 0.4857142857142857 0.6736842105263158 0.49642857142857144 0.6687306501547987 0.5142857142857142 0.6637770897832818 0.5345238095238095 0.6637770897832818 0.6369047619047619 0.6693498452012384 0.6464285714285715 0.6879256965944273 0.6464285714285715 0.7034055727554179 0.6369047619047619 0.7065015479876161 0.6333333333333333 0.7077399380804954 0.6297619047619047 0.7077399380804954 0.5833333333333334 0.7027863777089783 0.49047619047619045 0.701547987616099 0.4857142857142857 0.6972136222910217 0.47619047619047616 0.6835913312693499 0.47619047619047616 
18 0.6538699690402476 0.638095238095238 0.6489164086687307 0.6488095238095238 0.6489164086687307 0.6821428571428572 0.6588235294117647 0.7511904761904762 0.6637770897832818 0.7773809523809524 0.6643962848297214 0.7797619047619048 0.6687306501547987 0.7892857142857143 0.6736842105263158 0.7988095238095239 0.6972136222910217 0.7988095238095239 0.7027863777089783 0.7880952380952381 0.7027863777089783 0.6583333333333333 0.6978328173374613 0.6476190476190476 0.6681114551083591 0.6392857142857142 0.6637770897832818 0.638095238095238 0.6538699690402476 0.638095238095238 
19 0.6092879256965944 0.638095238095238 0.6092879256965944 0.6845238095238095 0.6142414860681115 0.7321428571428571 0.6191950464396285 0.7607142857142857 0.6291021671826625 0.7880952380952381 0.6340557275541796 0.7976190476190477 0.6352941176470588 0.7988095238095239 0.6421052631578947 0.7988095238095239 0.6625386996904025 0.7892857142857143 0.6631578947368421 0.7869047619047619 0.6631578947368421 0.7333333333333333 0.6582043343653251 0.6761904761904762 0.653250773993808 0.638095238095238 0.6092879256965944 0.638095238095238 
20 0.5913312693498453 0.6285714285714286 0.5894736842105263 0.6297619047619047 0.5845201238390093 0.638095238095238 0.5845201238390093 0.6738095238095239 0.5944272445820433 0.7476190476190476 0.5993808049535604 0.7785714285714286 0.6043343653250774 0.7976190476190477 0.604953560371517 0.7988095238095239 0.6185758513931888 0.7988095238095239 0.6185758513931888 0.6857142857142857 0.6136222910216719 0.6321428571428571 0.6130030959752322 0.6285714285714286 0.5913312693498453 0.6285714285714286 
21 0.5746130030959752 0.6285714285714286 0.5696594427244582 0.638095238095238 0.5647058823529412 0.6488095238095238 0.5647058823529412 0.6845238095238095 0.5696594427244582 0.7666666666666667 0.5702786377708978 0.7702380952380953 0.5752321981424149 0.7892857142857143 0.5888544891640867 0.7892857142857143 0.5938080495356037 0.7607142857142857 0.5938080495356037 0.6285714285714286 0.5746130030959752 0.6285714285714286 
22 0.5510835913312694 0.6190476190476191 0.5498452012383901 0.6202380952380953 0.544891640866873 0.6285714285714286 0.5399380804953561 0.6392857142857142 0.5399380804953561 0.7321428571428571 0.544891640866873 0.7797619047619048 0.5504643962848297 0.7988095238095239 0.5554179566563467 0.8083333333333333 0.5628482972136223 0.8083333333333333 0.5684210526315789 0.7988095238095239 0.5690402476780185 0.7964285714285714 0.5690402476780185 0.6392857142857142 0.5640866873065016 0.6285714285714286 0.5591331269349845 0.6190476190476191 0.5510835913312694 0.6190476190476191 
23 0.5201238390092879 0.6285714285714286 0.5201238390092879 0.7130952380952381 0.525077399380805 0.7702380952380953 0.530030959752322 0.7869047619047619 0.5312693498452012 0.7892857142857143 0.5386996904024768 0.7892857142857143 0.5442724458204334 0.7690476190476191 0.5442724458204334 0.638095238095238 0.5393188854489164 0.6297619047619047 0.5380804953560372 0.6285714285714286 0.5201238390092879 0.6285714285714286 
24 0.5058823529411764 0.6285714285714286 0.5052631578947369 0.6297619047619047 0.5052631578947369 0.7511904761904762 0.5102167182662539 0.7773809523809524 0.5108359133126935 0.7797619047619048 0.5232198142414861 0.7797619047619048 0.5294117647058824 0.7702380952380953 0.5294117647058824 0.7142857142857143 0.5244582043343653 0.6440476190476191 0.5238390092879257 0.6404761904761904 0.5232198142414861 0.638095238095238 0.5195046439628483 0.6297619047619047 0.518266253869969 0.6285714285714286 0.5058823529411764 0.6285714285714286 
25 0.4904024767801858 0.6285714285714286 0.4854489164086687 0.6880952380952381 0.4854489164086687 0.7 0.4904024767801858 0.7571428571428571 0.49102167182662537 0.7607142857142857 0.49597523219814244 0.7797619047619048 0.508359133126935 0.7797619047619048 0.5095975232198142 0.7785714285714286 0.5095975232198142 0.6404761904761904 0.5089783281733746 0.638095238095238 0.5046439628482973 0.6285714285714286 0.4904024767801858 0.6285714285714286 
26 0.47058823529411764 0.6190476190476191 0.47058823529411764 0.7214285714285714 0.47554179566563465 0.7702380952380953 0.48111455108359136 0.7797619047619048 0.48978328173374613 0.7797619047619048 0.49473684210526314 0.7702380952380953 0.49473684210526314 0.6761904761904762 0.48978328173374613 0.6202380952380953 0.4885448916408669 0.6190476190476191 0.47058823529411764 0.6190476190476191 
27 0.45077399380804956 0.6190476190476191 0.44643962848297214 0.6285714285714286 0.4458204334365325 0.6309523809523809 0.4458204334365325 0.7130952380952381 0.45077399380804956 0.7988095238095239 0.4563467492260062 0.8071428571428572 0.4582043343653251 0.8083333333333333 0.46253869969040246 0.8083333333333333 0.46439628482972134 0.8071428571428572 0.469969040247678 0.7988095238095239 0.47492260061919506 0.7702380952380953 0.47492260061919506 0.65 0.4743034055727554 0.6452380952380953 0.469969040247678 0.6285714285714286 0.45944272445820433 0.6190476190476191 0.45077399380804956 0.6190476190476191 
28 0.42229102167182664 0.6285714285714286 0.41609907120743034 0.638095238095238 0.41609907120743034 0.680952380952381 0.4260061919504644 0.7488095238095238 0.4309597523219814 0.7702380952380953 0.4359133126934985 0.7797619047619048 0.4439628482972136 0.7797619047619048 0.4452012383900929 0.7785714285714286 0.4501547987616099 0.7702380952380953 0.4501547987616099 0.6321428571428571 0.44953560371517026 0.6285714285714286 0.42229102167182664 0.6285714285714286 
29 0.4037151702786378 0.6190476190476191 0.4018575851393189 0.6202380952380953 0.39628482972136225 0.6297619047619047 0.3913312693498452 0.7071428571428572 0.3913312693498452 0.7380952380952381 0.39690402476780184 0.7797619047619048 0.40123839009287926 0.7892857142857143 0.4148606811145511 0.7892857142857143 0.42043343653250775 0.7595238095238095 0.42538699690402476 0.6428571428571429 0.42538699690402476 0.6309523809523809 0.4247678018575851 0.6285714285714286 0.4148606811145511 0.6190476190476191 0.4037151702786378 0.6190476190476191 
30 0.35975232198142415 0.6285714285714286 0.3572755417956656 0.6297619047619047 0.35170278637770896 0.638095238095238 0.34674922600619196 0.6952380952380952 0.34674922600619196 0.7869047619047619 0.3473684210526316 0.7892857142857143 0.3715170278637771 0.7988095238095239 0.3894736842105263 0.7988095238095239 0.3907120743034056 0.7976190476190477 0.3956656346749226 0.7773809523809524 0.4006191950464396 0.6845238095238095 0.4006191950464396 0.6416666666666667 0.4 0.638095238095238 0.39504643962848296 0.6285714285714286 0.35975232198142415 0.6285714285714286 
31 0.3089783281733746 0.638095238095238 0.30712074303405573 0.6392857142857142 0.3021671826625387 0.6476190476190476 0.3021671826625387 0.6904761904761905 0.30712074303405573 0.7785714285714286 0.3077399380804954 0.7797619047619048 0.3269349845201238 0.7892857142857143 0.34055727554179566 0.7892857142857143 0.3461300309597523 0.7797619047619048 0.3510835913312694 0.7511904761904762 0.3560371517027864 0.7035714285714286 0.3560371517027864 0.6416666666666667 0.3510835913312694 0.638095238095238 0.3089783281733746 0.638095238095238 