1 0.22786377708978328 0.4 0.22291021671826625 0.5154761904761904 0.22291021671826625 0.5416666666666666 0.23777089783281732 0.5702380952380952 0.25696594427244585 0.5702380952380952 0.26191950464396285 0.5607142857142857 0.26687306501547986 0.55 0.26687306501547986 0.525 0.26191950464396285 0.46785714285714286 0.25696594427244585 0.4380952380952381 0.2513931888544892 0.41904761904761906 0.24643962848297213 0.4095238095238095 0.23591331269349844 0.4 0.22786377708978328 0.4 
2 0.27306501547987616 0.42857142857142855 0.2724458204334365 0.4297619047619048 0.2674922600619195 0.4583333333333333 0.25758513931888544 0.544047619047619 0.25758513931888544 0.5988095238095238 0.2773993808049536 0.6178571428571429 0.28606811145510835 0.6178571428571429 0.3015479876160991 0.6083333333333333 0.3015479876160991 0.5428571428571428 0.29659442724458207 0.48214285714285715 0.291640866873065 0.45 0.286687306501548 0.42857142857142855 0.27306501547987616 0.42857142857142855 
3 0.2978328173374613 0.4666666666666667 0.29721362229102166 0.46904761904761905 0.29226006191950465 0.6 0.29226006191950465 0.6047619047619047 0.29287925696594425 0.6083333333333333 0.29721362229102166 0.6178571428571429 0.3021671826625387 0.6273809523809524 0.34055727554179566 0.6273809523809524 0.3411764705882353 0.6261904761904762 0.3411764705882353 0.5630952380952381 0.33126934984520123 0.49523809523809526 0.3263157894736842 0.47619047619047616 0.32074303405572757 0.4666666666666667 0.2978328173374613 0.4666666666666667 
4 0.34179566563467495 0.4666666666666667 0.3368421052631579 0.4773809523809524 0.3368421052631579 0.6273809523809524 0.36594427244582045 0.6273809523809524 0.36594427244582045 0.5833333333333334 0.3609907120743034 0.5142857142857142 0.3560371517027864 0.4773809523809524 0.3510835913312694 0.4666666666666667 0.34179566563467495 0.4666666666666667 
5 0.36656346749226004 0.4666666666666667 0.36160990712074303 0.4773809523809524 0.36160990712074303 0.625 0.3622291021671827 0.6273809523809524 0.36656346749226004 0.6369047619047619 0.38575851393188854 0.6369047619047619 0.38575851393188854 0.5821428571428572 0.38080495356037153 0.4869047619047619 0.37585139318885447 0.46785714285714286 0.3752321981424149 0.4666666666666667 0.36656346749226004 0.4666666666666667 
6 0.38699690402476783 0.4380952380952381 0.38204334365325077 0.44761904761904764 0.3814241486068111 0.45 0.3814241486068111 0.6166666666666667 0.39628482972136225 0.6464285714285715 0.40990712074303404 0.6464285714285715 0.4105263157894737 0.6452380952380953 0.4154798761609907 0.6333333333333333 0.4154798761609907 0.5369047619047619 0.4105263157894737 0.4869047619047619 0.4006191950464396 0.44761904761904764 0.3956656346749226 0.4392857142857143 0.39442724458204337 0.4380952380952381 0.38699690402476783 0.4380952380952381 
7 0.42105263157894735 0.45714285714285713 0.41609907120743034 0.46785714285714286 0.41114551083591333 0.4988095238095238 0.41114551083591333 0.6452380952380953 0.41238390092879257 0.6464285714285715 0.43529411764705883 0.6464285714285715 0.43529411764705883 0.4869047619047619 0.43034055727554177 0.4583333333333333 0.4297213622291022 0.45714285714285713 0.42105263157894735 0.45714285714285713 
8 0.4458204334365325 0.44761904761904764 0.4359133126934985 0.46785714285714286 0.4309597523219814 0.49523809523809526 0.4309597523219814 0.6452380952380953 0.4359133126934985 0.655952380952381 0.4408668730650155 0.6654761904761904 0.4693498452012384 0.6654761904761904 0.47492260061919506 0.655952380952381 0.47492260061919506 0.6107142857142858 0.465015479876161 0.49523809523809526 0.460061919504644 0.45 0.4588235294117647 0.44761904761904764 0.4458204334365325 0.44761904761904764 
9 0.4904024767801858 0.45714285714285713 0.4854489164086687 0.4666666666666667 0.47554179566563465 0.6107142857142858 0.47554179566563465 0.6238095238095238 0.4804953560371517 0.6547619047619048 0.48606811145510836 0.6654761904761904 0.491640866873065 0.675 0.5195046439628483 0.675 0.5195046439628483 0.5821428571428572 0.5145510835913313 0.5202380952380953 0.5095975232198142 0.46785714285714286 0.5046439628482973 0.45714285714285713 0.4904024767801858 0.45714285714285713 
10 0.530030959752322 0.47619047619047616 0.525077399380805 0.4857142857142857 0.5201238390092879 0.5154761904761904 0.5151702786377709 0.5642857142857143 0.5151702786377709 0.655952380952381 0.5207430340557275 0.6642857142857143 0.5226006191950464 0.6654761904761904 0.5492260061919505 0.6654761904761904 0.5492260061919505 0.5452380952380952 0.5442724458204334 0.4857142857142857 0.5393188854489164 0.47619047619047616 0.530030959752322 0.47619047619047616 
11 0.5647058823529412 0.44761904761904764 0.5603715170278638 0.45714285714285713 0.5597523219814241 0.4595238095238095 0.5547987616099072 0.4880952380952381 0.5498452012383901 0.5369047619047619 0.544891640866873 0.6023809523809524 0.544891640866873 0.6333333333333333 0.5455108359133127 0.6357142857142857 0.5498452012383901 0.6464285714285715 0.5547987616099072 0.655952380952381 0.578328173374613 0.655952380952381 0.58328173374613 0.6464285714285715 0.5839009287925696 0.6440476190476191 0.5839009287925696 0.5523809523809524 0.5789473684210527 0.45714285714285713 0.573374613003096 0.44761904761904764 0.5647058823529412 0.44761904761904764 
12 0.5956656346749226 0.4380952380952381 0.5894736842105263 0.44761904761904764 0.5845201238390093 0.4583333333333333 0.5795665634674922 0.4785714285714286 0.5746130030959752 0.5047619047619047 0.5746130030959752 0.5702380952380952 0.5795665634674922 0.6369047619047619 0.5993808049535604 0.655952380952381 0.6123839009287926 0.655952380952381 0.6136222910216719 0.6535714285714286 0.6185758513931888 0.6369047619047619 0.6185758513931888 0.611904761904762 0.6136222910216719 0.49523809523809526 0.6086687306501548 0.4392857142857143 0.6061919504643963 0.4380952380952381 0.5956656346749226 0.4380952380952381 
13 0.6291021671826625 0.45714285714285713 0.6191950464396285 0.47619047619047616 0.614860681114551 0.4857142857142857 0.6092879256965944 0.5059523809523809 0.6092879256965944 0.6166666666666667 0.6142414860681115 0.6464285714285715 0.643343653250774 0.6464285714285715 0.643343653250774 0.46785714285714286 0.6427244582043343 0.4666666666666667 0.6377708978328174 0.4583333333333333 0.6352941176470588 0.45714285714285713 0.6291021671826625 0.45714285714285713 
15 0.6885448916408669 0.4380952380952381 0.6835913312693499 0.475 0.6786377708978328 0.5345238095238095 0.6786377708978328 0.6083333333333333 0.6885448916408669 0.6273809523809524 0.6972136222910217 0.6273809523809524 0.7226006191950465 0.6178571428571429 0.7318885448916409 0.6083333333333333 0.7325077399380805 0.6071428571428571 0.7325077399380805 0.5726190476190476 0.7226006191950465 0.4988095238095238 0.7219814241486068 0.49523809523809526 0.7176470588235294 0.47619047619047616 0.7120743034055728 0.4583333333333333 0.7077399380804954 0.4488095238095238 0.7027863777089783 0.4380952380952381 0.6885448916408669 0.4380952380952381 
18 0.698452012383901 0.6095238095238096 0.669969040247678 0.6190476190476191 0.6687306501547987 0.6202380952380953 0.6637770897832818 0.6285714285714286 0.6637770897832818 0.6428571428571429 0.6687306501547987 0.6738095238095239 0.6835913312693499 0.7321428571428571 0.6885448916408669 0.7511904761904762 0.6934984520123839 0.7678571428571429 0.698452012383901 0.7797619047619048 0.7034055727554179 0.7892857142857143 0.7089783281733746 0.7988095238095239 0.7325077399380805 0.7988095238095239 0.746749226006192 0.7797619047619048 0.7473684210526316 0.7785714285714286 0.7473684210526316 0.7357142857142858 0.7424148606811145 0.7047619047619048 0.7275541795665634 0.6202380952380953 0.7219814241486068 0.6095238095238096 0.698452012383901 0.6095238095238096 
19 0.6396284829721363 0.6285714285714286 0.6154798761609908 0.638095238095238 0.6142414860681115 0.6392857142857142 0.6142414860681115 0.675 0.6191950464396285 0.7107142857142857 0.6340557275541796 0.7773809523809524 0.6390092879256966 0.7892857142857143 0.6439628482972136 0.7988095238095239 0.6495356037151703 0.8083333333333333 0.6625386996904025 0.8083333333333333 0.6879256965944273 0.7988095238095239 0.6879256965944273 0.7523809523809524 0.6780185758513931 0.6678571428571428 0.6730650154798762 0.6404761904761904 0.6724458204334365 0.638095238095238 0.6681114551083591 0.6285714285714286 0.6396284829721363 0.6285714285714286 
20 0.5919504643962848 0.6285714285714286 0.5894736842105263 0.6297619047619047 0.5894736842105263 0.6833333333333333 0.5993808049535604 0.7690476190476191 0.6043343653250774 0.7988095238095239 0.6142414860681115 0.8261904761904761 0.6191950464396285 0.8369047619047619 0.6278637770897832 0.8369047619047619 0.628482972136223 0.8357142857142857 0.628482972136223 0.780952380952381 0.6235294117647059 0.638095238095238 0.5938080495356037 0.6285714285714286 0.5919504643962848 0.6285714285714286 
21 0.5795665634674922 0.6285714285714286 0.5653250773993808 0.6476190476190476 0.5647058823529412 0.65 0.5647058823529412 0.7095238095238096 0.5696594427244582 0.7607142857142857 0.5795665634674922 0.7988095238095239 0.5845201238390093 0.8083333333333333 0.590092879256966 0.8178571428571428 0.5981424148606811 0.8178571428571428 0.5987616099071208 0.7976190476190477 0.5987616099071208 0.6761904761904762 0.5938080495356037 0.6285714285714286 0.5795665634674922 0.6285714285714286 
22 0.5455108359133127 0.6285714285714286 0.530030959752322 0.6583333333333333 0.530030959752322 0.694047619047619 0.5399380804953561 0.7869047619047619 0.544891640866873 0.8261904761904761 0.5498452012383901 0.8357142857142857 0.5510835913312694 0.8369047619047619 0.5634674922600619 0.8369047619047619 0.5690402476780185 0.8273809523809523 0.5690402476780185 0.6785714285714286 0.5640866873065016 0.6583333333333333 0.5541795665634675 0.6285714285714286 0.5455108359133127 0.6285714285714286 
23 0.5157894736842106 0.6095238095238096 0.5151702786377709 0.6107142857142858 0.5003095975232198 0.6678571428571428 0.5003095975232198 0.7595238095238095 0.5052631578947369 0.7976190476190477 0.5108359133126935 0.8083333333333333 0.5232198142414861 0.8083333333333333 0.5244582043343653 0.8071428571428572 0.5343653250773994 0.6714285714285714 0.5343653250773994 0.6595238095238095 0.5337461300309597 0.6571428571428571 0.5195046439628483 0.6095238095238096 0.5157894736842106 0.6095238095238096 
24 0.4712074303405573 0.6190476190476191 0.47058823529411764 0.6214285714285714 0.47058823529411764 0.7178571428571429 0.47554179566563465 0.8178571428571428 0.4854489164086687 0.8369047619047619 0.49473684210526314 0.8369047619047619 0.4996904024767802 0.8261904761904761 0.5046439628482973 0.7214285714285714 0.5046439628482973 0.6666666666666666 0.4848297213622291 0.6202380952380953 0.4842105263157895 0.6190476190476191 0.4712074303405573 0.6190476190476191 
25 0.47058823529411764 0.6285714285714286 0.45077399380804956 0.6571428571428571 0.4458204334365325 0.6666666666666666 0.4408668730650155 0.7142857142857143 0.4408668730650155 0.7785714285714286 0.4458204334365325 0.7988095238095239 0.460061919504644 0.7988095238095239 0.469969040247678 0.7607142857142857 0.47492260061919506 0.7214285714285714 0.47492260061919506 0.6285714285714286 0.47058823529411764 0.6285714285714286 
26 0.4346749226006192 0.6297619047619047 0.42229102167182664 0.638095238095238 0.42105263157894735 0.6392857142857142 0.41671826625387 0.6571428571428571 0.41609907120743034 0.6607142857142857 0.41114551083591333 0.6964285714285714 0.41114551083591333 0.7392857142857143 0.41609907120743034 0.8035714285714286 0.42105263157894735 0.8261904761904761 0.421671826625387 0.8273809523809523 0.4346749226006192 0.8273809523809523 0.44024767801857584 0.8166666666666667 0.4452012383900929 0.7988095238095239 0.4501547987616099 0.7226190476190476 0.4501547987616099 0.6595238095238095 0.44953560371517026 0.6571428571428571 0.43529411764705883 0.6297619047619047 0.4346749226006192 0.6297619047619047 
27 0.41114551083591333 0.6190476190476191 0.39628482972136225 0.6392857142857142 0.3863777089783282 0.6952380952380952 0.3863777089783282 0.8083333333333333 0.3913312693498452 0.8166666666666667 0.3925696594427245 0.8178571428571428 0.4 0.8178571428571428 0.40495356037151703 0.8083333333333333 0.40990712074303404 0.7892857142857143 0.4154798761609907 0.7595238095238095 0.42538699690402476 0.6642857142857143 0.42538699690402476 0.6392857142857142 0.4154798761609907 0.6202380952380953 0.41424148606811145 0.6190476190476191 0.41114551083591333 0.6190476190476191 
28 0.3814241486068111 0.6095238095238096 0.3715170278637771 0.6297619047619047 0.36160990712074303 0.7523809523809524 0.36160990712074303 0.7880952380952381 0.3671826625386997 0.7988095238095239 0.3752321981424149 0.7988095238095239 0.38080495356037153 0.7892857142857143 0.3907120743034056 0.75 0.4006191950464396 0.7035714285714286 0.4055727554179567 0.675 0.4055727554179567 0.65 0.40495356037151703 0.6476190476190476 0.3956656346749226 0.6190476190476191 0.39009287925696595 0.6095238095238096 0.3814241486068111 0.6095238095238096 
29 0.3473684210526316 0.6190476190476191 0.34179566563467495 0.6285714285714286 0.34179566563467495 0.6654761904761904 0.34674922600619196 0.7988095238095239 0.35975232198142415 0.7988095238095239 0.3609907120743034 0.7976190476190477 0.36594427244582045 0.7785714285714286 0.37089783281733746 0.7511904761904762 0.37585139318885447 0.6916666666666667 0.37585139318885447 0.6285714285714286 0.3702786377708978 0.6190476190476191 0.3473684210526316 0.6190476190476191 
30 0.3021671826625387 0.6190476190476191 0.29721362229102166 0.6297619047619047 0.29226006191950465 0.7047619047619048 0.29226006191950465 0.7761904761904762 0.29287925696594425 0.7785714285714286 0.3176470588235294 0.7988095238095239 0.3263157894736842 0.7988095238095239 0.33126934984520123 0.7892857142857143 0.33560371517027865 0.7797619047619048 0.3411764705882353 0.7607142857142857 0.3510835913312694 0.6738095238095239 0.3510835913312694 0.6583333333333333 0.3461300309597523 0.6202380952380953 0.3448916408668731 0.6190476190476191 0.3021671826625387 0.6190476190476191 
31 0.25882352941176473 0.5904761904761905 0.25758513931888544 0.5916666666666667 0.25263157894736843 0.6 0.23777089783281732 0.705952380952381 0.23777089783281732 0.7678571428571429 0.23839009287925697 0.7702380952380953 0.25386996904024767 0.7797619047619048 0.26191950464396285 0.7797619047619048 0.2718266253869969 0.7702380952380953 0.2804953560371517 0.7607142857142857 0.28173374613003094 0.7583333333333333 0.286687306501548 0.7416666666666667 0.3015479876160991 0.6738095238095239 0.3065015479876161 0.6369047619047619 0.3065015479876161 0.625 0.3058823529411765 0.6190476190476191 0.3015479876160991 0.6095238095238096 0.29659442724458207 0.6 0.2761609907120743 0.5904761904761905 0.25882352941176473 0.5904761904761905 