2 0.2873065015479876 0.3904761904761905 0.2823529411764706 0.4107142857142857 0.2786377708978328 0.42857142857142855 0.2625386996904025 0.5333333333333333 0.2625386996904025 0.5702380952380952 0.2674922600619195 0.5785714285714286 0.2773993808049536 0.5892857142857143 0.2885448916408669 0.5988095238095238 0.2897832817337461 0.5988095238095238 0.29659442724458207 0.5976190476190476 0.3108359133126935 0.5892857142857143 0.31145510835913315 0.5869047619047619 0.31145510835913315 0.4297619047619048 0.3015479876160991 0.3904761904761905 0.2873065015479876 0.3904761904761905 
3 0.3126934984520124 0.42857142857142855 0.31207430340557274 0.430952380952381 0.30712074303405573 0.5452380952380952 0.30712074303405573 0.5880952380952381 0.3170278637770898 0.6083333333333333 0.3609907120743034 0.6083333333333333 0.3609907120743034 0.49642857142857144 0.3560371517027864 0.4666666666666667 0.3510835913312694 0.44761904761904764 0.3461300309597523 0.4380952380952381 0.3411764705882353 0.4297619047619048 0.339938080495356 0.42857142857142855 0.3126934984520124 0.42857142857142855 
4 0.3622291021671827 0.4095238095238095 0.356656346749226 0.41904761904761906 0.356656346749226 0.6178571428571429 0.3801857585139319 0.6178571428571429 0.39504643962848296 0.6083333333333333 0.3956656346749226 0.6071428571428571 0.3956656346749226 0.5523809523809524 0.38575851393188854 0.45714285714285713 0.38080495356037153 0.4380952380952381 0.3752321981424149 0.41904761904761906 0.37089783281733746 0.4107142857142857 0.3696594427244582 0.4095238095238095 0.3622291021671827 0.4095238095238095 
5 0.38699690402476783 0.41904761904761906 0.3863777089783282 0.42142857142857143 0.3814241486068111 0.49642857142857144 0.3814241486068111 0.513095238095238 0.3863777089783282 0.6166666666666667 0.38699690402476783 0.6178571428571429 0.4043343653250774 0.6178571428571429 0.4247678018575851 0.5988095238095238 0.42538699690402476 0.594047619047619 0.42538699690402476 0.5726190476190476 0.4154798761609907 0.4666666666666667 0.4105263157894737 0.430952380952381 0.40990712074303404 0.42857142857142855 0.40495356037151703 0.41904761904761906 0.38699690402476783 0.41904761904761906 
6 0.42105263157894735 0.4095238095238095 0.41609907120743034 0.4297619047619048 0.41114551083591333 0.4666666666666667 0.40619195046439627 0.5952380952380952 0.40619195046439627 0.6178571428571429 0.4117647058823529 0.6273809523809524 0.4328173374613003 0.6273809523809524 0.44024767801857584 0.6166666666666667 0.44458204334365325 0.5988095238095238 0.4452012383900929 0.5952380952380952 0.4452012383900929 0.5523809523809524 0.43529411764705883 0.42857142857142855 0.43034055727554177 0.4107142857142857 0.42910216718266253 0.4095238095238095 0.42105263157894735 0.4095238095238095 
7 0.45572755417956656 0.4380952380952381 0.45139318885448915 0.44761904761904764 0.44643962848297214 0.4666666666666667 0.4408668730650155 0.49642857142857144 0.4359133126934985 0.5428571428571428 0.4359133126934985 0.6047619047619047 0.43653250773993807 0.6071428571428571 0.4371517027863777 0.6083333333333333 0.469969040247678 0.6083333333333333 0.469969040247678 0.4666666666666667 0.465015479876161 0.44047619047619047 0.46439628482972134 0.4380952380952381 0.45572755417956656 0.4380952380952381 
8 0.48606811145510836 0.41904761904761906 0.4804953560371517 0.42857142857142855 0.4761609907120743 0.4392857142857143 0.47058823529411764 0.4666666666666667 0.46563467492260063 0.5095238095238095 0.46563467492260063 0.6142857142857143 0.4662538699690402 0.6178571428571429 0.49907120743034056 0.6178571428571429 0.4996904024767802 0.6166666666666667 0.4996904024767802 0.430952380952381 0.49907120743034056 0.42857142857142855 0.49473684210526314 0.41904761904761906 0.48606811145510836 0.41904761904761906 
9 0.5188854489164086 0.4380952380952381 0.5151702786377709 0.4392857142857143 0.5102167182662539 0.44761904761904764 0.5065015479876162 0.45714285714285713 0.5058823529411764 0.4595238095238095 0.5052631578947369 0.4630952380952381 0.5003095975232198 0.5238095238095238 0.5003095975232198 0.6178571428571429 0.5052631578947369 0.6261904761904762 0.5071207430340557 0.6273809523809524 0.5325077399380805 0.6273809523809524 0.5343653250773994 0.6261904761904762 0.5343653250773994 0.5333333333333333 0.5294117647058824 0.47619047619047616 0.5244582043343653 0.45 0.5238390092879257 0.44761904761904764 0.5195046439628483 0.4380952380952381 0.5188854489164086 0.4380952380952381 
10 0.534984520123839 0.44761904761904764 0.530030959752322 0.5357142857142857 0.530030959752322 0.6071428571428571 0.534984520123839 0.6178571428571429 0.5547987616099072 0.6178571428571429 0.5591331269349845 0.6166666666666667 0.5591331269349845 0.49642857142857144 0.5541795665634675 0.47619047619047616 0.5492260061919505 0.45714285714285713 0.5442724458204334 0.44761904761904764 0.534984520123839 0.44761904761904764 
11 0.5653250773993808 0.42857142857142855 0.5597523219814241 0.4380952380952381 0.5547987616099072 0.5619047619047619 0.5547987616099072 0.5976190476190476 0.5597523219814241 0.6178571428571429 0.5647058823529412 0.6273809523809524 0.58328173374613 0.6273809523809524 0.5888544891640867 0.6178571428571429 0.5938080495356037 0.6071428571428571 0.5938080495356037 0.5619047619047619 0.5839009287925696 0.47619047619047616 0.5789473684210527 0.4392857142857143 0.573374613003096 0.42857142857142855 0.5653250773993808 0.42857142857142855 
12 0.6210526315789474 0.42857142857142855 0.6191950464396285 0.4297619047619048 0.6092879256965944 0.4392857142857143 0.5944272445820433 0.4869047619047619 0.5845201238390093 0.5261904761904762 0.5845201238390093 0.569047619047619 0.5894736842105263 0.6166666666666667 0.595046439628483 0.6273809523809524 0.6160990712074303 0.6273809523809524 0.6179566563467492 0.625 0.6235294117647059 0.6083333333333333 0.6334365325077399 0.49166666666666664 0.6334365325077399 0.45595238095238094 0.6328173374613003 0.44761904761904764 0.628482972136223 0.4297619047619048 0.6266253869969041 0.42857142857142855 0.6210526315789474 0.42857142857142855 
13 0.6352941176470588 0.4380952380952381 0.6340557275541796 0.4392857142857143 0.6291021671826625 0.45714285714285713 0.6191950464396285 0.5142857142857142 0.6142414860681115 0.6 0.6142414860681115 0.6273809523809524 0.6253869969040248 0.6369047619047619 0.6328173374613003 0.6369047619047619 0.643343653250774 0.6273809523809524 0.648297213622291 0.5702380952380952 0.648297213622291 0.4380952380952381 0.6352941176470588 0.4380952380952381 
14 0.6712074303405573 0.4380952380952381 0.669969040247678 0.4392857142857143 0.6637770897832818 0.4488095238095238 0.6594427244582043 0.45714285714285713 0.6538699690402476 0.4773809523809524 0.6439628482972136 0.5142857142857142 0.6390092879256966 0.5630952380952381 0.6390092879256966 0.6273809523809524 0.6780185758513931 0.6273809523809524 0.6879256965944273 0.6178571428571429 0.6879256965944273 0.4488095238095238 0.6829721362229102 0.4380952380952381 0.6712074303405573 0.4380952380952381 
15 0.6947368421052632 0.41904761904761906 0.6934984520123839 0.42142857142857143 0.6842105263157895 0.44761904761904764 0.6835913312693499 0.45 0.6835913312693499 0.5880952380952381 0.6885448916408669 0.5988095238095238 0.6941176470588235 0.6083333333333333 0.7164086687306501 0.6083333333333333 0.7318885448916409 0.5988095238095238 0.7325077399380805 0.5976190476190476 0.7325077399380805 0.5369047619047619 0.7176470588235294 0.45 0.7120743034055728 0.42857142857142855 0.7071207430340557 0.41904761904761906 0.6947368421052632 0.41904761904761906 
16 0.7188854489164087 0.4095238095238095 0.718266253869969 0.4107142857142857 0.708359133126935 0.44047619047619047 0.708359133126935 0.45595238095238094 0.713312693498452 0.4928571428571429 0.7238390092879257 0.5035714285714286 0.7417956656346749 0.5035714285714286 0.7473684210526316 0.4928571428571429 0.7572755417956656 0.4642857142857143 0.7572755417956656 0.42857142857142855 0.7473684210526316 0.4095238095238095 0.7188854489164087 0.4095238095238095 
18 0.6990712074303406 0.6190476190476191 0.6743034055727554 0.638095238095238 0.6643962848297214 0.6571428571428571 0.6637770897832818 0.6630952380952381 0.6637770897832818 0.6738095238095239 0.6687306501547987 0.694047619047619 0.6990712074303406 0.7702380952380953 0.708359133126935 0.7892857142857143 0.718266253869969 0.7988095238095239 0.7306501547987616 0.7988095238095239 0.7325077399380805 0.7976190476190477 0.7473684210526316 0.7785714285714286 0.7473684210526316 0.7535714285714286 0.7325077399380805 0.6666666666666666 0.7275541795665634 0.638095238095238 0.7176470588235294 0.6190476190476191 0.6990712074303406 0.6190476190476191 
19 0.6396284829721363 0.6476190476190476 0.6204334365325077 0.6571428571428571 0.6191950464396285 0.6583333333333333 0.6191950464396285 0.6833333333333333 0.6241486068111455 0.7226190476190476 0.6340557275541796 0.7773809523809524 0.6390092879256966 0.7976190476190477 0.6439628482972136 0.8166666666666667 0.6538699690402476 0.8369047619047619 0.6625386996904025 0.8369047619047619 0.6928792569659443 0.8083333333333333 0.6928792569659443 0.7857142857142857 0.6922600619195046 0.780952380952381 0.6780185758513931 0.6857142857142857 0.6681114551083591 0.6488095238095238 0.6674922600619195 0.6476190476190476 0.6396284829721363 0.6476190476190476 
20 0.6043343653250774 0.6476190476190476 0.5944272445820433 0.6595238095238095 0.5894736842105263 0.6666666666666666 0.5894736842105263 0.7035714285714286 0.6043343653250774 0.7892857142857143 0.6142414860681115 0.8273809523809523 0.6191950464396285 0.8369047619047619 0.6334365325077399 0.8369047619047619 0.6334365325077399 0.7452380952380953 0.628482972136223 0.6761904761904762 0.6235294117647059 0.6571428571428571 0.6173374613003096 0.6476190476190476 0.6043343653250774 0.6476190476190476 
21 0.5702786377708978 0.6476190476190476 0.5647058823529412 0.6571428571428571 0.5597523219814241 0.75 0.5597523219814241 0.8273809523809523 0.5727554179566563 0.8273809523809523 0.5739938080495356 0.8261904761904761 0.5789473684210527 0.8178571428571428 0.5987616099071208 0.7119047619047619 0.6037151702786377 0.6654761904761904 0.6037151702786377 0.6583333333333333 0.5981424148606811 0.6476190476190476 0.5702786377708978 0.6476190476190476 
22 0.5405572755417957 0.6285714285714286 0.534984520123839 0.6488095238095238 0.534984520123839 0.8083333333333333 0.5399380804953561 0.8178571428571428 0.5492260061919505 0.8178571428571428 0.5541795665634675 0.8083333333333333 0.5640866873065016 0.7690476190476191 0.5690402476780185 0.7321428571428571 0.5690402476780185 0.6392857142857142 0.5640866873065016 0.6285714285714286 0.5405572755417957 0.6285714285714286 
23 0.5151702786377709 0.6285714285714286 0.5151702786377709 0.7988095238095239 0.5287925696594428 0.7988095238095239 0.5343653250773994 0.7892857142857143 0.5393188854489164 0.7511904761904762 0.5442724458204334 0.655952380952381 0.5442724458204334 0.6285714285714286 0.5151702786377709 0.6285714285714286 
24 0.496594427244582 0.6285714285714286 0.4953560371517028 0.6297619047619047 0.4953560371517028 0.7702380952380953 0.5003095975232198 0.7892857142857143 0.5145510835913313 0.7892857142857143 0.5195046439628483 0.675 0.5195046439628483 0.6297619047619047 0.5188854489164086 0.6285714285714286 0.496594427244582 0.6285714285714286 
25 0.47554179566563465 0.6285714285714286 0.47554179566563465 0.680952380952381 0.4804953560371517 0.7571428571428571 0.4854489164086687 0.7988095238095239 0.49411764705882355 0.7988095238095239 0.49473684210526314 0.7976190476190477 0.4996904024767802 0.7583333333333333 0.4996904024767802 0.6297619047619047 0.4978328173374613 0.6285714285714286 0.47554179566563465 0.6285714285714286 
26 0.45263157894736844 0.6285714285714286 0.45077399380804956 0.6297619047619047 0.45077399380804956 0.6845238095238095 0.46068111455108357 0.7595238095238095 0.46563467492260063 0.794047619047619 0.4662538699690402 0.7976190476190477 0.47058823529411764 0.8071428571428572 0.4712074303405573 0.8083333333333333 0.4743034055727554 0.8083333333333333 0.47987616099071206 0.7976190476190477 0.47987616099071206 0.6297619047619047 0.4792569659442725 0.6285714285714286 0.45263157894736844 0.6285714285714286 
27 0.4309597523219814 0.638095238095238 0.4260061919504644 0.6476190476190476 0.4260061919504644 0.6928571428571428 0.4309597523219814 0.7297619047619047 0.4359133126934985 0.7607142857142857 0.4458204334365325 0.7988095238095239 0.45077399380804956 0.8166666666666667 0.45572755417956656 0.8273809523809523 0.46439628482972134 0.8273809523809523 0.465015479876161 0.8261904761904761 0.465015479876161 0.7535714285714286 0.4551083591331269 0.638095238095238 0.4309597523219814 0.638095238095238 
28 0.40619195046439627 0.638095238095238 0.40123839009287926 0.6476190476190476 0.39628482972136225 0.6583333333333333 0.39628482972136225 0.7083333333333334 0.40619195046439627 0.7702380952380953 0.41114551083591333 0.7988095238095239 0.421671826625387 0.8369047619047619 0.4297213622291022 0.8369047619047619 0.43529411764705883 0.8166666666666667 0.43529411764705883 0.6857142857142857 0.43034055727554177 0.6488095238095238 0.42538699690402476 0.6392857142857142 0.4235294117647059 0.638095238095238 0.40619195046439627 0.638095238095238 
29 0.3764705882352941 0.6476190476190476 0.3715170278637771 0.6571428571428571 0.36160990712074303 0.7142857142857143 0.36160990712074303 0.7988095238095239 0.36656346749226004 0.8261904761904761 0.3715170278637771 0.8464285714285714 0.38575851393188854 0.8464285714285714 0.4006191950464396 0.7214285714285714 0.4055727554179567 0.6654761904761904 0.4055727554179567 0.6476190476190476 0.3764705882352941 0.6476190476190476 
30 0.33869969040247677 0.6285714285714286 0.3269349845201238 0.638095238095238 0.3219814241486068 0.6476190476190476 0.3126934984520124 0.7142857142857143 0.30712074303405573 0.7547619047619047 0.30712074303405573 0.8083333333333333 0.33250773993808047 0.8273809523809523 0.3498452012383901 0.8273809523809523 0.3510835913312694 0.8261904761904761 0.3609907120743034 0.7892857142857143 0.36594427244582045 0.7702380952380953 0.38080495356037153 0.6619047619047619 0.38080495356037153 0.6476190476190476 0.3752321981424149 0.6392857142857142 0.3739938080495356 0.638095238095238 0.3510835913312694 0.6285714285714286 0.33869969040247677 0.6285714285714286 
31 0.2823529411764706 0.6095238095238096 0.2724458204334365 0.6297619047619047 0.2674922600619195 0.6476190476190476 0.2625386996904025 0.6761904761904762 0.25263157894736843 0.7357142857142858 0.25263157894736843 0.7678571428571429 0.2532507739938081 0.7702380952380953 0.2674922600619195 0.7880952380952381 0.26873065015479874 0.7892857142857143 0.28173374613003094 0.7892857142857143 0.291640866873065 0.7797619047619048 0.3065015479876161 0.7511904761904762 0.31640866873065016 0.7309523809523809 0.32136222910216716 0.7202380952380952 0.3256965944272446 0.7035714285714286 0.3263157894736842 0.7 0.33126934984520123 0.6523809523809524 0.33126934984520123 0.6476190476190476 0.3263157894736842 0.6285714285714286 0.32136222910216716 0.6190476190476191 0.3015479876160991 0.6095238095238096 0.2823529411764706 0.6095238095238096 