2 0.33250773993808047 0.3142857142857143 0.3219814241486068 0.3333333333333333 0.3170278637770898 0.3535714285714286 0.3021671826625387 0.49642857142857144 0.3021671826625387 0.5178571428571429 0.3027863777089783 0.5214285714285715 0.30712074303405573 0.5416666666666666 0.32755417956656346 0.5607142857142857 0.3448916408668731 0.5607142857142857 0.3504643962848297 0.5511904761904762 0.3510835913312694 0.5488095238095239 0.3510835913312694 0.4380952380952381 0.3461300309597523 0.34285714285714286 0.3411764705882353 0.31547619047619047 0.34055727554179566 0.3142857142857143 0.33250773993808047 0.3142857142857143 
3 0.3523219814241486 0.3238095238095238 0.34674922600619196 0.3333333333333333 0.34179566563467495 0.3619047619047619 0.34179566563467495 0.3952380952380952 0.34674922600619196 0.5607142857142857 0.3523219814241486 0.5702380952380952 0.37089783281733746 0.5702380952380952 0.38080495356037153 0.5607142857142857 0.39442724458204337 0.5380952380952381 0.3956656346749226 0.5345238095238095 0.3956656346749226 0.4857142857142857 0.37585139318885447 0.34285714285714286 0.37089783281733746 0.3238095238095238 0.3523219814241486 0.3238095238095238 
4 0.38204334365325077 0.3142857142857143 0.3814241486068111 0.31666666666666665 0.3814241486068111 0.4654761904761905 0.3863777089783282 0.5511904761904762 0.40495356037151703 0.5511904761904762 0.4105263157894737 0.5416666666666666 0.4154798761609907 0.5321428571428571 0.4154798761609907 0.4666666666666667 0.4105263157894737 0.38095238095238093 0.4055727554179567 0.3333333333333333 0.3956656346749226 0.3142857142857143 0.38204334365325077 0.3142857142857143 
5 0.40619195046439627 0.3238095238095238 0.40619195046439627 0.475 0.41114551083591333 0.5416666666666666 0.44024767801857584 0.5416666666666666 0.4452012383900929 0.5321428571428571 0.4452012383900929 0.4738095238095238 0.43034055727554177 0.3523809523809524 0.4247678018575851 0.3333333333333333 0.42043343653250775 0.3238095238095238 0.40619195046439627 0.3238095238095238 
6 0.4321981424148607 0.29523809523809524 0.4309597523219814 0.2976190476190476 0.4309597523219814 0.444047619047619 0.4408668730650155 0.5416666666666666 0.45944272445820433 0.5416666666666666 0.465015479876161 0.5321428571428571 0.465015479876161 0.4392857142857143 0.4501547987616099 0.3273809523809524 0.44953560371517026 0.3238095238095238 0.4452012383900929 0.3047619047619048 0.44024767801857584 0.3 0.4340557275541796 0.29523809523809524 0.4321981424148607 0.29523809523809524 
7 0.45139318885448915 0.3142857142857143 0.45077399380804956 0.31547619047619047 0.45077399380804956 0.35 0.45572755417956656 0.444047619047619 0.46068111455108357 0.5321428571428571 0.48978328173374613 0.5321428571428571 0.48978328173374613 0.4666666666666667 0.4848297213622291 0.38095238095238093 0.47987616099071206 0.34285714285714286 0.47492260061919506 0.325 0.469969040247678 0.31547619047619047 0.46873065015479876 0.3142857142857143 0.45139318885448915 0.3142857142857143 
8 0.4854489164086687 0.305952380952381 0.4804953560371517 0.3142857142857143 0.4804953560371517 0.39880952380952384 0.4854489164086687 0.5321428571428571 0.5195046439628483 0.5321428571428571 0.5195046439628483 0.4785714285714286 0.5145510835913313 0.4095238095238095 0.5095975232198142 0.36428571428571427 0.4996904024767802 0.3238095238095238 0.48978328173374613 0.305952380952381 0.4854489164086687 0.305952380952381 
11 0.5795665634674922 0.3047619047619048 0.5696594427244582 0.34285714285714286 0.5498452012383901 0.45714285714285713 0.5498452012383901 0.5202380952380953 0.5547987616099072 0.55 0.5554179566563467 0.5511904761904762 0.578328173374613 0.5511904761904762 0.5839009287925696 0.5416666666666666 0.5938080495356037 0.4654761904761905 0.5987616099071208 0.37976190476190474 0.5987616099071208 0.305952380952381 0.5981424148606811 0.3047619047619048 0.5795665634674922 0.3047619047619048 
13 0.6241486068111455 0.3333333333333333 0.6142414860681115 0.3523809523809524 0.6092879256965944 0.39166666666666666 0.5993808049535604 0.5047619047619047 0.5993808049535604 0.5404761904761904 0.6092879256965944 0.5607142857142857 0.6272445820433437 0.5607142857142857 0.628482972136223 0.5595238095238095 0.6334365325077399 0.55 0.6334365325077399 0.3345238095238095 0.6328173374613003 0.3333333333333333 0.6241486068111455 0.3333333333333333 
14 0.6544891640866873 0.3619047619047619 0.6489164086687307 0.37142857142857144 0.6445820433436532 0.38095238095238093 0.6390092879256966 0.4095238095238095 0.6340557275541796 0.44761904761904764 0.6291021671826625 0.49047619047619045 0.6291021671826625 0.569047619047619 0.6297213622291021 0.5702380952380952 0.6681114551083591 0.5702380952380952 0.6730650154798762 0.5607142857142857 0.6773993808049535 0.5511904761904762 0.6780185758513931 0.5476190476190477 0.6780185758513931 0.4 0.6730650154798762 0.3619047619047619 0.6544891640866873 0.3619047619047619 
15 0.6792569659442724 0.37142857142857144 0.6743034055727554 0.38095238095238093 0.6736842105263158 0.38333333333333336 0.6687306501547987 0.4785714285714286 0.6687306501547987 0.5107142857142857 0.6736842105263158 0.5607142857142857 0.7126934984520124 0.5607142857142857 0.7176470588235294 0.5511904761904762 0.7176470588235294 0.49642857142857144 0.7126934984520124 0.4666666666666667 0.6928792569659443 0.3726190476190476 0.691640866873065 0.37142857142857144 0.6792569659442724 0.37142857142857144 
16 0.6934984520123839 0.3619047619047619 0.6891640866873066 0.37142857142857144 0.6885448916408669 0.3738095238095238 0.6885448916408669 0.41785714285714287 0.6934984520123839 0.444047619047619 0.713312693498452 0.5404761904761904 0.7188854489164087 0.5511904761904762 0.7424148606811145 0.5511904761904762 0.7523219814241486 0.5416666666666666 0.7572755417956656 0.5226190476190476 0.7572755417956656 0.49642857142857144 0.7523219814241486 0.47619047619047616 0.7269349845201238 0.3904761904761905 0.7226006191950465 0.38095238095238093 0.7126934984520124 0.3619047619047619 0.6934984520123839 0.3619047619047619 
20 0.56656346749226 0.5904761904761905 0.5653250773993808 0.5916666666666667 0.5647058823529412 0.5928571428571429 0.5647058823529412 0.6535714285714286 0.5795665634674922 0.7416666666666667 0.5845201238390093 0.7678571428571429 0.5894736842105263 0.7785714285714286 0.5907120743034056 0.7797619047619048 0.6030959752321982 0.7797619047619048 0.6037151702786377 0.7785714285714286 0.6037151702786377 0.7440476190476191 0.5987616099071208 0.5928571428571429 0.5981424148606811 0.5904761904761905 0.56656346749226 0.5904761904761905 
21 0.544891640866873 0.5619047619047619 0.5399380804953561 0.5714285714285714 0.5399380804953561 0.6166666666666667 0.544891640866873 0.7023809523809523 0.5547987616099072 0.7595238095238095 0.5597523219814241 0.7797619047619048 0.573374613003096 0.7797619047619048 0.5739938080495356 0.7773809523809524 0.5739938080495356 0.5714285714285714 0.5684210526315789 0.5619047619047619 0.544891640866873 0.5619047619047619 
22 0.525077399380805 0.5619047619047619 0.5201238390092879 0.5714285714285714 0.5151702786377709 0.5833333333333334 0.5151702786377709 0.6452380952380953 0.5201238390092879 0.7119047619047619 0.525077399380805 0.7511904761904762 0.530030959752322 0.7892857142857143 0.5486068111455108 0.7892857142857143 0.5492260061919505 0.7869047619047619 0.5492260061919505 0.5726190476190476 0.5436532507739938 0.5619047619047619 0.525077399380805 0.5619047619047619 
23 0.5052631578947369 0.5428571428571428 0.5009287925696595 0.5523809523809524 0.5003095975232198 0.5547619047619048 0.5003095975232198 0.6464285714285715 0.5058823529411764 0.725 0.5077399380804953 0.7321428571428571 0.5195046439628483 0.7321428571428571 0.5244582043343653 0.7119047619047619 0.5244582043343653 0.5535714285714286 0.5195046439628483 0.544047619047619 0.518266253869969 0.5428571428571428 0.5052631578947369 0.5428571428571428 
24 0.48606811145510836 0.5428571428571428 0.4854489164086687 0.544047619047619 0.4854489164086687 0.6726190476190477 0.4904024767801858 0.7035714285714286 0.49597523219814244 0.7226190476190476 0.5095975232198142 0.7226190476190476 0.5095975232198142 0.6476190476190476 0.5046439628482973 0.544047619047619 0.503405572755418 0.5428571428571428 0.48606811145510836 0.5428571428571428 
25 0.46068111455108357 0.5523809523809524 0.46068111455108357 0.5666666666666667 0.47554179566563465 0.694047619047619 0.4854489164086687 0.7226190476190476 0.49473684210526314 0.7226190476190476 0.49473684210526314 0.6666666666666666 0.48978328173374613 0.5535714285714286 0.4891640866873065 0.5523809523809524 0.46068111455108357 0.5523809523809524 
26 0.45139318885448915 0.5523809523809524 0.4458204334365325 0.5619047619047619 0.4458204334365325 0.5773809523809523 0.45077399380804956 0.6166666666666667 0.45572755417956656 0.6464285714285715 0.46563467492260063 0.694047619047619 0.47058823529411764 0.7130952380952381 0.47987616099071206 0.7130952380952381 0.47987616099071206 0.6595238095238095 0.469969040247678 0.5619047619047619 0.46439628482972134 0.5523809523809524 0.45139318885448915 0.5523809523809524 
27 0.4408668730650155 0.5619047619047619 0.4359133126934985 0.5630952380952381 0.426625386996904 0.5726190476190476 0.4260061919504644 0.5761904761904761 0.4260061919504644 0.6464285714285715 0.4309597523219814 0.675 0.45572755417956656 0.7892857142857143 0.4613003095975232 0.7988095238095239 0.46873065015479876 0.7988095238095239 0.469969040247678 0.7976190476190477 0.469969040247678 0.6761904761904762 0.460061919504644 0.6107142857142858 0.4551083591331269 0.5821428571428572 0.4501547987616099 0.5714285714285714 0.4452012383900929 0.5630952380952381 0.443343653250774 0.5619047619047619 0.4408668730650155 0.5619047619047619 
28 0.4068111455108359 0.5714285714285714 0.40123839009287926 0.5821428571428572 0.40123839009287926 0.6571428571428571 0.4018575851393189 0.6619047619047619 0.4024767801857585 0.6654761904761904 0.42105263157894735 0.7583333333333333 0.426625386996904 0.7797619047619048 0.43962848297213625 0.7797619047619048 0.44024767801857584 0.7785714285714286 0.44024767801857584 0.6678571428571428 0.43034055727554177 0.5726190476190476 0.4297213622291022 0.5714285714285714 0.4068111455108359 0.5714285714285714 
29 0.3764705882352941 0.5904761904761905 0.3721362229102167 0.6 0.3715170278637771 0.6023809523809524 0.3715170278637771 0.6547619047619048 0.40123839009287926 0.8071428571428572 0.4018575851393189 0.8083333333333333 0.4154798761609907 0.8083333333333333 0.4154798761609907 0.7047619047619048 0.4055727554179567 0.6011904761904762 0.4006191950464396 0.5904761904761905 0.3764705882352941 0.5904761904761905 
31 0.3219814241486068 0.5523809523809524 0.3126934984520124 0.5619047619047619 0.3077399380804954 0.5714285714285714 0.26811145510835915 0.6666666666666666 0.2674922600619195 0.669047619047619 0.2674922600619195 0.7119047619047619 0.26873065015479874 0.7130952380952381 0.286687306501548 0.7130952380952381 0.3461300309597523 0.655952380952381 0.3510835913312694 0.6464285714285715 0.3510835913312694 0.6 0.33622291021671824 0.5630952380952381 0.33126934984520123 0.5523809523809524 0.3219814241486068 0.5523809523809524 