2 0.3219814241486068 0.37142857142857144 0.3170278637770898 0.3821428571428571 0.31207430340557274 0.4 0.3021671826625387 0.4380952380952381 0.29721362229102166 0.4583333333333333 0.29287925696594425 0.47619047619047616 0.29226006191950465 0.4797619047619048 0.29226006191950465 0.530952380952381 0.2978328173374613 0.5416666666666666 0.30712074303405573 0.5511904761904762 0.330030959752322 0.5511904761904762 0.33126934984520123 0.55 0.33622291021671824 0.5416666666666666 0.3411764705882353 0.5321428571428571 0.3411764705882353 0.37142857142857144 0.3219814241486068 0.37142857142857144 
3 0.35294117647058826 0.38095238095238093 0.35170278637770896 0.3821428571428571 0.34179566563467495 0.4011904761904762 0.33746130030959753 0.42142857142857143 0.3368421052631579 0.425 0.3318885448916409 0.525 0.3318885448916409 0.5464285714285714 0.33250773993808047 0.5511904761904762 0.33746130030959753 0.5607142857142857 0.356656346749226 0.5797619047619048 0.36408668730650157 0.5797619047619048 0.37585139318885447 0.5702380952380952 0.38575851393188854 0.5511904761904762 0.38575851393188854 0.5047619047619047 0.37089783281733746 0.4095238095238095 0.36594427244582045 0.38095238095238093 0.35294117647058826 0.38095238095238093 
4 0.3913312693498452 0.4 0.3863777089783282 0.4095238095238095 0.3764705882352941 0.44761904761904764 0.3715170278637771 0.5523809523809524 0.3715170278637771 0.5785714285714286 0.3739938080495356 0.5797619047619048 0.4037151702786378 0.5797619047619048 0.4055727554179567 0.5773809523809523 0.40990712074303404 0.5702380952380952 0.4105263157894737 0.569047619047619 0.4105263157894737 0.5238095238095238 0.4055727554179567 0.4011904761904762 0.40495356037151703 0.4 0.3913312693498452 0.4 
5 0.41671826625387 0.4 0.41114551083591333 0.4095238095238095 0.40619195046439627 0.41904761904761906 0.40123839009287926 0.4583333333333333 0.39628482972136225 0.5714285714285714 0.39628482972136225 0.5892857142857143 0.4018575851393189 0.5988095238095238 0.4154798761609907 0.5988095238095238 0.43529411764705883 0.5785714285714286 0.43962848297213625 0.5702380952380952 0.44024767801857584 0.5619047619047619 0.44024767801857584 0.555952380952381 0.43034055727554177 0.4488095238095238 0.42538699690402476 0.4 0.41671826625387 0.4 
6 0.4371517027863777 0.4095238095238095 0.4359133126934985 0.4107142857142857 0.4309597523219814 0.41904761904761906 0.4260061919504644 0.47619047619047616 0.42105263157894735 0.5714285714285714 0.42105263157894735 0.5964285714285714 0.421671826625387 0.5988095238095238 0.4260061919504644 0.6071428571428571 0.42724458204334365 0.6083333333333333 0.4551083591331269 0.6083333333333333 0.4551083591331269 0.4666666666666667 0.4501547987616099 0.4095238095238095 0.4371517027863777 0.4095238095238095 
7 0.4613003095975232 0.4380952380952381 0.45572755417956656 0.44761904761904764 0.45077399380804956 0.4857142857142857 0.45077399380804956 0.6083333333333333 0.47987616099071206 0.6083333333333333 0.47987616099071206 0.525 0.47492260061919506 0.4666666666666667 0.469969040247678 0.4392857142857143 0.4693498452012384 0.4380952380952381 0.4613003095975232 0.4380952380952381 
8 0.4804953560371517 0.4380952380952381 0.47554179566563465 0.5523809523809524 0.47554179566563465 0.6083333333333333 0.48111455108359136 0.6178571428571429 0.5089783281733746 0.6178571428571429 0.5095975232198142 0.6166666666666667 0.5095975232198142 0.4857142857142857 0.5046439628482973 0.4666666666666667 0.4996904024767802 0.4488095238095238 0.49411764705882355 0.4380952380952381 0.4804953560371517 0.4380952380952381 
9 0.525077399380805 0.45714285714285713 0.5207430340557275 0.4666666666666667 0.5151702786377709 0.4869047619047619 0.5102167182662539 0.5142857142857142 0.5052631578947369 0.5535714285714286 0.5052631578947369 0.6154761904761905 0.5108359133126935 0.6273809523809524 0.5269349845201239 0.6273809523809524 0.5294117647058824 0.6261904761904762 0.5393188854489164 0.6166666666666667 0.5393188854489164 0.45714285714285713 0.525077399380805 0.45714285714285713 
10 0.544891640866873 0.45714285714285713 0.5399380804953561 0.46785714285714286 0.534984520123839 0.5428571428571428 0.534984520123839 0.5988095238095238 0.5399380804953561 0.6166666666666667 0.5405572755417957 0.6178571428571429 0.5622291021671827 0.6178571428571429 0.5634674922600619 0.6166666666666667 0.5640866873065016 0.6154761904761905 0.5640866873065016 0.5142857142857142 0.5591331269349845 0.47619047619047616 0.5541795665634675 0.4583333333333333 0.5529411764705883 0.45714285714285713 0.544891640866873 0.45714285714285713 
11 0.5715170278637771 0.4 0.5696594427244582 0.4023809523809524 0.5647058823529412 0.43214285714285716 0.5597523219814241 0.5523809523809524 0.5597523219814241 0.5976190476190476 0.5647058823529412 0.6178571428571429 0.5702786377708978 0.6273809523809524 0.5839009287925696 0.6273809523809524 0.5938080495356037 0.6083333333333333 0.5938080495356037 0.49166666666666664 0.5888544891640867 0.41904761904761906 0.5839009287925696 0.4011904761904762 0.58328173374613 0.4 0.5715170278637771 0.4 
12 0.595046439628483 0.42857142857142855 0.5944272445820433 0.4297619047619048 0.5894736842105263 0.4583333333333333 0.5894736842105263 0.5976190476190476 0.5944272445820433 0.6083333333333333 0.6173374613003096 0.6083333333333333 0.6185758513931888 0.6071428571428571 0.6185758513931888 0.5357142857142857 0.6136222910216719 0.4773809523809524 0.6086687306501548 0.42857142857142855 0.595046439628483 0.42857142857142855 
13 0.6142414860681115 0.42857142857142855 0.6043343653250774 0.4666666666666667 0.6043343653250774 0.4845238095238095 0.6092879256965944 0.5416666666666666 0.6142414860681115 0.5976190476190476 0.6191950464396285 0.6083333333333333 0.6222910216718266 0.6083333333333333 0.6334365325077399 0.6059523809523809 0.6421052631578947 0.5988095238095238 0.643343653250774 0.5964285714285714 0.643343653250774 0.580952380952381 0.638390092879257 0.4857142857142857 0.6334365325077399 0.44761904761904764 0.628482972136223 0.42857142857142855 0.6142414860681115 0.42857142857142855 
14 0.6501547987616099 0.4 0.6445820433436532 0.4095238095238095 0.6439628482972136 0.4107142857142857 0.6340557275541796 0.5142857142857142 0.6340557275541796 0.5761904761904761 0.6346749226006192 0.5797619047619048 0.6390092879256966 0.5892857142857143 0.6724458204334365 0.5892857142857143 0.6829721362229102 0.5702380952380952 0.6829721362229102 0.5428571428571428 0.6730650154798762 0.4595238095238095 0.6674922600619195 0.41904761904761906 0.6625386996904025 0.4095238095238095 0.6582043343653251 0.40476190476190477 0.6513931888544892 0.4 0.6501547987616099 0.4 
15 0.6637770897832818 0.4 0.6637770897832818 0.4642857142857143 0.6736842105263158 0.5511904761904762 0.6786377708978328 0.569047619047619 0.6804953560371517 0.5702380952380952 0.6978328173374613 0.5702380952380952 0.7126934984520124 0.5511904761904762 0.7226006191950465 0.5321428571428571 0.7226006191950465 0.5059523809523809 0.6879256965944273 0.4095238095238095 0.6823529411764706 0.4 0.6637770897832818 0.4 
18 0.6947368421052632 0.5619047619047619 0.6786377708978328 0.5714285714285714 0.6588235294117647 0.5845238095238096 0.6588235294117647 0.6071428571428571 0.6637770897832818 0.6369047619047619 0.6885448916408669 0.7023809523809523 0.6934984520123839 0.7130952380952381 0.6990712074303406 0.7226190476190476 0.7275541795665634 0.7226190476190476 0.7325077399380805 0.7130952380952381 0.7325077399380805 0.6773809523809524 0.7275541795665634 0.6476190476190476 0.7126934984520124 0.5726190476190476 0.7077399380804954 0.5619047619047619 0.6947368421052632 0.5619047619047619 
19 0.6445820433436532 0.580952380952381 0.6291021671826625 0.5904761904761905 0.6198142414860681 0.6011904761904762 0.614860681114551 0.6095238095238096 0.6142414860681115 0.611904761904762 0.6142414860681115 0.6261904761904762 0.6340557275541796 0.7119047619047619 0.6390092879256966 0.7321428571428571 0.6588235294117647 0.7702380952380953 0.6780185758513931 0.7702380952380953 0.6879256965944273 0.7488095238095238 0.6879256965944273 0.6952380952380952 0.6681114551083591 0.6 0.6582043343653251 0.580952380952381 0.6445820433436532 0.580952380952381 
20 0.6092879256965944 0.6095238095238096 0.6 0.6190476190476191 0.5944272445820433 0.6285714285714286 0.5944272445820433 0.6464285714285715 0.6092879256965944 0.7511904761904762 0.6142414860681115 0.7702380952380953 0.6241486068111455 0.7892857142857143 0.6334365325077399 0.7892857142857143 0.6334365325077399 0.6952380952380952 0.6328173374613003 0.6880952380952381 0.628482972136223 0.6392857142857142 0.6229102167182663 0.6190476190476191 0.6185758513931888 0.6130952380952381 0.6136222910216719 0.6095238095238096 0.6092879256965944 0.6095238095238096 
21 0.5795665634674922 0.6190476190476191 0.5696594427244582 0.6285714285714286 0.5696594427244582 0.6654761904761904 0.5845201238390093 0.7702380952380953 0.5894736842105263 0.7880952380952381 0.590092879256966 0.7892857142857143 0.5987616099071208 0.7892857142857143 0.6037151702786377 0.7702380952380953 0.6086687306501548 0.6845238095238095 0.6086687306501548 0.6678571428571428 0.6037151702786377 0.6190476190476191 0.5795665634674922 0.6190476190476191 
22 0.5554179566563467 0.6285714285714286 0.5504643962848297 0.638095238095238 0.5498452012383901 0.6416666666666667 0.5498452012383901 0.7130952380952381 0.5597523219814241 0.7702380952380953 0.5696594427244582 0.8083333333333333 0.5752321981424149 0.8178571428571428 0.5789473684210527 0.8178571428571428 0.5839009287925696 0.8083333333333333 0.5839009287925696 0.6857142857142857 0.5789473684210527 0.6285714285714286 0.5554179566563467 0.6285714285714286 
23 0.525077399380805 0.6285714285714286 0.525077399380805 0.7785714285714286 0.530030959752322 0.7988095238095239 0.5393188854489164 0.7988095238095239 0.5442724458204334 0.7880952380952381 0.5492260061919505 0.7416666666666667 0.5541795665634675 0.6833333333333333 0.5541795665634675 0.638095238095238 0.5492260061919505 0.6285714285714286 0.525077399380805 0.6285714285714286 
24 0.5052631578947369 0.6285714285714286 0.5052631578947369 0.7607142857142857 0.5102167182662539 0.7797619047619048 0.518266253869969 0.7797619047619048 0.5195046439628483 0.7785714285714286 0.5244582043343653 0.7595238095238095 0.5294117647058824 0.7095238095238096 0.5343653250773994 0.6357142857142857 0.5343653250773994 0.6285714285714286 0.5052631578947369 0.6285714285714286 
25 0.48173374613003095 0.6190476190476191 0.4804953560371517 0.6202380952380953 0.4804953560371517 0.6452380952380953 0.4854489164086687 0.7226190476190476 0.4904024767801858 0.7690476190476191 0.4953560371517028 0.7797619047619048 0.5046439628482973 0.7797619047619048 0.5145510835913313 0.6357142857142857 0.5145510835913313 0.6202380952380953 0.5139318885448917 0.6190476190476191 0.48173374613003095 0.6190476190476191 
26 0.4662538699690402 0.6190476190476191 0.46563467492260063 0.6202380952380953 0.46563467492260063 0.7595238095238095 0.47058823529411764 0.7785714285714286 0.4712074303405573 0.7797619047619048 0.4842105263157895 0.7797619047619048 0.4848297213622291 0.7785714285714286 0.4891640866873065 0.7607142857142857 0.48978328173374613 0.7571428571428571 0.48978328173374613 0.6202380952380953 0.4891640866873065 0.6190476190476191 0.4662538699690402 0.6190476190476191 
27 0.44148606811145513 0.6095238095238096 0.4408668730650155 0.6107142857142858 0.4359133126934985 0.6869047619047619 0.4359133126934985 0.7761904761904762 0.4408668730650155 0.7892857142857143 0.4544891640866873 0.7892857142857143 0.4551083591331269 0.7880952380952381 0.465015479876161 0.7226190476190476 0.469969040247678 0.6845238095238095 0.469969040247678 0.6107142857142858 0.46873065015479876 0.6095238095238096 0.44148606811145513 0.6095238095238096 
28 0.41609907120743034 0.6095238095238096 0.4117647058823529 0.6190476190476191 0.41114551083591333 0.6547619047619048 0.41114551083591333 0.7583333333333333 0.41671826625387 0.7797619047619048 0.43034055727554177 0.7797619047619048 0.43529411764705883 0.7595238095238095 0.4452012383900929 0.6654761904761904 0.4452012383900929 0.6214285714285714 0.44024767801857584 0.6107142857142858 0.43962848297213625 0.6095238095238096 0.41609907120743034 0.6095238095238096 
29 0.39195046439628484 0.6 0.3863777089783282 0.6107142857142858 0.3814241486068111 0.7083333333333334 0.3814241486068111 0.7702380952380953 0.3956656346749226 0.7702380952380953 0.4055727554179567 0.7511904761904762 0.4154798761609907 0.7 0.42043343653250775 0.6261904761904762 0.42043343653250775 0.6 0.39195046439628484 0.6 
30 0.3442724458204334 0.5714285714285714 0.34179566563467495 0.5726190476190476 0.3368421052631579 0.5904761904761905 0.3269349845201238 0.6952380952380952 0.3269349845201238 0.7130952380952381 0.3318885448916409 0.75 0.3368421052631579 0.7607142857142857 0.3504643962848297 0.7607142857142857 0.3609907120743034 0.7511904761904762 0.36594427244582045 0.7416666666666667 0.38080495356037153 0.7035714285714286 0.3907120743034056 0.675 0.4006191950464396 0.6083333333333333 0.4006191950464396 0.5904761904761905 0.39504643962848296 0.5821428571428572 0.3938080495356037 0.580952380952381 0.37585139318885447 0.5714285714285714 0.3442724458204334 0.5714285714285714 
31 0.30835913312693497 0.5428571428571428 0.29721362229102166 0.5523809523809524 0.29226006191950465 0.5619047619047619 0.2773993808049536 0.638095238095238 0.2773993808049536 0.7023809523809523 0.28297213622291023 0.7130952380952381 0.29226006191950465 0.7226190476190476 0.29659442724458207 0.7226190476190476 0.3015479876160991 0.7214285714285714 0.31145510835913315 0.7130952380952381 0.32136222910216716 0.6928571428571428 0.3263157894736842 0.675 0.3411764705882353 0.6178571428571429 0.3510835913312694 0.5785714285714286 0.3510835913312694 0.5619047619047619 0.3151702786377709 0.5428571428571428 0.30835913312693497 0.5428571428571428 