1 0.24396284829721362 0.3333333333333333 0.24272445820433436 0.3345238095238095 0.23281733746130032 0.3535714285714286 0.1938080495356037 0.44761904761904764 0.1931888544891641 0.45 0.1931888544891641 0.49404761904761907 0.19814241486068113 0.5035714285714286 0.20804953560371517 0.5214285714285715 0.21795665634674924 0.5321428571428571 0.23157894736842105 0.5321428571428571 0.2371517027863777 0.5226190476190476 0.24210526315789474 0.5119047619047619 0.24705882352941178 0.4928571428571429 0.2520123839009288 0.45476190476190476 0.25696594427244585 0.4142857142857143 0.25696594427244585 0.3333333333333333 0.24396284829721362 0.3333333333333333 
2 0.25882352941176473 0.3523809523809524 0.25758513931888544 0.3535714285714286 0.2532507739938081 0.3630952380952381 0.25263157894736843 0.36666666666666664 0.2476780185758514 0.4 0.23281733746130032 0.5059523809523809 0.23281733746130032 0.5416666666666666 0.23777089783281732 0.5702380952380952 0.28173374613003094 0.5702380952380952 0.286687306501548 0.5607142857142857 0.286687306501548 0.4773809523809524 0.27678018575851393 0.38095238095238093 0.2718266253869969 0.3619047619047619 0.26625386996904027 0.3523809523809524 0.25882352941176473 0.3523809523809524 
3 0.2786377708978328 0.38095238095238093 0.2773993808049536 0.3821428571428571 0.2773993808049536 0.4523809523809524 0.2823529411764706 0.5464285714285714 0.28297213622291023 0.55 0.2873065015479876 0.5595238095238095 0.29226006191950465 0.5702380952380952 0.33126934984520123 0.5702380952380952 0.3411764705882353 0.5607142857142857 0.3411764705882353 0.5095238095238095 0.33126934984520123 0.44761904761904764 0.31640866873065016 0.39285714285714285 0.3108359133126935 0.38095238095238093 0.2786377708978328 0.38095238095238093 
4 0.3281733746130031 0.37142857142857144 0.3269349845201238 0.3726190476190476 0.3269349845201238 0.4452380952380952 0.3318885448916409 0.513095238095238 0.3368421052631579 0.5607142857142857 0.34179566563467495 0.5702380952380952 0.35479876160990714 0.5702380952380952 0.37585139318885447 0.5607142857142857 0.37585139318885447 0.525 0.36594427244582045 0.4666666666666667 0.3609907120743034 0.4380952380952381 0.3560371517027864 0.41904761904761906 0.3461300309597523 0.3821428571428571 0.34055727554179566 0.37142857142857144 0.3281733746130031 0.37142857142857144 
5 0.36160990712074303 0.3523809523809524 0.3572755417956656 0.3619047619047619 0.356656346749226 0.36547619047619045 0.356656346749226 0.4142857142857143 0.3622291021671827 0.5035714285714286 0.36656346749226004 0.5321428571428571 0.3764705882352941 0.5511904761904762 0.39504643962848296 0.5511904761904762 0.40990712074303404 0.5416666666666666 0.4105263157894737 0.5392857142857143 0.4105263157894737 0.525 0.4055727554179567 0.4880952380952381 0.3907120743034056 0.38452380952380955 0.39009287925696595 0.38095238095238093 0.38575851393188854 0.3630952380952381 0.38080495356037153 0.3523809523809524 0.36160990712074303 0.3523809523809524 
6 0.41671826625387 0.3238095238095238 0.41114551083591333 0.3345238095238095 0.39628482972136225 0.4107142857142857 0.39628482972136225 0.4928571428571429 0.40123839009287926 0.5321428571428571 0.40619195046439627 0.5416666666666666 0.41114551083591333 0.55 0.41238390092879257 0.5511904761904762 0.42538699690402476 0.5511904761904762 0.44024767801857584 0.5226190476190476 0.4452012383900929 0.5119047619047619 0.4452012383900929 0.41904761904761906 0.44024767801857584 0.3547619047619048 0.43529411764705883 0.3357142857142857 0.43034055727554177 0.3238095238095238 0.41671826625387 0.3238095238095238 
7 0.4718266253869969 0.3333333333333333 0.46563467492260063 0.34285714285714286 0.46068111455108357 0.3523809523809524 0.45077399380804956 0.3904761904761905 0.4408668730650155 0.4392857142857143 0.4408668730650155 0.5214285714285715 0.44148606811145513 0.5226190476190476 0.4743034055727554 0.5226190476190476 0.47492260061919506 0.5214285714285715 0.47987616099071206 0.5023809523809524 0.4842105263157895 0.4083333333333333 0.4848297213622291 0.3607142857142857 0.4848297213622291 0.35833333333333334 0.4842105263157895 0.3523809523809524 0.47987616099071206 0.3333333333333333 0.4718266253869969 0.3333333333333333 
8 0.4953560371517028 0.3238095238095238 0.4904024767801858 0.34404761904761905 0.47058823529411764 0.49523809523809526 0.47058823529411764 0.5083333333333333 0.47554179566563465 0.5297619047619048 0.4761609907120743 0.5321428571428571 0.5089783281733746 0.5321428571428571 0.5145510835913313 0.5226190476190476 0.5195046439628483 0.42738095238095236 0.5195046439628483 0.4107142857142857 0.5145510835913313 0.34285714285714286 0.5089783281733746 0.3238095238095238 0.4953560371517028 0.3238095238095238 
9 0.5597523219814241 0.3238095238095238 0.5504643962848297 0.3333333333333333 0.544891640866873 0.34404761904761905 0.534984520123839 0.37142857142857144 0.530030959752322 0.39166666666666666 0.525077399380805 0.4142857142857143 0.5102167182662539 0.4869047619047619 0.5102167182662539 0.5107142857142857 0.5151702786377709 0.5321428571428571 0.5436532507739938 0.5321428571428571 0.5492260061919505 0.5226190476190476 0.5541795665634675 0.513095238095238 0.5690402476780185 0.3761904761904762 0.5690402476780185 0.3238095238095238 0.5597523219814241 0.3238095238095238 
10 0.5746130030959752 0.3523809523809524 0.5696594427244582 0.3619047619047619 0.5647058823529412 0.37857142857142856 0.5597523219814241 0.4 0.5547987616099072 0.4392857142857143 0.5547987616099072 0.530952380952381 0.5597523219814241 0.5511904761904762 0.58328173374613 0.5511904761904762 0.5882352941176471 0.5416666666666666 0.5888544891640867 0.5369047619047619 0.5888544891640867 0.4726190476190476 0.5839009287925696 0.3523809523809524 0.5746130030959752 0.3523809523809524 
11 0.6191950464396285 0.325 0.6099071207430341 0.34285714285714286 0.5894736842105263 0.42023809523809524 0.5845201238390093 0.4607142857142857 0.5845201238390093 0.513095238095238 0.5944272445820433 0.5511904761904762 0.5993808049535604 0.569047619047619 0.6006191950464397 0.5702380952380952 0.6105263157894737 0.5702380952380952 0.6136222910216719 0.569047619047619 0.6185758513931888 0.5595238095238095 0.6235294117647059 0.5416666666666666 0.628482972136223 0.5095238095238095 0.628482972136223 0.3345238095238095 0.6235294117647059 0.325 0.6191950464396285 0.325 
12 0.6445820433436532 0.37142857142857144 0.6390092879256966 0.38095238095238093 0.6241486068111455 0.4095238095238095 0.6142414860681115 0.5345238095238095 0.6142414860681115 0.5678571428571428 0.614860681114551 0.5702380952380952 0.6340557275541796 0.5880952380952381 0.6371517027863777 0.5892857142857143 0.6421052631578947 0.5892857142857143 0.643343653250774 0.5880952380952381 0.648297213622291 0.5785714285714286 0.6631578947368421 0.45595238095238094 0.6631578947368421 0.3904761904761905 0.6582043343653251 0.38095238095238093 0.6526315789473685 0.37142857142857144 0.6445820433436532 0.37142857142857144 
13 0.6736842105263158 0.3904761904761905 0.6687306501547987 0.4011904761904762 0.6588235294117647 0.42857142857142855 0.6538699690402476 0.44761904761904764 0.6439628482972136 0.49523809523809526 0.6439628482972136 0.5773809523809523 0.6458204334365325 0.5797619047619048 0.6693498452012384 0.5988095238095238 0.6780185758513931 0.5988095238095238 0.6823529411764706 0.5892857142857143 0.6879256965944273 0.5702380952380952 0.6978328173374613 0.4511904761904762 0.6978328173374613 0.39404761904761904 0.6972136222910217 0.3904761904761905 0.6736842105263158 0.3904761904761905 
14 0.713312693498452 0.4 0.698452012383901 0.42857142857142855 0.6934984520123839 0.44166666666666665 0.6885448916408669 0.45714285714285713 0.6835913312693499 0.4857142857142857 0.6786377708978328 0.5630952380952381 0.6786377708978328 0.5892857142857143 0.7046439628482972 0.6083333333333333 0.7170278637770898 0.6083333333333333 0.7226006191950465 0.5988095238095238 0.7275541795665634 0.5702380952380952 0.7325077399380805 0.4928571428571429 0.7325077399380805 0.41904761904761906 0.7275541795665634 0.4 0.713312693498452 0.4 
15 0.7436532507739938 0.4 0.7380804953560371 0.4095238095238095 0.7331269349845201 0.4297619047619048 0.7281733746130031 0.46785714285714286 0.718266253869969 0.5630952380952381 0.718266253869969 0.5892857142857143 0.7281733746130031 0.6083333333333333 0.74984520123839 0.6083333333333333 0.7622291021671826 0.5988095238095238 0.7671826625386997 0.5880952380952381 0.7671826625386997 0.4226190476190476 0.76656346749226 0.41904761904761906 0.7622291021671826 0.4011904761904762 0.7616099071207431 0.4 0.7436532507739938 0.4 
16 0.7770897832817337 0.4 0.7727554179566564 0.4011904761904762 0.7678018575851393 0.4095238095238095 0.7628482972136222 0.44761904761904764 0.7628482972136222 0.5547619047619048 0.7634674922600619 0.5607142857142857 0.7727554179566564 0.5797619047619048 0.7777089783281734 0.5892857142857143 0.7919504643962848 0.5892857142857143 0.8068111455108359 0.5702380952380952 0.8117647058823529 0.5595238095238095 0.8117647058823529 0.5178571428571429 0.8018575851393189 0.4583333333333333 0.7969040247678019 0.430952380952381 0.7962848297213623 0.42857142857142855 0.7919504643962848 0.41904761904761906 0.7869969040247679 0.4107142857142857 0.7820433436532508 0.4035714285714286 0.7801857585139319 0.4011904761904762 0.7770897832817337 0.4 
18 0.7640866873065015 0.580952380952381 0.7486068111455109 0.5904761904761905 0.7337461300309598 0.6 0.7331269349845201 0.6023809523809524 0.7331269349845201 0.6369047619047619 0.7380804953560371 0.655952380952381 0.7578947368421053 0.7297619047619047 0.7634674922600619 0.7416666666666667 0.7739938080495357 0.7511904761904762 0.7969040247678019 0.7511904761904762 0.8068111455108359 0.7309523809523809 0.8068111455108359 0.6952380952380952 0.7913312693498452 0.6 0.7869969040247679 0.580952380952381 0.7640866873065015 0.580952380952381 
21 0.6099071207430341 0.5523809523809524 0.5993808049535604 0.5630952380952381 0.5993808049535604 0.6178571428571429 0.6043343653250774 0.7380952380952381 0.604953560371517 0.7416666666666667 0.6229102167182663 0.7416666666666667 0.6235294117647059 0.7404761904761905 0.6278637770897832 0.7226190476190476 0.628482972136223 0.719047619047619 0.6427244582043343 0.6083333333333333 0.643343653250774 0.5976190476190476 0.643343653250774 0.580952380952381 0.638390092879257 0.5714285714285714 0.6328173374613003 0.5619047619047619 0.6179566563467492 0.5523809523809524 0.6099071207430341 0.5523809523809524 
22 0.5795665634674922 0.5333333333333333 0.5746130030959752 0.544047619047619 0.5696594427244582 0.555952380952381 0.5696594427244582 0.7607142857142857 0.5882352941176471 0.7607142857142857 0.5888544891640867 0.7595238095238095 0.5938080495356037 0.7404761904761905 0.6037151702786377 0.6464285714285715 0.6037151702786377 0.5428571428571428 0.5981424148606811 0.5333333333333333 0.5795665634674922 0.5333333333333333 
23 0.5405572755417957 0.5333333333333333 0.5399380804953561 0.5369047619047619 0.5399380804953561 0.625 0.544891640866873 0.680952380952381 0.5498452012383901 0.7214285714285714 0.5547987616099072 0.7321428571428571 0.5678018575851393 0.7321428571428571 0.5690402476780185 0.7309523809523809 0.5690402476780185 0.5428571428571428 0.5640866873065016 0.5333333333333333 0.5405572755417957 0.5333333333333333 
24 0.5170278637770898 0.5238095238095238 0.5157894736842106 0.525 0.5151702786377709 0.5261904761904762 0.5151702786377709 0.6142857142857143 0.525077399380805 0.7119047619047619 0.5256965944272446 0.7130952380952381 0.5393188854489164 0.7130952380952381 0.5442724458204334 0.6642857142857143 0.5442724458204334 0.5333333333333333 0.5386996904024768 0.5238095238095238 0.5170278637770898 0.5238095238095238 
25 0.48606811145510836 0.5238095238095238 0.4854489164086687 0.5273809523809524 0.4854489164086687 0.5821428571428572 0.4953560371517028 0.7119047619047619 0.5003095975232198 0.7226190476190476 0.5095975232198142 0.7226190476190476 0.5145510835913313 0.7130952380952381 0.5195046439628483 0.5988095238095238 0.5195046439628483 0.544047619047619 0.5145510835913313 0.525 0.5139318885448917 0.5238095238095238 0.48606811145510836 0.5238095238095238 
26 0.4662538699690402 0.5238095238095238 0.46068111455108357 0.5345238095238095 0.46068111455108357 0.655952380952381 0.47058823529411764 0.7107142857142857 0.4712074303405573 0.7119047619047619 0.47306501547987617 0.7130952380952381 0.4848297213622291 0.7130952380952381 0.48978328173374613 0.694047619047619 0.49473684210526314 0.6047619047619047 0.49473684210526314 0.5821428571428572 0.48978328173374613 0.5238095238095238 0.4662538699690402 0.5238095238095238 
27 0.426625386996904 0.5238095238095238 0.4260061919504644 0.525 0.42105263157894735 0.5452380952380952 0.42105263157894735 0.675 0.4359133126934985 0.7511904761904762 0.4408668730650155 0.7690476190476191 0.44272445820433437 0.7702380952380953 0.465015479876161 0.7702380952380953 0.465015479876161 0.5821428571428572 0.460061919504644 0.5642857142857143 0.44458204334365325 0.5238095238095238 0.426625386996904 0.5238095238095238 
28 0.40619195046439627 0.5238095238095238 0.39195046439628484 0.5333333333333333 0.3863777089783282 0.5428571428571428 0.38204334365325077 0.5523809523809524 0.3814241486068111 0.5547619047619048 0.3814241486068111 0.5988095238095238 0.3863777089783282 0.6547619047619048 0.3913312693498452 0.7035714285714286 0.39628482972136225 0.7226190476190476 0.40619195046439627 0.7416666666666667 0.42043343653250775 0.7416666666666667 0.42538699690402476 0.7130952380952381 0.42538699690402476 0.5428571428571428 0.4105263157894737 0.5238095238095238 0.40619195046439627 0.5238095238095238 
29 0.3715170278637771 0.5333333333333333 0.3523219814241486 0.5523809523809524 0.35170278637770896 0.5535714285714286 0.35170278637770896 0.6797619047619048 0.356656346749226 0.7392857142857143 0.3572755417956656 0.7416666666666667 0.3622291021671827 0.7511904761904762 0.37585139318885447 0.7511904761904762 0.38080495356037153 0.7404761904761905 0.38575851393188854 0.7202380952380952 0.3907120743034056 0.6833333333333333 0.3907120743034056 0.5428571428571428 0.3801857585139319 0.5333333333333333 0.3715170278637771 0.5333333333333333 
30 0.32755417956656346 0.5523809523809524 0.30030959752321984 0.5619047619047619 0.29721362229102166 0.5630952380952381 0.29721362229102166 0.7392857142857143 0.29845201238390096 0.7416666666666667 0.3058823529411765 0.7416666666666667 0.33622291021671824 0.7226190476190476 0.3411764705882353 0.7130952380952381 0.3455108359133127 0.7035714285714286 0.3510835913312694 0.6833333333333333 0.3560371517027864 0.6345238095238095 0.3560371517027864 0.5642857142857143 0.35541795665634673 0.5619047619047619 0.3461300309597523 0.5535714285714286 0.3442724458204334 0.5523809523809524 0.32755417956656346 0.5523809523809524 
31 0.25758513931888544 0.5523809523809524 0.24272445820433436 0.5619047619047619 0.23777089783281732 0.580952380952381 0.23281733746130032 0.6952380952380952 0.23281733746130032 0.7285714285714285 0.23343653250773994 0.7321428571428571 0.23839009287925697 0.7511904761904762 0.2693498452012384 0.7702380952380953 0.2804953560371517 0.7702380952380953 0.28173374613003094 0.7690476190476191 0.286687306501548 0.75 0.291640866873065 0.719047619047619 0.3015479876160991 0.6273809523809524 0.3015479876160991 0.5619047619047619 0.29659442724458207 0.5535714285714286 0.2934984520123839 0.5523809523809524 0.25758513931888544 0.5523809523809524 
32 0.18885448916408668 0.5523809523809524 0.18390092879256967 0.5619047619047619 0.18328173374613002 0.5666666666666667 0.18328173374613002 0.6071428571428571 0.18823529411764706 0.6928571428571428 0.18885448916408668 0.7 0.1938080495356037 0.7119047619047619 0.19938080495356036 0.7226190476190476 0.221671826625387 0.7226190476190476 0.23219814241486067 0.6904761904761905 0.24210526315789474 0.6273809523809524 0.24210526315789474 0.5630952380952381 0.2371517027863777 0.5523809523809524 0.18885448916408668 0.5523809523809524 