1 0.31207430340557274 0.3523809523809524 0.29907120743034055 0.3619047619047619 0.2978328173374613 0.3630952380952381 0.29226006191950465 0.3726190476190476 0.28792569659442724 0.38095238095238093 0.2873065015479876 0.38333333333333336 0.2873065015479876 0.40595238095238095 0.29721362229102166 0.44642857142857145 0.3021671826625387 0.45595238095238094 0.3108359133126935 0.45595238095238094 0.32136222910216716 0.44642857142857145 0.3411764705882353 0.4083333333333333 0.3411764705882353 0.3738095238095238 0.34055727554179566 0.37142857142857144 0.33126934984520123 0.3523809523809524 0.31207430340557274 0.3523809523809524 
2 0.34179566563467495 0.38095238095238093 0.3021671826625387 0.45714285714285713 0.2978328173374613 0.4666666666666667 0.29721362229102166 0.46904761904761905 0.29721362229102166 0.5107142857142857 0.30712074303405573 0.5321428571428571 0.31207430340557274 0.5404761904761904 0.32321981424148605 0.5511904761904762 0.334984520123839 0.5511904761904762 0.33622291021671824 0.55 0.3411764705882353 0.5404761904761904 0.36594427244582045 0.44642857142857145 0.36594427244582045 0.4023809523809524 0.35541795665634673 0.38095238095238093 0.34179566563467495 0.38095238095238093 
3 0.3622291021671827 0.42857142857142855 0.356656346749226 0.4380952380952381 0.35170278637770896 0.44761904761904764 0.34179566563467495 0.4857142857142857 0.3368421052631579 0.5071428571428571 0.3318885448916409 0.5345238095238095 0.3318885448916409 0.5773809523809523 0.33250773993808047 0.5797619047619048 0.33746130030959753 0.5892857142857143 0.3572755417956656 0.6083333333333333 0.3696594427244582 0.6083333333333333 0.37585139318885447 0.5988095238095238 0.3851393188854489 0.5797619047619048 0.38575851393188854 0.5773809523809523 0.38575851393188854 0.44761904761904764 0.38080495356037153 0.4297619047619048 0.37894736842105264 0.42857142857142855 0.3622291021671827 0.42857142857142855 
4 0.38699690402476783 0.42857142857142855 0.3814241486068111 0.4488095238095238 0.3715170278637771 0.5821428571428572 0.3715170278637771 0.6083333333333333 0.3764705882352941 0.6178571428571429 0.3956656346749226 0.6178571428571429 0.40495356037151703 0.5988095238095238 0.4055727554179567 0.5964285714285714 0.40990712074303404 0.5702380952380952 0.4105263157894737 0.5654761904761905 0.4105263157894737 0.5571428571428572 0.4055727554179567 0.4380952380952381 0.4006191950464396 0.42857142857142855 0.38699690402476783 0.42857142857142855 
5 0.41114551083591333 0.4380952380952381 0.4068111455108359 0.45714285714285713 0.40619195046439627 0.46190476190476193 0.40123839009287926 0.5166666666666667 0.39628482972136225 0.5916666666666667 0.39628482972136225 0.6071428571428571 0.40123839009287926 0.6273809523809524 0.40619195046439627 0.6357142857142857 0.40743034055727556 0.6369047619047619 0.4154798761609907 0.6369047619047619 0.4297213622291022 0.6273809523809524 0.43529411764705883 0.6178571428571429 0.44024767801857584 0.5952380952380952 0.44024767801857584 0.5714285714285714 0.43529411764705883 0.47619047619047616 0.43034055727554177 0.4488095238095238 0.4247678018575851 0.4380952380952381 0.41114551083591333 0.4380952380952381 
6 0.43653250773993807 0.4 0.4309597523219814 0.4297619047619048 0.4309597523219814 0.6333333333333333 0.4408668730650155 0.6464285714285715 0.4501547987616099 0.6464285714285715 0.4551083591331269 0.6369047619047619 0.460061919504644 0.6178571428571429 0.460061919504644 0.5238095238095238 0.4551083591331269 0.4380952380952381 0.4501547987616099 0.4011904761904762 0.44891640866873067 0.4 0.43653250773993807 0.4 
7 0.45572755417956656 0.44761904761904764 0.45572755417956656 0.6321428571428571 0.4563467492260062 0.6345238095238095 0.4582043343653251 0.6369047619047619 0.4842105263157895 0.6369047619047619 0.4848297213622291 0.6357142857142857 0.4848297213622291 0.5714285714285714 0.47987616099071206 0.4773809523809524 0.47492260061919506 0.45714285714285713 0.469969040247678 0.45 0.4674922600619195 0.44761904761904764 0.45572755417956656 0.44761904761904764 
8 0.4761609907120743 0.44761904761904764 0.47554179566563465 0.45 0.47554179566563465 0.5785714285714286 0.4804953560371517 0.6452380952380953 0.48173374613003095 0.6464285714285715 0.5145510835913313 0.6464285714285715 0.5145510835913313 0.575 0.5046439628482973 0.4857142857142857 0.4996904024767802 0.4583333333333333 0.49473684210526314 0.44761904761904764 0.4761609907120743 0.44761904761904764 
9 0.5157894736842106 0.44761904761904764 0.5151702786377709 0.4488095238095238 0.5102167182662539 0.4666666666666667 0.5052631578947369 0.4857142857142857 0.5052631578947369 0.5797619047619048 0.5102167182662539 0.6452380952380953 0.5108359133126935 0.6464285714285715 0.5430340557275541 0.6464285714285715 0.5442724458204334 0.6452380952380953 0.5442724458204334 0.5833333333333334 0.5343653250773994 0.47619047619047616 0.5294117647058824 0.4583333333333333 0.5238390092879257 0.44761904761904764 0.5157894736842106 0.44761904761904764 
10 0.530030959752322 0.45714285714285713 0.5256965944272446 0.46785714285714286 0.525077399380805 0.48095238095238096 0.525077399380805 0.48333333333333334 0.530030959752322 0.5404761904761904 0.5399380804953561 0.6357142857142857 0.5504643962848297 0.6464285714285715 0.5640866873065016 0.6464285714285715 0.5739938080495356 0.6273809523809524 0.5739938080495356 0.5928571428571429 0.5492260061919505 0.46785714285714286 0.5442724458204334 0.45714285714285713 0.530030959752322 0.45714285714285713 
11 0.5609907120743034 0.3904761904761905 0.5603715170278638 0.39285714285714285 0.5597523219814241 0.3964285714285714 0.5547987616099072 0.4297619047619048 0.5547987616099072 0.5488095238095239 0.5603715170278638 0.5797619047619048 0.5702786377708978 0.6273809523809524 0.5839009287925696 0.6273809523809524 0.5888544891640867 0.6083333333333333 0.5888544891640867 0.4880952380952381 0.5839009287925696 0.4011904761904762 0.5789473684210527 0.3904761904761905 0.5609907120743034 0.3904761904761905 
12 0.5851393188854489 0.4380952380952381 0.5845201238390093 0.4392857142857143 0.5795665634674922 0.45714285714285713 0.5746130030959752 0.6202380952380953 0.5746130030959752 0.6273809523809524 0.5795665634674922 0.6357142857142857 0.5845201238390093 0.6369047619047619 0.6136222910216719 0.6369047619047619 0.6136222910216719 0.5642857142857143 0.6037151702786377 0.44761904761904764 0.5981424148606811 0.4380952380952381 0.5851393188854489 0.4380952380952381 
13 0.6043343653250774 0.42857142857142855 0.6 0.4380952380952381 0.5993808049535604 0.44166666666666665 0.5993808049535604 0.5202380952380953 0.6043343653250774 0.5702380952380952 0.6092879256965944 0.6178571428571429 0.638390092879257 0.6178571428571429 0.643343653250774 0.6083333333333333 0.643343653250774 0.5738095238095238 0.6185758513931888 0.42857142857142855 0.6043343653250774 0.42857142857142855 
14 0.6297213622291021 0.42857142857142855 0.6291021671826625 0.4297619047619048 0.6241486068111455 0.4488095238095238 0.6241486068111455 0.5119047619047619 0.6291021671826625 0.5583333333333333 0.6390092879256966 0.5988095238095238 0.6445820433436532 0.6083333333333333 0.6582043343653251 0.6083333333333333 0.6780185758513931 0.5880952380952381 0.6780185758513931 0.5345238095238095 0.6582043343653251 0.42857142857142855 0.6297213622291021 0.42857142857142855 
15 0.6551083591331269 0.4 0.6538699690402476 0.4011904761904762 0.6495356037151703 0.4095238095238095 0.6489164086687307 0.4119047619047619 0.6489164086687307 0.4369047619047619 0.6588235294117647 0.49404761904761907 0.6687306501547987 0.5321428571428571 0.6736842105263158 0.5476190476190477 0.6749226006191951 0.5511904761904762 0.6792569659442724 0.5607142857142857 0.7027863777089783 0.5607142857142857 0.7176470588235294 0.530952380952381 0.7176470588235294 0.4773809523809524 0.6879256965944273 0.4095238095238095 0.6823529411764706 0.4 0.6551083591331269 0.4 
16 0.6941176470588235 0.3523809523809524 0.6736842105263158 0.3904761904761905 0.6736842105263158 0.40595238095238095 0.6743034055727554 0.4083333333333333 0.6835913312693499 0.42738095238095236 0.6934984520123839 0.44642857142857145 0.7040247678018576 0.45595238095238094 0.7071207430340557 0.45595238095238094 0.7226006191950465 0.44642857142857145 0.7275541795665634 0.4166666666666667 0.7275541795665634 0.38333333333333336 0.7226006191950465 0.37142857142857144 0.7126934984520124 0.3523809523809524 0.6941176470588235 0.3523809523809524 
17 0.7281733746130031 0.5619047619047619 0.718266253869969 0.5904761904761905 0.708359133126935 0.6202380952380953 0.708359133126935 0.6452380952380953 0.713312693498452 0.6642857142857143 0.718266253869969 0.675 0.7281733746130031 0.6845238095238095 0.7523219814241486 0.6845238095238095 0.7622291021671826 0.6547619047619048 0.7622291021671826 0.580952380952381 0.7517027863777089 0.5619047619047619 0.7281733746130031 0.5619047619047619 
18 0.6947368421052632 0.5714285714285714 0.6637770897832818 0.5904761904761905 0.6588235294117647 0.6 0.6588235294117647 0.6369047619047619 0.6786377708978328 0.7202380952380952 0.6835913312693499 0.7404761904761905 0.6891640866873066 0.7511904761904762 0.7021671826625387 0.7511904761904762 0.7219814241486068 0.7321428571428571 0.7226006191950465 0.7297619047619047 0.7226006191950465 0.6857142857142857 0.7176470588235294 0.6107142857142858 0.7120743034055728 0.5904761904761905 0.7077399380804954 0.580952380952381 0.7027863777089783 0.5714285714285714 0.6947368421052632 0.5714285714285714 
19 0.6390092879256966 0.6 0.6191950464396285 0.6095238095238096 0.6142414860681115 0.6190476190476191 0.6142414860681115 0.6642857142857143 0.6291021671826625 0.7416666666666667 0.6346749226006192 0.7607142857142857 0.6445820433436532 0.7892857142857143 0.6495356037151703 0.7988095238095239 0.6625386996904025 0.7988095238095239 0.6829721362229102 0.7785714285714286 0.6829721362229102 0.7047619047619048 0.6681114551083591 0.6285714285714286 0.6631578947368421 0.6107142857142858 0.6575851393188854 0.6 0.6390092879256966 0.6 
20 0.595046439628483 0.6285714285714286 0.5845201238390093 0.6476190476190476 0.5845201238390093 0.7023809523809523 0.5944272445820433 0.7416666666666667 0.6043343653250774 0.7797619047619048 0.6099071207430341 0.7988095238095239 0.6191950464396285 0.8166666666666667 0.6204334365325077 0.8178571428571428 0.6278637770897832 0.8178571428571428 0.6334365325077399 0.8083333333333333 0.6334365325077399 0.7714285714285715 0.628482972136223 0.7083333333333334 0.6235294117647059 0.6571428571428571 0.6179566563467492 0.638095238095238 0.6086687306501548 0.6297619047619047 0.6068111455108359 0.6285714285714286 0.595046439628483 0.6285714285714286 
21 0.5653250773993808 0.638095238095238 0.5597523219814241 0.6488095238095238 0.5547987616099072 0.6678571428571428 0.5547987616099072 0.7023809523809523 0.5647058823529412 0.7702380952380953 0.5696594427244582 0.7988095238095239 0.5795665634674922 0.8357142857142857 0.5801857585139318 0.8369047619047619 0.5931888544891641 0.8369047619047619 0.5938080495356037 0.8357142857142857 0.5938080495356037 0.6964285714285714 0.5888544891640867 0.6488095238095238 0.5739938080495356 0.638095238095238 0.5653250773993808 0.638095238095238 
22 0.544891640866873 0.6476190476190476 0.534984520123839 0.6571428571428571 0.534984520123839 0.7511904761904762 0.544891640866873 0.8642857142857143 0.5455108359133127 0.8654761904761905 0.5578947368421052 0.8654761904761905 0.5591331269349845 0.8642857142857143 0.5640866873065016 0.8547619047619047 0.5640866873065016 0.6976190476190476 0.5591331269349845 0.6666666666666666 0.5541795665634675 0.6476190476190476 0.544891640866873 0.6476190476190476 
23 0.5207430340557275 0.6571428571428571 0.5201238390092879 0.6583333333333333 0.5102167182662539 0.7738095238095238 0.5102167182662539 0.8083333333333333 0.5151702786377709 0.8178571428571428 0.5195046439628483 0.8178571428571428 0.5294117647058824 0.7988095238095239 0.5337461300309597 0.7892857142857143 0.5393188854489164 0.7690476190476191 0.5393188854489164 0.6571428571428571 0.5207430340557275 0.6571428571428571 
24 0.5058823529411764 0.6476190476190476 0.5003095975232198 0.6571428571428571 0.5003095975232198 0.7773809523809524 0.5052631578947369 0.8083333333333333 0.5145510835913313 0.8083333333333333 0.5195046439628483 0.7797619047619048 0.5244582043343653 0.7297619047619047 0.5244582043343653 0.6595238095238095 0.5195046439628483 0.6488095238095238 0.5188854489164086 0.6476190476190476 0.5058823529411764 0.6476190476190476 
25 0.4854489164086687 0.6571428571428571 0.4854489164086687 0.7321428571428571 0.4904024767801858 0.7976190476190477 0.491640866873065 0.7988095238095239 0.5003095975232198 0.7988095238095239 0.503405572755418 0.7952380952380952 0.5046439628482973 0.7916666666666666 0.5046439628482973 0.6607142857142857 0.5040247678018576 0.6571428571428571 0.4854489164086687 0.6571428571428571 
26 0.47058823529411764 0.6571428571428571 0.46563467492260063 0.6773809523809524 0.46563467492260063 0.7357142857142858 0.47058823529411764 0.7785714285714286 0.47554179566563465 0.8083333333333333 0.4804953560371517 0.8178571428571428 0.48978328173374613 0.8178571428571428 0.49473684210526314 0.8083333333333333 0.49473684210526314 0.7238095238095238 0.48978328173374613 0.6619047619047619 0.4891640866873065 0.6571428571428571 0.47058823529411764 0.6571428571428571 
27 0.4569659442724458 0.638095238095238 0.45572755417956656 0.6392857142857142 0.45077399380804956 0.6476190476190476 0.4458204334365325 0.6583333333333333 0.44148606811145513 0.6952380952380952 0.4408668730650155 0.7023809523809523 0.4408668730650155 0.7202380952380952 0.4458204334365325 0.8273809523809523 0.45077399380804956 0.8464285714285714 0.465015479876161 0.8464285714285714 0.469969040247678 0.8369047619047619 0.47492260061919506 0.6845238095238095 0.47492260061919506 0.6678571428571428 0.469969040247678 0.6476190476190476 0.465015479876161 0.6392857142857142 0.4631578947368421 0.638095238095238 0.4569659442724458 0.638095238095238 
28 0.426625386996904 0.638095238095238 0.42105263157894735 0.6476190476190476 0.41671826625387 0.6571428571428571 0.41609907120743034 0.6595238095238095 0.41609907120743034 0.7214285714285714 0.42105263157894735 0.8178571428571428 0.4260061919504644 0.8261904761904761 0.4278637770897833 0.8273809523809523 0.43529411764705883 0.8273809523809523 0.44024767801857584 0.8071428571428572 0.4452012383900929 0.775 0.4501547987616099 0.7023809523809523 0.4501547987616099 0.6476190476190476 0.4452012383900929 0.638095238095238 0.426625386996904 0.638095238095238 
29 0.4018575851393189 0.6285714285714286 0.39195046439628484 0.638095238095238 0.3863777089783282 0.6476190476190476 0.3814241486068111 0.7345238095238096 0.3814241486068111 0.8071428571428572 0.3863777089783282 0.8178571428571428 0.39009287925696595 0.8178571428571428 0.3956656346749226 0.8083333333333333 0.4006191950464396 0.7964285714285714 0.42043343653250775 0.7130952380952381 0.42538699690402476 0.6642857142857143 0.42538699690402476 0.65 0.4247678018575851 0.6476190476190476 0.4148606811145511 0.6285714285714286 0.4018575851393189 0.6285714285714286 
30 0.34674922600619196 0.6095238095238096 0.34179566563467495 0.6214285714285714 0.3269349845201238 0.7476190476190476 0.3269349845201238 0.7666666666666667 0.32755417956656346 0.7702380952380953 0.3318885448916409 0.7797619047619048 0.35294117647058826 0.7988095238095239 0.3609907120743034 0.7988095238095239 0.37089783281733746 0.7797619047619048 0.3907120743034056 0.7023809523809523 0.4006191950464396 0.6464285714285715 0.4006191950464396 0.638095238095238 0.3956656346749226 0.6202380952380953 0.39504643962848296 0.6190476190476191 0.37089783281733746 0.6095238095238096 0.34674922600619196 0.6095238095238096 
31 0.3139318885448916 0.5714285714285714 0.31207430340557274 0.5726190476190476 0.3027863777089783 0.580952380952381 0.29721362229102166 0.5916666666666667 0.2873065015479876 0.6880952380952381 0.2873065015479876 0.719047619047619 0.28792569659442724 0.7226190476190476 0.29287925696594425 0.7416666666666667 0.3089783281733746 0.7511904761904762 0.32136222910216716 0.7511904761904762 0.3263157894736842 0.7404761904761905 0.33622291021671824 0.7035714285714286 0.3461300309597523 0.6654761904761904 0.3510835913312694 0.6238095238095238 0.3510835913312694 0.6 0.3461300309597523 0.5916666666666667 0.3448916408668731 0.5904761904761905 0.3201238390092879 0.5714285714285714 0.3139318885448916 0.5714285714285714 
32 0.26811145510835915 0.5714285714285714 0.25758513931888544 0.5904761904761905 0.25263157894736843 0.6095238095238096 0.248297213622291 0.6285714285714286 0.2476780185758514 0.6321428571428571 0.248297213622291 0.6369047619047619 0.2625386996904025 0.6845238095238095 0.26811145510835915 0.694047619047619 0.28606811145510835 0.694047619047619 0.3015479876160991 0.6654761904761904 0.3015479876160991 0.6095238095238096 0.29102167182662536 0.5845238095238096 0.2897832817337461 0.5821428571428572 0.28173374613003094 0.5714285714285714 0.26811145510835915 0.5714285714285714 