1 0.2724458204334365 0.44761904761904764 0.2674922600619195 0.45714285714285713 0.25263157894736843 0.5345238095238095 0.25263157894736843 0.5416666666666666 0.25758513931888544 0.5857142857142857 0.2582043343653251 0.5892857142857143 0.2625386996904025 0.5988095238095238 0.2953560371517028 0.5988095238095238 0.29659442724458207 0.5976190476190476 0.3015479876160991 0.5880952380952381 0.3015479876160991 0.49523809523809526 0.29659442724458207 0.45714285714285713 0.28173374613003094 0.44761904761904764 0.2724458204334365 0.44761904761904764 
2 0.3021671826625387 0.4380952380952381 0.29226006191950465 0.44761904761904764 0.28792569659442724 0.45714285714285713 0.2873065015479876 0.4595238095238095 0.2873065015479876 0.46190476190476193 0.29721362229102166 0.5583333333333333 0.3027863777089783 0.5892857142857143 0.31207430340557274 0.6083333333333333 0.3411764705882353 0.6083333333333333 0.3461300309597523 0.5976190476190476 0.3461300309597523 0.5166666666666667 0.3411764705882353 0.4857142857142857 0.33622291021671824 0.46785714285714286 0.3263157894736842 0.44761904761904764 0.3157894736842105 0.4380952380952381 0.3021671826625387 0.4380952380952381 
4 0.36656346749226004 0.3904761904761905 0.36160990712074303 0.4011904761904762 0.36160990712074303 0.5 0.36656346749226004 0.5988095238095238 0.3721362229102167 0.6083333333333333 0.3894736842105263 0.6083333333333333 0.4055727554179567 0.5988095238095238 0.4055727554179567 0.525 0.3956656346749226 0.41904761904761906 0.38080495356037153 0.3904761904761905 0.36656346749226004 0.3904761904761905 
5 0.3876160990712074 0.37142857142857144 0.3863777089783282 0.3726190476190476 0.3863777089783282 0.42738095238095236 0.39628482972136225 0.5952380952380952 0.39690402476780184 0.5976190476190476 0.4024767801857585 0.6083333333333333 0.4105263157894737 0.6083333333333333 0.43034055727554177 0.5892857142857143 0.43034055727554177 0.5428571428571428 0.42538699690402476 0.49523809523809526 0.4105263157894737 0.3904761904761905 0.4006191950464396 0.37142857142857144 0.3876160990712074 0.37142857142857144 
6 0.40619195046439627 0.3523809523809524 0.40123839009287926 0.3619047619047619 0.40123839009287926 0.3976190476190476 0.42105263157894735 0.5892857142857143 0.4260061919504644 0.5988095238095238 0.4346749226006192 0.5988095238095238 0.44024767801857584 0.5892857142857143 0.4452012383900929 0.5797619047619048 0.4501547987616099 0.569047619047619 0.4501547987616099 0.49642857142857144 0.44891640866873067 0.4857142857142857 0.44024767801857584 0.41904761904761906 0.42538699690402476 0.3619047619047619 0.41919504643962846 0.3523809523809524 0.40619195046439627 0.3523809523809524 
7 0.44643962848297214 0.37142857142857144 0.4408668730650155 0.38095238095238093 0.4408668730650155 0.5 0.4458204334365325 0.5880952380952381 0.44643962848297214 0.5892857142857143 0.460061919504644 0.5892857142857143 0.4693498452012384 0.5797619047619048 0.469969040247678 0.5785714285714286 0.469969040247678 0.46904761904761905 0.465015479876161 0.42857142857142855 0.460061919504644 0.39166666666666666 0.4551083591331269 0.37142857142857144 0.44643962848297214 0.37142857142857144 
8 0.47554179566563465 0.3619047619047619 0.47058823529411764 0.3726190476190476 0.46563467492260063 0.39285714285714285 0.46563467492260063 0.5797619047619048 0.5040247678018576 0.5797619047619048 0.5046439628482973 0.5785714285714286 0.5046439628482973 0.4880952380952381 0.4996904024767802 0.4107142857142857 0.49473684210526314 0.38095238095238093 0.48978328173374613 0.3619047619047619 0.47554179566563465 0.3619047619047619 
9 0.5201238390092879 0.3619047619047619 0.5102167182662539 0.38095238095238093 0.5052631578947369 0.4261904761904762 0.5003095975232198 0.4857142857142857 0.5003095975232198 0.5797619047619048 0.5294117647058824 0.5797619047619048 0.5343653250773994 0.5702380952380952 0.5393188854489164 0.530952380952381 0.5393188854489164 0.4297619047619048 0.5343653250773994 0.36666666666666664 0.5337461300309597 0.3619047619047619 0.5201238390092879 0.3619047619047619 
10 0.5684210526315789 0.37142857142857144 0.5597523219814241 0.3726190476190476 0.5498452012383901 0.3821428571428571 0.544891640866873 0.3904761904761905 0.5399380804953561 0.4095238095238095 0.534984520123839 0.44166666666666665 0.530030959752322 0.5238095238095238 0.530030959752322 0.5702380952380952 0.534984520123839 0.5797619047619048 0.5492260061919505 0.5797619047619048 0.5535603715170279 0.569047619047619 0.5591331269349845 0.55 0.5690402476780185 0.4369047619047619 0.5690402476780185 0.37142857142857144 0.5684210526315789 0.37142857142857144 
11 0.5851393188854489 0.3619047619047619 0.5746130030959752 0.38095238095238093 0.5547987616099072 0.4869047619047619 0.5498452012383901 0.5464285714285714 0.5498452012383901 0.5595238095238095 0.5554179566563467 0.5797619047619048 0.5739938080495356 0.5797619047619048 0.5789473684210527 0.5607142857142857 0.5839009287925696 0.525 0.5938080495356037 0.44642857142857145 0.5938080495356037 0.3630952380952381 0.5925696594427244 0.3619047619047619 0.5851393188854489 0.3619047619047619 
12 0.6 0.3904761904761905 0.5944272445820433 0.4011904761904762 0.5894736842105263 0.41904761904761906 0.5851393188854489 0.4380952380952381 0.5795665634674922 0.4726190476190476 0.5696594427244582 0.5523809523809524 0.5696594427244582 0.569047619047619 0.5702786377708978 0.5726190476190476 0.5721362229102167 0.5797619047619048 0.5845201238390093 0.5892857142857143 0.6024767801857586 0.5892857142857143 0.6037151702786377 0.5880952380952381 0.6080495356037152 0.5797619047619048 0.6136222910216719 0.45714285714285713 0.6136222910216719 0.4 0.6074303405572755 0.3904761904761905 0.6 0.3904761904761905 
13 0.6247678018575852 0.41904761904761906 0.6191950464396285 0.42857142857142855 0.5993808049535604 0.5142857142857142 0.5993808049535604 0.5892857142857143 0.6043343653250774 0.5976190476190476 0.6055727554179566 0.5988095238095238 0.6235294117647059 0.5988095238095238 0.6334365325077399 0.5785714285714286 0.638390092879257 0.475 0.638390092879257 0.4226190476190476 0.6377708978328174 0.41904761904761906 0.6247678018575852 0.41904761904761906 
15 0.6786377708978328 0.4 0.6736842105263158 0.41904761904761906 0.6687306501547987 0.4392857142857143 0.6538699690402476 0.5428571428571428 0.6538699690402476 0.55 0.6588235294117647 0.5857142857142857 0.6643962848297214 0.5892857142857143 0.6928792569659443 0.5892857142857143 0.6978328173374613 0.5797619047619048 0.7126934984520124 0.4928571428571429 0.7126934984520124 0.430952380952381 0.7120743034055728 0.42857142857142855 0.6879256965944273 0.4035714285714286 0.6854489164086688 0.4011904761904762 0.6786377708978328 0.4 
18 0.6489164086687307 0.6 0.6390092879256966 0.6190476190476191 0.6390092879256966 0.6452380952380953 0.6588235294117647 0.75 0.6743034055727554 0.7892857142857143 0.6879256965944273 0.7892857142857143 0.7120743034055728 0.7607142857142857 0.7126934984520124 0.7595238095238095 0.7126934984520124 0.7357142857142858 0.6879256965944273 0.6011904761904762 0.6873065015479877 0.6 0.6489164086687307 0.6 
19 0.7195046439628483 0.42857142857142855 0.718266253869969 0.4297619047619048 0.713312693498452 0.4380952380952381 0.708359133126935 0.4583333333333333 0.6934984520123839 0.5464285714285714 0.6934984520123839 0.5964285714285714 0.6941176470588235 0.5988095238095238 0.7040247678018576 0.6178571428571429 0.7170278637770898 0.6178571428571429 0.7325077399380805 0.6083333333333333 0.7374613003095976 0.5773809523809523 0.7523219814241486 0.46190476190476193 0.7523219814241486 0.44761904761904764 0.746749226006192 0.42857142857142855 0.7195046439628483 0.42857142857142855 
20 0.5863777089783282 0.6 0.5845201238390093 0.6011904761904762 0.5795665634674922 0.6095238095238096 0.5758513931888545 0.6273809523809524 0.5894736842105263 0.75 0.5944272445820433 0.7880952380952381 0.5993808049535604 0.7988095238095239 0.6185758513931888 0.7988095238095239 0.6185758513931888 0.7619047619047619 0.6136222910216719 0.6130952380952381 0.6130030959752322 0.6095238095238096 0.6018575851393189 0.6 0.5863777089783282 0.6 
21 0.5659442724458205 0.6 0.5597523219814241 0.6095238095238096 0.5547987616099072 0.6202380952380953 0.5547987616099072 0.6464285714285715 0.5647058823529412 0.7595238095238095 0.5696594427244582 0.7892857142857143 0.5826625386996904 0.7892857142857143 0.5839009287925696 0.7880952380952381 0.5839009287925696 0.6095238095238096 0.5789473684210527 0.6011904761904762 0.5777089783281734 0.6 0.5659442724458205 0.6 
22 0.5312693498452012 0.6 0.530030959752322 0.6011904761904762 0.530030959752322 0.6464285714285715 0.534984520123839 0.7773809523809524 0.5399380804953561 0.7964285714285714 0.544891640866873 0.8083333333333333 0.5535603715170279 0.8083333333333333 0.5591331269349845 0.7988095238095239 0.5640866873065016 0.6738095238095239 0.5640866873065016 0.6107142857142858 0.5585139318885449 0.6 0.5312693498452012 0.6 
23 0.5176470588235295 0.5904761904761905 0.5151702786377709 0.5916666666666667 0.5151702786377709 0.7583333333333333 0.5157894736842106 0.7607142857142857 0.5287925696594428 0.7607142857142857 0.5343653250773994 0.7416666666666667 0.5393188854489164 0.675 0.5393188854489164 0.6392857142857142 0.5343653250773994 0.6 0.5287925696594428 0.5904761904761905 0.5176470588235295 0.5904761904761905 
24 0.49102167182662537 0.580952380952381 0.4904024767801858 0.5833333333333334 0.4904024767801858 0.5988095238095238 0.4953560371517028 0.7607142857142857 0.5095975232198142 0.7607142857142857 0.5145510835913313 0.7380952380952381 0.5195046439628483 0.675 0.5195046439628483 0.5916666666666667 0.5145510835913313 0.580952380952381 0.49102167182662537 0.580952380952381 
25 0.4761609907120743 0.5714285714285714 0.47554179566563465 0.5726190476190476 0.47554179566563465 0.7321428571428571 0.4804953560371517 0.7511904761904762 0.48606811145510836 0.7607142857142857 0.49411764705882355 0.7607142857142857 0.49473684210526314 0.7595238095238095 0.4996904024767802 0.7309523809523809 0.4996904024767802 0.5833333333333334 0.49907120743034056 0.580952380952381 0.49411764705882355 0.5714285714285714 0.4761609907120743 0.5714285714285714 
26 0.4563467492260062 0.5904761904761905 0.45572755417956656 0.5916666666666667 0.45572755417956656 0.6464285714285715 0.46068111455108357 0.7488095238095238 0.46563467492260063 0.7607142857142857 0.4792569659442725 0.7607142857142857 0.47987616099071206 0.7595238095238095 0.47987616099071206 0.5916666666666667 0.4786377708978328 0.5904761904761905 0.4563467492260062 0.5904761904761905 
27 0.4359133126934985 0.5904761904761905 0.4309597523219814 0.6 0.4309597523219814 0.675 0.4359133126934985 0.7476190476190476 0.4408668730650155 0.7785714285714286 0.44148606811145513 0.7797619047619048 0.4544891640866873 0.7797619047619048 0.4551083591331269 0.7773809523809524 0.460061919504644 0.7416666666666667 0.460061919504644 0.5916666666666667 0.45944272445820433 0.5904761904761905 0.4359133126934985 0.5904761904761905 
28 0.4117647058823529 0.6 0.40123839009287926 0.6095238095238096 0.40123839009287926 0.6607142857142857 0.41114551083591333 0.7797619047619048 0.4235294117647059 0.7797619047619048 0.42538699690402476 0.7785714285714286 0.43034055727554177 0.7607142857142857 0.43529411764705883 0.7035714285714286 0.43529411764705883 0.6238095238095238 0.4346749226006192 0.6202380952380953 0.43034055727554177 0.6023809523809524 0.4297213622291022 0.6 0.4117647058823529 0.6 
29 0.39690402476780184 0.6095238095238096 0.3814241486068111 0.6190476190476191 0.37708978328173376 0.638095238095238 0.3764705882352941 0.6797619047619048 0.3764705882352941 0.6845238095238095 0.3814241486068111 0.7404761904761905 0.3863777089783282 0.7797619047619048 0.3913312693498452 0.7880952380952381 0.3931888544891641 0.7892857142857143 0.4 0.7892857142857143 0.4055727554179567 0.7797619047619048 0.4105263157894737 0.7571428571428571 0.4105263157894737 0.6666666666666666 0.4055727554179567 0.611904761904762 0.40495356037151703 0.6095238095238096 0.39690402476780184 0.6095238095238096 
31 0.3269349845201238 0.6095238095238096 0.3219814241486068 0.611904761904762 0.31207430340557274 0.6190476190476191 0.30712074303405573 0.6285714285714286 0.3021671826625387 0.6392857142857142 0.29721362229102166 0.6571428571428571 0.2773993808049536 0.7345238095238096 0.2773993808049536 0.7797619047619048 0.29721362229102166 0.8083333333333333 0.31207430340557274 0.8083333333333333 0.3157894736842105 0.8071428571428572 0.32507739938080493 0.7988095238095239 0.33126934984520123 0.7892857142857143 0.33622291021671824 0.7797619047619048 0.3461300309597523 0.7416666666666667 0.3510835913312694 0.7214285714285714 0.3609907120743034 0.675 0.3609907120743034 0.6285714285714286 0.33622291021671824 0.6095238095238096 0.3269349845201238 0.6095238095238096 
32 0.26996904024767804 0.5904761904761905 0.22291021671826625 0.6964285714285714 0.22291021671826625 0.7202380952380952 0.2235294117647059 0.7226190476190476 0.2284829721362229 0.7321428571428571 0.24396284829721362 0.7571428571428571 0.24705882352941178 0.7607142857142857 0.26191950464396285 0.7607142857142857 0.28111455108359135 0.7416666666666667 0.29102167182662536 0.7226190476190476 0.29659442724458207 0.7035714285714286 0.3065015479876161 0.6642857142857143 0.31145510835913315 0.6440476190476191 0.31145510835913315 0.6095238095238096 0.28606811145510835 0.5904761904761905 0.26996904024767804 0.5904761904761905 