1 0.2773993808049536 0.42857142857142855 0.2674922600619195 0.4392857142857143 0.2625386996904025 0.44761904761904764 0.24272445820433436 0.5154761904761904 0.24272445820433436 0.569047619047619 0.25263157894736843 0.5988095238095238 0.2718266253869969 0.5988095238095238 0.28173374613003094 0.5880952380952381 0.291640866873065 0.5119047619047619 0.291640866873065 0.4583333333333333 0.286687306501548 0.4297619047619048 0.2854489164086687 0.42857142857142855 0.2773993808049536 0.42857142857142855 
2 0.29721362229102166 0.41904761904761906 0.29226006191950465 0.4488095238095238 0.2773993808049536 0.5428571428571428 0.2773993808049536 0.5797619047619048 0.28297213622291023 0.5892857142857143 0.29226006191950465 0.5988095238095238 0.3263157894736842 0.5988095238095238 0.3263157894736842 0.5071428571428571 0.32136222910216716 0.4511904761904762 0.31640866873065016 0.41904761904761906 0.29721362229102166 0.41904761904761906 
3 0.33374613003095976 0.42857142857142855 0.3318885448916409 0.4297619047619048 0.32755417956656346 0.4380952380952381 0.3269349845201238 0.44166666666666665 0.3219814241486068 0.5261904761904762 0.3219814241486068 0.5880952380952381 0.3318885448916409 0.6083333333333333 0.3504643962848297 0.6083333333333333 0.3653250773993808 0.5988095238095238 0.37089783281733746 0.5892857142857143 0.37089783281733746 0.544047619047619 0.36594427244582045 0.5047619047619047 0.3560371517027864 0.44761904761904764 0.3455108359133127 0.42857142857142855 0.33374613003095976 0.42857142857142855 
4 0.3671826625386997 0.42857142857142855 0.356656346749226 0.4380952380952381 0.356656346749226 0.5119047619047619 0.36160990712074303 0.5952380952380952 0.3622291021671827 0.5976190476190476 0.3715170278637771 0.6071428571428571 0.37275541795665634 0.6083333333333333 0.3801857585139319 0.6083333333333333 0.38575851393188854 0.5988095238095238 0.3956656346749226 0.5797619047619048 0.3956656346749226 0.525 0.3907120743034056 0.4773809523809524 0.38575851393188854 0.4380952380952381 0.38080495356037153 0.4297619047619048 0.37894736842105264 0.42857142857142855 0.3671826625386997 0.42857142857142855 
5 0.39628482972136225 0.4 0.39195046439628484 0.4095238095238095 0.3863777089783282 0.4380952380952381 0.3863777089783282 0.5964285714285714 0.38699690402476783 0.5988095238095238 0.4136222910216718 0.5988095238095238 0.4148606811145511 0.5976190476190476 0.4198142414860681 0.5892857142857143 0.4247678018575851 0.5797619047619048 0.42538699690402476 0.5726190476190476 0.42538699690402476 0.525 0.42043343653250775 0.47619047619047616 0.4154798761609907 0.4380952380952381 0.4105263157894737 0.42023809523809524 0.4006191950464396 0.4 0.39628482972136225 0.4 
6 0.4130030959752322 0.38095238095238093 0.41114551083591333 0.38333333333333336 0.40619195046439627 0.41904761904761906 0.40619195046439627 0.4452380952380952 0.41114551083591333 0.5892857142857143 0.41609907120743034 0.6083333333333333 0.4346749226006192 0.6083333333333333 0.4452012383900929 0.5892857142857143 0.4452012383900929 0.5428571428571428 0.43529411764705883 0.4380952380952381 0.43034055727554177 0.4023809523809524 0.42538699690402476 0.38095238095238093 0.4130030959752322 0.38095238095238093 
7 0.448297213622291 0.4095238095238095 0.44643962848297214 0.4107142857142857 0.4458204334365325 0.4119047619047619 0.44148606811145513 0.42857142857142855 0.4408668730650155 0.43214285714285716 0.4408668730650155 0.5976190476190476 0.44148606811145513 0.5988095238095238 0.45139318885448915 0.6083333333333333 0.4693498452012384 0.6083333333333333 0.469969040247678 0.6035714285714285 0.469969040247678 0.5726190476190476 0.465015479876161 0.4773809523809524 0.460061919504644 0.4380952380952381 0.4551083591331269 0.4119047619047619 0.4544891640866873 0.4095238095238095 0.448297213622291 0.4095238095238095 
8 0.47554179566563465 0.3904761904761905 0.47058823529411764 0.4095238095238095 0.46563467492260063 0.4380952380952381 0.46563467492260063 0.6083333333333333 0.49907120743034056 0.6083333333333333 0.4996904024767802 0.6047619047619047 0.4996904024767802 0.5345238095238095 0.49473684210526314 0.45714285714285713 0.48978328173374613 0.41904761904761906 0.4848297213622291 0.3904761904761905 0.47554179566563465 0.3904761904761905 
9 0.5052631578947369 0.3904761904761905 0.5003095975232198 0.4 0.4953560371517028 0.46785714285714286 0.4953560371517028 0.6083333333333333 0.5003095975232198 0.6166666666666667 0.5015479876160991 0.6178571428571429 0.5126934984520124 0.6178571428571429 0.5294117647058824 0.6083333333333333 0.5294117647058824 0.5166666666666667 0.5195046439628483 0.3904761904761905 0.5052631578947369 0.3904761904761905 
10 0.534984520123839 0.4 0.530030959752322 0.4095238095238095 0.525077399380805 0.42857142857142855 0.525077399380805 0.5976190476190476 0.5263157894736842 0.5988095238095238 0.5529411764705883 0.5988095238095238 0.5541795665634675 0.5976190476190476 0.5541795665634675 0.5357142857142857 0.5492260061919505 0.43214285714285716 0.5442724458204334 0.4011904761904762 0.5430340557275541 0.4 0.534984520123839 0.4 
11 0.5647058823529412 0.3619047619047619 0.5597523219814241 0.3821428571428571 0.5547987616099072 0.42023809523809524 0.544891640866873 0.525 0.544891640866873 0.5416666666666666 0.5498452012383901 0.5892857142857143 0.5597523219814241 0.6083333333333333 0.5789473684210527 0.6083333333333333 0.5839009287925696 0.5976190476190476 0.5839009287925696 0.42857142857142855 0.5789473684210527 0.3726190476190476 0.5739938080495356 0.3619047619047619 0.5647058823529412 0.3619047619047619 
12 0.5894736842105263 0.37142857142857144 0.5845201238390093 0.3821428571428571 0.5795665634674922 0.4011904761904762 0.5795665634674922 0.5976190476190476 0.590092879256966 0.5988095238095238 0.6136222910216719 0.5988095238095238 0.6136222910216719 0.5154761904761904 0.6086687306501548 0.44166666666666665 0.6037151702786377 0.4011904761904762 0.5987616099071208 0.3821428571428571 0.5938080495356037 0.3726190476190476 0.590092879256966 0.37142857142857144 0.5894736842105263 0.37142857142857144 
13 0.6142414860681115 0.37142857142857144 0.6092879256965944 0.3821428571428571 0.6043343653250774 0.4 0.6043343653250774 0.5214285714285715 0.6092879256965944 0.5797619047619048 0.6191950464396285 0.5988095238095238 0.6334365325077399 0.5988095238095238 0.638390092879257 0.5892857142857143 0.638390092879257 0.5154761904761904 0.6334365325077399 0.4166666666666667 0.628482972136223 0.37142857142857144 0.6142414860681115 0.37142857142857144 
14 0.6495356037151703 0.3904761904761905 0.6439628482972136 0.4 0.6291021671826625 0.4666666666666667 0.6291021671826625 0.5988095238095238 0.6712074303405573 0.5988095238095238 0.6730650154798762 0.5976190476190476 0.6730650154798762 0.5047619047619047 0.6681114551083591 0.41904761904761906 0.6631578947368421 0.39166666666666666 0.6625386996904025 0.3904761904761905 0.6495356037151703 0.3904761904761905 
15 0.6792569659442724 0.3904761904761905 0.6736842105263158 0.4 0.6693498452012384 0.41904761904761906 0.6687306501547987 0.4226190476190476 0.6637770897832818 0.46904761904761905 0.6637770897832818 0.5119047619047619 0.6687306501547987 0.5678571428571428 0.6693498452012384 0.5702380952380952 0.6786377708978328 0.5880952380952381 0.6804953560371517 0.5892857142857143 0.6910216718266254 0.5892857142857143 0.6928792569659443 0.5880952380952381 0.7052631578947368 0.5797619047619048 0.7120743034055728 0.5702380952380952 0.7176470588235294 0.5607142857142857 0.7176470588235294 0.5154761904761904 0.6978328173374613 0.4 0.6928792569659443 0.3904761904761905 0.6792569659442724 0.3904761904761905 
16 0.6941176470588235 0.38095238095238093 0.6934984520123839 0.38333333333333336 0.6934984520123839 0.4452380952380952 0.698452012383901 0.4928571428571429 0.713312693498452 0.5488095238095239 0.7145510835913312 0.5511904761904762 0.7368421052631579 0.5511904761904762 0.7523219814241486 0.5321428571428571 0.7572755417956656 0.5214285714285715 0.7572755417956656 0.4773809523809524 0.7325077399380805 0.42023809523809524 0.7318885448916409 0.41904761904761906 0.7077399380804954 0.38095238095238093 0.6941176470588235 0.38095238095238093 
17 0.708359133126935 0.5714285714285714 0.6990712074303406 0.580952380952381 0.6934984520123839 0.5904761904761905 0.6934984520123839 0.6071428571428571 0.708359133126935 0.6535714285714286 0.713312693498452 0.6642857142857143 0.7337461300309598 0.7035714285714286 0.7386996904024767 0.7119047619047619 0.7405572755417956 0.7130952380952381 0.7572755417956656 0.7130952380952381 0.7622291021671826 0.7023809523809523 0.7622291021671826 0.6857142857142857 0.7572755417956656 0.6416666666666667 0.7473684210526316 0.580952380952381 0.7424148606811145 0.5714285714285714 0.708359133126935 0.5714285714285714 
18 0.6736842105263158 0.6 0.6544891640866873 0.6095238095238096 0.6489164086687307 0.6190476190476191 0.6489164086687307 0.6619047619047619 0.6495356037151703 0.6642857142857143 0.6594427244582043 0.6916666666666667 0.6637770897832818 0.7023809523809523 0.708359133126935 0.7607142857142857 0.7318885448916409 0.7607142857142857 0.7325077399380805 0.7559523809523809 0.7325077399380805 0.7428571428571429 0.7275541795665634 0.7142857142857143 0.7126934984520124 0.6392857142857142 0.7077399380804954 0.6190476190476191 0.7027863777089783 0.6 0.6736842105263158 0.6 
19 0.6291021671826625 0.6095238095238096 0.6092879256965944 0.6190476190476191 0.6043343653250774 0.6285714285714286 0.6043343653250774 0.6654761904761904 0.6241486068111455 0.75 0.6297213622291021 0.7702380952380953 0.6439628482972136 0.7976190476190477 0.6452012383900929 0.7988095238095239 0.6619195046439629 0.7988095238095239 0.6829721362229102 0.7797619047619048 0.6829721362229102 0.7428571428571429 0.653250773993808 0.6190476190476191 0.648297213622291 0.611904761904762 0.6464396284829721 0.6095238095238096 0.6291021671826625 0.6095238095238096 
20 0.5845201238390093 0.6190476190476191 0.5696594427244582 0.6392857142857142 0.5696594427244582 0.6738095238095239 0.5746130030959752 0.6928571428571428 0.595046439628483 0.7607142857142857 0.5993808049535604 0.7702380952380953 0.6043343653250774 0.7797619047619048 0.6099071207430341 0.7892857142857143 0.628482972136223 0.7892857142857143 0.628482972136223 0.7273809523809524 0.6235294117647059 0.6857142857142857 0.6136222910216719 0.6190476190476191 0.5845201238390093 0.6190476190476191 
21 0.5653250773993808 0.6190476190476191 0.5547987616099072 0.6285714285714286 0.5498452012383901 0.6392857142857142 0.5498452012383901 0.6654761904761904 0.5647058823529412 0.7690476190476191 0.5746130030959752 0.8071428571428572 0.5845201238390093 0.8357142857142857 0.5857585139318885 0.8369047619047619 0.5931888544891641 0.8369047619047619 0.5938080495356037 0.8357142857142857 0.5987616099071208 0.7416666666666667 0.5987616099071208 0.736904761904762 0.5888544891640867 0.6214285714285714 0.5882352941176471 0.6190476190476191 0.5653250773993808 0.6190476190476191 
22 0.5306501547987617 0.6095238095238096 0.5256965944272446 0.6190476190476191 0.525077399380805 0.6214285714285714 0.525077399380805 0.675 0.530030959752322 0.7095238095238096 0.5399380804953561 0.7690476190476191 0.544891640866873 0.7964285714285714 0.5498452012383901 0.8178571428571428 0.5634674922600619 0.8178571428571428 0.5640866873065016 0.8142857142857143 0.5640866873065016 0.6285714285714286 0.5591331269349845 0.6095238095238096 0.5306501547987617 0.6095238095238096 
23 0.5120743034055728 0.6095238095238096 0.5102167182662539 0.6107142857142858 0.5052631578947369 0.6190476190476191 0.5052631578947369 0.6369047619047619 0.5102167182662539 0.7892857142857143 0.5151702786377709 0.7988095238095239 0.5238390092879257 0.7988095238095239 0.5287925696594428 0.7892857142857143 0.5337461300309597 0.7702380952380953 0.5343653250773994 0.7619047619047619 0.5343653250773994 0.6202380952380953 0.5294117647058824 0.6107142857142858 0.5281733746130031 0.6095238095238096 0.5120743034055728 0.6095238095238096 
24 0.48606811145510836 0.6095238095238096 0.4854489164086687 0.611904761904762 0.4854489164086687 0.655952380952381 0.4904024767801858 0.75 0.4953560371517028 0.7892857142857143 0.5089783281733746 0.7892857142857143 0.5095975232198142 0.7857142857142857 0.5145510835913313 0.75 0.5145510835913313 0.6190476190476191 0.5095975232198142 0.6095238095238096 0.48606811145510836 0.6095238095238096 
25 0.46687306501547987 0.6190476190476191 0.46563467492260063 0.6214285714285714 0.46563467492260063 0.675 0.47554179566563465 0.7607142857142857 0.4804953560371517 0.7702380952380953 0.4891640866873065 0.7702380952380953 0.49411764705882355 0.7607142857142857 0.49473684210526314 0.7583333333333333 0.49473684210526314 0.6488095238095238 0.48978328173374613 0.6202380952380953 0.4891640866873065 0.6190476190476191 0.46687306501547987 0.6190476190476191 
26 0.45077399380804956 0.6095238095238096 0.4458204334365325 0.6190476190476191 0.4458204334365325 0.6654761904761904 0.45077399380804956 0.7297619047619047 0.45572755417956656 0.7702380952380953 0.46068111455108357 0.7880952380952381 0.46253869969040246 0.7892857142857143 0.47492260061919506 0.7892857142857143 0.47492260061919506 0.6666666666666666 0.469969040247678 0.6107142857142858 0.4693498452012384 0.6095238095238096 0.45077399380804956 0.6095238095238096 
27 0.42910216718266253 0.6 0.426625386996904 0.6011904761904762 0.42105263157894735 0.6190476190476191 0.42105263157894735 0.7273809523809524 0.4260061919504644 0.8130952380952381 0.426625386996904 0.8178571428571428 0.4309597523219814 0.8261904761904761 0.4340557275541796 0.8273809523809523 0.43962848297213625 0.8273809523809523 0.44024767801857584 0.8261904761904761 0.4452012383900929 0.8083333333333333 0.4501547987616099 0.7583333333333333 0.4551083591331269 0.6833333333333333 0.4551083591331269 0.6571428571428571 0.4501547987616099 0.6 0.42910216718266253 0.6 
28 0.39628482972136225 0.6095238095238096 0.3913312693498452 0.6190476190476191 0.3913312693498452 0.694047619047619 0.39628482972136225 0.7702380952380953 0.40123839009287926 0.7988095238095239 0.40619195046439627 0.8178571428571428 0.4154798761609907 0.8178571428571428 0.42043343653250775 0.805952380952381 0.42538699690402476 0.7559523809523809 0.42538699690402476 0.6285714285714286 0.4154798761609907 0.6095238095238096 0.39628482972136225 0.6095238095238096 
29 0.3764705882352941 0.6095238095238096 0.3671826625386997 0.6190476190476191 0.36656346749226004 0.6202380952380953 0.36160990712074303 0.6488095238095238 0.36160990712074303 0.7857142857142857 0.3622291021671827 0.7892857142857143 0.36656346749226004 0.8083333333333333 0.38080495356037153 0.8083333333333333 0.3907120743034056 0.7702380952380953 0.4006191950464396 0.7023809523809523 0.4006191950464396 0.6892857142857143 0.3956656346749226 0.6214285714285714 0.39504643962848296 0.6190476190476191 0.38575851393188854 0.6095238095238096 0.3764705882352941 0.6095238095238096 
30 0.33746130030959753 0.6190476190476191 0.3269349845201238 0.6285714285714286 0.3269349845201238 0.7035714285714286 0.3318885448916409 0.7880952380952381 0.33250773993808047 0.7892857142857143 0.3461300309597523 0.7892857142857143 0.3510835913312694 0.7785714285714286 0.3560371517027864 0.7595238095238095 0.3609907120743034 0.7321428571428571 0.36594427244582045 0.694047619047619 0.37089783281733746 0.6523809523809524 0.37089783281733746 0.6214285714285714 0.3702786377708978 0.6190476190476191 0.33746130030959753 0.6190476190476191 
31 0.2873065015479876 0.6 0.28297213622291023 0.6095238095238096 0.2823529411764706 0.611904761904762 0.2773993808049536 0.6392857142857142 0.2724458204334365 0.7047619047619048 0.2724458204334365 0.7690476190476191 0.27306501547987616 0.7702380952380953 0.28606811145510835 0.7702380952380953 0.29659442724458207 0.7511904761904762 0.3065015479876161 0.7321428571428571 0.3157894736842105 0.7130952380952381 0.33126934984520123 0.675 0.33622291021671824 0.6369047619047619 0.33622291021671824 0.6226190476190476 0.33560371517027865 0.6190476190476191 0.33126934984520123 0.6095238095238096 0.31021671826625385 0.6 0.2873065015479876 0.6 