2 0.29287925696594425 0.3904761904761905 0.2873065015479876 0.4011904761904762 0.28297213622291023 0.41904761904761906 0.2823529411764706 0.4238095238095238 0.2773993808049536 0.5071428571428571 0.2773993808049536 0.5595238095238095 0.2873065015479876 0.5797619047619048 0.3108359133126935 0.5797619047619048 0.3256965944272446 0.5702380952380952 0.3263157894736842 0.5678571428571428 0.3263157894736842 0.47619047619047616 0.32136222910216716 0.41904761904761906 0.3157894736842105 0.4 0.31145510835913315 0.3904761904761905 0.29287925696594425 0.3904761904761905 
3 0.33250773993808047 0.3904761904761905 0.3170278637770898 0.4095238095238095 0.3170278637770898 0.44285714285714284 0.3219814241486068 0.5511904761904762 0.32260061919504646 0.5607142857142857 0.32755417956656346 0.5702380952380952 0.36594427244582045 0.5702380952380952 0.37089783281733746 0.5595238095238095 0.37089783281733746 0.5238095238095238 0.3609907120743034 0.4392857142857143 0.3510835913312694 0.4 0.3461300309597523 0.3904761904761905 0.33250773993808047 0.3904761904761905 
4 0.3721362229102167 0.3904761904761905 0.36656346749226004 0.4095238095238095 0.36160990712074303 0.44166666666666665 0.36160990712074303 0.5321428571428571 0.36656346749226004 0.5702380952380952 0.3715170278637771 0.5785714285714286 0.37275541795665634 0.5797619047619048 0.38575851393188854 0.5797619047619048 0.39504643962848296 0.5702380952380952 0.3956656346749226 0.569047619047619 0.3956656346749226 0.5083333333333333 0.3907120743034056 0.41904761904761906 0.38575851393188854 0.3904761904761905 0.3721362229102167 0.3904761904761905 
5 0.39628482972136225 0.3904761904761905 0.3913312693498452 0.4011904761904762 0.3913312693498452 0.569047619047619 0.39690402476780184 0.5797619047619048 0.40619195046439627 0.5892857142857143 0.4154798761609907 0.5892857142857143 0.42538699690402476 0.5595238095238095 0.42538699690402476 0.525 0.4154798761609907 0.42023809523809524 0.4105263157894737 0.4011904761904762 0.4055727554179567 0.3904761904761905 0.39628482972136225 0.3904761904761905 
6 0.41671826625387 0.37142857142857144 0.41609907120743034 0.3726190476190476 0.41114551083591333 0.4 0.41114551083591333 0.48095238095238096 0.41609907120743034 0.569047619047619 0.42105263157894735 0.5892857142857143 0.43962848297213625 0.5892857142857143 0.4452012383900929 0.5797619047619048 0.4452012383900929 0.4857142857142857 0.44024767801857584 0.42857142857142855 0.43034055727554177 0.38333333333333336 0.4297213622291022 0.38095238095238093 0.42538699690402476 0.37142857142857144 0.41671826625387 0.37142857142857144 
7 0.45077399380804956 0.3904761904761905 0.4458204334365325 0.4023809523809524 0.4408668730650155 0.430952380952381 0.4408668730650155 0.5595238095238095 0.44643962848297214 0.5797619047619048 0.465015479876161 0.5797619047619048 0.469969040247678 0.5702380952380952 0.469969040247678 0.4666666666666667 0.465015479876161 0.42023809523809524 0.460061919504644 0.3904761904761905 0.45077399380804956 0.3904761904761905 
8 0.48111455108359136 0.38095238095238093 0.47554179566563465 0.3904761904761905 0.47058823529411764 0.42857142857142855 0.46563467492260063 0.4857142857142857 0.46563467492260063 0.5511904761904762 0.47058823529411764 0.5761904761904761 0.4804953560371517 0.5892857142857143 0.49907120743034056 0.5892857142857143 0.4996904024767802 0.5880952380952381 0.4996904024767802 0.45 0.49473684210526314 0.4011904761904762 0.48978328173374613 0.3821428571428571 0.4885448916408669 0.38095238095238093 0.48111455108359136 0.38095238095238093 
9 0.5102167182662539 0.38095238095238093 0.5058823529411764 0.3904761904761905 0.5003095975232198 0.4119047619047619 0.4953560371517028 0.4642857142857143 0.4953560371517028 0.5797619047619048 0.5052631578947369 0.5880952380952381 0.5071207430340557 0.5892857142857143 0.5238390092879257 0.5892857142857143 0.5294117647058824 0.5797619047619048 0.5294117647058824 0.5142857142857142 0.5244582043343653 0.4095238095238095 0.5195046439628483 0.3821428571428571 0.518266253869969 0.38095238095238093 0.5102167182662539 0.38095238095238093 
10 0.5405572755417957 0.4 0.534984520123839 0.4095238095238095 0.525077399380805 0.5059523809523809 0.525077399380805 0.5773809523809523 0.5256965944272446 0.5797619047619048 0.5306501547987617 0.5892857142857143 0.5486068111455108 0.5892857142857143 0.5535603715170279 0.5797619047619048 0.5541795665634675 0.5773809523809523 0.5541795665634675 0.4 0.5405572755417957 0.4 
11 0.5696594427244582 0.37142857142857144 0.5597523219814241 0.4 0.5547987616099072 0.4380952380952381 0.5498452012383901 0.4869047619047619 0.5498452012383901 0.5607142857142857 0.5547987616099072 0.5797619047619048 0.5609907120743034 0.5892857142857143 0.5789473684210527 0.5892857142857143 0.5839009287925696 0.5678571428571428 0.5839009287925696 0.3726190476190476 0.58328173374613 0.37142857142857144 0.5696594427244582 0.37142857142857144 
12 0.5894736842105263 0.3904761904761905 0.5845201238390093 0.4 0.5795665634674922 0.425 0.5746130030959752 0.5619047619047619 0.5746130030959752 0.5892857142857143 0.6037151702786377 0.5892857142857143 0.6086687306501548 0.5797619047619048 0.6086687306501548 0.41904761904761906 0.6030959752321982 0.3904761904761905 0.5894736842105263 0.3904761904761905 
13 0.6198142414860681 0.4 0.6142414860681115 0.4095238095238095 0.6092879256965944 0.42023809523809524 0.6043343653250774 0.46785714285714286 0.6043343653250774 0.5797619047619048 0.6260061919504644 0.5797619047619048 0.628482972136223 0.5785714285714286 0.6334365325077399 0.5702380952380952 0.6334365325077399 0.4 0.6198142414860681 0.4 
14 0.6464396284829721 0.4095238095238095 0.6439628482972136 0.4107142857142857 0.6390092879256966 0.4297619047619048 0.6346749226006192 0.45714285714285713 0.6340557275541796 0.46190476190476193 0.6291021671826625 0.5047619047619047 0.6291021671826625 0.5702380952380952 0.6340557275541796 0.5797619047619048 0.6730650154798762 0.5797619047619048 0.6780185758513931 0.569047619047619 0.6780185758513931 0.42857142857142855 0.6681114551083591 0.4107142857142857 0.6668730650154798 0.4095238095238095 0.6464396284829721 0.4095238095238095 
15 0.6904024767801857 0.4095238095238095 0.6885448916408669 0.4107142857142857 0.6786377708978328 0.41904761904761906 0.6736842105263158 0.4380952380952381 0.6736842105263158 0.569047619047619 0.6786377708978328 0.5797619047619048 0.7120743034055728 0.5797619047619048 0.7213622291021672 0.5702380952380952 0.7275541795665634 0.5607142857142857 0.7275541795665634 0.5238095238095238 0.7176470588235294 0.41309523809523807 0.7170278637770898 0.4095238095238095 0.6904024767801857 0.4095238095238095 
16 0.7504643962848297 0.38095238095238093 0.7430340557275542 0.38333333333333336 0.7343653250773994 0.3904761904761905 0.7331269349845201 0.39166666666666666 0.7232198142414861 0.4095238095238095 0.718266253869969 0.430952380952381 0.718266253869969 0.5321428571428571 0.7238390092879257 0.5607142857142857 0.7281733746130031 0.5702380952380952 0.7473684210526316 0.5702380952380952 0.7622291021671826 0.5511904761904762 0.7622291021671826 0.4869047619047619 0.7523219814241486 0.38095238095238093 0.7504643962848297 0.38095238095238093 
17 0.7281733746130031 0.5714285714285714 0.7089783281733746 0.580952380952381 0.7034055727554179 0.5904761904761905 0.7034055727554179 0.6321428571428571 0.708359133126935 0.655952380952381 0.718266253869969 0.6845238095238095 0.7281733746130031 0.7035714285714286 0.7386996904024767 0.7226190476190476 0.7479876160990712 0.7321428571428571 0.7603715170278638 0.7321428571428571 0.7616099071207431 0.7309523809523809 0.7671826625386997 0.7214285714285714 0.7715170278637771 0.7130952380952381 0.7721362229102167 0.7107142857142857 0.7721362229102167 0.6761904761904762 0.7622291021671826 0.6023809523809524 0.7572755417956656 0.5738095238095238 0.756656346749226 0.5714285714285714 0.7281733746130031 0.5714285714285714 
18 0.6637770897832818 0.5904761904761905 0.6544891640866873 0.6095238095238096 0.6538699690402476 0.6130952380952381 0.6538699690402476 0.6261904761904762 0.6687306501547987 0.7321428571428571 0.6792569659442724 0.7702380952380953 0.6891640866873066 0.7797619047619048 0.6947368421052632 0.7797619047619048 0.6972136222910217 0.7773809523809524 0.7126934984520124 0.7607142857142857 0.7126934984520124 0.6297619047619047 0.7077399380804954 0.6 0.7027863777089783 0.5904761904761905 0.6637770897832818 0.5904761904761905 
19 0.6105263157894737 0.5904761904761905 0.6092879256965944 0.5928571428571429 0.6092879256965944 0.6535714285714286 0.6191950464396285 0.7226190476190476 0.6291021671826625 0.7607142857142857 0.6390092879256966 0.7797619047619048 0.648297213622291 0.7797619047619048 0.6724458204334365 0.7702380952380953 0.6730650154798762 0.7678571428571429 0.6730650154798762 0.7154761904761905 0.6631578947368421 0.6011904761904762 0.6625386996904025 0.6 0.648297213622291 0.5916666666666667 0.6458204334365325 0.5904761904761905 0.6105263157894737 0.5904761904761905 
20 0.590092879256966 0.5904761904761905 0.5795665634674922 0.6107142857142858 0.5795665634674922 0.6464285714285715 0.5851393188854489 0.6833333333333333 0.5894736842105263 0.7119047619047619 0.595046439628483 0.7416666666666667 0.6043343653250774 0.7821428571428571 0.6092879256965944 0.7988095238095239 0.6173374613003096 0.7988095238095239 0.6185758513931888 0.7976190476190477 0.6185758513931888 0.736904761904762 0.6136222910216719 0.6095238095238096 0.6037151702786377 0.5916666666666667 0.6024767801857586 0.5904761904761905 0.590092879256966 0.5904761904761905 
21 0.5715170278637771 0.5904761904761905 0.5696594427244582 0.5916666666666667 0.5647058823529412 0.6 0.5554179566563467 0.6190476190476191 0.5547987616099072 0.6226190476190476 0.5547987616099072 0.6333333333333333 0.5597523219814241 0.7035714285714286 0.5647058823529412 0.7511904761904762 0.5696594427244582 0.7797619047619048 0.5746130030959752 0.7892857142857143 0.58328173374613 0.7892857142857143 0.5839009287925696 0.7869047619047619 0.5888544891640867 0.7023809523809523 0.5888544891640867 0.638095238095238 0.5839009287925696 0.6011904761904762 0.5789473684210527 0.5916666666666667 0.5770897832817338 0.5904761904761905 0.5715170278637771 0.5904761904761905 
22 0.5362229102167183 0.6 0.534984520123839 0.6011904761904762 0.534984520123839 0.675 0.5597523219814241 0.8166666666666667 0.5609907120743034 0.8178571428571428 0.5684210526315789 0.8178571428571428 0.5690402476780185 0.8166666666666667 0.5739938080495356 0.7976190476190477 0.5739938080495356 0.7547619047619047 0.5640866873065016 0.6285714285714286 0.5585139318885449 0.6 0.5362229102167183 0.6 
23 0.5151702786377709 0.6 0.5151702786377709 0.7321428571428571 0.5201238390092879 0.7595238095238095 0.525077399380805 0.7702380952380953 0.5343653250773994 0.7702380952380953 0.5393188854489164 0.7404761904761905 0.5393188854489164 0.6107142857142858 0.5343653250773994 0.6 0.5151702786377709 0.6 
24 0.49597523219814244 0.6 0.4953560371517028 0.6011904761904762 0.4953560371517028 0.6464285714285715 0.5003095975232198 0.7380952380952381 0.5009287925696595 0.7416666666666667 0.5052631578947369 0.7583333333333333 0.5065015479876162 0.7607142857142857 0.5188854489164086 0.7607142857142857 0.5195046439628483 0.7595238095238095 0.5195046439628483 0.65 0.5145510835913313 0.6023809523809524 0.5139318885448917 0.6011904761904762 0.5126934984520124 0.6 0.49597523219814244 0.6 
25 0.47554179566563465 0.6 0.47554179566563465 0.6619047619047619 0.4804953560371517 0.7321428571428571 0.4854489164086687 0.7607142857142857 0.4996904024767802 0.7607142857142857 0.4996904024767802 0.6 0.47554179566563465 0.6 
26 0.4563467492260062 0.6 0.45572755417956656 0.6011904761904762 0.45572755417956656 0.7226190476190476 0.46068111455108357 0.7595238095238095 0.4613003095975232 0.7607142857142857 0.47492260061919506 0.7607142857142857 0.47987616099071206 0.6821428571428572 0.47987616099071206 0.6 0.4563467492260062 0.6 
27 0.44148606811145513 0.6 0.4359133126934985 0.6095238095238096 0.4309597523219814 0.6583333333333333 0.4260061919504644 0.7619047619047619 0.4260061919504644 0.8083333333333333 0.4390092879256966 0.8083333333333333 0.44024767801857584 0.805952380952381 0.4501547987616099 0.7690476190476191 0.460061919504644 0.694047619047619 0.460061919504644 0.6 0.44148606811145513 0.6 
28 0.41609907120743034 0.5904761904761905 0.40743034055727556 0.6 0.4068111455108359 0.6011904761904762 0.40123839009287926 0.6190476190476191 0.40123839009287926 0.6464285714285715 0.40619195046439627 0.7416666666666667 0.41114551083591333 0.7761904761904762 0.4117647058823529 0.7797619047619048 0.4173374613003096 0.7892857142857143 0.43034055727554177 0.7892857142857143 0.43529411764705883 0.7702380952380953 0.44024767801857584 0.694047619047619 0.44024767801857584 0.6190476190476191 0.43529411764705883 0.6 0.4297213622291022 0.5904761904761905 0.41609907120743034 0.5904761904761905 
29 0.3931888544891641 0.5904761904761905 0.3913312693498452 0.5916666666666667 0.3814241486068111 0.6095238095238096 0.3814241486068111 0.7666666666666667 0.38204334365325077 0.7702380952380953 0.38699690402476783 0.7797619047619048 0.3938080495356037 0.7797619047619048 0.3956656346749226 0.7785714285714286 0.4006191950464396 0.7702380952380953 0.4055727554179567 0.7607142857142857 0.4105263157894737 0.7321428571428571 0.4105263157894737 0.6 0.40495356037151703 0.5904761904761905 0.3931888544891641 0.5904761904761905 
30 0.3473684210526316 0.580952380952381 0.3368421052631579 0.5904761904761905 0.3318885448916409 0.6666666666666666 0.3318885448916409 0.75 0.33746130030959753 0.7607142857142857 0.3572755417956656 0.7702380952380953 0.3702786377708978 0.7702380952380953 0.38080495356037153 0.7416666666666667 0.38575851393188854 0.6916666666666667 0.3907120743034056 0.6357142857142857 0.3907120743034056 0.5916666666666667 0.39009287925696595 0.5904761904761905 0.35541795665634673 0.580952380952381 0.3473684210526316 0.580952380952381 
31 0.3027863777089783 0.5904761904761905 0.29721362229102166 0.6 0.29226006191950465 0.6107142857142858 0.29226006191950465 0.7511904761904762 0.29721362229102166 0.7607142857142857 0.30712074303405573 0.7702380952380953 0.3188854489164087 0.7702380952380953 0.32136222910216716 0.7690476190476191 0.33126934984520123 0.7511904761904762 0.33622291021671824 0.7321428571428571 0.3411764705882353 0.6654761904761904 0.3411764705882353 0.5964285714285714 0.34055727554179566 0.5904761904761905 0.3027863777089783 0.5904761904761905 