2 0.31331269349845203 0.23809523809523808 0.30712074303405573 0.24761904761904763 0.2773993808049536 0.4119047619047619 0.2773993808049536 0.444047619047619 0.27801857585139317 0.4452380952380952 0.29226006191950465 0.4654761904761905 0.3263157894736842 0.4654761904761905 0.33622291021671824 0.40476190476190477 0.3411764705882353 0.3595238095238095 0.3411764705882353 0.2702380952380952 0.33622291021671824 0.24761904761904763 0.330030959752322 0.23809523809523808 0.31331269349845203 0.23809523809523808 
3 0.3715170278637771 0.26666666666666666 0.3380804953560371 0.2761904761904762 0.3368421052631579 0.2773809523809524 0.3170278637770898 0.45714285714285713 0.3170278637770898 0.475 0.3269349845201238 0.48333333333333334 0.34241486068111454 0.49404761904761907 0.37089783281733746 0.49404761904761907 0.3752321981424149 0.4845238095238095 0.38080495356037153 0.4630952380952381 0.3907120743034056 0.35119047619047616 0.3907120743034056 0.2857142857142857 0.38575851393188854 0.26666666666666666 0.3715170278637771 0.26666666666666666 
4 0.4068111455108359 0.2761904761904762 0.39690402476780184 0.29523809523809524 0.3764705882352941 0.37142857142857144 0.36656346749226004 0.4773809523809524 0.36656346749226004 0.5035714285714286 0.3715170278637771 0.5119047619047619 0.37275541795665634 0.513095238095238 0.3894736842105263 0.513095238095238 0.40495356037151703 0.5035714285714286 0.4055727554179567 0.5011904761904762 0.4105263157894737 0.4738095238095238 0.4148606811145511 0.44285714285714284 0.4154798761609907 0.4357142857142857 0.42043343653250775 0.3773809523809524 0.42043343653250775 0.29523809523809524 0.4154798761609907 0.2761904761904762 0.4068111455108359 0.2761904761904762 
5 0.4260061919504644 0.29523809523809524 0.41609907120743034 0.31547619047619047 0.3913312693498452 0.4976190476190476 0.3913312693498452 0.5214285714285715 0.40123839009287926 0.5321428571428571 0.41919504643962846 0.5321428571428571 0.4346749226006192 0.513095238095238 0.43962848297213625 0.5035714285714286 0.44024767801857584 0.5 0.4501547987616099 0.37976190476190474 0.4501547987616099 0.305952380952381 0.4452012383900929 0.29523809523809524 0.4260061919504644 0.29523809523809524 
6 0.45077399380804956 0.2857142857142857 0.41609907120743034 0.5178571428571429 0.41609907120743034 0.5404761904761904 0.41671826625387 0.5416666666666666 0.4260061919504644 0.5511904761904762 0.4390092879256966 0.5511904761904762 0.44024767801857584 0.55 0.4551083591331269 0.5226190476190476 0.460061919504644 0.5035714285714286 0.465015479876161 0.4654761904761905 0.465015479876161 0.28809523809523807 0.46377708978328175 0.2857142857142857 0.45077399380804956 0.2857142857142857 
7 0.4662538699690402 0.34285714285714286 0.46563467492260063 0.34404761904761905 0.46068111455108357 0.38333333333333336 0.4458204334365325 0.5142857142857142 0.4458204334365325 0.5380952380952381 0.45077399380804956 0.5488095238095239 0.45139318885448915 0.55 0.45263157894736844 0.5511904761904762 0.4842105263157895 0.5511904761904762 0.4848297213622291 0.5476190476190477 0.4848297213622291 0.34404761904761905 0.4842105263157895 0.34285714285714286 0.4662538699690402 0.34285714285714286 
8 0.5003095975232198 0.3333333333333333 0.4904024767801858 0.34285714285714286 0.48111455108359136 0.37142857142857144 0.4804953560371517 0.3738095238095238 0.47554179566563465 0.4011904761904762 0.47554179566563465 0.55 0.48111455108359136 0.5607142857142857 0.5139318885448917 0.5607142857142857 0.5145510835913313 0.555952380952381 0.5145510835913313 0.5178571428571429 0.5095975232198142 0.3357142857142857 0.508359133126935 0.3345238095238095 0.5065015479876162 0.3333333333333333 0.5003095975232198 0.3333333333333333 
9 0.525077399380805 0.3523809523809524 0.5164086687306502 0.3619047619047619 0.5151702786377709 0.36428571428571427 0.5102167182662539 0.4011904761904762 0.5052631578947369 0.45714285714285713 0.5052631578947369 0.5607142857142857 0.5102167182662539 0.5702380952380952 0.5343653250773994 0.5702380952380952 0.5442724458204334 0.5607142857142857 0.5442724458204334 0.5142857142857142 0.5393188854489164 0.41904761904761906 0.5343653250773994 0.3738095238095238 0.5294117647058824 0.3547619047619048 0.5281733746130031 0.3535714285714286 0.5263157894736842 0.3523809523809524 0.525077399380805 0.3523809523809524 
10 0.5405572755417957 0.3619047619047619 0.5399380804953561 0.3630952380952381 0.534984520123839 0.4380952380952381 0.534984520123839 0.5214285714285715 0.5399380804953561 0.5511904761904762 0.5684210526315789 0.5511904761904762 0.5690402476780185 0.55 0.5690402476780185 0.47619047619047616 0.5640866873065016 0.39404761904761904 0.5591331269349845 0.3630952380952381 0.5585139318885449 0.3619047619047619 0.5405572755417957 0.3619047619047619 
11 0.5752321981424149 0.3142857142857143 0.5696594427244582 0.3333333333333333 0.5647058823529412 0.36428571428571427 0.5597523219814241 0.4488095238095238 0.5597523219814241 0.4845238095238095 0.5647058823529412 0.5416666666666666 0.5696594427244582 0.5511904761904762 0.5752321981424149 0.5607142857142857 0.5863777089783282 0.5607142857142857 0.5888544891640867 0.5583333333333333 0.5931888544891641 0.5511904761904762 0.5987616099071208 0.5404761904761904 0.5987616099071208 0.3535714285714286 0.5938080495356037 0.325 0.5888544891640867 0.3142857142857143 0.5752321981424149 0.3142857142857143 
12 0.5956656346749226 0.3523809523809524 0.5944272445820433 0.3535714285714286 0.5944272445820433 0.530952380952381 0.6043343653250774 0.5416666666666666 0.6272445820433437 0.5416666666666666 0.628482972136223 0.5404761904761904 0.628482972136223 0.4869047619047619 0.6235294117647059 0.42142857142857143 0.6185758513931888 0.37142857142857144 0.6136222910216719 0.3535714285714286 0.6123839009287926 0.3523809523809524 0.5956656346749226 0.3523809523809524 
13 0.6142414860681115 0.3142857142857143 0.6092879256965944 0.3238095238095238 0.6092879256965944 0.3773809523809524 0.6191950464396285 0.4880952380952381 0.6198142414860681 0.49404761904761907 0.6241486068111455 0.5321428571428571 0.6582043343653251 0.5321428571428571 0.6582043343653251 0.5142857142857142 0.6334365325077399 0.3238095238095238 0.628482972136223 0.3142857142857143 0.6142414860681115 0.3142857142857143 
14 0.6458204334365325 0.29523809523809524 0.6439628482972136 0.29642857142857143 0.6390092879256966 0.31547619047619047 0.6390092879256966 0.4642857142857143 0.6439628482972136 0.5035714285714286 0.6489164086687307 0.5214285714285715 0.6495356037151703 0.5226190476190476 0.6879256965944273 0.5226190476190476 0.6928792569659443 0.513095238095238 0.6928792569659443 0.4583333333333333 0.6879256965944273 0.42857142857142855 0.6681114551083591 0.3261904761904762 0.6631578947368421 0.3047619047619048 0.653250773993808 0.29523809523809524 0.6458204334365325 0.29523809523809524 
15 0.6885448916408669 0.2761904761904762 0.6792569659442724 0.2857142857142857 0.6786377708978328 0.28809523809523807 0.6786377708978328 0.3773809523809524 0.6835913312693499 0.4654761904761905 0.6885448916408669 0.4845238095238095 0.6941176470588235 0.49404761904761907 0.7164086687306501 0.49404761904761907 0.7275541795665634 0.4845238095238095 0.7318885448916409 0.475 0.7325077399380805 0.46904761904761905 0.7325077399380805 0.4511904761904762 0.7176470588235294 0.3333333333333333 0.7126934984520124 0.3142857142857143 0.6928792569659443 0.2761904761904762 0.6885448916408669 0.2761904761904762 
18 0.7102167182662539 0.4857142857142857 0.708359133126935 0.4869047619047619 0.6835913312693499 0.5047619047619047 0.6792569659442724 0.5154761904761904 0.6786377708978328 0.5178571428571429 0.6786377708978328 0.5511904761904762 0.7034055727554179 0.6452380952380953 0.718266253869969 0.675 0.7232198142414861 0.6845238095238095 0.7312693498452012 0.6845238095238095 0.746749226006192 0.6654761904761904 0.7473684210526316 0.6619047619047619 0.7473684210526316 0.6 0.7325077399380805 0.5059523809523809 0.7219814241486068 0.4857142857142857 0.7102167182662539 0.4857142857142857 
19 0.6557275541795665 0.5142857142857142 0.6346749226006192 0.5238095238095238 0.6241486068111455 0.5333333333333333 0.6241486068111455 0.5702380952380952 0.6489164086687307 0.6654761904761904 0.6538699690402476 0.680952380952381 0.6551083591331269 0.6845238095238095 0.6588235294117647 0.6928571428571428 0.6637770897832818 0.7035714285714286 0.6687306501547987 0.7119047619047619 0.6705882352941176 0.7130952380952381 0.6823529411764706 0.7130952380952381 0.7009287925696595 0.7035714285714286 0.7021671826625387 0.7023809523809523 0.7027863777089783 0.7011904761904761 0.7027863777089783 0.6571428571428571 0.6829721362229102 0.5154761904761904 0.6823529411764706 0.5142857142857142 0.6557275541795665 0.5142857142857142 
20 0.6012383900928793 0.5428571428571428 0.6 0.544047619047619 0.5993808049535604 0.5452380952380952 0.5993808049535604 0.5952380952380952 0.6142414860681115 0.6821428571428572 0.6191950464396285 0.7035714285714286 0.6241486068111455 0.7226190476190476 0.6297213622291021 0.7321428571428571 0.6427244582043343 0.7321428571428571 0.643343653250774 0.7297619047619047 0.643343653250774 0.6428571428571429 0.638390092879257 0.5726190476190476 0.628482972136223 0.5428571428571428 0.6012383900928793 0.5428571428571428 
21 0.5845201238390093 0.5523809523809524 0.5746130030959752 0.5619047619047619 0.5746130030959752 0.6071428571428571 0.5795665634674922 0.6547619047619048 0.5944272445820433 0.7452380952380953 0.5962848297213622 0.7511904761904762 0.6037151702786377 0.7511904761904762 0.6061919504643963 0.75 0.6086687306501548 0.7464285714285714 0.6086687306501548 0.5904761904761905 0.6037151702786377 0.5630952380952381 0.5981424148606811 0.5523809523809524 0.5845201238390093 0.5523809523809524 
22 0.5547987616099072 0.5523809523809524 0.5455108359133127 0.5619047619047619 0.544891640866873 0.5630952380952381 0.544891640866873 0.6369047619047619 0.5597523219814241 0.7321428571428571 0.5647058823529412 0.7607142857142857 0.578328173374613 0.7607142857142857 0.5839009287925696 0.75 0.5839009287925696 0.6511904761904762 0.5789473684210527 0.5738095238095238 0.578328173374613 0.5714285714285714 0.5739938080495356 0.5619047619047619 0.5690402476780185 0.5535714285714286 0.56656346749226 0.5523809523809524 0.5547987616099072 0.5523809523809524 
23 0.525077399380805 0.580952380952381 0.525077399380805 0.6833333333333333 0.530030959752322 0.7464285714285714 0.5325077399380805 0.75 0.534984520123839 0.7511904761904762 0.5362229102167183 0.7511904761904762 0.5393188854489164 0.75 0.5442724458204334 0.7404761904761905 0.5541795665634675 0.6464285714285715 0.5541795665634675 0.6285714285714286 0.5492260061919505 0.5833333333333334 0.5486068111455108 0.580952380952381 0.525077399380805 0.580952380952381 
24 0.5065015479876162 0.5714285714285714 0.5052631578947369 0.5726190476190476 0.5052631578947369 0.7321428571428571 0.513312693498452 0.7321428571428571 0.5145510835913313 0.7309523809523809 0.5188854489164086 0.7226190476190476 0.5195046439628483 0.7202380952380952 0.5244582043343653 0.6833333333333333 0.5343653250773994 0.5880952380952381 0.5343653250773994 0.580952380952381 0.5294117647058824 0.5714285714285714 0.5065015479876162 0.5714285714285714 
25 0.4854489164086687 0.5714285714285714 0.4854489164086687 0.7130952380952381 0.49102167182662537 0.7226190476190476 0.49907120743034056 0.7226190476190476 0.5046439628482973 0.7119047619047619 0.5095975232198142 0.6642857142857143 0.5095975232198142 0.5738095238095238 0.5089783281733746 0.5714285714285714 0.4854489164086687 0.5714285714285714 
26 0.46068111455108357 0.5619047619047619 0.46068111455108357 0.6369047619047619 0.46563467492260063 0.7154761904761905 0.46687306501547987 0.719047619047619 0.469969040247678 0.7226190476190476 0.47987616099071206 0.7226190476190476 0.4848297213622291 0.7035714285714286 0.48978328173374613 0.675 0.49473684210526314 0.5797619047619048 0.49473684210526314 0.5726190476190476 0.48978328173374613 0.5619047619047619 0.46068111455108357 0.5619047619047619 
27 0.44148606811145513 0.5333333333333333 0.4359133126934985 0.544047619047619 0.43157894736842106 0.5630952380952381 0.4309597523219814 0.5904761904761905 0.4309597523219814 0.7416666666666667 0.4359133126934985 0.75 0.43777089783281736 0.7511904761904762 0.4421052631578947 0.7511904761904762 0.4452012383900929 0.75 0.4501547987616099 0.7404761904761905 0.4551083591331269 0.7130952380952381 0.460061919504644 0.675 0.465015479876161 0.6261904761904762 0.469969040247678 0.569047619047619 0.469969040247678 0.5547619047619048 0.4693498452012384 0.5523809523809524 0.465015479876161 0.5428571428571428 0.4544891640866873 0.5333333333333333 0.44148606811145513 0.5333333333333333 
28 0.41609907120743034 0.5333333333333333 0.41114551083591333 0.5428571428571428 0.40619195046439627 0.5619047619047619 0.40123839009287926 0.5904761904761905 0.39628482972136225 0.638095238095238 0.39628482972136225 0.7107142857142857 0.39690402476780184 0.7130952380952381 0.40123839009287926 0.7214285714285714 0.40309597523219814 0.7226190476190476 0.4105263157894737 0.7226190476190476 0.4154798761609907 0.7119047619047619 0.42538699690402476 0.6738095238095239 0.43962848297213625 0.6083333333333333 0.44024767801857584 0.6047619047619047 0.4452012383900929 0.5476190476190477 0.4452012383900929 0.5333333333333333 0.41609907120743034 0.5333333333333333 
29 0.38575851393188854 0.5142857142857142 0.3826625386996904 0.5178571428571429 0.3764705882352941 0.5333333333333333 0.36656346749226004 0.6202380952380953 0.36656346749226004 0.7107142857142857 0.3671826625386997 0.7130952380952381 0.38575851393188854 0.7130952380952381 0.3956656346749226 0.675 0.42538699690402476 0.5392857142857143 0.42538699690402476 0.5333333333333333 0.4198142414860681 0.5238095238095238 0.4055727554179567 0.5142857142857142 0.38575851393188854 0.5142857142857142 
30 0.34241486068111454 0.47619047619047616 0.33250773993808047 0.4857142857142857 0.3318885448916409 0.4869047619047619 0.3269349845201238 0.5047619047619047 0.30712074303405573 0.6011904761904762 0.30712074303405573 0.6630952380952381 0.3077399380804954 0.6654761904761904 0.3219814241486068 0.694047619047619 0.33436532507739936 0.694047619047619 0.33622291021671824 0.6928571428571428 0.3455108359133127 0.6833333333333333 0.3504643962848297 0.675 0.3560371517027864 0.6654761904761904 0.36594427244582045 0.6464285714285715 0.37585139318885447 0.6083333333333333 0.3956656346749226 0.5214285714285715 0.3956656346749226 0.49642857142857144 0.39504643962848296 0.49523809523809526 0.3461300309597523 0.47619047619047616 0.34241486068111454 0.47619047619047616 
31 0.28792569659442724 0.44761904761904764 0.2773993808049536 0.4666666666666667 0.2724458204334365 0.4869047619047619 0.25758513931888544 0.5845238095238096 0.25758513931888544 0.6369047619047619 0.2625386996904025 0.6464285714285715 0.2724458204334365 0.655952380952381 0.28606811145510835 0.655952380952381 0.29659442724458207 0.6464285714285715 0.3015479876160991 0.6369047619047619 0.33126934984520123 0.5404761904761904 0.3411764705882353 0.4869047619047619 0.3411764705882353 0.4857142857142857 0.33560371517027865 0.47619047619047616 0.3263157894736842 0.4666666666666667 0.29659442724458207 0.44761904761904764 0.28792569659442724 0.44761904761904764 