1 0.26811145510835915 0.3333333333333333 0.2674922600619195 0.3345238095238095 0.2625386996904025 0.3619047619047619 0.25758513931888544 0.42023809523809524 0.25758513931888544 0.4642857142857143 0.2625386996904025 0.4845238095238095 0.2674922600619195 0.49404761904761907 0.29659442724458207 0.49404761904761907 0.3015479876160991 0.48333333333333334 0.31145510835913315 0.35833333333333334 0.31145510835913315 0.3333333333333333 0.26811145510835915 0.3333333333333333 
2 0.32136222910216716 0.3333333333333333 0.31826625386996904 0.33690476190476193 0.30712074303405573 0.3619047619047619 0.3021671826625387 0.3821428571428571 0.29721362229102166 0.4107142857142857 0.29721362229102166 0.5023809523809524 0.3021671826625387 0.513095238095238 0.31826625386996904 0.5226190476190476 0.32136222910216716 0.5226190476190476 0.3263157894736842 0.5214285714285715 0.33560371517027865 0.513095238095238 0.33622291021671824 0.5119047619047619 0.33622291021671824 0.46785714285714286 0.33126934984520123 0.35595238095238096 0.3306501547987616 0.3523809523809524 0.3263157894736842 0.3333333333333333 0.32136222910216716 0.3333333333333333 
3 0.3368421052631579 0.3333333333333333 0.3318885448916409 0.4583333333333333 0.3318885448916409 0.5226190476190476 0.3523219814241486 0.5321428571428571 0.37585139318885447 0.5321428571428571 0.38080495356037153 0.5226190476190476 0.38080495356037153 0.45714285714285713 0.37089783281733746 0.37142857142857144 0.36594427244582045 0.3535714285714286 0.3609907120743034 0.34285714285714286 0.3560371517027864 0.3333333333333333 0.3368421052631579 0.3333333333333333 
4 0.3814241486068111 0.34285714285714286 0.3764705882352941 0.3630952380952381 0.3715170278637771 0.5142857142857142 0.3715170278637771 0.5202380952380953 0.3721362229102167 0.5226190476190476 0.3814241486068111 0.5416666666666666 0.3956656346749226 0.5416666666666666 0.4055727554179567 0.5321428571428571 0.4055727554179567 0.4380952380952381 0.4006191950464396 0.3904761904761905 0.3956656346749226 0.34404761904761905 0.39504643962848296 0.34285714285714286 0.3814241486068111 0.34285714285714286 
5 0.4018575851393189 0.3238095238095238 0.39628482972136225 0.34285714285714286 0.39628482972136225 0.44642857142857145 0.40123839009287926 0.5369047619047619 0.4018575851393189 0.5404761904761904 0.4024767801857585 0.5416666666666666 0.42043343653250775 0.5416666666666666 0.43034055727554177 0.5226190476190476 0.43034055727554177 0.41904761904761906 0.42538699690402476 0.36428571428571427 0.42043343653250775 0.3345238095238095 0.4154798761609907 0.3238095238095238 0.4018575851393189 0.3238095238095238 
6 0.421671826625387 0.3142857142857143 0.42105263157894735 0.31547619047619047 0.41609907120743034 0.3345238095238095 0.41609907120743034 0.36666666666666664 0.42105263157894735 0.5416666666666666 0.4260061919504644 0.55 0.43034055727554177 0.55 0.44024767801857584 0.5416666666666666 0.4501547987616099 0.5226190476190476 0.4501547987616099 0.4583333333333333 0.4452012383900929 0.3630952380952381 0.44024767801857584 0.325 0.43529411764705883 0.3142857142857143 0.421671826625387 0.3142857142857143 
7 0.4538699690402477 0.3333333333333333 0.45077399380804956 0.3345238095238095 0.44643962848297214 0.34285714285714286 0.4458204334365325 0.3464285714285714 0.4408668730650155 0.39285714285714285 0.4408668730650155 0.4654761904761905 0.4458204334365325 0.5297619047619048 0.44643962848297214 0.5321428571428571 0.469969040247678 0.5321428571428571 0.469969040247678 0.4119047619047619 0.465015479876161 0.3630952380952381 0.460061919504644 0.33690476190476193 0.4551083591331269 0.3333333333333333 0.4538699690402477 0.3333333333333333 
8 0.4712074303405573 0.3333333333333333 0.47058823529411764 0.3345238095238095 0.46563467492260063 0.3619047619047619 0.46068111455108357 0.4011904761904762 0.46068111455108357 0.41785714285714287 0.46563467492260063 0.5511904761904762 0.4873065015479876 0.5511904761904762 0.48978328173374613 0.55 0.48978328173374613 0.37142857142857144 0.4848297213622291 0.34404761904761905 0.4792569659442725 0.3333333333333333 0.4712074303405573 0.3333333333333333 
9 0.4904024767801858 0.34285714285714286 0.4854489164086687 0.38452380952380955 0.4854489164086687 0.5321428571428571 0.49102167182662537 0.5511904761904762 0.5015479876160991 0.5607142857142857 0.5095975232198142 0.5607142857142857 0.5145510835913313 0.5511904761904762 0.5145510835913313 0.48928571428571427 0.5095975232198142 0.39166666666666666 0.5089783281733746 0.38095238095238093 0.5046439628482973 0.34404761904761905 0.503405572755418 0.34285714285714286 0.4904024767801858 0.34285714285714286 
10 0.5102167182662539 0.3523809523809524 0.5102167182662539 0.5416666666666666 0.5337461300309597 0.5416666666666666 0.5343653250773994 0.5404761904761904 0.5343653250773994 0.3619047619047619 0.5287925696594428 0.3523809523809524 0.5102167182662539 0.3523809523809524 
11 0.5504643962848297 0.3142857142857143 0.544891640866873 0.3238095238095238 0.534984520123839 0.36428571428571427 0.530030959752322 0.39166666666666666 0.530030959752322 0.5321428571428571 0.5356037151702786 0.5416666666666666 0.5455108359133127 0.5511904761904762 0.5535603715170279 0.5511904761904762 0.5591331269349845 0.5416666666666666 0.5640866873065016 0.44642857142857145 0.5640866873065016 0.325 0.5591331269349845 0.3142857142857143 0.5504643962848297 0.3142857142857143 
12 0.5702786377708978 0.3238095238095238 0.5647058823529412 0.34285714285714286 0.5597523219814241 0.3619047619047619 0.5547987616099072 0.44047619047619047 0.5547987616099072 0.5214285714285715 0.5597523219814241 0.5404761904761904 0.5653250773993808 0.5511904761904762 0.5708978328173374 0.5511904761904762 0.5739938080495356 0.55 0.5839009287925696 0.5416666666666666 0.5888544891640867 0.4928571428571429 0.5888544891640867 0.3523809523809524 0.5839009287925696 0.3238095238095238 0.5702786377708978 0.3238095238095238 
13 0.5857585139318885 0.34285714285714286 0.5845201238390093 0.34523809523809523 0.5795665634674922 0.4857142857142857 0.5795665634674922 0.5321428571428571 0.5944272445820433 0.55 0.5962848297213622 0.5511904761904762 0.6074303405572755 0.5511904761904762 0.6086687306501548 0.55 0.6130030959752322 0.5416666666666666 0.6136222910216719 0.5392857142857143 0.6136222910216719 0.48095238095238096 0.6086687306501548 0.4011904761904762 0.6037151702786377 0.3630952380952381 0.5938080495356037 0.34285714285714286 0.5857585139318885 0.34285714285714286 
14 0.6241486068111455 0.34285714285714286 0.6142414860681115 0.3630952380952381 0.6092879256965944 0.39166666666666666 0.6043343653250774 0.44761904761904764 0.6043343653250774 0.48333333333333334 0.6092879256965944 0.530952380952381 0.6105263157894737 0.5321428571428571 0.6476780185758514 0.5321428571428571 0.653250773993808 0.5226190476190476 0.6582043343653251 0.513095238095238 0.6582043343653251 0.3619047619047619 0.653250773993808 0.34523809523809523 0.6520123839009287 0.34285714285714286 0.6241486068111455 0.34285714285714286 
15 0.6637770897832818 0.3333333333333333 0.6594427244582043 0.34285714285714286 0.6538699690402476 0.36428571428571427 0.6489164086687307 0.4095238095238095 0.6489164086687307 0.475 0.6538699690402476 0.513095238095238 0.6588235294117647 0.5226190476190476 0.691640866873065 0.5226190476190476 0.6928792569659443 0.5214285714285715 0.6978328173374613 0.513095238095238 0.7027863777089783 0.5023809523809524 0.7027863777089783 0.4666666666666667 0.6928792569659443 0.36428571428571427 0.6873065015479877 0.34285714285714286 0.6823529411764706 0.3333333333333333 0.6637770897832818 0.3333333333333333 
16 0.6996904024767802 0.24761904761904763 0.698452012383901 0.2488095238095238 0.6934984520123839 0.2571428571428571 0.6885448916408669 0.26666666666666666 0.6835913312693499 0.29523809523809524 0.6835913312693499 0.37023809523809526 0.6891640866873066 0.40714285714285714 0.6934984520123839 0.4166666666666667 0.6941176470588235 0.41785714285714287 0.7120743034055728 0.41785714285714287 0.7226006191950465 0.4083333333333333 0.7269349845201238 0.39880952380952384 0.7275541795665634 0.39285714285714285 0.7275541795665634 0.3142857142857143 0.7226006191950465 0.24761904761904763 0.6996904024767802 0.24761904761904763 
17 0.7102167182662539 0.49523809523809526 0.6891640866873066 0.5047619047619047 0.6835913312693499 0.5142857142857142 0.6835913312693499 0.569047619047619 0.6934984520123839 0.6261904761904762 0.7089783281733746 0.6654761904761904 0.725077399380805 0.6654761904761904 0.7275541795665634 0.6642857142857143 0.7374613003095976 0.655952380952381 0.7473684210526316 0.6369047619047619 0.7473684210526316 0.580952380952381 0.7318885448916409 0.5047619047619047 0.7275541795665634 0.49523809523809526 0.7102167182662539 0.49523809523809526 
18 0.6743034055727554 0.5238095238095238 0.6390092879256966 0.5333333333333333 0.6346749226006192 0.5428571428571428 0.6340557275541796 0.5452380952380952 0.6340557275541796 0.5773809523809523 0.6390092879256966 0.6083333333333333 0.6538699690402476 0.6642857142857143 0.6637770897832818 0.6845238095238095 0.6786377708978328 0.7130952380952381 0.7065015479876161 0.7130952380952381 0.7077399380804954 0.7119047619047619 0.7077399380804954 0.6666666666666666 0.6978328173374613 0.5857142857142857 0.6972136222910217 0.580952380952381 0.6879256965944273 0.5333333333333333 0.6823529411764706 0.5238095238095238 0.6743034055727554 0.5238095238095238 
19 0.590092879256966 0.5428571428571428 0.5851393188854489 0.5523809523809524 0.5845201238390093 0.5547619047619048 0.5845201238390093 0.6059523809523809 0.5993808049535604 0.6726190476190477 0.6 0.675 0.6241486068111455 0.7309523809523809 0.6297213622291021 0.7416666666666667 0.6476780185758514 0.7416666666666667 0.6730650154798762 0.7226190476190476 0.6730650154798762 0.6952380952380952 0.6674922600619195 0.6666666666666666 0.638390092879257 0.5535714285714286 0.6377708978328174 0.5523809523809524 0.6179566563467492 0.5428571428571428 0.590092879256966 0.5428571428571428 
20 0.5696594427244582 0.5523809523809524 0.5647058823529412 0.5630952380952381 0.5647058823529412 0.6083333333333333 0.5746130030959752 0.7035714285714286 0.5845201238390093 0.7511904761904762 0.5956656346749226 0.7702380952380953 0.6037151702786377 0.7702380952380953 0.6037151702786377 0.638095238095238 0.5987616099071208 0.6107142857142858 0.5888544891640867 0.5619047619047619 0.5770897832817338 0.5523809523809524 0.5696594427244582 0.5523809523809524 
21 0.5547987616099072 0.5523809523809524 0.5498452012383901 0.5619047619047619 0.544891640866873 0.5726190476190476 0.544891640866873 0.6440476190476191 0.5547987616099072 0.7202380952380952 0.5597523219814241 0.7488095238095238 0.5647058823529412 0.7690476190476191 0.5653250773993808 0.7702380952380953 0.5770897832817338 0.7702380952380953 0.5789473684210527 0.7690476190476191 0.5789473684210527 0.7428571428571429 0.5739938080495356 0.6011904761904762 0.5690402476780185 0.5642857142857143 0.5634674922600619 0.5523809523809524 0.5547987616099072 0.5523809523809524 
22 0.5201238390092879 0.5523809523809524 0.5201238390092879 0.6464285714285715 0.525077399380805 0.7035714285714286 0.530030959752322 0.7416666666666667 0.534984520123839 0.7690476190476191 0.5399380804953561 0.7773809523809524 0.5442724458204334 0.7773809523809524 0.5492260061919505 0.7702380952380953 0.5535603715170279 0.7607142857142857 0.5541795665634675 0.7583333333333333 0.5541795665634675 0.6666666666666666 0.5492260061919505 0.5821428571428572 0.5442724458204334 0.5535714285714286 0.5430340557275541 0.5523809523809524 0.5201238390092879 0.5523809523809524 
23 0.5003095975232198 0.5714285714285714 0.5003095975232198 0.6083333333333333 0.5102167182662539 0.7321428571428571 0.5151702786377709 0.7416666666666667 0.5244582043343653 0.7416666666666667 0.5294117647058824 0.7226190476190476 0.5294117647058824 0.6833333333333333 0.5244582043343653 0.5726190476190476 0.5232198142414861 0.5714285714285714 0.5003095975232198 0.5714285714285714 
24 0.49597523219814244 0.5619047619047619 0.4904024767801858 0.5714285714285714 0.4904024767801858 0.6333333333333333 0.4953560371517028 0.7321428571428571 0.5046439628482973 0.7321428571428571 0.5095975232198142 0.7202380952380952 0.5095975232198142 0.5642857142857143 0.5089783281733746 0.5619047619047619 0.49597523219814244 0.5619047619047619 
25 0.4761609907120743 0.5619047619047619 0.47554179566563465 0.5642857142857143 0.47554179566563465 0.7130952380952381 0.4804953560371517 0.7226190476190476 0.4891640866873065 0.7226190476190476 0.49473684210526314 0.7119047619047619 0.4996904024767802 0.6738095238095239 0.4996904024767802 0.6404761904761904 0.49473684210526314 0.5619047619047619 0.4761609907120743 0.5619047619047619 
26 0.46068111455108357 0.5523809523809524 0.46068111455108357 0.6547619047619048 0.46563467492260063 0.7226190476190476 0.4712074303405573 0.7321428571428571 0.4792569659442725 0.7321428571428571 0.47987616099071206 0.725 0.47987616099071206 0.5619047619047619 0.47492260061919506 0.5535714285714286 0.47306501547987617 0.5523809523809524 0.46068111455108357 0.5523809523809524 
27 0.4458204334365325 0.5523809523809524 0.4408668730650155 0.5630952380952381 0.4408668730650155 0.7309523809523809 0.4458204334365325 0.7607142857142857 0.45139318885448915 0.7702380952380953 0.45944272445820433 0.7702380952380953 0.460061919504644 0.7690476190476191 0.465015479876161 0.7035714285714286 0.465015479876161 0.5535714285714286 0.46377708978328175 0.5523809523809524 0.4458204334365325 0.5523809523809524 
28 0.421671826625387 0.5523809523809524 0.42105263157894735 0.5535714285714286 0.41609907120743034 0.5738095238095238 0.41114551083591333 0.6297619047619047 0.41114551083591333 0.6428571428571429 0.41609907120743034 0.7035714285714286 0.42105263157894735 0.75 0.421671826625387 0.7511904761904762 0.43529411764705883 0.7511904761904762 0.4452012383900929 0.6464285714285715 0.4452012383900929 0.5726190476190476 0.44024767801857584 0.5523809523809524 0.421671826625387 0.5523809523809524 
29 0.40619195046439627 0.5523809523809524 0.39690402476780184 0.5619047619047619 0.39195046439628484 0.5714285714285714 0.3913312693498452 0.575 0.3863777089783282 0.7047619047619048 0.3863777089783282 0.7595238095238095 0.3913312693498452 0.7702380952380953 0.4 0.7702380952380953 0.4105263157894737 0.7511904761904762 0.4154798761609907 0.7226190476190476 0.42043343653250775 0.6642857142857143 0.42538699690402476 0.5773809523809523 0.42538699690402476 0.5714285714285714 0.41424148606811145 0.5523809523809524 0.40619195046439627 0.5523809523809524 
30 0.3572755417956656 0.5428571428571428 0.35170278637770896 0.5523809523809524 0.3269349845201238 0.6761904761904762 0.3269349845201238 0.7226190476190476 0.33250773993808047 0.7321428571428571 0.35170278637770896 0.75 0.35356037151702785 0.7511904761904762 0.3591331269349845 0.7511904761904762 0.3609907120743034 0.75 0.37089783281733746 0.7416666666666667 0.38575851393188854 0.7226190476190476 0.3956656346749226 0.694047619047619 0.4055727554179567 0.5702380952380952 0.4055727554179567 0.555952380952381 0.4043343653250774 0.5535714285714286 0.40309597523219814 0.5523809523809524 0.3690402476780186 0.5428571428571428 0.3572755417956656 0.5428571428571428 
31 0.3126934984520124 0.5238095238095238 0.30712074303405573 0.5333333333333333 0.3021671826625387 0.5428571428571428 0.29721362229102166 0.5714285714285714 0.29226006191950465 0.6488095238095238 0.29226006191950465 0.7035714285714286 0.3077399380804954 0.7130952380952381 0.32074303405572757 0.7130952380952381 0.33126934984520123 0.7023809523809523 0.3461300309597523 0.6464285714285715 0.3609907120743034 0.5595238095238095 0.3609907120743034 0.5523809523809524 0.3560371517027864 0.5428571428571428 0.3461300309597523 0.5333333333333333 0.32507739938080493 0.5238095238095238 0.3126934984520124 0.5238095238095238 
A 0.27306501547987616 0.4857142857142857 0.2625386996904025 0.5059523809523809 0.2476780185758514 0.5535714285714286 0.243343653250774 0.5714285714285714 0.24272445820433436 0.5761904761904761 0.24272445820433436 0.6071428571428571 0.2476780185758514 0.6273809523809524 0.25263157894736843 0.6369047619047619 0.28111455108359135 0.6369047619047619 0.29659442724458207 0.6083333333333333 0.31640866873065016 0.5380952380952381 0.31640866873065016 0.5202380952380953 0.3157894736842105 0.5154761904761904 0.31145510835913315 0.5047619047619047 0.286687306501548 0.4857142857142857 0.27306501547987616 0.4857142857142857 